#!ascii label  , from subject sub-v2s15x29740_ses-1 vox2ras=TkReg
2229
110383  -50.968  37.298  3.468 0.6000000238
78593  -52.259  33.706  1.760 0.6000000238
78025  -52.208  32.760  1.237 0.5000000000
76883  -52.433  31.000  0.248 0.5000000000
76350  -53.267  29.627  -1.252 0.4000000060
75875  -52.507  28.584  -1.805 0.4000000060
76361  -53.570  29.015  -2.077 0.4000000060
76384  -49.916  29.187  -2.665 0.4000000060
76383  -48.839  29.321  -2.653 0.2000000030
76381  -46.890  29.416  -2.566 0.2000000030
80571  -51.450  36.921  3.728 0.6000000238
79836  -51.741  36.269  3.213 0.6000000238
79215  -52.175  34.658  2.078 0.6999999881
80569  -48.538  37.932  3.184 0.6000000238
80570  -49.805  37.728  3.410 0.6000000238
79859  -51.828  35.640  2.425 0.6999999881
78596  -52.211  33.451  1.116 0.6000000238
80593  -50.061  37.191  2.384 0.6000000238
80594  -51.488  36.737  2.992 0.6999999881
78027  -52.301  32.150  0.540 0.6000000238
77459  -52.577  31.640  0.228 0.6000000238
77465  -53.124  31.212  -0.422 0.5000000000
76887  -52.921  30.372  -0.447 0.4000000060
76891  -53.597  30.484  -1.344 0.4000000060
76386  -53.642  28.917  -2.634 0.4000000060
101183  -51.209  29.057  -2.663 0.3000000119
76382  -47.889  29.366  -2.610 0.2000000030
75887  -47.662  28.678  -2.457 0.2000000030
104808  -52.205  32.789  0.772 0.6000000238
79876  -51.987  34.907  1.710 0.6999999881
78032  -52.768  31.735  -0.332 0.6000000238
76362  -53.957  29.659  -2.050 0.4000000060
76385  -52.641  28.910  -2.664 0.4000000060
79227  -52.114  34.226  1.453 0.6999999881
78595  -51.167  33.868  0.434 0.6999999881
78600  -51.438  33.168  0.140 0.6000000238
76387  -54.156  29.258  -2.830 0.4000000060
77470  -53.448  31.261  -1.515 0.5000000000
78031  -52.041  32.416  -0.224 0.6000000238
76405  -53.670  29.336  -3.310 0.4000000060
76904  -53.949  30.336  -2.481 0.5000000000
77475  -53.134  31.511  -2.598 0.6999999881
76404  -52.323  29.666  -3.694 0.5000000000
76923  -53.826  29.972  -3.431 0.5000000000
76403  -50.710  29.615  -3.403 0.4000000060
76901  -47.430  29.924  -2.851 0.3000000119
76902  -48.217  29.898  -2.975 0.3000000119
76903  -49.321  29.722  -3.176 0.4000000060
76380  -45.910  29.260  -2.414 0.2000000030
76900  -46.027  30.096  -2.718 0.2000000030
106232  -46.791  30.270  -2.948 0.4000000060
76996  -51.024  29.738  -8.551 0.8000000119
79858  -50.725  36.354  1.866 0.8000000119
80612  -49.166  36.667  1.236 0.6000000238
79875  -50.948  35.435  1.346 0.8000000119
79226  -51.061  34.632  0.841 0.6999999881
78605  -50.702  33.001  -0.908 0.8000000119
78604  -49.509  33.393  -1.463 0.8999999762
76922  -53.078  30.256  -3.930 0.5000000000
78038  -50.208  32.743  -1.971 0.8999999762
77484  -52.852  31.255  -3.969 0.5000000000
78049  -51.481  32.043  -2.617 0.8999999762
103058  -52.426  30.420  -4.595 0.6000000238
76921  -51.808  30.026  -4.551 0.6000000238
77485  -53.246  30.609  -3.891 0.5000000000
78048  -49.977  32.466  -3.064 0.8999999762
76942  -50.430  29.962  -4.299 0.6000000238
76943  -51.906  30.362  -5.545 0.6999999881
78053  -49.881  32.310  -4.159 0.8999999762
78047  -48.940  33.082  -3.426 0.8999999762
76944  -52.572  30.740  -4.614 0.8000000119
78054  -51.262  31.726  -4.006 0.8000000119
76920  -48.734  30.215  -3.696 0.5000000000
105191  -51.050  29.939  -5.648 0.6999999881
78061  -51.301  31.469  -5.200 0.8000000119
78052  -48.862  33.013  -4.378 0.8999999762
77502  -51.891  30.738  -5.540 0.8000000119
103950  -49.871  32.266  -4.984 0.8999999762
78060  -50.687  31.666  -5.710 0.8000000119
102186  -46.786  30.703  -3.428 0.4000000060
77483  -47.150  30.939  -3.967 0.6000000238
77499  -47.534  31.071  -4.727 0.6999999881
77482  -46.410  31.044  -3.794 0.3000000119
77498  -46.689  31.258  -4.449 0.4000000060
77512  -47.025  31.339  -5.211 0.6999999881
77513  -47.918  30.978  -5.451 0.6999999881
77524  -48.915  30.394  -6.651 0.6999999881
77535  -49.958  29.834  -7.274 0.8000000119
76982  -50.943  29.571  -7.802 0.8000000119
110150  -51.311  29.980  -7.874 0.8000000119
77005  -51.217  29.094  -9.731 0.8000000119
79874  -49.488  35.914  0.828 0.6999999881
79225  -49.623  35.070  0.355 0.8999999762
79890  -48.603  35.845  -0.243 0.8000000119
78599  -50.083  33.592  -0.516 0.8999999762
78598  -49.061  34.016  -0.985 0.8999999762
106055  -48.522  35.511  -1.045 0.8999999762
79233  -48.581  34.791  -1.423 0.8999999762
80631  -48.265  36.201  -1.170 0.8999999762
79901  -48.451  35.704  -1.675 0.8999999762
78603  -48.689  33.945  -1.901 0.8999999762
78611  -49.161  33.218  -2.446 0.8999999762
78610  -48.523  33.887  -2.837 0.8999999762
78617  -48.468  33.791  -3.740 0.8999999762
76919  -47.549  30.417  -3.395 0.5000000000
76941  -49.510  30.282  -4.711 0.6999999881
76957  -51.733  30.530  -6.186 0.8000000119
76956  -51.552  30.108  -6.251 0.8000000119
77501  -51.699  30.971  -6.130 0.8000000119
78059  -49.228  32.746  -5.478 0.8000000119
80637  -48.200  36.303  -1.875 0.8000000119
80636  -47.788  36.468  -2.012 0.8000000119
79914  -48.456  36.006  -2.220 0.8999999762
80646  -48.266  36.466  -2.541 0.8999999762
79235  -48.425  34.922  -2.267 0.8999999762
79241  -48.420  34.709  -3.121 0.8999999762
79247  -48.465  34.645  -3.939 0.8999999762
78619  -48.498  33.733  -4.666 0.8999999762
78071  -50.860  31.419  -6.434 0.8000000119
76940  -48.113  30.659  -4.239 0.6000000238
76955  -50.498  29.986  -5.908 0.8000000119
77515  -51.537  30.444  -6.561 0.8000000119
78625  -48.602  33.710  -5.704 0.8999999762
77500  -48.689  30.628  -5.159 0.6999999881
95465  -51.093  29.974  -6.679 0.8000000119
78070  -49.353  32.741  -6.407 0.8000000119
77525  -51.403  30.715  -6.968 0.8000000119
77550  -51.260  29.168  -10.483 0.8000000119
77549  -51.069  30.056  -9.457 0.8000000119
79924  -48.547  35.882  -2.746 0.8999999762
94132  -48.646  35.710  -3.292 0.8999999762
79937  -49.058  36.061  -3.904 1.0000000000
81317  -49.543  37.346  -4.233 1.0000000000
81336  -48.646  37.934  -5.311 1.0000000000
79938  -49.649  36.754  -4.312 1.0000000000
112013  -49.570  37.943  -4.824 1.0000000000
103021  -49.302  35.923  -4.655 1.0000000000
79251  -48.582  34.638  -4.961 0.8999999762
80671  -50.189  37.178  -4.692 1.0000000000
77514  -49.221  30.419  -6.118 0.8000000119
76967  -50.554  29.812  -6.985 0.8000000119
76968  -51.568  30.036  -7.123 0.8000000119
78634  -48.771  33.660  -6.570 0.8000000119
79258  -48.609  34.346  -6.104 0.8999999762
77536  -51.162  30.654  -7.538 0.8000000119
78079  -49.418  32.809  -7.147 0.8000000119
79951  -48.961  34.851  -6.725 0.8000000119
78087  -50.180  31.950  -7.618 0.8000000119
79265  -49.219  34.411  -7.677 0.8000000119
78641  -49.090  33.646  -7.434 0.8000000119
77543  -51.084  30.496  -8.401 0.8000000119
103893  -49.655  32.764  -8.019 0.8000000119
78642  -49.594  33.679  -8.651 0.8000000119
78093  -50.333  31.691  -8.269 0.8000000119
107025  -50.372  31.321  -9.865 0.8000000119
101365  -50.394  31.502  -9.130 0.8000000119
94754  -46.907  36.475  -3.388 0.8000000119
108529  -48.143  36.767  -2.940 0.8999999762
80645  -47.661  36.566  -2.727 0.8000000119
98102  -48.564  36.556  -3.197 0.8999999762
80659  -49.084  37.030  -3.744 0.8999999762
81316  -48.677  37.363  -4.220 1.0000000000
81350  -47.159  37.870  -6.767 0.8999999762
81324  -49.136  37.695  -4.615 1.0000000000
81978  -48.203  38.162  -6.259 1.0000000000
81990  -46.728  38.271  -7.429 0.8999999762
81991  -47.690  38.409  -7.146 1.0000000000
81325  -49.998  37.690  -4.573 1.0000000000
79947  -49.830  36.384  -5.080 1.0000000000
79946  -48.980  35.264  -5.674 0.8999999762
81992  -49.096  38.759  -6.689 1.0000000000
81979  -49.415  38.290  -5.463 1.0000000000
81980  -50.524  38.590  -5.497 1.0000000000
81974  -50.359  38.042  -4.908 1.0000000000
79952  -49.639  35.799  -6.376 0.8999999762
79960  -49.619  35.266  -7.678 0.8000000119
78103  -49.690  32.435  -9.649 0.8000000119
78649  -49.846  32.651  -8.916 0.8000000119
78662  -49.210  33.433  -9.433 0.8000000119
80657  -46.869  36.630  -4.225 0.8000000119
80658  -48.053  36.999  -3.484 0.8999999762
80670  -47.591  37.163  -4.547 0.8999999762
81322  -47.065  37.226  -5.502 1.0000000000
81335  -47.594  37.665  -5.919 0.8999999762
81323  -48.104  37.591  -4.977 1.0000000000
82562  -47.973  38.953  -7.654 1.0000000000
103291  -47.118  39.837  -8.515 0.8000000119
82575  -47.169  39.206  -8.167 0.8000000119
82563  -48.820  39.393  -7.497 0.8999999762
80685  -50.729  37.743  -5.036 1.0000000000
113290  -50.565  39.202  -6.059 1.0000000000
103397  -51.211  38.390  -5.469 1.0000000000
105152  -51.583  38.053  -5.849 1.0000000000
103504  -50.321  36.152  -7.423 1.0000000000
105298  -49.815  34.697  -8.810 0.8999999762
108914  -49.488  33.449  -9.235 0.8000000119
79272  -49.625  34.230  -9.104 0.8000000119
82576  -48.072  39.757  -8.142 0.8000000119
82556  -51.469  39.822  -6.251 1.0000000000
81337  -51.980  38.971  -5.798 1.0000000000
80694  -51.132  37.080  -7.164 1.0000000000
80693  -50.761  36.387  -8.617 0.8999999762
79970  -50.325  35.584  -8.803 0.8999999762
107659  -49.872  34.969  -9.117 0.8999999762
79284  -49.464  34.165  -9.223 0.8999999762
100910  -49.140  34.683  -9.355 0.8999999762
83167  -47.560  40.452  -8.688 0.8000000119
83168  -48.773  40.722  -8.407 0.8999999762
83169  -50.304  41.086  -7.791 1.0000000000
82565  -52.356  40.450  -6.572 1.0000000000
82577  -49.443  40.141  -7.682 0.8999999762
102022  -51.320  40.682  -6.936 1.0000000000
82566  -52.577  40.062  -6.629 1.0000000000
81363  -52.184  38.536  -7.452 0.8999999762
81351  -51.778  37.863  -7.219 0.8999999762
80702  -50.791  36.488  -8.957 0.8999999762
95565  -50.459  35.867  -9.090 0.8999999762
95681  -49.502  35.808  -9.300 0.8999999762
79982  -49.021  35.244  -9.375 0.8999999762
83710  -49.041  41.701  -8.840 0.8999999762
83711  -50.809  42.046  -8.101 1.0000000000
108415  -51.841  41.776  -7.229 1.0000000000
83700  -52.345  41.883  -7.452 1.0000000000
83709  -47.960  41.139  -8.937 0.8999999762
111191  -49.656  41.319  -8.338 0.8999999762
83156  -52.591  40.788  -7.148 1.0000000000
101333  -52.337  39.117  -7.965 1.0000000000
81362  -51.627  37.963  -8.168 1.0000000000
81377  -49.882  37.817  -9.149 1.0000000000
81361  -50.843  37.224  -8.788 0.8999999762
80716  -49.972  36.672  -9.202 0.8999999762
100469  -48.050  35.943  -9.410 0.8999999762
79981  -48.046  34.980  -9.462 0.8999999762
84278  -50.235  42.833  -8.856 0.8999999762
84279  -51.748  43.016  -8.223 1.0000000000
84280  -52.221  42.797  -7.984 1.0000000000
83712  -52.127  42.468  -7.632 1.0000000000
83713  -52.241  42.428  -7.737 1.0000000000
82578  -52.663  40.255  -7.940 1.0000000000
83170  -52.550  41.362  -7.960 1.0000000000
82005  -49.922  38.876  -9.243 1.0000000000
107641  -47.599  36.763  -9.566 0.8000000119
80715  -48.571  36.694  -9.367 1.0000000000
83730  -52.063  42.868  -8.834 1.0000000000
83183  -52.159  41.804  -8.826 1.0000000000
99352  -51.855  40.679  -8.877 1.0000000000
99516  -48.891  38.438  -9.521 1.0000000000
82583  -50.111  39.863  -9.509 1.0000000000
106300  -48.024  38.212  -9.816 0.8999999762
81374  -46.952  37.271  -9.977 0.6999999881
82004  -48.952  39.292  -9.769 1.0000000000
112036  -48.236  38.902  -9.965 1.0000000000
82003  -47.595  38.823  -10.420 1.0000000000
81392  -47.217  38.059  -10.227 0.8999999762
112180  -53.660  31.050  -2.509 0.6000000238
78040  -52.459  31.942  -1.357 0.6999999881
99866  -53.590  30.854  -3.279 0.5000000000
79231  -49.775  34.246  -0.114 0.8999999762
78039  -51.295  32.494  -1.395 0.8000000119
97709  -52.328  31.143  -4.845 0.8000000119
76983  -51.230  29.780  -7.408 0.8000000119
79230  -48.896  34.847  -0.567 0.8999999762
78080  -50.424  31.663  -7.057 0.8000000119
79264  -48.751  34.200  -6.859 0.8000000119
80684  -50.674  36.988  -5.676 1.0000000000
82564  -50.009  39.627  -6.925 1.0000000000
82557  -52.220  39.672  -6.163 1.0000000000
81981  -52.305  39.449  -6.260 1.0000000000
80703  -51.109  37.132  -8.302 0.8999999762
107389  -52.297  41.246  -6.975 1.0000000000
82579  -52.783  39.958  -7.353 1.0000000000
82001  -51.071  38.320  -8.700 1.0000000000
81376  -48.803  37.533  -9.385 1.0000000000
82584  -51.326  39.505  -8.788 1.0000000000
81375  -47.796  37.433  -9.658 1.0000000000
82582  -49.148  39.969  -10.056 1.0000000000
76954  -44.421  31.201  -5.165 0.5000000000
107921  -45.328  31.375  -5.332 0.5000000000
97131  -46.151  31.431  -4.875 0.6000000238
77522  -46.368  31.337  -5.765 0.6000000238
94762  -41.932  30.423  -5.226 0.3000000119
108032  -42.435  30.479  -5.805 0.3000000119
95725  -42.751  30.649  -5.031 0.4000000060
77511  -43.863  31.042  -5.717 0.5000000000
77520  -44.552  31.198  -6.214 0.6000000238
77521  -45.590  31.318  -6.396 0.6000000238
77533  -46.657  31.230  -6.717 0.6999999881
76952  -41.071  30.196  -5.437 0.2000000030
102150  -40.510  29.997  -4.691 0.1000000015
76964  -42.654  30.288  -6.691 0.4000000060
100868  -43.154  30.728  -5.783 0.4000000060
76966  -44.238  30.769  -7.226 0.5000000000
77531  -45.019  31.168  -7.047 0.6000000238
77532  -45.840  31.219  -7.334 0.6999999881
110761  -46.743  31.041  -7.465 0.6999999881
76980  -47.480  30.463  -7.981 0.6999999881
77523  -47.646  31.082  -6.121 0.6000000238
94879  -40.882  30.156  -6.242 0.1000000015
99328  -41.233  30.034  -6.967 0.3000000119
106365  -48.745  37.193  1.676 0.6000000238
76963  -41.723  30.205  -6.248 0.2000000030
76976  -42.353  29.776  -7.768 0.5000000000
76977  -43.325  30.163  -7.600 0.6000000238
102716  -44.022  30.236  -8.071 0.6000000238
76978  -44.983  30.587  -7.955 0.6000000238
76993  -46.842  29.997  -9.016 0.6999999881
76994  -48.576  29.752  -8.687 0.6999999881
76981  -49.260  29.896  -7.792 0.6999999881
79869  -42.606  36.144  0.922 0.2000000030
108190  -43.214  36.488  1.568 0.2000000030
79856  -44.025  36.421  1.532 0.3000000119
79855  -42.466  36.839  2.234 0.3000000119
79857  -45.058  36.476  1.517 0.3000000119
79871  -44.572  35.902  0.460 0.3000000119
94039  -45.106  37.140  2.862 0.5000000000
80591  -46.666  37.184  1.939 0.5000000000
107876  -47.110  36.835  1.193 0.5000000000
80621  -47.743  36.505  -0.069 0.6000000238
97939  -40.282  30.280  -6.385 0.2000000030
102006  -40.652  30.289  -6.805 0.3000000119
80592  -47.859  37.342  1.940 0.6000000238
80611  -47.984  36.833  0.889 0.6000000238
80622  -48.456  36.407  0.309 0.6000000238
95770  -43.422  29.721  -8.569 0.6000000238
76991  -44.210  29.597  -9.062 0.6000000238
76992  -45.469  29.944  -9.022 0.6000000238
77002  -45.884  29.200  -9.793 0.6000000238
77003  -47.969  29.250  -9.665 0.6000000238
77004  -49.917  29.058  -9.592 0.6000000238
76995  -50.667  29.410  -8.541 0.6999999881
79896  -42.174  35.226  -1.095 0.1000000015
79885  -42.977  35.235  -0.873 0.2000000030
79884  -41.334  35.532  -0.480 0.1000000015
79895  -40.715  35.365  -1.307 0.1000000015
98881  -39.779  36.097  0.483 0.1000000015
79882  -39.414  35.766  -0.454 0.1000000015
79867  -40.650  36.066  0.537 0.1000000015
79866  -39.078  36.089  0.370 0.1000000015
79827  -38.140  35.574  2.381 0.1000000015
110386  -38.958  36.500  2.035 0.1000000015
79850  -38.747  36.233  2.173 0.2000000030
110501  -47.652  36.413  -0.785 0.5000000000
80629  -47.198  36.288  -1.345 0.6000000238
80630  -47.968  36.441  -1.332 0.6999999881
79854  -41.665  36.703  1.875 0.2000000030
109916  -45.446  36.061  0.548 0.3000000119
80620  -46.963  36.270  -0.450 0.5000000000
79872  -46.165  36.466  1.077 0.4000000060
106598  -48.111  36.381  -0.602 0.6999999881
80588  -43.326  37.089  2.684 0.3000000119
80589  -44.319  36.863  2.424 0.3000000119
95483  -47.013  36.497  0.418 0.5000000000
76974  -40.729  30.436  -7.504 0.2000000030
76975  -41.441  30.019  -7.973 0.5000000000
76989  -41.961  29.726  -8.903 0.5000000000
76427  -42.554  29.525  -9.642 0.6000000238
76428  -43.219  29.286  -9.448 0.6000000238
76429  -43.785  28.839  -10.321 0.6000000238
77001  -44.740  28.614  -10.369 0.6000000238
106616  -46.714  29.084  -9.975 0.6000000238
76438  -49.038  28.493  -10.589 0.6000000238
76439  -50.705  28.479  -10.646 0.6999999881
108225  -44.153  34.994  -2.123 0.3000000119
79898  -44.464  35.224  -1.374 0.2000000030
112527  -44.735  35.184  -1.963 0.4000000060
94385  -43.546  35.051  -1.500 0.1000000015
79883  -40.302  35.667  -0.454 0.1000000015
79894  -39.815  35.505  -1.302 0.1000000015
79881  -38.513  35.900  -0.352 0.1000000015
79868  -41.563  36.115  0.720 0.2000000030
79852  -40.004  36.518  1.585 0.1000000015
79853  -40.811  36.681  1.711 0.1000000015
79886  -43.784  35.294  -0.746 0.2000000030
79851  -39.505  36.492  2.143 0.2000000030
79888  -45.318  35.707  -0.242 0.4000000060
79873  -46.146  36.040  0.069 0.4000000060
80563  -41.094  36.805  2.506 0.2000000030
80562  -40.339  36.641  2.259 0.2000000030
76987  -40.795  30.685  -8.428 0.4000000060
76988  -41.352  30.370  -9.101 0.6000000238
108099  -42.035  30.246  -9.842 0.6000000238
76434  -43.094  29.258  -10.357 0.6000000238
77553  -42.387  30.795  -10.170 0.6000000238
77009  -42.582  30.194  -10.351 0.6000000238
76443  -43.724  28.955  -11.220 0.6000000238
76435  -44.262  28.353  -11.279 0.6000000238
76436  -45.804  28.208  -11.086 0.6000000238
76446  -46.665  27.946  -11.830 0.6000000238
76448  -50.125  28.413  -11.104 0.6999999881
77554  -43.061  30.733  -10.451 0.6000000238
98410  -43.878  29.889  -11.061 0.6000000238
109089  -44.309  28.702  -11.819 0.6000000238
76453  -45.741  27.950  -12.219 0.6000000238
77019  -46.316  28.574  -12.272 0.6000000238
77021  -49.149  28.865  -11.813 0.6000000238
77016  -51.233  28.796  -11.008 0.6999999881
97747  -44.075  33.102  -9.975 0.4000000060
78108  -44.330  32.098  -10.261 0.5000000000
79279  -44.580  34.708  -10.131 0.5000000000
78667  -44.921  32.954  -9.896 0.5000000000
80741  -44.975  36.687  -11.065 0.6000000238
79991  -45.300  35.454  -10.154 0.6000000238
81407  -45.894  37.816  -11.508 0.6000000238
80728  -45.509  36.396  -10.496 0.6000000238
80729  -46.236  36.881  -10.277 0.6000000238
79992  -46.152  36.009  -9.915 0.6000000238
82015  -46.398  38.337  -12.019 0.6999999881
112765  -46.435  38.340  -11.222 0.6999999881
82012  -46.890  38.840  -11.507 0.6999999881
82009  -46.904  38.607  -10.807 0.6999999881
82016  -47.007  38.797  -12.467 0.6999999881
105150  -47.546  39.384  -11.869 0.6999999881
82587  -47.437  39.268  -11.016 0.8000000119
82591  -48.210  39.858  -11.308 0.6999999881
82596  -48.472  39.997  -12.407 0.6999999881
83211  -49.466  40.689  -12.619 0.6999999881
82595  -47.759  39.304  -12.859 0.6999999881
79897  -42.782  35.059  -1.559 0.1000000015
79910  -43.160  34.956  -2.318 0.1000000015
108650  -41.492  35.239  -1.399 0.1000000015
94417  -41.114  35.162  -2.062 0.1000000015
103336  -38.185  35.708  -1.272 0.1000000015
79887  -44.535  35.485  -0.513 0.3000000119
100816  -43.228  35.564  -0.084 0.2000000030
79870  -43.615  35.994  0.663 0.3000000119
107374  -45.138  35.503  -0.981 0.4000000060
79899  -45.378  35.484  -1.729 0.3000000119
79889  -46.055  35.814  -0.930 0.4000000060
80635  -46.990  36.317  -2.152 0.8000000119
77011  -44.790  29.754  -11.527 0.6000000238
76452  -45.111  28.535  -12.224 0.6000000238
77012  -45.874  29.797  -11.706 0.6000000238
77020  -47.737  28.692  -12.133 0.6000000238
77014  -48.783  29.720  -11.612 0.6000000238
104876  -50.976  29.634  -10.986 0.6999999881
101859  -45.190  31.999  -10.348 0.5000000000
77556  -45.524  30.948  -10.907 0.5000000000
77557  -46.662  30.976  -10.962 0.6000000238
77558  -48.076  30.928  -11.016 0.6999999881
78110  -48.739  31.845  -10.402 0.6999999881
78111  -49.784  31.680  -10.267 0.6999999881
78099  -45.788  32.815  -9.871 0.5000000000
97482  -46.174  31.939  -10.341 0.6000000238
78100  -46.739  32.738  -9.871 0.6000000238
78101  -47.907  32.715  -9.899 0.6999999881
78102  -49.057  32.666  -9.877 0.6999999881
79979  -46.167  35.141  -9.652 0.5000000000
78659  -45.566  33.670  -9.694 0.5000000000
81423  -46.015  37.925  -12.359 0.6000000238
94777  -39.288  35.473  -2.116 0.1000000015
79908  -41.538  35.120  -2.806 0.1000000015
79911  -43.980  35.095  -2.960 0.4000000060
79893  -38.936  35.624  -1.287 0.1000000015
97948  -38.374  35.604  -2.060 0.1000000015
94418  -40.212  35.334  -2.083 0.1000000015
79906  -39.725  35.429  -2.872 0.1000000015
79900  -46.319  35.906  -1.724 0.6000000238
81334  -46.605  37.405  -6.349 0.8000000119
78660  -47.175  33.483  -9.617 0.8000000119
79282  -47.566  34.235  -9.504 0.8000000119
78661  -48.307  33.485  -9.600 0.6999999881
79281  -46.408  34.234  -9.552 0.5000000000
96230  -46.981  34.865  -9.496 0.6000000238
81405  -44.484  36.740  -11.715 0.4000000060
79980  -46.998  35.587  -9.539 0.6999999881
100855  -45.525  37.552  -12.287 0.6000000238
111919  -45.878  37.725  -12.867 0.4000000060
80714  -46.932  36.434  -9.706 0.6000000238
82020  -46.477  38.099  -13.095 0.6000000238
82021  -47.309  38.641  -13.422 0.6000000238
79907  -40.640  35.282  -2.810 0.1000000015
111544  -43.191  35.089  -3.171 0.3000000119
110308  -37.430  35.764  -1.784 0.1000000015
79904  -37.727  35.757  -2.749 0.1000000015
79892  -36.585  35.955  -1.793 0.1000000015
79912  -44.980  35.317  -2.592 0.5000000000
79913  -46.026  35.783  -2.392 0.8000000119
101190  -46.691  36.258  -2.774 0.8000000119
81996  -43.683  38.893  -8.373 0.5000000000
81997  -44.472  38.816  -8.358 0.6999999881
81348  -45.219  37.641  -7.307 0.6000000238
82572  -44.194  39.488  -8.637 0.6000000238
81349  -46.190  37.720  -7.095 0.6999999881
104227  -44.850  39.364  -8.651 0.6000000238
81998  -45.435  38.883  -8.355 0.6999999881
82574  -46.273  39.534  -8.570 0.6000000238
82000  -47.176  38.703  -7.711 0.8000000119
83165  -44.830  40.155  -8.962 0.6000000238
82573  -45.408  39.618  -8.750 0.5000000000
83178  -44.567  41.237  -9.121 0.5000000000
83166  -45.741  40.271  -9.044 0.6000000238
105854  -46.625  40.352  -8.933 0.6999999881
83179  -45.329  41.119  -9.255 0.5000000000
83180  -46.167  41.065  -9.319 0.6999999881
83181  -47.078  41.104  -9.231 0.6999999881
81421  -44.811  37.134  -12.463 0.4000000060
102088  -45.913  37.632  -13.499 0.5000000000
82027  -46.936  38.099  -14.038 0.5000000000
83191  -49.022  40.296  -10.653 0.8999999762
83182  -50.287  40.907  -9.857 0.8999999762
83744  -51.322  42.153  -10.008 0.8999999762
98490  -51.467  43.815  -9.458 0.8999999762
82599  -48.531  39.706  -13.295 0.6999999881
82022  -48.188  39.092  -13.755 0.6000000238
79909  -42.430  35.026  -2.927 0.2000000030
79917  -39.350  35.664  -3.662 0.1000000015
79918  -40.217  35.492  -3.566 0.1000000015
80642  -37.241  36.123  -3.473 0.1000000015
80669  -46.511  36.754  -5.085 0.8000000119
106455  -42.464  41.021  -8.424 0.4000000060
83162  -42.544  40.260  -8.442 0.4000000060
82571  -43.469  39.554  -8.561 0.5000000000
81988  -44.834  38.214  -7.882 0.6999999881
81333  -45.631  37.231  -6.642 0.6000000238
80683  -46.087  36.910  -5.914 0.8000000119
83163  -43.241  40.291  -8.654 0.4000000060
84275  -43.090  42.977  -8.234 0.3000000119
102492  -43.121  41.191  -8.655 0.4000000060
83177  -43.872  41.289  -8.908 0.4000000060
83164  -43.987  40.284  -8.821 0.4000000060
83707  -43.170  42.198  -8.533 0.4000000060
83708  -44.128  42.658  -8.889 0.4000000060
83724  -44.583  42.624  -9.197 0.5000000000
83727  -46.599  41.922  -9.478 0.6000000238
83726  -45.769  41.996  -9.463 0.5000000000
83728  -47.732  41.975  -9.394 0.6999999881
83729  -48.811  42.567  -9.312 0.6999999881
84299  -51.723  43.406  -8.659 0.8999999762
102357  -49.213  40.653  -11.638 0.8000000119
83762  -50.879  42.368  -11.148 0.8999999762
102157  -46.359  37.774  -13.919 0.5000000000
94414  -41.067  35.336  -3.538 0.2000000030
80652  -38.397  36.359  -4.585 0.1000000015
94413  -41.909  35.222  -3.595 0.2000000030
99539  -37.783  36.257  -4.094 0.1000000015
79916  -37.984  35.882  -3.440 0.1000000015
79922  -44.704  35.462  -3.564 0.6999999881
79923  -45.837  35.843  -3.281 0.8000000119
80656  -45.900  36.340  -4.653 0.8999999762
102604  -44.675  36.252  -5.688 0.6999999881
83699  -41.420  40.983  -7.858 0.4000000060
81985  -42.401  38.847  -8.135 0.4000000060
81346  -43.299  37.693  -7.528 0.5000000000
81332  -44.670  37.067  -6.835 0.5000000000
80682  -45.134  36.682  -6.198 0.8000000119
80668  -45.547  36.487  -5.432 0.8000000119
102036  -41.764  41.937  -7.719 0.3000000119
82570  -42.783  39.543  -8.427 0.4000000060
81987  -43.923  38.259  -7.947 0.5000000000
81347  -44.246  37.614  -7.419 0.6000000238
84260  -42.713  43.332  -7.578 0.3000000119
83706  -42.158  41.506  -8.193 0.3000000119
84276  -44.817  44.332  -8.865 0.4000000060
84277  -44.846  44.268  -8.821 0.5000000000
83725  -45.089  42.459  -9.378 0.5000000000
102322  -45.462  43.098  -9.465 0.6000000238
83791  -51.124  42.270  -13.096 0.8000000119
83228  -50.638  41.326  -13.414 0.8000000119
84298  -51.018  44.057  -8.973 0.8999999762
83778  -50.844  42.447  -12.241 0.8000000119
83763  -51.063  43.399  -11.806 0.8000000119
83745  -51.370  43.250  -10.274 0.8999999762
83227  -49.399  40.338  -13.333 0.6999999881
84310  -51.181  44.166  -10.570 0.8999999762
82028  -47.783  38.400  -14.260 0.5000000000
82029  -48.908  38.677  -14.556 0.5000000000
81446  -46.602  37.606  -14.561 0.4000000060
81447  -47.405  37.791  -14.759 0.5000000000
81448  -48.414  37.946  -14.972 0.5000000000
79930  -39.102  36.037  -4.406 0.1000000015
79931  -39.884  35.792  -4.323 0.2000000030
94384  -42.739  35.246  -3.712 0.3000000119
79936  -45.345  35.869  -4.161 0.8000000119
80644  -46.162  36.236  -3.960 0.6999999881
84292  -45.075  44.074  -9.323 0.5000000000
84293  -45.206  43.843  -9.426 0.6000000238
82600  -50.698  40.550  -14.187 0.6000000238
82609  -49.478  39.659  -14.144 0.6999999881
80653  -39.576  36.196  -5.010 0.1000000015
105867  -40.683  35.581  -4.256 0.2000000030
80654  -40.438  35.917  -5.062 0.1000000015
79919  -41.463  35.463  -4.260 0.3000000119
96270  -42.978  35.434  -4.354 0.4000000060
107325  -41.099  35.660  -4.802 0.3000000119
100815  -43.954  35.591  -0.077 0.3000000119
102101  -46.073  31.283  -4.228 0.5000000000
77534  -47.955  30.685  -7.087 0.6999999881
81999  -46.435  38.762  -8.056 0.6999999881
81989  -45.804  38.225  -7.711 0.6999999881
79283  -48.672  34.189  -9.441 0.8000000119
82588  -48.248  39.531  -10.484 0.8000000119
76953  -43.625  30.912  -4.874 0.5000000000
76965  -43.629  30.748  -6.535 0.5000000000
76979  -46.192  30.754  -8.138 0.6999999881
104310  -41.912  29.892  -7.101 0.3000000119
76990  -42.753  29.565  -8.637 0.6000000238
80590  -45.788  36.984  2.027 0.4000000060
76973  -40.044  30.727  -6.981 0.2000000030
76437  -47.332  28.461  -10.778 0.6000000238
99850  -42.334  35.566  -0.184 0.2000000030
80610  -39.157  36.439  1.458 0.1000000015
97643  -40.051  36.367  2.347 0.2000000030
77530  -40.260  31.120  -7.850 0.2000000030
76447  -48.110  28.285  -11.451 0.6000000238
76433  -42.622  29.749  -10.276 0.6000000238
77010  -43.118  29.727  -10.664 0.6000000238
94355  -44.882  27.942  -11.567 0.6000000238
76444  -44.769  28.102  -12.028 0.6000000238
75912  -46.368  27.874  -12.155 0.6000000238
75913  -47.390  28.097  -11.991 0.6000000238
77015  -50.356  29.296  -11.354 0.6999999881
108819  -43.844  31.175  -10.547 0.5000000000
77013  -47.212  29.797  -11.742 0.6000000238
77555  -44.579  30.980  -10.770 0.5000000000
78658  -44.705  33.855  -9.864 0.5000000000
81390  -45.639  37.217  -10.865 0.6000000238
79280  -45.427  34.536  -9.758 0.5000000000
81391  -46.406  37.802  -10.675 0.6999999881
83212  -50.133  41.438  -12.381 0.8000000119
77559  -49.837  30.653  -11.039 0.6999999881
78109  -47.329  31.918  -10.364 0.6999999881
81406  -45.213  37.194  -11.593 0.4000000060
107783  -46.300  33.419  -9.657 0.6000000238
81422  -45.398  37.437  -13.036 0.4000000060
79905  -38.692  35.577  -2.987 0.1000000015
80643  -38.536  35.905  -3.873 0.1000000015
81995  -43.063  39.011  -8.373 0.5000000000
83198  -49.949  41.243  -10.742 0.8000000119
104569  -50.116  41.512  -11.580 0.8000000119
99050  -45.717  34.858  7.407 0.1000000015
78559  -46.052  34.881  6.707 0.1000000015
78560  -45.735  34.410  4.623 0.2000000030
78583  -45.644  33.787  2.927 0.2000000030
78557  -42.661  33.748  4.812 0.1000000015
78545  -43.074  33.464  5.838 0.1000000015
79172  -45.188  34.938  7.285 0.1000000015
78569  -45.462  34.076  4.951 0.2000000030
78582  -45.083  33.514  3.504 0.2000000030
78016  -45.145  32.967  2.295 0.2000000030
77990  -41.560  32.223  4.903 0.1000000015
77982  -42.369  32.621  5.756 0.1000000015
78546  -44.257  34.181  7.000 0.1000000015
78538  -45.280  34.502  7.624 0.1000000015
78015  -44.407  32.632  2.799 0.2000000030
77411  -41.013  31.452  5.145 0.1000000015
77412  -41.805  31.864  5.754 0.1000000015
77413  -42.520  32.277  6.402 0.1000000015
76836  -40.807  30.758  5.660 0.1000000015
77404  -42.110  31.568  6.479 0.1000000015
76303  -39.887  29.453  5.788 0.1000000015
76829  -40.670  30.041  6.093 0.1000000015
76830  -41.486  30.677  6.482 0.1000000015
79798  -46.509  36.388  7.005 0.1000000015
79195  -46.394  35.564  6.364 0.1000000015
79210  -46.235  34.726  3.889 0.2000000030
78584  -46.376  33.971  2.525 0.2000000030
78589  -46.727  33.390  1.843 0.2000000030
79193  -43.208  34.637  4.686 0.1000000015
79180  -44.517  35.277  6.153 0.1000000015
79182  -46.315  35.834  7.144 0.1000000015
78558  -43.750  34.452  6.038 0.1000000015
78588  -45.893  33.226  1.984 0.2000000030
111252  -41.666  32.651  4.438 0.1000000015
77991  -42.161  32.935  4.941 0.1000000015
78003  -44.075  32.467  3.869 0.2000000030
101406  -46.355  32.765  1.632 0.2000000030
110178  -46.875  36.261  6.734 0.1000000015
79196  -46.903  35.638  4.954 0.2000000030
79211  -46.941  34.840  3.175 0.2000000030
79221  -47.234  34.130  2.276 0.3000000119
78568  -42.264  34.081  3.733 0.1000000015
79194  -43.507  35.532  4.529 0.1000000015
79796  -44.556  36.139  5.398 0.1000000015
79797  -45.954  36.421  6.723 0.1000000015
79832  -47.723  35.659  4.172 0.4000000060
97209  -47.825  34.924  2.910 0.4000000060
78022  -47.157  32.746  1.555 0.2000000030
78556  -41.863  33.156  3.986 0.1000000015
78021  -46.584  32.148  1.409 0.2000000030
78019  -44.806  32.287  1.900 0.2000000030
78020  -45.648  32.365  1.625 0.2000000030
78014  -43.715  31.904  2.768 0.2000000030
79213  -50.940  35.208  3.349 0.4000000060
79222  -49.708  34.350  2.753 0.3000000119
79834  -50.245  36.270  4.151 0.4000000060
79212  -49.129  35.029  3.147 0.4000000060
80547  -44.024  36.939  4.208 0.2000000030
80538  -45.123  36.991  5.511 0.3000000119
80540  -47.318  37.690  6.495 0.3000000119
79800  -47.905  37.351  6.183 0.2000000030
79833  -48.691  35.632  3.857 0.4000000060
106436  -48.349  34.186  2.407 0.3000000119
78591  -49.326  33.496  2.197 0.3000000119
78567  -41.420  34.089  2.988 0.2000000030
110453  -42.751  34.962  3.868 0.2000000030
79809  -43.457  36.469  4.190 0.2000000030
97880  -46.036  36.960  6.598 0.2000000030
80539  -46.646  37.259  6.734 0.2000000030
79810  -47.591  36.532  5.991 0.4000000060
106004  -48.277  32.706  1.621 0.2000000030
78590  -47.738  33.447  1.856 0.2000000030
94507  -41.246  33.175  3.192 0.1000000015
111949  -41.694  33.577  3.403 0.1000000015
78580  -39.701  33.648  2.551 0.1000000015
77449  -48.726  31.877  1.366 0.2000000030
104003  -47.536  31.995  1.344 0.2000000030
77455  -47.797  31.087  1.031 0.2000000030
76879  -47.333  30.075  0.693 0.2000000030
76343  -47.517  29.157  0.471 0.1000000015
75838  -47.045  28.577  0.483 0.2000000030
80552  -49.464  37.715  4.934 0.4000000060
79811  -48.872  36.788  5.145 0.4000000060
99104  -44.654  37.275  4.395 0.3000000119
80549  -46.571  38.015  5.864 0.3000000119
80541  -48.044  37.882  5.942 0.5000000000
80551  -48.877  37.573  5.484 0.4000000060
79223  -51.179  34.303  2.683 0.4000000060
79192  -41.914  35.194  3.374 0.2000000030
80565  -43.455  37.101  3.548 0.3000000119
78585  -52.052  34.295  2.310 0.5000000000
78592  -51.296  33.442  2.228 0.4000000060
78566  -40.550  33.548  2.718 0.2000000030
78581  -40.694  34.515  2.681 0.2000000030
79830  -41.558  36.397  3.118 0.2000000030
80546  -42.891  37.071  3.516 0.3000000119
78024  -51.480  32.705  1.768 0.4000000060
77450  -50.250  31.884  1.486 0.3000000119
78023  -49.778  32.632  1.812 0.3000000119
78010  -36.768  32.785  2.599 0.1000000015
78577  -37.082  33.819  2.492 0.1000000015
78579  -38.886  33.720  2.495 0.1000000015
95071  -39.363  34.775  2.482 0.2000000030
79208  -40.200  35.505  2.563 0.2000000030
77457  -50.698  31.207  1.074 0.3000000119
78578  -38.034  33.736  2.503 0.1000000015
79207  -38.481  34.651  2.459 0.1000000015
76881  -49.802  30.192  0.556 0.2000000030
77456  -49.207  31.056  1.055 0.2000000030
75855  -52.597  28.862  -1.238 0.2000000030
76346  -50.785  29.595  0.085 0.2000000030
76345  -49.884  29.224  0.089 0.2000000030
76880  -48.466  30.248  0.663 0.2000000030
75874  -51.347  28.152  -1.461 0.2000000030
75854  -51.566  28.211  -1.104 0.2000000030
76349  -51.713  28.999  -0.516 0.2000000030
76344  -48.947  29.417  0.298 0.2000000030
102746  -48.078  29.566  0.475 0.2000000030
75853  -50.650  27.759  -0.806 0.2000000030
75840  -49.520  28.290  -0.257 0.2000000030
100849  -48.347  28.791  0.211 0.1000000015
75343  -50.606  27.328  -1.290 0.2000000030
75852  -50.092  27.204  -0.809 0.2000000030
79812  -49.931  37.254  4.772 0.5000000000
80550  -46.882  38.255  4.659 0.3000000119
80542  -48.773  37.920  5.301 0.5000000000
80553  -50.442  37.433  4.253 0.5000000000
79835  -51.475  36.293  3.626 0.5000000000
80566  -44.250  37.219  3.498 0.3000000119
109371  -45.499  37.687  4.436 0.3000000119
79214  -51.907  35.269  2.849 0.5000000000
107624  -41.431  36.844  2.871 0.2000000030
79831  -42.030  36.980  3.120 0.3000000119
79206  -37.678  34.677  2.453 0.1000000015
79829  -40.801  36.490  2.656 0.2000000030
77451  -51.610  32.066  1.419 0.3000000119
76882  -51.225  30.610  0.534 0.3000000119
75890  -51.625  28.386  -1.938 0.2000000030
75351  -50.697  27.422  -1.737 0.2000000030
81274  -49.122  38.064  4.470 0.5000000000
80567  -46.142  37.451  3.114 0.4000000060
80564  -42.502  37.141  3.116 0.2000000030
76886  -51.868  29.997  -0.026 0.3000000119
105164  -52.472  29.519  -0.610 0.3000000119
75889  -50.638  28.183  -2.111 0.2000000030
104076  -49.584  28.623  -2.423 0.2000000030
80568  -47.283  37.692  3.054 0.4000000060
104999  -48.976  37.577  2.416 0.5000000000
77481  -45.725  31.064  -3.697 0.4000000060
79920  -42.258  35.420  -4.344 0.2000000030
111295  -42.207  35.819  -5.495 0.2000000030
79934  -43.550  35.599  -4.754 0.3000000119
79935  -44.407  35.651  -4.429 0.5000000000
79945  -44.174  35.873  -5.215 0.5000000000
80655  -45.018  36.035  -4.952 0.6000000238
77542  -40.896  31.050  -9.181 0.4000000060
77000  -41.412  30.859  -9.531 0.4000000060
79932  -41.792  35.650  -5.045 0.2000000030
79943  -41.164  35.881  -5.327 0.2000000030
107674  -41.712  36.091  -5.836 0.2000000030
77547  -41.127  31.544  -9.412 0.4000000060
78648  -40.170  32.927  -8.984 0.3000000119
78097  -41.432  32.347  -9.469 0.4000000060
104238  -42.247  32.440  -9.666 0.4000000060
78106  -42.658  31.673  -9.969 0.4000000060
79278  -42.311  33.995  -9.793 0.3000000119
78107  -43.467  32.130  -10.092 0.3000000119
78655  -41.862  33.277  -9.585 0.3000000119
80751  -42.564  36.397  -12.562 0.3000000119
80763  -43.325  36.560  -13.041 0.3000000119
110912  -44.403  36.975  -12.917 0.3000000119
80764  -44.067  36.836  -13.359 0.3000000119
81445  -45.185  37.222  -14.139 0.3000000119
81435  -44.825  37.145  -13.426 0.3000000119
80779  -44.464  36.922  -14.330 0.3000000119
81436  -45.438  37.392  -13.692 0.3000000119
98953  -45.851  37.438  -14.275 0.4000000060
78654  -40.939  33.334  -9.346 0.3000000119
78656  -42.626  33.284  -9.749 0.3000000119
78098  -42.895  32.595  -9.817 0.3000000119
78657  -43.318  33.231  -9.884 0.3000000119
79276  -40.785  34.428  -9.464 0.3000000119
79277  -41.581  34.134  -9.622 0.3000000119
79987  -41.332  35.636  -10.376 0.3000000119
79978  -41.426  34.951  -9.799 0.3000000119
103195  -42.068  34.663  -9.938 0.3000000119
112429  -42.603  34.503  -10.082 0.3000000119
79287  -43.129  34.778  -10.351 0.3000000119
79989  -43.878  35.002  -10.451 0.3000000119
79996  -41.740  36.045  -11.108 0.3000000119
98203  -42.124  35.554  -10.642 0.3000000119
107456  -42.447  35.049  -10.303 0.3000000119
80727  -44.764  36.006  -10.706 0.5000000000
79997  -42.492  35.905  -11.175 0.3000000119
79998  -43.206  35.836  -11.139 0.3000000119
79999  -43.949  35.767  -10.893 0.3000000119
80738  -42.151  36.236  -11.779 0.3000000119
80739  -42.900  36.175  -11.753 0.3000000119
80740  -43.713  36.305  -11.627 0.3000000119
109815  -44.359  36.322  -11.193 0.3000000119
80753  -43.981  36.726  -12.465 0.3000000119
80791  -43.679  36.659  -15.152 0.2000000030
80792  -44.684  36.792  -15.343 0.3000000119
80780  -45.305  37.140  -14.854 0.3000000119
80778  -43.473  36.656  -14.021 0.3000000119
78653  -40.108  33.862  -9.108 0.3000000119
78666  -42.978  33.989  -9.988 0.3000000119
79288  -43.795  34.089  -10.075 0.3000000119
79990  -44.475  35.387  -10.462 0.4000000060
81453  -46.143  37.235  -15.094 0.3000000119
100015  -44.183  36.572  -15.886 0.2000000030
80808  -44.916  36.497  -16.168 0.3000000119
80793  -45.671  36.733  -15.714 0.3000000119
80807  -43.425  36.474  -16.233 0.2000000030
81454  -47.018  37.267  -15.234 0.3000000119
97869  -42.851  36.547  -15.577 0.2000000030
80794  -46.642  36.756  -15.721 0.3000000119
81455  -48.019  37.267  -15.342 0.4000000060
82610  -51.209  39.792  -14.892 0.5000000000
80809  -45.737  36.258  -16.536 0.2000000030
82035  -49.705  38.093  -15.234 0.4000000060
82030  -50.388  38.906  -15.022 0.4000000060
81456  -49.229  37.336  -15.498 0.3000000119
82036  -51.123  38.185  -15.666 0.4000000060
80795  -47.625  36.676  -15.768 0.3000000119
81457  -50.579  37.450  -15.772 0.3000000119
80796  -48.828  36.634  -15.851 0.3000000119
83779  -51.333  42.964  -13.210 0.6999999881
83229  -51.426  41.408  -14.558 0.6999999881
83245  -51.608  40.832  -14.946 0.6000000238
110523  -51.490  40.141  -15.212 0.6999999881
82621  -51.318  39.082  -15.613 0.6000000238
82636  -51.364  39.116  -15.754 0.6000000238
105487  -44.242  36.348  -16.620 0.2000000030
99767  -46.374  36.382  -16.239 0.3000000119
80810  -47.218  36.208  -16.281 0.3000000119
80811  -48.384  36.053  -16.280 0.3000000119
84835  -50.504  44.083  -12.305 0.6999999881
84831  -50.784  44.261  -11.555 0.6999999881
99165  -50.702  43.531  -13.260 0.6999999881
84334  -51.037  43.190  -13.725 0.6999999881
84335  -51.271  42.811  -13.785 0.6999999881
84333  -50.111  43.080  -13.929 0.6999999881
84341  -51.019  42.785  -14.320 0.6999999881
105479  -50.979  42.242  -14.856 0.6999999881
83257  -51.541  40.863  -15.128 0.6999999881
80060  -44.288  35.886  -17.445 0.2000000030
80826  -45.017  36.138  -16.936 0.2000000030
80061  -45.766  35.735  -17.205 0.2000000030
81464  -51.259  37.624  -16.329 0.4000000060
82037  -51.518  38.272  -16.025 0.4000000060
81463  -51.097  37.078  -16.396 0.3000000119
80797  -50.189  36.712  -16.104 0.3000000119
84296  -48.082  43.165  -9.527 0.6000000238
84297  -49.483  43.710  -9.412 0.6000000238
84814  -50.741  45.044  -9.603 0.8000000119
84824  -50.744  45.344  -9.796 0.8000000119
85365  -50.729  45.234  -10.433 0.8000000119
84326  -49.457  43.477  -12.874 0.6999999881
84332  -48.620  42.604  -13.480 0.6999999881
83790  -48.858  42.364  -14.190 0.6999999881
83801  -49.777  42.243  -14.830 0.6999999881
83811  -50.461  41.724  -15.310 0.6999999881
83265  -51.302  40.128  -15.555 0.6999999881
82043  -51.383  38.306  -16.245 0.5000000000
80044  -47.968  35.482  -16.714 0.3000000119
80812  -49.774  35.989  -16.440 0.3000000119
81470  -51.173  37.562  -16.705 0.4000000060
80813  -50.842  36.285  -16.776 0.3000000119
84812  -48.412  44.826  -9.592 0.6000000238
84813  -50.004  45.123  -9.608 0.6999999881
83210  -45.132  40.889  -13.108 0.6999999881
83775  -45.403  41.321  -12.357 0.6999999881
83787  -45.822  41.156  -13.000 0.6999999881
83776  -46.312  41.628  -12.572 0.6999999881
83777  -47.188  41.969  -12.963 0.6999999881
83788  -46.573  41.340  -13.460 0.6999999881
113216  -47.799  42.267  -13.251 0.6999999881
84830  -50.294  45.126  -11.129 0.6999999881
83799  -47.146  41.257  -14.259 0.6999999881
83789  -47.722  41.896  -13.744 0.6999999881
83800  -48.172  41.639  -14.640 0.6999999881
83809  -48.741  41.507  -15.220 0.6999999881
80059  -43.361  35.807  -17.610 0.2000000030
83244  -47.759  40.971  -15.286 0.6999999881
83810  -49.460  41.558  -15.408 0.6999999881
80078  -43.870  35.312  -18.187 0.2000000030
96990  -45.082  35.689  -17.492 0.2000000030
83254  -48.679  41.008  -15.724 0.6999999881
83263  -48.973  40.391  -16.211 0.6999999881
83264  -50.300  40.187  -16.122 0.6999999881
80043  -46.700  35.752  -16.825 0.2000000030
105982  -49.235  39.788  -16.519 0.6999999881
82634  -50.038  39.296  -16.618 0.6000000238
82635  -51.148  39.262  -16.219 0.5000000000
80079  -44.762  35.335  -18.050 0.2000000030
95521  -46.519  35.137  -17.570 0.2000000030
82042  -50.824  38.467  -16.672 0.5000000000
80062  -47.623  34.957  -17.284 0.3000000119
80063  -48.945  34.737  -17.176 0.2000000030
80045  -49.343  35.306  -16.762 0.4000000060
80814  -51.220  36.856  -16.825 0.4000000060
85352  -47.907  46.208  -9.777 0.6000000238
85353  -49.177  46.273  -9.740 0.6000000238
85861  -47.571  46.524  -10.011 0.6000000238
85354  -50.119  46.148  -9.843 0.6999999881
107804  -50.200  46.031  -10.375 0.6999999881
84829  -49.199  44.543  -11.619 0.6999999881
84324  -46.935  42.442  -12.171 0.6999999881
83225  -45.699  40.849  -13.614 0.6999999881
83226  -46.261  40.813  -14.188 0.6999999881
83243  -46.858  40.806  -14.831 0.6999999881
83262  -47.776  40.252  -16.102 0.6999999881
82647  -48.967  39.159  -16.912 0.6000000238
80077  -42.926  35.199  -18.227 0.2000000030
79354  -44.520  34.634  -18.653 0.2000000030
107546  -45.598  35.254  -17.859 0.2000000030
80046  -50.389  35.484  -17.053 0.4000000060
84823  -46.998  45.022  -10.488 0.6000000238
85360  -49.641  46.649  -9.971 0.6000000238
84308  -45.014  43.480  -10.473 0.5000000000
84309  -45.747  43.693  -10.633 0.6000000238
84827  -46.598  43.877  -10.879 0.6000000238
85363  -48.147  45.463  -10.695 0.6999999881
83743  -44.316  42.576  -10.741 0.5000000000
84318  -46.280  42.861  -11.373 0.6999999881
85364  -49.490  46.048  -10.593 0.6999999881
106435  -42.840  41.837  -10.934 0.5000000000
84316  -44.865  42.344  -11.055 0.6000000238
84317  -45.489  42.602  -11.145 0.6999999881
96913  -47.055  43.238  -11.572 0.6999999881
84828  -47.627  44.165  -11.258 0.6999999881
83758  -43.626  41.702  -11.281 0.5000000000
83759  -44.449  41.757  -11.439 0.6999999881
83760  -45.149  41.820  -11.635 0.6999999881
83761  -45.946  41.993  -11.813 0.6999999881
84319  -48.033  43.301  -12.043 0.6999999881
83740  -41.164  41.758  -10.748 0.5000000000
83741  -42.036  41.837  -10.801 0.5000000000
83774  -44.596  40.983  -12.584 0.6000000238
109414  -45.506  40.573  -14.218 0.6999999881
82633  -48.337  39.696  -16.603 0.6000000238
79352  -42.500  34.327  -18.568 0.2000000030
81469  -51.051  36.851  -17.196 0.3000000119
112076  -45.313  34.830  -18.363 0.2000000030
107651  -50.467  36.323  -17.577 0.3000000119
79342  -46.331  34.429  -18.247 0.2000000030
80064  -49.950  34.877  -17.327 0.3000000119
80827  -50.739  36.049  -17.142 0.3000000119
84257  -36.606  42.791  -7.998 0.4000000060
84271  -37.867  42.641  -8.687 0.4000000060
84270  -37.047  42.524  -8.650 0.4000000060
84289  -39.797  41.958  -10.083 0.4000000060
83723  -38.782  41.920  -10.103 0.5000000000
84304  -40.862  42.173  -10.048 0.5000000000
83756  -41.415  41.449  -11.565 0.6000000238
83772  -42.527  41.115  -12.320 0.6000000238
83208  -42.986  40.787  -12.906 0.6000000238
83209  -43.802  40.828  -12.755 0.6000000238
83757  -42.212  41.433  -11.618 0.5000000000
110041  -42.877  41.411  -11.694 0.6999999881
83773  -44.085  41.213  -12.028 0.6999999881
94951  -45.858  40.382  -14.918 0.6999999881
83253  -46.787  40.330  -15.565 0.6999999881
100759  -47.512  39.502  -16.655 0.6000000238
94187  -50.407  37.842  -17.194 0.5000000000
80065  -50.323  35.287  -17.381 0.3000000119
79343  -47.411  34.295  -17.825 0.3000000119
79345  -49.510  34.433  -17.685 0.4000000060
80081  -50.324  35.551  -17.682 0.4000000060
79344  -48.607  34.189  -17.688 0.3000000119
83722  -37.845  41.916  -10.039 0.4000000060
84288  -38.329  42.301  -9.380 0.4000000060
83739  -40.256  41.682  -10.787 0.5000000000
105716  -39.916  41.497  -11.486 0.5000000000
83241  -44.099  40.355  -14.190 0.6000000238
83224  -44.933  40.582  -13.832 0.6000000238
82620  -45.850  39.915  -15.786 0.6999999881
95810  -49.002  38.282  -17.420 0.4000000060
80840  -49.717  36.323  -18.223 0.4000000060
101448  -49.769  37.237  -17.758 0.3000000119
79358  -49.295  33.942  -18.315 0.4000000060
80080  -49.987  34.761  -17.863 0.4000000060
79356  -47.383  33.638  -18.339 0.3000000119
79357  -48.328  33.526  -18.243 0.3000000119
77458  -52.115  31.740  0.861 0.4000000060
79813  -51.028  36.967  4.254 0.5000000000
81273  -47.976  38.340  4.093 0.4000000060
77497  -45.518  31.305  -4.404 0.4000000060
79828  -39.430  35.971  2.351 0.1000000015
80587  -41.770  36.963  2.801 0.2000000030
83792  -51.436  42.360  -13.887 0.6999999881
79921  -43.648  35.353  -3.857 0.3000000119
77548  -41.868  31.347  -9.748 0.4000000060
79181  -45.628  35.370  6.828 0.1000000015
113468  -45.325  35.099  7.212 0.1000000015
110044  -40.850  31.874  4.442 0.1000000015
77974  -43.493  33.154  6.811 0.1000000015
100704  -44.804  34.019  7.661 0.1000000015
76837  -41.417  31.253  5.909 0.1000000015
104854  -40.080  30.228  5.340 0.1000000015
112310  -39.447  29.840  5.128 0.1000000015
79799  -47.164  36.871  6.955 0.2000000030
77448  -46.908  31.524  1.201 0.2000000030
80548  -45.736  37.446  5.655 0.3000000119
79808  -42.562  36.182  3.637 0.2000000030
78012  -39.225  32.922  2.631 0.1000000015
81267  -47.327  38.235  5.856 0.4000000060
81270  -48.024  38.259  5.125 0.5000000000
95461  -40.118  34.344  2.549 0.2000000030
79209  -41.080  35.427  2.892 0.2000000030
78576  -35.474  33.380  2.528 0.1000000015
97220  -36.173  33.544  2.499 0.1000000015
100027  -38.436  32.939  2.584 0.1000000015
76348  -50.689  28.614  -0.399 0.2000000030
105126  -36.996  34.822  2.442 0.1000000015
78096  -40.726  32.308  -9.227 0.3000000119
80752  -43.285  36.417  -12.285 0.3000000119
79286  -41.896  35.197  -10.187 0.3000000119
79977  -40.653  35.301  -9.755 0.3000000119
79986  -40.437  35.954  -10.307 0.3000000119
79988  -42.805  35.443  -10.711 0.3000000119
108764  -43.391  35.385  -10.691 0.4000000060
84836  -51.094  43.486  -12.973 0.6999999881
83802  -51.377  42.110  -14.437 0.6999999881
83812  -51.295  41.603  -15.035 0.6999999881
83256  -50.981  41.024  -15.569 0.6999999881
84325  -47.956  42.648  -12.810 0.6999999881
105901  -44.337  40.664  -13.327 0.6000000238
111204  -47.455  41.171  -14.766 0.6999999881
83255  -49.797  41.044  -15.773 0.6999999881
79353  -43.452  34.557  -18.683 0.2000000030
82041  -49.809  38.655  -17.003 0.5000000000
83742  -43.642  42.783  -10.498 0.5000000000
112898  -44.753  41.329  -11.984 0.6999999881
84287  -37.437  42.240  -9.332 0.4000000060
83771  -41.735  41.161  -12.323 0.5000000000
83770  -40.893  41.234  -12.293 0.5000000000
76378  -43.244  29.843  -2.344 0.1000000015
111709  -43.889  29.909  -2.404 0.1000000015
76379  -44.438  29.546  -2.267 0.1000000015
109628  -45.189  29.859  -2.525 0.1000000015
76360  -43.712  29.343  -2.004 0.1000000015
75886  -45.800  28.276  -2.273 0.1000000015
76377  -42.472  29.804  -2.353 0.1000000015
102374  -47.330  27.963  -2.507 0.1000000015
100988  -48.422  27.613  -2.508 0.1000000015
102771  -46.563  28.546  -2.405 0.1000000015
106480  -41.728  29.768  -2.485 0.1000000015
74801  -41.109  27.664  -0.436 0.1000000015
75851  -41.615  28.278  -0.872 0.1000000015
76358  -41.951  29.323  -1.881 0.1000000015
75361  -48.868  26.549  -2.578 0.1000000015
76917  -45.265  30.648  -3.018 0.1000000015
75328  -48.486  27.825  -0.105 0.1000000015
75850  -40.672  28.387  -0.913 0.1000000015
75870  -41.361  28.845  -1.448 0.1000000015
75888  -48.671  28.568  -2.463 0.1000000015
74243  -49.795  26.159  -1.499 0.1000000015
75340  -48.144  27.071  -0.124 0.1000000015
75337  -40.212  27.680  -0.319 0.1000000015
75869  -40.583  28.915  -1.666 0.1000000015
94893  -49.774  27.176  -2.271 0.1000000015
75362  -49.570  26.222  -2.202 0.1000000015
75342  -49.986  26.521  -1.235 0.1000000015
75341  -49.169  26.850  -0.555 0.1000000015
76899  -44.451  30.254  -2.676 0.1000000015
112051  -49.294  27.541  -0.417 0.1000000015
76897  -42.185  30.211  -2.908 0.1000000015
76915  -42.631  30.476  -3.494 0.2000000030
76898  -42.944  30.289  -2.820 0.2000000030
76916  -43.413  30.592  -3.384 0.2000000030
95541  -44.281  30.738  -3.363 0.2000000030
76357  -41.186  29.354  -2.064 0.1000000015
107591  -41.533  30.088  -3.036 0.1000000015
110334  -43.752  30.835  -3.989 0.2000000030
75350  -50.120  26.508  -1.711 0.1000000015
77496  -44.906  31.250  -4.589 0.3000000119
77480  -45.002  31.076  -3.834 0.2000000030
76918  -46.157  30.689  -3.194 0.1000000015
76939  -44.329  31.050  -4.283 0.3000000119
76402  -41.018  29.724  -2.765 0.1000000015
76914  -41.828  30.319  -3.613 0.1000000015
76376  -40.454  29.270  -2.388 0.1000000015
76937  -42.275  30.511  -4.318 0.2000000030
76938  -43.083  30.687  -4.166 0.3000000119
76375  -39.818  29.159  -2.767 0.1000000015
76401  -40.278  29.541  -3.156 0.1000000015
76913  -40.924  30.026  -3.644 0.1000000015
76936  -41.406  30.301  -4.473 0.1000000015
84822  -45.922  45.088  -10.107 0.4000000060
85357  -46.583  45.924  -9.910 0.4000000060
84821  -45.390  44.775  -10.035 0.4000000060
85350  -45.781  45.055  -10.030 0.4000000060
84820  -45.147  44.635  -9.901 0.4000000060
85349  -45.447  44.940  -10.073 0.4000000060
84810  -46.272  44.535  -9.616 0.4000000060
105708  -47.297  44.071  -9.618 0.5000000000
84811  -47.118  45.326  -9.651 0.5000000000
84307  -44.581  43.963  -10.103 0.4000000060
84808  -45.138  44.690  -9.625 0.5000000000
84809  -45.572  44.543  -9.776 0.4000000060
84818  -44.063  43.995  -9.845 0.4000000060
84306  -42.854  42.753  -10.329 0.4000000060
84819  -45.013  44.835  -9.523 0.4000000060
84807  -44.770  45.169  -9.371 0.4000000060
84295  -46.969  43.006  -9.563 0.5000000000
84291  -43.118  43.739  -9.751 0.4000000060
84305  -41.919  42.541  -10.165 0.4000000060
84294  -46.042  43.141  -9.544 0.5000000000
84806  -43.940  44.990  -9.314 0.4000000060
84801  -45.172  45.281  -9.083 0.4000000060
84805  -42.049  44.093  -9.183 0.4000000060
84290  -41.786  43.289  -9.591 0.4000000060
104138  -44.962  45.346  -9.085 0.4000000060
84799  -43.120  45.143  -8.995 0.4000000060
84274  -40.953  43.377  -9.194 0.4000000060
84798  -41.098  44.031  -8.715 0.4000000060
84273  -40.009  43.096  -8.943 0.4000000060
83207  -42.157  40.811  -12.988 0.4000000060
83223  -43.505  40.545  -13.509 0.5000000000
83242  -44.936  40.297  -14.567 0.6000000238
83252  -45.048  39.973  -15.312 0.6000000238
85346  -43.739  46.050  -8.581 0.3000000119
84261  -44.597  44.914  -8.606 0.3000000119
104987  -42.417  45.733  -8.105 0.3000000119
84800  -44.374  45.592  -8.684 0.3000000119
85340  -41.371  45.207  -7.864 0.4000000060
85345  -41.958  45.011  -8.413 0.4000000060
84790  -40.594  44.440  -8.029 0.4000000060
84797  -39.762  43.622  -8.302 0.4000000060
84272  -38.878  42.894  -8.675 0.4000000060
94122  -39.319  42.414  -9.443 0.4000000060
83206  -41.280  40.875  -13.018 0.4000000060
83222  -42.644  40.509  -13.621 0.4000000060
82608  -44.275  40.021  -15.008 0.4000000060
84791  -42.863  44.228  -6.807 0.2000000030
105823  -44.397  46.057  -7.782 0.2000000030
85853  -43.306  47.119  -7.284 0.2000000030
85336  -44.249  46.900  -7.574 0.2000000030
85852  -42.009  46.131  -7.447 0.2000000030
85335  -40.914  45.813  -6.549 0.2000000030
85339  -40.575  45.014  -7.332 0.3000000119
84789  -39.487  44.112  -7.523 0.4000000060
83240  -43.152  40.257  -14.270 0.4000000060
82607  -43.589  40.058  -14.812 0.3000000119
82618  -43.613  39.752  -15.491 0.3000000119
82619  -44.386  39.692  -15.749 0.5000000000
84781  -42.593  44.263  -5.735 0.2000000030
97598  -41.777  42.883  -6.710 0.2000000030
84782  -43.472  45.616  -6.494 0.2000000030
85330  -43.674  46.902  -6.347 0.2000000030
85848  -43.015  47.348  -6.482 0.2000000030
85847  -41.918  46.811  -6.089 0.2000000030
109382  -42.283  46.848  -6.765 0.2000000030
85334  -39.684  44.692  -6.715 0.3000000119
84796  -38.912  43.462  -8.010 0.3000000119
83205  -40.274  40.978  -13.007 0.4000000060
83221  -41.762  40.525  -13.702 0.4000000060
95984  -40.104  41.334  -12.159 0.4000000060
82606  -42.776  39.865  -15.145 0.3000000119
84248  -41.658  43.129  -5.984 0.2000000030
84247  -41.013  42.232  -6.266 0.3000000119
83698  -40.756  41.090  -7.351 0.3000000119
83155  -41.041  40.196  -7.728 0.3000000119
81986  -43.093  38.415  -8.045 0.4000000060
84758  -43.762  45.814  -4.430 0.2000000030
84768  -42.991  44.473  -4.656 0.2000000030
84259  -41.267  42.113  -7.084 0.3000000119
82569  -42.125  39.541  -8.213 0.3000000119
84769  -43.378  45.828  -5.421 0.2000000030
97310  -43.552  46.393  -4.454 0.2000000030
85322  -43.421  46.632  -5.144 0.2000000030
85839  -43.265  46.827  -4.953 0.2000000030
85843  -42.816  47.175  -5.633 0.2000000030
85329  -40.741  45.786  -5.676 0.2000000030
85328  -39.595  44.985  -5.932 0.2000000030
84780  -38.797  44.170  -6.904 0.4000000060
84788  -38.511  43.672  -7.471 0.4000000060
84258  -38.192  43.150  -8.052 0.3000000119
83754  -39.374  41.415  -11.901 0.4000000060
83738  -38.262  41.670  -10.806 0.4000000060
97369  -39.278  41.617  -10.956 0.4000000060
110796  -39.574  41.222  -12.583 0.4000000060
83239  -42.252  40.226  -14.395 0.3000000119
84237  -41.043  42.335  -5.410 0.3000000119
83694  -40.444  41.457  -6.546 0.3000000119
82561  -41.445  39.400  -7.864 0.3000000119
99982  -41.689  38.628  -7.800 0.3000000119
81345  -42.297  37.938  -7.648 0.4000000060
84238  -41.779  43.206  -5.124 0.2000000030
85311  -43.831  45.358  -3.509 0.2000000030
85309  -42.845  46.059  -3.651 0.2000000030
85310  -43.543  46.438  -4.071 0.2000000030
94826  -40.821  45.152  -3.739 0.2000000030
85838  -42.525  46.419  -4.467 0.2000000030
85837  -41.855  46.545  -5.249 0.2000000030
85320  -39.515  44.870  -4.464 0.2000000030
85321  -40.749  45.604  -4.767 0.2000000030
85333  -38.938  44.503  -6.354 0.3000000119
105900  -38.135  43.863  -6.980 0.3000000119
84787  -37.760  43.452  -7.421 0.3000000119
83737  -37.348  41.668  -10.710 0.3000000119
83753  -38.588  41.490  -11.630 0.4000000060
81329  -41.742  37.212  -7.079 0.3000000119
80680  -42.905  36.589  -6.553 0.3000000119
81983  -40.206  39.109  -7.176 0.3000000119
81344  -41.297  37.929  -7.438 0.3000000119
81330  -42.665  37.122  -7.084 0.3000000119
81331  -43.632  36.937  -6.902 0.4000000060
85297  -39.902  44.533  -2.653 0.2000000030
94733  -39.140  44.597  -3.541 0.2000000030
85319  -38.309  44.550  -4.389 0.2000000030
99663  -39.804  45.144  -5.236 0.2000000030
95144  -38.897  44.712  -5.207 0.2000000030
85326  -38.024  44.457  -5.282 0.2000000030
85327  -38.546  44.508  -5.859 0.2000000030
110068  -37.414  44.269  -5.449 0.2000000030
84767  -37.791  44.218  -5.938 0.2000000030
84779  -38.264  44.180  -6.443 0.3000000119
84778  -37.503  43.802  -6.649 0.3000000119
84246  -35.991  43.097  -7.268 0.3000000119
84786  -36.964  43.298  -7.323 0.3000000119
84256  -35.843  42.548  -8.108 0.3000000119
101262  -36.371  42.422  -8.590 0.3000000119
83720  -36.063  41.829  -9.834 0.3000000119
83736  -36.446  41.655  -10.618 0.3000000119
96344  -37.395  42.956  -8.031 0.3000000119
83721  -36.970  41.905  -9.952 0.3000000119
83752  -37.735  41.525  -11.491 0.3000000119
94586  -38.064  41.421  -12.154 0.3000000119
83769  -38.754  41.278  -12.554 0.4000000060
83786  -39.315  40.942  -13.272 0.3000000119
80679  -42.150  36.589  -6.532 0.2000000030
83693  -39.640  41.038  -5.891 0.3000000119
83153  -39.845  39.753  -6.896 0.3000000119
111918  -40.353  38.530  -7.190 0.3000000119
106287  -43.464  36.309  -6.218 0.4000000060
98285  -38.253  44.528  -2.024 0.2000000030
94778  -38.618  44.491  -2.674 0.2000000030
85296  -39.009  44.508  -1.958 0.2000000030
107793  -38.039  44.472  -3.389 0.2000000030
85317  -36.749  44.306  -4.494 0.2000000030
84756  -36.098  44.105  -4.956 0.2000000030
85318  -37.431  44.394  -4.822 0.2000000030
84757  -36.838  44.180  -5.247 0.2000000030
84764  -35.469  43.703  -5.455 0.2000000030
84245  -34.952  42.960  -6.897 0.2000000030
84255  -34.525  42.527  -7.635 0.2000000030
84254  -33.230  42.609  -7.251 0.2000000030
84765  -36.305  43.848  -5.740 0.3000000119
84776  -35.702  43.442  -6.314 0.3000000119
100383  -33.789  42.455  -7.670 0.2000000030
83705  -34.669  41.994  -8.998 0.3000000119
83718  -34.306  41.870  -9.643 0.3000000119
83733  -33.625  42.047  -9.879 0.2000000030
104760  -35.281  42.672  -7.624 0.3000000119
84269  -35.689  42.115  -8.951 0.3000000119
83735  -35.441  41.661  -10.637 0.3000000119
83751  -36.734  41.526  -11.510 0.3000000119
84286  -36.609  42.172  -9.223 0.3000000119
80667  -42.646  36.063  -5.937 0.2000000030
107342  -43.991  36.091  -5.847 0.4000000060
105714  -36.001  44.541  -2.496 0.2000000030
85281  -36.729  44.664  -1.881 0.2000000030
85295  -37.608  44.498  -2.509 0.2000000030
85294  -36.743  44.460  -2.845 0.2000000030
112471  -37.296  44.442  -3.277 0.2000000030
85307  -36.717  44.383  -3.684 0.2000000030
85306  -35.386  44.202  -3.569 0.2000000030
84755  -35.200  43.927  -4.485 0.2000000030
84763  -34.542  43.555  -5.205 0.2000000030
108521  -34.249  43.011  -6.453 0.2000000030
84267  -33.165  42.370  -8.074 0.2000000030
84754  -34.114  43.705  -4.341 0.2000000030
84775  -34.827  43.318  -6.020 0.2000000030
108321  -33.420  42.187  -8.697 0.2000000030
84285  -33.140  42.207  -9.273 0.2000000030
83734  -34.358  41.826  -10.453 0.3000000119
103275  -35.981  41.571  -11.193 0.3000000119
79944  -43.414  35.871  -5.535 0.2000000030
105804  -35.189  44.598  -2.318 0.2000000030
85822  -35.293  45.443  -1.173 0.2000000030
85278  -33.978  45.283  -1.857 0.2000000030
85279  -34.779  45.040  -1.713 0.2000000030
85292  -34.335  44.685  -2.286 0.2000000030
85293  -35.511  44.392  -2.918 0.2000000030
84236  -32.865  43.144  -5.776 0.2000000030
84243  -32.567  42.850  -6.689 0.2000000030
84253  -32.441  42.663  -7.551 0.2000000030
84252  -31.708  42.900  -7.935 0.2000000030
84283  -31.951  42.954  -9.608 0.2000000030
84817  -32.220  43.192  -10.438 0.2000000030
84762  -33.539  43.443  -5.044 0.2000000030
103771  -32.895  42.311  -8.707 0.2000000030
84284  -32.440  42.514  -9.142 0.2000000030
94048  -32.761  42.498  -10.028 0.2000000030
84303  -33.503  42.242  -10.681 0.2000000030
83749  -34.721  41.762  -11.289 0.2000000030
83750  -35.827  41.588  -11.868 0.3000000119
85291  -33.502  44.876  -2.416 0.2000000030
85348  -31.239  44.445  -9.740 0.2000000030
85325  -31.080  44.029  -5.075 0.2000000030
84760  -31.062  43.690  -5.800 0.2000000030
84785  -31.096  43.369  -7.511 0.2000000030
84795  -31.186  43.331  -8.356 0.2000000030
84265  -31.763  42.864  -8.778 0.2000000030
105060  -31.951  43.823  -10.653 0.2000000030
84302  -32.846  42.796  -10.989 0.2000000030
84761  -32.475  43.501  -4.891 0.2000000030
85828  -33.278  45.606  -2.166 0.2000000030
86350  -30.911  45.877  -9.228 0.2000000030
85859  -31.041  45.161  -9.461 0.2000000030
85846  -30.007  45.340  -6.402 0.2000000030
85851  -29.994  45.343  -7.293 0.2000000030
86346  -30.079  46.083  -7.876 0.2000000030
85856  -30.198  45.227  -8.128 0.2000000030
85347  -30.843  44.462  -9.104 0.2000000030
85355  -31.652  44.425  -10.389 0.2000000030
85324  -30.613  44.323  -5.632 0.2000000030
85332  -30.204  44.593  -6.806 0.2000000030
85338  -30.265  44.519  -7.623 0.2000000030
85344  -30.502  44.470  -8.407 0.2000000030
98453  -33.520  42.491  -11.474 0.2000000030
86822  -29.986  47.085  -7.906 0.2000000030
104440  -30.318  46.582  -8.438 0.2000000030
86351  -31.410  46.549  -9.551 0.2000000030
86344  -29.882  46.338  -6.927 0.2000000030
86348  -30.462  45.924  -8.603 0.2000000030
105365  -30.757  46.577  -9.003 0.2000000030
111506  -47.063  28.690  -2.438 0.1000000015
80681  -44.245  36.513  -6.327 0.4000000060
83161  -41.825  40.365  -8.146 0.3000000119
113059  -41.896  39.075  -8.044 0.3000000119
84792  -44.367  45.481  -8.184 0.2000000030
98304  -40.385  42.651  -9.533 0.4000000060
85342  -44.375  46.481  -8.210 0.3000000119
85341  -43.676  46.709  -8.072 0.2000000030
83689  -40.398  41.715  -5.692 0.3000000119
83148  -39.983  40.597  -6.765 0.3000000119
83154  -40.378  40.026  -7.299 0.3000000119
81984  -40.871  38.702  -7.503 0.3000000119
85308  -37.408  44.432  -4.014 0.2000000030
84766  -37.069  44.020  -5.935 0.3000000119
84777  -36.595  43.594  -6.531 0.3000000119
94243  -35.020  42.311  -8.268 0.3000000119
83719  -35.102  41.823  -9.740 0.2000000030
84774  -33.938  43.215  -5.829 0.2000000030
84773  -31.842  43.232  -6.087 0.2000000030
84803  -30.862  43.840  -8.738 0.2000000030
84772  -31.077  43.479  -6.634 0.2000000030
84784  -30.550  43.905  -7.142 0.2000000030
107891  -30.274  44.643  -6.137 0.2000000030
79847  -36.207  36.179  2.080 0.1000000015
79848  -37.028  36.175  2.140 0.1000000015
79849  -37.858  36.190  2.167 0.1000000015
77509  -37.337  31.500  -5.547 0.1000000015
77510  -38.105  31.147  -5.783 0.1000000015
76948  -37.674  30.704  -5.216 0.1000000015
76961  -38.856  30.748  -6.029 0.1000000015
76962  -39.249  31.170  -6.677 0.1000000015
110192  -39.635  30.449  -6.229 0.1000000015
77518  -37.764  31.927  -6.174 0.1000000015
77519  -38.499  31.547  -6.425 0.1000000015
77508  -36.528  31.830  -5.304 0.1000000015
77529  -39.565  31.509  -7.440 0.1000000015
105405  -39.341  37.742  -6.344 0.2000000030
102336  -40.075  37.527  -6.667 0.2000000030
78068  -36.250  32.649  -5.657 0.1000000015
78069  -37.026  32.321  -5.892 0.1000000015
78077  -37.481  32.700  -6.571 0.1000000015
77528  -38.863  31.911  -7.118 0.1000000015
78076  -36.706  33.130  -6.333 0.1000000015
78078  -38.187  32.313  -6.829 0.1000000015
111156  -36.041  33.255  -5.977 0.1000000015
78084  -37.897  32.995  -7.279 0.1000000015
78085  -38.549  32.610  -7.562 0.1000000015
78086  -39.218  32.229  -7.847 0.1000000015
77540  -39.843  31.820  -8.239 0.1000000015
77541  -40.437  31.429  -8.658 0.3000000119
77546  -40.665  31.685  -9.115 0.3000000119
82554  -38.868  39.177  -6.189 0.2000000030
81977  -39.848  38.335  -6.843 0.2000000030
81343  -40.513  38.027  -7.172 0.2000000030
83147  -39.282  40.005  -6.357 0.2000000030
82555  -39.504  39.117  -6.675 0.2000000030
78632  -35.502  33.629  -6.031 0.1000000015
95352  -36.665  33.688  -6.926 0.1000000015
78633  -37.236  33.368  -7.042 0.1000000015
78640  -38.287  33.299  -7.955 0.2000000030
78090  -38.940  32.924  -8.248 0.2000000030
78091  -39.617  32.552  -8.513 0.2000000030
78092  -40.210  32.119  -8.848 0.3000000119
82548  -37.679  39.457  -5.316 0.1000000015
83140  -38.279  39.946  -5.531 0.1000000015
83141  -38.901  40.401  -5.672 0.1000000015
79250  -34.110  34.006  -5.728 0.1000000015
78631  -34.886  34.105  -6.123 0.1000000015
79256  -35.584  34.167  -6.609 0.1000000015
79249  -33.328  34.376  -5.972 0.1000000015
79257  -36.135  33.700  -6.510 0.1000000015
78638  -36.971  33.962  -7.481 0.1000000015
78645  -38.018  34.013  -8.253 0.2000000030
78646  -38.738  33.736  -8.483 0.2000000030
78647  -39.480  33.369  -8.715 0.2000000030
79271  -39.325  34.290  -8.891 0.2000000030
82541  -37.162  39.825  -4.836 0.2000000030
79255  -34.248  34.702  -6.398 0.1000000015
97813  -35.052  34.561  -6.655 0.1000000015
79263  -36.253  34.235  -7.185 0.1000000015
95834  -34.100  35.441  -7.048 0.2000000030
79261  -34.904  35.067  -7.088 0.2000000030
79959  -36.082  34.823  -7.625 0.2000000030
79269  -37.364  34.292  -8.017 0.1000000015
79958  -35.541  35.248  -7.671 0.2000000030
97204  -36.685  34.604  -7.826 0.2000000030
79270  -38.454  34.723  -8.695 0.2000000030
79275  -39.988  34.829  -9.304 0.2000000030
83687  -39.130  40.966  -5.063 0.1000000015
95390  -40.239  41.653  -3.647 0.1000000015
83688  -39.928  41.450  -5.012 0.2000000030
83683  -40.425  41.721  -4.313 0.1000000015
79966  -35.454  35.887  -8.257 0.2000000030
79967  -36.283  35.362  -8.194 0.2000000030
79268  -37.114  34.993  -8.334 0.2000000030
103381  -37.734  34.659  -8.396 0.2000000030
79969  -37.710  35.364  -8.738 0.2000000030
79975  -38.382  35.706  -9.192 0.2000000030
79274  -39.181  35.240  -9.202 0.2000000030
79976  -39.827  35.646  -9.727 0.2000000030
104148  -42.362  42.647  -3.503 0.1000000015
84233  -42.176  43.120  -4.397 0.1000000015
84750  -44.223  44.619  -3.529 0.1000000015
110186  -43.190  43.633  -3.815 0.1000000015
80701  -36.119  36.268  -8.786 0.2000000030
79968  -36.931  35.811  -8.772 0.2000000030
79974  -37.580  36.204  -9.291 0.2000000030
80723  -38.935  36.607  -10.410 0.2000000030
80724  -39.651  36.246  -10.266 0.2000000030
80734  -38.981  36.888  -11.170 0.2000000030
110080  -39.492  36.578  -10.826 0.2000000030
80726  -40.932  36.234  -10.984 0.2000000030
80736  -40.470  36.582  -11.599 0.2000000030
80737  -41.322  36.427  -11.806 0.2000000030
106454  -41.839  36.428  -12.370 0.2000000030
84731  -41.776  43.283  1.001 0.1000000015
84737  -43.000  43.443  0.039 0.1000000015
84732  -42.274  43.836  0.784 0.1000000015
96887  -44.180  44.815  2.130 0.1000000015
86295  -43.081  47.029  1.982 0.1000000015
86759  -42.991  47.746  2.238 0.1000000015
87195  -41.792  49.496  2.109 0.1000000015
87603  -41.485  50.883  1.900 0.1000000015
84223  -43.192  42.410  -2.402 0.1000000015
84218  -44.884  42.821  -0.938 0.1000000015
85274  -42.863  43.887  0.267 0.1000000015
85264  -42.282  44.238  0.672 0.1000000015
85787  -42.158  45.719  1.385 0.1000000015
102883  -41.920  47.799  1.826 0.1000000015
86758  -41.177  48.493  1.630 0.1000000015
88005  -41.396  51.392  1.945 0.1000000015
84225  -45.595  43.412  -1.630 0.1000000015
84741  -44.631  43.794  -0.876 0.1000000015
85286  -42.996  44.035  -0.655 0.1000000015
84751  -45.292  44.278  -2.485 0.1000000015
95415  -44.255  44.537  -1.883 0.1000000015
81404  -39.149  37.133  -11.899 0.1000000015
80748  -39.924  36.936  -12.168 0.2000000030
80735  -39.708  36.739  -11.428 0.2000000030
80749  -40.705  36.739  -12.377 0.2000000030
80750  -41.333  36.592  -12.573 0.2000000030
85801  -41.430  45.078  0.864 0.1000000015
85273  -41.701  44.321  -0.019 0.1000000015
86294  -41.167  46.619  1.444 0.1000000015
87205  -40.174  49.000  1.341 0.1000000015
99063  -40.907  50.195  1.349 0.1000000015
85263  -40.722  44.891  0.273 0.1000000015
94313  -42.356  44.529  -1.987 0.1000000015
81418  -38.425  37.389  -12.337 0.1000000015
81419  -39.257  37.289  -12.730 0.1000000015
81403  -38.460  37.243  -11.588 0.1000000015
81420  -40.126  37.105  -12.999 0.1000000015
80761  -41.800  36.575  -13.190 0.2000000030
80762  -42.631  36.524  -13.601 0.2000000030
85262  -39.392  45.174  -0.048 0.1000000015
85272  -40.083  44.722  -0.590 0.1000000015
85298  -41.605  44.874  -2.873 0.1000000015
94774  -40.872  44.507  -2.082 0.1000000015
85285  -41.302  44.424  -1.058 0.1000000015
80760  -40.945  36.816  -13.167 0.1000000015
94389  -41.955  36.612  -14.130 0.1000000015
85271  -38.870  44.912  -0.756 0.1000000015
85813  -38.401  45.321  -0.262 0.1000000015
103124  -39.218  44.670  -1.307 0.1000000015
85812  -37.542  45.437  -0.406 0.1000000015
85283  -38.474  44.678  -1.428 0.1000000015
85269  -37.145  45.040  -1.058 0.1000000015
85811  -36.681  45.606  -0.497 0.1000000015
108556  -35.353  46.526  -0.450 0.1000000015
86783  -35.686  47.747  -0.445 0.1000000015
85809  -34.365  46.440  -1.170 0.1000000015
86321  -33.784  46.739  -1.551 0.1000000015
109450  -34.376  47.810  -1.464 0.1000000015
87237  -34.855  48.458  -1.779 0.1000000015
87633  -36.882  49.686  -2.185 0.1000000015
103258  -33.348  46.989  -1.938 0.1000000015
86794  -33.412  47.585  -2.273 0.1000000015
87236  -34.030  48.065  -2.009 0.1000000015
93984  -41.249  36.798  -13.932 0.1000000015
80777  -42.645  36.588  -14.690 0.1000000015
88061  -37.760  50.880  -2.140 0.1000000015
88501  -36.673  51.475  -1.838 0.1000000015
88502  -37.609  51.180  -2.665 0.1000000015
108700  -37.478  51.311  -3.265 0.1000000015
88520  -37.035  51.184  -3.733 0.1000000015
88074  -37.400  50.793  -3.224 0.1000000015
87642  -37.374  50.386  -2.718 0.1000000015
85282  -37.693  44.676  -1.620 0.1000000015
85823  -36.209  45.178  -1.104 0.1000000015
88082  -36.349  50.531  -3.595 0.1000000015
85280  -35.687  44.842  -1.734 0.1000000015
87241  -33.683  48.343  -2.705 0.1000000015
87644  -34.180  49.482  -3.709 0.1000000015
86334  -32.102  46.517  -3.094 0.1000000015
86793  -33.008  47.878  -2.962 0.1000000015
87251  -33.340  48.751  -3.496 0.1000000015
87651  -32.770  49.737  -4.681 0.1000000015
84748  -33.598  43.956  -3.568 0.1000000015
85304  -33.082  44.436  -3.020 0.1000000015
86333  -31.689  47.080  -3.741 0.1000000015
86808  -32.083  47.944  -4.006 0.1000000015
87259  -31.701  48.485  -4.609 0.1000000015
88095  -32.203  50.135  -5.241 0.1000000015
88896  -35.198  52.199  -1.862 0.1000000015
88897  -36.769  51.862  -2.784 0.1000000015
89296  -34.524  54.803  -1.673 0.1000000015
89297  -35.172  53.733  -2.843 0.1000000015
88910  -36.296  52.645  -3.527 0.1000000015
88911  -36.962  51.811  -3.536 0.1000000015
111794  -36.783  52.231  -3.893 0.1000000015
88919  -36.997  51.706  -3.784 0.1000000015
88529  -36.486  51.638  -4.198 0.1000000015
103098  -36.414  52.928  -4.122 0.1000000015
88932  -36.574  52.279  -4.156 0.1000000015
88931  -35.843  52.194  -4.601 0.1000000015
88089  -35.963  50.924  -4.121 0.1000000015
88081  -35.196  50.135  -3.876 0.1000000015
88087  -33.090  50.531  -5.044 0.1000000015
88535  -32.436  50.879  -5.621 0.1000000015
87652  -33.463  50.074  -4.578 0.1000000015
88544  -31.938  51.200  -6.261 0.1000000015
85832  -32.017  45.573  -3.137 0.1000000015
88094  -31.660  50.494  -5.890 0.1000000015
84747  -32.828  44.039  -3.593 0.1000000015
85302  -31.407  45.157  -3.849 0.1000000015
85836  -30.885  45.838  -4.277 0.1000000015
86337  -30.755  47.247  -4.892 0.1000000015
87266  -31.233  48.917  -5.249 0.1000000015
88555  -31.535  51.474  -6.883 0.1000000015
85313  -30.694  44.739  -4.991 0.1000000015
94325  -40.063  37.024  -14.867 0.1000000015
80775  -40.865  36.855  -14.634 0.1000000015
113336  -41.470  36.702  -14.519 0.1000000015
80789  -40.571  36.641  -15.452 0.1000000015
80790  -42.010  36.549  -15.526 0.1000000015
95467  -41.894  36.622  -14.796 0.1000000015
89310  -35.965  53.793  -3.867 0.1000000015
88528  -35.371  51.436  -4.527 0.1000000015
88527  -34.359  51.222  -4.791 0.1000000015
111804  -33.673  51.042  -5.043 0.1000000015
108083  -33.172  51.263  -5.443 0.1000000015
88545  -32.625  51.588  -5.980 0.1000000015
88537  -34.753  51.922  -4.944 0.1000000015
88536  -33.875  51.612  -5.228 0.1000000015
88945  -33.314  51.958  -5.707 0.1000000015
88961  -32.116  51.887  -6.627 0.1000000015
88972  -31.571  52.091  -7.415 0.1000000015
85842  -30.271  45.083  -5.606 0.1000000015
104558  -30.075  46.081  -5.727 0.1000000015
103746  -30.449  47.634  -5.548 0.1000000015
87664  -30.395  49.446  -6.830 0.1000000015
87665  -30.936  50.047  -6.299 0.1000000015
103510  -31.235  50.821  -6.658 0.1000000015
88106  -30.985  51.236  -7.560 0.1000000015
88971  -31.093  51.848  -8.125 0.1000000015
87669  -30.177  49.484  -7.782 0.1000000015
88100  -30.583  50.290  -7.317 0.1000000015
88113  -30.577  50.665  -8.122 0.1000000015
80774  -39.166  37.069  -14.980 0.1000000015
105109  -41.231  36.510  -15.760 0.1000000015
80776  -41.348  36.661  -15.111 0.1000000015
80804  -40.634  36.301  -16.272 0.1000000015
80805  -41.566  36.331  -16.494 0.1000000015
80042  -40.907  36.022  -16.962 0.1000000015
80823  -42.201  36.223  -17.013 0.1000000015
80806  -42.488  36.434  -16.325 0.1000000015
80057  -41.569  35.705  -17.392 0.1000000015
80824  -42.929  36.282  -17.015 0.1000000015
82645  -46.919  39.032  -17.086 0.3000000119
82646  -47.924  38.902  -17.165 0.4000000060
80058  -42.022  35.017  -18.072 0.1000000015
107017  -42.505  35.731  -17.575 0.1000000015
80825  -43.651  36.247  -17.021 0.1000000015
82049  -46.106  38.671  -17.702 0.3000000119
95609  -47.096  38.415  -17.765 0.3000000119
82050  -48.022  38.047  -17.830 0.2000000030
99944  -46.441  38.016  -18.504 0.3000000119
82055  -47.410  37.686  -18.527 0.3000000119
111769  -48.738  37.738  -17.841 0.3000000119
81468  -48.622  37.240  -18.421 0.3000000119
81475  -48.028  37.088  -19.278 0.3000000119
79355  -45.553  34.130  -18.786 0.2000000030
80838  -48.991  36.227  -19.032 0.3000000119
80839  -49.813  35.364  -18.480 0.3000000119
78724  -46.843  33.205  -18.831 0.2000000030
89669  -35.218  54.867  -2.887 0.1000000015
89681  -36.136  54.873  -4.131 0.1000000015
89327  -36.091  53.947  -4.468 0.1000000015
89326  -35.953  53.109  -4.569 0.1000000015
88947  -35.052  52.714  -5.071 0.1000000015
88946  -34.064  52.332  -5.387 0.1000000015
88962  -32.761  52.321  -6.283 0.1000000015
88979  -31.437  52.617  -8.257 0.1000000015
103519  -29.977  48.153  -6.983 0.1000000015
105350  -30.373  50.078  -8.188 0.1000000015
88120  -30.579  50.408  -8.824 0.1000000015
88565  -30.802  51.231  -8.494 0.1000000015
88978  -31.058  51.944  -8.864 0.1000000015
94591  -37.876  41.297  -12.886 0.2000000030
83807  -37.430  41.422  -15.304 0.1000000015
80788  -39.642  36.573  -15.627 0.1000000015
113193  -40.159  36.425  -15.921 0.1000000015
83250  -40.112  40.139  -15.453 0.1000000015
82616  -41.275  39.732  -15.952 0.2000000030
82617  -42.109  39.601  -15.938 0.2000000030
98919  -42.919  39.510  -16.048 0.2000000030
82629  -43.719  39.432  -16.271 0.4000000060
83261  -40.021  40.119  -16.289 0.1000000015
82615  -40.596  39.912  -15.927 0.1000000015
82627  -41.632  39.552  -16.759 0.1000000015
82628  -42.366  39.446  -16.578 0.2000000030
94377  -43.004  39.270  -16.920 0.3000000119
82631  -45.646  39.440  -16.474 0.4000000060
82632  -46.683  39.649  -16.381 0.4000000060
82641  -42.252  39.375  -17.155 0.1000000015
108196  -43.824  39.173  -16.944 0.3000000119
82630  -44.613  39.332  -16.553 0.4000000060
100392  -46.171  39.132  -16.957 0.3000000119
80056  -40.705  35.317  -17.347 0.1000000015
82642  -43.498  39.033  -17.620 0.3000000119
82643  -44.388  38.964  -17.388 0.3000000119
82644  -45.351  39.041  -17.178 0.4000000060
82047  -44.092  38.721  -18.178 0.2000000030
82048  -45.060  38.644  -17.932 0.3000000119
82054  -45.587  38.288  -18.552 0.3000000119
95853  -46.906  37.501  -19.292 0.3000000119
78725  -47.977  32.903  -18.750 0.2000000030
98615  -49.569  34.634  -18.830 0.3000000119
79364  -49.221  33.908  -19.336 0.3000000119
88985  -31.340  52.717  -9.189 0.1000000015
103811  -30.221  47.978  -8.443 0.1000000015
87278  -30.083  48.737  -8.224 0.1000000015
88574  -30.930  51.234  -9.224 0.1000000015
88984  -31.219  51.998  -9.586 0.1000000015
86825  -30.464  47.246  -8.724 0.1000000015
87282  -30.365  48.759  -8.888 0.1000000015
87679  -30.679  49.573  -9.269 0.1000000015
88121  -30.951  50.516  -9.486 0.1000000015
88575  -31.218  51.288  -9.833 0.1000000015
88987  -31.525  52.055  -10.181 0.1000000015
84314  -33.612  42.724  -12.124 0.1000000015
84315  -34.233  42.198  -11.955 0.1000000015
84323  -34.818  42.169  -12.780 0.1000000015
83767  -35.512  41.755  -12.499 0.1000000015
83785  -38.438  41.019  -13.475 0.2000000030
83220  -40.836  40.552  -13.778 0.3000000119
83238  -41.335  40.235  -14.482 0.3000000119
83806  -36.819  41.756  -15.025 0.1000000015
83234  -37.977  40.970  -15.058 0.1000000015
83236  -39.546  40.395  -14.807 0.2000000030
83237  -40.434  40.282  -14.617 0.2000000030
83235  -38.701  40.623  -14.951 0.2000000030
83251  -40.903  39.963  -15.267 0.1000000015
82605  -41.767  39.883  -15.185 0.2000000030
83249  -39.254  40.412  -15.750 0.1000000015
82626  -40.761  39.829  -16.607 0.1000000015
95775  -45.089  39.649  -15.956 0.4000000060
109405  -38.753  40.702  -16.296 0.1000000015
83260  -39.352  40.487  -16.685 0.1000000015
82639  -41.045  39.787  -17.409 0.1000000015
104186  -41.186  34.758  -17.829 0.1000000015
82640  -41.799  39.500  -17.609 0.1000000015
99665  -42.590  39.235  -17.831 0.2000000030
82652  -43.263  38.985  -18.437 0.3000000119
82053  -44.729  38.463  -18.755 0.3000000119
78722  -43.090  33.638  -19.026 0.1000000015
82057  -43.872  38.701  -18.992 0.3000000119
96973  -45.202  38.209  -19.278 0.3000000119
78723  -44.035  33.883  -19.127 0.2000000030
79363  -44.876  33.908  -19.113 0.2000000030
78737  -44.773  33.117  -19.333 0.2000000030
100632  -49.307  35.422  -19.533 0.3000000119
89361  -31.894  53.375  -7.942 0.1000000015
89369  -31.604  53.531  -9.491 0.1000000015
98250  -31.497  52.788  -9.896 0.1000000015
104543  -30.630  48.010  -9.084 0.1000000015
107329  -30.786  48.701  -9.346 0.1000000015
87680  -31.162  49.895  -9.768 0.1000000015
88129  -31.399  50.523  -10.055 0.1000000015
88582  -31.782  51.230  -10.379 0.1000000015
95191  -32.373  52.040  -10.724 0.1000000015
86830  -32.167  47.685  -9.942 0.1000000015
106951  -31.948  48.380  -10.008 0.1000000015
88130  -32.189  50.341  -10.464 0.1000000015
88583  -32.694  51.021  -10.783 0.1000000015
84826  -32.434  43.601  -11.296 0.1000000015
85362  -32.490  44.437  -11.750 0.1000000015
84834  -33.408  43.335  -12.571 0.1000000015
84322  -34.035  42.687  -12.681 0.1000000015
84329  -33.918  43.242  -13.234 0.1000000015
101506  -34.415  42.712  -13.265 0.1000000015
83782  -35.624  41.885  -13.207 0.1000000015
97588  -37.073  41.407  -13.138 0.2000000030
83219  -39.887  40.577  -13.925 0.2000000030
84331  -35.038  42.488  -13.734 0.1000000015
83783  -36.383  41.634  -13.521 0.1000000015
83784  -37.635  41.193  -13.696 0.2000000030
83218  -38.982  40.666  -14.120 0.2000000030
104511  -35.372  43.187  -14.858 0.1000000015
84340  -36.164  42.178  -14.776 0.1000000015
83796  -36.581  41.685  -14.281 0.1000000015
83797  -37.369  41.313  -14.496 0.1000000015
84343  -35.851  42.867  -15.174 0.1000000015
84345  -37.069  41.892  -15.645 0.1000000015
84846  -36.281  43.427  -15.619 0.1000000015
83808  -37.878  41.137  -15.658 0.1000000015
84347  -37.240  42.441  -16.270 0.1000000015
83815  -37.515  41.579  -15.984 0.1000000015
83819  -37.727  41.784  -16.536 0.1000000015
83820  -38.204  41.598  -17.002 0.1000000015
83259  -38.707  40.943  -16.934 0.1000000015
83268  -40.129  40.208  -17.244 0.1000000015
83267  -39.322  40.791  -17.481 0.1000000015
83278  -40.636  40.188  -18.086 0.1000000015
82650  -41.372  39.767  -18.203 0.1000000015
107370  -41.986  39.463  -18.294 0.1000000015
78711  -40.946  33.979  -17.984 0.1000000015
79341  -41.608  34.094  -18.303 0.1000000015
82651  -42.519  39.300  -18.758 0.1000000015
82669  -43.156  39.071  -19.269 0.3000000119
78721  -42.094  33.121  -18.692 0.1000000015
108491  -44.519  38.486  -19.692 0.3000000119
81474  -45.968  37.816  -19.420 0.3000000119
82058  -45.353  38.070  -20.055 0.3000000119
81478  -46.707  37.479  -19.930 0.3000000119
78736  -43.849  32.903  -19.357 0.2000000030
78738  -45.719  33.219  -19.172 0.2000000030
80850  -48.846  36.434  -20.439 0.3000000119
100001  -45.739  32.313  -19.412 0.1000000015
96858  -46.779  32.173  -19.393 0.2000000030
78739  -47.575  32.352  -19.352 0.2000000030
78741  -48.738  33.196  -19.459 0.3000000119
78164  -47.587  32.184  -19.701 0.1000000015
78753  -48.326  32.969  -19.872 0.3000000119
78754  -48.903  33.678  -19.908 0.3000000119
89371  -31.841  53.603  -10.116 0.1000000015
85865  -31.455  45.193  -10.058 0.1000000015
86355  -31.828  46.063  -10.197 0.1000000015
110234  -32.803  47.365  -10.218 0.1000000015
103033  -32.117  48.941  -10.154 0.1000000015
87684  -32.774  49.377  -10.400 0.1000000015
85866  -31.933  45.232  -10.652 0.1000000015
86361  -32.851  46.254  -11.049 0.1000000015
85871  -32.740  45.107  -12.022 0.1000000015
85869  -33.074  45.826  -11.742 0.1000000015
84838  -33.515  43.913  -13.168 0.1000000015
85367  -33.336  44.585  -12.937 0.1000000015
85370  -34.292  44.564  -14.020 0.1000000015
84841  -34.546  43.819  -14.243 0.1000000015
85884  -34.653  45.151  -14.219 0.1000000015
84842  -35.120  43.785  -14.737 0.1000000015
84845  -35.677  43.656  -15.197 0.1000000015
84349  -37.817  42.348  -16.931 0.1000000015
83821  -38.774  41.471  -17.553 0.1000000015
83277  -39.890  40.705  -18.114 0.1000000015
83831  -39.362  41.424  -18.119 0.1000000015
94049  -41.041  40.223  -18.858 0.1000000015
82667  -41.789  39.732  -19.057 0.2000000030
78720  -41.046  33.003  -18.177 0.1000000015
82668  -42.527  39.486  -19.606 0.2000000030
82067  -43.731  38.847  -19.712 0.2000000030
78735  -42.924  32.568  -19.221 0.1000000015
78160  -43.735  31.689  -19.498 0.1000000015
81479  -47.669  37.149  -20.056 0.3000000119
78161  -44.983  31.767  -19.553 0.1000000015
78162  -46.448  31.247  -19.733 0.1000000015
111471  -48.839  36.806  -21.440 0.3000000119
78163  -47.168  31.569  -19.789 0.1000000015
79379  -49.128  34.584  -20.235 0.3000000119
102885  -31.934  52.880  -10.413 0.1000000015
97306  -34.193  52.448  -11.061 0.1000000015
87286  -32.766  48.293  -10.189 0.1000000015
88131  -33.030  50.207  -10.696 0.1000000015
88589  -33.356  51.675  -10.989 0.1000000015
86835  -34.019  47.332  -10.884 0.1000000015
86831  -33.528  47.776  -10.408 0.1000000015
87287  -33.647  48.676  -10.402 0.1000000015
102622  -33.843  49.649  -10.629 0.1000000015
88144  -33.765  50.719  -10.867 0.1000000015
85872  -33.283  45.338  -12.518 0.1000000015
86368  -33.757  46.203  -12.094 0.1000000015
85877  -33.643  45.176  -13.159 0.1000000015
85878  -34.195  45.382  -13.654 0.1000000015
85885  -35.231  45.223  -14.607 0.1000000015
85374  -35.481  44.453  -14.977 0.1000000015
85893  -35.938  45.188  -15.088 0.1000000015
85378  -36.142  44.335  -15.460 0.1000000015
85379  -36.826  44.112  -16.021 0.1000000015
84849  -37.277  43.457  -16.437 0.1000000015
84854  -37.607  43.009  -16.791 0.1000000015
84350  -38.408  42.300  -17.447 0.1000000015
84351  -39.030  42.299  -18.014 0.1000000015
102857  -40.425  40.781  -18.756 0.1000000015
83293  -41.456  40.400  -19.538 0.1000000015
83294  -42.025  39.989  -19.946 0.1000000015
94769  -43.240  39.215  -20.069 0.2000000030
82068  -44.084  38.829  -20.508 0.2000000030
108138  -44.894  38.422  -20.508 0.2000000030
81488  -47.518  37.496  -20.792 0.3000000119
77600  -44.655  30.551  -19.782 0.1000000015
77054  -45.743  30.523  -19.927 0.1000000015
81489  -48.645  37.095  -21.343 0.3000000119
77601  -46.664  30.923  -20.027 0.1000000015
80104  -48.936  35.397  -21.005 0.3000000119
79377  -47.706  33.706  -20.597 0.2000000030
79378  -48.544  34.227  -20.492 0.3000000119
88988  -32.734  53.042  -10.876 0.1000000015
88990  -33.199  52.455  -11.020 0.1000000015
88145  -34.854  50.930  -10.820 0.1000000015
98709  -34.243  51.524  -10.980 0.1000000015
86832  -34.304  48.129  -10.563 0.1000000015
99066  -34.484  48.921  -10.505 0.1000000015
86363  -34.311  46.935  -11.596 0.1000000015
86836  -34.881  47.711  -11.091 0.1000000015
85873  -33.926  45.839  -12.924 0.1000000015
86369  -34.490  46.537  -12.417 0.1000000015
86375  -34.637  46.183  -13.287 0.1000000015
86370  -35.267  46.796  -12.701 0.1000000015
85879  -34.891  45.818  -14.083 0.1000000015
85886  -35.787  45.997  -14.481 0.1000000015
99564  -36.749  45.116  -15.581 0.1000000015
85894  -36.468  45.721  -15.001 0.1000000015
85384  -37.575  44.280  -16.458 0.1000000015
84850  -37.855  43.703  -16.882 0.1000000015
84855  -38.116  43.075  -17.230 0.1000000015
83832  -39.979  41.485  -18.642 0.1000000015
83841  -40.542  41.590  -19.172 0.1000000015
82689  -43.479  39.384  -20.816 0.2000000030
82069  -45.798  38.116  -20.868 0.2000000030
82070  -47.182  37.920  -21.277 0.2000000030
105937  -48.890  36.395  -21.273 0.3000000119
89374  -33.361  54.062  -10.936 0.1000000015
96087  -33.721  53.266  -11.040 0.1000000015
106642  -34.711  49.580  -10.595 0.1000000015
87288  -35.050  48.499  -10.685 0.1000000015
88132  -34.517  50.178  -10.715 0.1000000015
87289  -35.742  48.813  -10.680 0.1000000015
86842  -35.071  47.192  -11.887 0.1000000015
86837  -35.611  47.720  -11.449 0.1000000015
87292  -35.717  48.291  -10.963 0.1000000015
86376  -35.464  46.425  -13.572 0.1000000015
86850  -36.148  47.008  -12.902 0.1000000015
101987  -36.449  46.624  -13.690 0.1000000015
85380  -37.337  44.816  -16.062 0.1000000015
86392  -37.283  45.914  -15.110 0.1000000015
86383  -36.850  46.288  -14.453 0.1000000015
82083  -46.821  38.460  -21.644 0.2000000030
82690  -44.192  39.083  -21.165 0.2000000030
108520  -48.540  37.609  -22.006 0.2000000030
80863  -48.782  37.074  -21.792 0.3000000119
79394  -48.095  34.998  -21.193 0.2000000030
80117  -48.520  36.349  -21.605 0.3000000119
88133  -35.452  50.098  -10.630 0.1000000015
87685  -35.261  49.173  -10.563 0.1000000015
82098  -47.653  38.662  -22.329 0.2000000030
82084  -48.138  38.227  -22.325 0.2000000030
80875  -48.601  37.300  -22.052 0.2000000030
80116  -47.241  35.679  -21.680 0.1000000015
79393  -46.938  34.503  -21.322 0.1000000015
79392  -45.905  34.142  -21.529 0.1000000015
81503  -47.876  38.233  -22.394 0.1000000015
80874  -47.827  36.655  -22.113 0.1000000015
80115  -46.092  35.216  -21.828 0.1000000015
82728  -47.688  39.559  -23.096 0.1000000015
80130  -46.558  36.198  -22.196 0.1000000015
80586  -38.371  36.477  1.823 0.1000000015
95080  -43.722  45.571  -3.037 0.1000000015
83768  -37.309  41.436  -12.274 0.2000000030
85284  -39.965  44.533  -1.650 0.1000000015
85316  -36.044  44.220  -4.101 0.1000000015
106168  -36.340  41.552  -12.579 0.2000000030
84749  -34.542  44.014  -3.621 0.1000000015
95573  -34.830  44.316  -2.916 0.1000000015
84753  -33.127  43.661  -4.194 0.1000000015
85821  -34.504  45.716  -1.371 0.1000000015
85810  -34.974  46.146  -0.826 0.1000000015
85305  -33.956  44.308  -2.905 0.1000000015
85827  -32.716  45.151  -2.702 0.1000000015
106801  -31.203  44.531  -4.463 0.1000000015
85314  -31.687  43.903  -4.583 0.1000000015
85356  -32.093  44.439  -11.048 0.1000000015
84313  -33.034  43.089  -11.806 0.1000000015
86329  -33.230  46.380  -2.021 0.1000000015
102619  -32.612  46.000  -2.524 0.1000000015
105064  -31.325  45.787  -9.705 0.1000000015
86819  -29.890  47.414  -7.023 0.1000000015
86826  -31.056  47.286  -9.263 0.1000000015
86341  -30.034  47.051  -6.138 0.1000000015
99484  -40.588  41.866  -4.968 0.1000000015
101495  -40.862  37.326  -6.920 0.2000000030
77507  -35.608  32.224  -5.082 0.1000000015
78639  -37.628  33.641  -7.696 0.1000000015
110780  -38.499  40.508  -5.176 0.1000000015
79262  -35.582  34.677  -7.161 0.1000000015
79957  -34.792  35.652  -7.692 0.2000000030
84227  -41.096  41.966  -3.616 0.1000000015
84232  -41.262  42.296  -4.464 0.1000000015
80713  -39.063  36.085  -9.696 0.2000000030
93874  -41.757  42.166  -2.814 0.1000000015
84228  -44.370  43.322  -2.909 0.1000000015
84229  -45.472  43.549  -2.201 0.1000000015
80711  -36.746  36.622  -9.388 0.2000000030
80712  -38.261  36.521  -9.846 0.2000000030
80725  -40.136  36.411  -10.880 0.2000000030
84718  -42.367  43.713  1.587 0.1000000015
84736  -42.335  43.000  0.293 0.1000000015
84740  -43.544  43.673  -0.144 0.1000000015
84206  -44.064  43.157  -0.396 0.1000000015
85255  -43.269  44.515  1.397 0.1000000015
85788  -43.958  45.663  2.011 0.1000000015
86760  -43.442  47.228  2.287 0.1000000015
86296  -44.011  46.601  2.438 0.1000000015
97866  -42.012  48.468  2.011 0.1000000015
87206  -41.760  49.793  1.741 0.1000000015
87602  -41.267  50.660  2.273 0.1000000015
87613  -41.403  50.880  1.701 0.1000000015
84224  -44.742  42.786  -1.869 0.1000000015
84742  -45.663  43.813  -1.399 0.1000000015
85300  -45.832  44.213  -2.021 0.1000000015
85299  -44.908  44.646  -2.444 0.1000000015
87612  -40.685  50.930  0.974 0.1000000015
85270  -38.000  44.944  -0.901 0.1000000015
97358  -35.773  45.926  -0.524 0.1000000015
86313  -34.872  46.801  -0.664 0.1000000015
86314  -35.909  46.641  -0.110 0.1000000015
86784  -36.467  48.247  -0.291 0.1000000015
86782  -35.040  47.335  -0.639 0.1000000015
87226  -35.090  48.020  -0.996 0.1000000015
87227  -36.220  48.573  -0.857 0.1000000015
86786  -33.835  47.374  -1.667 0.1000000015
86787  -34.418  47.212  -1.096 0.1000000015
87242  -34.521  48.746  -2.523 0.1000000015
87243  -35.692  49.276  -2.379 0.1000000015
87238  -35.928  48.889  -1.573 0.1000000015
112375  -36.647  49.804  -2.594 0.1000000015
87641  -36.401  50.004  -3.057 0.1000000015
86328  -32.784  46.953  -2.504 0.1000000015
87252  -34.125  48.945  -3.139 0.1000000015
111118  -35.748  50.013  -3.454 0.1000000015
87640  -35.076  49.494  -3.173 0.1000000015
87653  -34.162  50.043  -4.278 0.1000000015
86803  -32.358  47.428  -3.295 0.1000000015
87250  -32.654  48.181  -3.590 0.1000000015
87643  -33.396  49.486  -4.174 0.1000000015
87260  -32.554  48.852  -4.205 0.1000000015
87650  -31.970  49.331  -4.887 0.1000000015
85315  -31.727  44.386  -4.031 0.1000000015
85303  -32.236  44.623  -3.419 0.1000000015
85831  -31.457  46.141  -3.661 0.1000000015
86807  -31.384  47.617  -4.422 0.1000000015
87660  -31.438  49.719  -5.543 0.1000000015
89285  -34.183  54.557  -0.784 0.1000000015
88088  -34.805  50.705  -4.391 0.1000000015
98788  -33.907  50.601  -4.681 0.1000000015
111282  -30.883  45.152  -4.463 0.1000000015
86338  -31.088  46.725  -4.288 0.1000000015
85835  -30.525  46.382  -4.880 0.1000000015
86812  -30.983  48.098  -5.025 0.1000000015
107217  -30.330  46.885  -5.424 0.1000000015
87659  -30.780  49.240  -5.970 0.1000000015
87265  -30.622  48.446  -5.717 0.1000000015
87274  -30.053  48.753  -7.354 0.1000000015
78726  -48.699  33.202  -18.850 0.3000000119
89339  -35.135  53.626  -5.221 0.1000000015
99726  -29.967  48.003  -7.704 0.1000000015
87674  -30.321  49.502  -8.604 0.1000000015
78740  -48.197  32.716  -19.303 0.3000000119
80091  -49.378  34.781  -19.738 0.3000000119
108342  -31.347  49.034  -9.817 0.1000000015
83798  -38.156  40.887  -14.301 0.2000000030
83816  -38.143  41.165  -16.311 0.1000000015
80105  -49.109  35.483  -20.501 0.3000000119
105352  -31.375  48.045  -9.597 0.1000000015
87683  -31.767  49.689  -10.171 0.1000000015
86352  -32.164  46.920  -9.906 0.1000000015
84833  -32.805  43.791  -12.149 0.1000000015
85868  -32.439  45.340  -11.319 0.1000000015
84330  -34.417  43.171  -13.800 0.1000000015
97395  -36.993  41.417  -13.834 0.2000000030
83795  -35.850  42.023  -14.019 0.1000000015
84338  -34.916  43.136  -14.386 0.1000000015
84848  -36.777  43.170  -16.040 0.1000000015
96461  -32.303  45.916  -10.746 0.1000000015
86356  -32.560  46.597  -10.434 0.1000000015
86362  -33.556  46.602  -11.322 0.1000000015
86357  -33.289  46.967  -10.638 0.1000000015
82688  -42.721  39.699  -20.398 0.1000000015
81487  -46.277  37.749  -20.365 0.3000000119
82082  -45.107  38.636  -21.227 0.2000000030
82708  -43.919  39.612  -21.434 0.2000000030
107300  -36.173  49.446  -10.619 0.1000000015
81504  -48.368  37.804  -22.154 0.1000000015
82727  -47.558  39.100  -22.581 0.1000000015
105987  -43.702  30.337  -2.780 0.1000000015
80665  -39.225  36.700  -5.510 0.1000000015
81972  -37.729  38.652  -5.479 0.1000000015
108660  -38.332  37.486  -5.607 0.1000000015
101375  -39.984  36.452  -5.693 0.1000000015
80666  -40.818  36.286  -5.811 0.1000000015
79933  -42.688  35.628  -5.092 0.1000000015
83134  -37.483  40.540  -4.428 0.1000000015
83680  -37.853  41.051  -3.923 0.1000000015
81976  -39.100  38.462  -6.342 0.1000000015
80678  -41.267  36.675  -6.473 0.1000000015
80677  -40.408  36.832  -6.344 0.1000000015
82549  -38.275  39.239  -5.736 0.1000000015
108541  -38.915  37.277  -5.830 0.1000000015
81328  -39.619  37.033  -6.135 0.1000000015
81321  -38.648  37.911  -5.988 0.1000000015
77983  -45.937  33.891  7.343 0.1000000015
77415  -45.250  32.694  6.216 0.1000000015
76839  -45.189  31.883  6.442 0.1000000015
77992  -45.164  33.252  5.487 0.1000000015
78004  -44.828  33.309  4.272 0.1000000015
77414  -44.430  31.760  5.558 0.1000000015
94872  -44.855  30.942  6.398 0.1000000015
75810  -43.604  29.028  6.037 0.1000000015
77423  -44.011  31.980  4.759 0.1000000015
109805  -44.318  31.187  5.737 0.1000000015
76838  -43.772  30.457  5.613 0.1000000015
76849  -43.599  31.094  5.052 0.1000000015
76304  -43.236  29.564  5.509 0.1000000015
76848  -42.878  30.190  4.768 0.1000000015
77422  -43.081  31.020  4.207 0.1000000015
95313  -42.772  28.609  5.411 0.1000000015
76317  -42.617  29.289  4.900 0.1000000015
76325  -42.477  29.386  4.120 0.1000000015
76860  -42.645  30.183  3.722 0.1000000015
101328  -43.345  31.270  2.793 0.1000000015
75820  -42.404  28.586  4.487 0.1000000015
75823  -42.420  28.606  3.565 0.1000000015
77442  -43.791  31.145  2.199 0.1000000015
77443  -44.263  31.797  1.998 0.1000000015
77446  -45.120  31.500  1.544 0.1000000015
101386  -42.269  27.825  3.924 0.1000000015
77445  -44.450  30.923  1.689 0.1000000015
108375  -45.108  30.677  1.407 0.1000000015
77447  -46.098  31.533  1.320 0.1000000015
75304  -42.275  27.061  3.387 0.1000000015
75310  -42.601  27.113  2.675 0.1000000015
104730  -42.890  27.884  2.412 0.1000000015
104639  -43.513  27.869  1.856 0.1000000015
75313  -43.903  27.047  1.654 0.1000000015
75314  -44.338  27.805  1.459 0.1000000015
75835  -45.545  28.618  0.965 0.1000000015
75837  -46.297  28.658  0.677 0.1000000015
76342  -46.717  29.339  0.646 0.1000000015
75315  -45.203  27.805  1.068 0.1000000015
75325  -45.994  27.927  0.727 0.1000000015
76861  -42.941  30.858  3.277 0.1000000015
76863  -42.826  30.060  2.866 0.1000000015
76864  -43.302  30.587  2.496 0.1000000015
76328  -42.560  29.377  3.198 0.1000000015
104021  -42.471  27.858  3.078 0.1000000015
102460  -43.286  29.912  2.310 0.1000000015
76868  -43.877  30.223  1.876 0.1000000015
75828  -43.200  28.634  2.163 0.1000000015
76869  -44.711  30.112  1.455 0.1000000015
76871  -45.797  30.789  1.232 0.1000000015
76336  -44.307  29.390  1.571 0.1000000015
76337  -45.133  29.351  1.234 0.1000000015
76878  -46.304  30.099  0.888 0.1000000015
76872  -46.679  30.864  1.026 0.1000000015
75833  -43.910  28.625  1.689 0.1000000015
76341  -45.908  29.361  0.885 0.1000000015
99750  -45.627  34.050  5.829 0.1000000015
77436  -43.418  31.608  3.607 0.1000000015
76870  -45.495  30.063  1.166 0.1000000015
75827  -42.666  28.631  2.768 0.1000000015
75834  -44.745  28.600  1.332 0.1000000015
104611  -46.657  28.061  0.531 0.1000000015
76329  -42.944  29.341  2.502 0.1000000015
80722  -37.393  36.937  -10.017 0.1000000015
81389  -38.119  37.109  -10.784 0.1000000015
80700  -35.275  36.631  -8.856 0.1000000015
83303  -42.425  40.453  -20.556 0.1000000015
82707  -43.111  40.132  -21.143 0.1000000015
82709  -44.824  39.215  -21.677 0.1000000015
113525  -42.750  40.953  -21.033 0.1000000015
82726  -45.762  39.583  -22.344 0.1000000015
82710  -46.252  38.898  -21.959 0.1000000015
83310  -43.316  41.084  -21.478 0.1000000015
83859  -43.426  42.076  -21.655 0.1000000015
83311  -43.857  40.351  -21.759 0.1000000015
83312  -44.498  39.786  -21.939 0.1000000015
83320  -44.654  40.379  -22.324 0.1000000015
83319  -43.985  41.309  -22.175 0.1000000015
105573  -44.800  41.064  -22.634 0.1000000015
83867  -44.639  41.939  -22.686 0.1000000015
75914  -48.735  28.377  -11.507 0.6000000238
76335  -43.551  29.369  1.964 0.1000000015
76445  -45.585  27.818  -12.028 0.6000000238
76449  -51.032  28.506  -10.977 0.6999999881
76454  -46.860  28.041  -12.198 0.6000000238
76455  -48.130  28.336  -11.869 0.6000000238
76456  -49.344  28.511  -11.444 0.6000000238
76457  -50.459  28.610  -11.226 0.6999999881
77006  -51.186  28.744  -10.744 0.6999999881
77560  -50.609  30.511  -10.383 0.6999999881
81352  -52.167  38.744  -6.431 1.0000000000
81458  -51.349  37.704  -16.080 0.4000000060
81973  -38.430  38.557  -5.896 0.1000000015
81993  -52.560  39.274  -7.020 1.0000000000
82560  -40.768  39.464  -7.540 0.3000000119
83146  -38.701  39.749  -5.935 0.1000000015
83184  -52.362  42.272  -8.002 1.0000000000
83704  -33.854  41.996  -9.131 0.3000000119
83755  -40.604  41.469  -11.531 0.5000000000
83766  -35.055  41.777  -11.985 0.1000000015
83803  -51.468  41.323  -14.853 0.6999999881
84207  -45.159  43.274  -0.918 0.1000000015
84219  -45.534  43.430  -1.273 0.1000000015
84220  -45.902  43.855  -1.636 0.1000000015
84242  -31.724  42.991  -7.050 0.2000000030
84244  -33.476  42.882  -6.500 0.2000000030
84266  -32.383  42.562  -8.364 0.2000000030
84268  -34.056  42.203  -8.341 0.2000000030
84339  -35.496  42.613  -14.524 0.1000000015
84344  -36.553  42.482  -15.547 0.1000000015
84744  -46.077  44.034  -1.950 0.1000000015
84752  -32.303  43.927  -4.059 0.1000000015
84771  -30.559  44.035  -6.332 0.2000000030
84794  -30.633  43.832  -7.973 0.2000000030
84804  -31.356  43.385  -9.145 0.2000000030
84816  -31.571  43.675  -9.943 0.2000000030
84839  -34.009  43.858  -13.709 0.1000000015
85287  -45.508  44.295  -1.805 0.1000000015
85288  -46.085  44.028  -1.886 0.1000000015
85351  -46.956  46.238  -9.879 0.4000000060
85358  -47.213  46.338  -10.083 0.6000000238
85359  -48.415  46.589  -10.104 0.6000000238
85366  -32.893  44.521  -12.402 0.1000000015
85369  -33.773  44.586  -13.490 0.1000000015
85373  -34.865  44.506  -14.508 0.1000000015
85820  -33.811  46.017  -1.643 0.2000000030
85844  -43.298  47.160  -5.976 0.2000000030
85849  -43.750  47.231  -7.021 0.2000000030
85854  -44.145  47.032  -7.732 0.2000000030
85858  -30.609  45.182  -8.845 0.2000000030
85860  -46.997  46.347  -9.973 0.4000000060
85862  -48.748  46.650  -9.923 0.6000000238
85863  -49.452  46.619  -9.893 0.6000000238
86816  -30.160  47.917  -6.285 0.1000000015
86827  -31.680  47.281  -9.634 0.1000000015
87270  -30.297  48.679  -6.491 0.1000000015
88006  -41.394  51.363  1.942 0.1000000015
88458  -41.371  51.353  1.881 0.1000000015
94120  -38.929  36.428  -4.971 0.1000000015
94416  -42.092  35.022  -2.011 0.1000000015
95542  -37.970  37.976  -5.621 0.1000000015
96359  -34.029  42.707  -7.059 0.2000000030
96844  -36.074  44.376  -3.280 0.2000000030
97584  -51.191  44.375  -9.336 0.8000000119
99479  -38.429  40.776  -15.672 0.1000000015
103334  -31.680  43.575  -5.299 0.2000000030
104846  -46.578  45.359  -10.173 0.5000000000
105179  -31.121  43.909  -9.350 0.2000000030
105234  -51.531  39.074  -5.729 1.0000000000
106074  -49.515  28.285  -10.978 0.6999999881
106593  -43.298  41.132  -12.183 0.6999999881
106660  -33.113  44.003  -12.700 0.1000000015
107740  -30.483  45.533  -4.947 0.1000000015
107830  -50.361  46.108  -10.064 0.6999999881
108287  -35.396  41.629  -11.400 0.3000000119
108955  -51.541  40.565  -14.899 0.5000000000
109151  -42.764  46.924  -5.075 0.2000000030
110191  -34.029  42.014  -11.192 0.2000000030
111738  -32.216  43.343  -5.509 0.2000000030
112330  -51.175  44.662  -9.855 0.8000000119
112409  -44.237  28.477  -11.756 0.6000000238
