#!ascii label  , from subject sub-v2s15x29740_ses-1 vox2ras=TkReg
2045
17994  -31.748  -42.151  -4.258 0.5000000000
17995  -32.664  -42.015  -4.115 0.5000000000
18703  -32.268  -41.545  -4.698 0.4000000060
18704  -33.043  -41.568  -4.745 0.5000000000
18721  -32.572  -41.175  -5.378 0.5000000000
18744  -32.836  -40.950  -6.368 0.5000000000
28409  -33.633  -29.167  -16.135 0.5000000000
29687  -34.259  -27.966  -16.403 0.4000000060
98244  -34.494  -27.189  -16.276 0.4000000060
107938  -34.319  -27.530  -16.963 0.4000000060
94322  -34.593  -26.371  -16.222 0.6000000238
30400  -34.550  -26.886  -17.082 0.5000000000
32034  -34.680  -25.061  -16.433 0.5000000000
95468  -34.869  -25.173  -17.452 0.5000000000
31182  -34.683  -25.965  -17.070 0.4000000060
107072  -34.757  -24.451  -16.793 0.4000000060
31185  -34.870  -25.916  -18.111 0.5000000000
97818  -34.786  -23.667  -16.598 0.4000000060
17296  -32.591  -43.239  -3.154 0.5000000000
17978  -33.046  -42.586  -3.579 0.4000000060
17996  -33.421  -42.137  -4.237 0.5000000000
101855  -33.706  -41.800  -5.023 0.5000000000
18011  -33.808  -41.706  -6.087 0.5000000000
18745  -33.438  -41.297  -6.828 0.5000000000
19520  -33.340  -40.789  -7.452 0.5000000000
104127  -33.014  -30.213  -15.855 0.5000000000
27694  -33.171  -30.372  -15.356 0.5000000000
28403  -33.410  -29.864  -15.761 0.5000000000
29013  -34.157  -28.525  -15.823 0.5000000000
36544  -34.703  -19.868  -15.930 0.3000000119
32032  -34.617  -24.179  -15.813 0.4000000060
33811  -35.095  -22.209  -16.875 0.4000000060
112040  -34.836  -22.866  -16.432 0.3000000119
34661  -34.875  -21.381  -16.196 0.4000000060
17977  -32.168  -42.660  -3.658 0.5000000000
18722  -33.232  -41.365  -5.611 0.5000000000
19535  -33.047  -40.255  -8.064 0.5000000000
30395  -34.563  -26.713  -15.436 0.6000000238
36545  -35.008  -19.648  -16.573 0.3000000119
35593  -35.020  -20.471  -16.531 0.3000000119
12171  -40.439  -52.656  -0.553 0.3000000119
12183  -40.899  -52.215  -1.327 0.3000000119
12172  -41.229  -52.887  -1.071 0.4000000060
12184  -41.612  -52.512  -1.689 0.4000000060
102585  -41.833  -53.018  -1.449 0.4000000060
12185  -42.258  -52.852  -1.892 0.4000000060
12197  -42.010  -52.281  -2.416 0.4000000060
11654  -42.921  -53.286  -2.092 0.4000000060
12212  -42.716  -52.438  -3.100 0.4000000060
12794  -42.434  -51.876  -3.860 0.4000000060
12749  -40.195  -51.835  -0.908 0.3000000119
12760  -39.861  -51.194  -1.300 0.3000000119
13373  -40.150  -50.935  -2.022 0.4000000060
12761  -40.543  -51.562  -1.675 0.4000000060
12776  -40.784  -51.304  -2.402 0.4000000060
12777  -41.463  -51.609  -2.764 0.4000000060
12211  -42.056  -51.894  -3.124 0.4000000060
12793  -41.613  -51.363  -3.638 0.4000000060
12819  -42.446  -51.246  -5.548 0.4000000060
12806  -42.058  -51.376  -4.556 0.4000000060
14538  -37.879  -48.812  -1.811 0.3000000119
13958  -38.553  -49.294  -2.326 0.3000000119
14549  -38.161  -48.586  -2.643 0.3000000119
98760  -40.372  -50.682  -2.740 0.4000000060
13387  -39.945  -50.091  -3.113 0.4000000060
13388  -40.536  -50.478  -3.489 0.4000000060
13402  -40.766  -50.318  -4.344 0.4000000060
13403  -41.406  -50.870  -4.383 0.4000000060
14018  -40.805  -49.177  -6.316 0.4000000060
12818  -41.766  -50.913  -5.043 0.4000000060
14622  -40.844  -48.146  -7.383 0.4000000060
14609  -40.479  -48.451  -6.643 0.4000000060
14006  -41.203  -49.911  -5.844 0.4000000060
14537  -37.359  -48.233  -1.140 0.3000000119
13947  -37.690  -48.991  -0.960 0.3000000119
14563  -39.093  -48.830  -3.880 0.3000000119
13975  -40.158  -49.861  -3.883 0.3000000119
13988  -40.334  -49.621  -4.673 0.4000000060
14608  -39.844  -48.028  -6.221 0.4000000060
14598  -40.220  -48.711  -5.831 0.4000000060
13415  -40.809  -49.946  -5.081 0.4000000060
15178  -39.953  -47.070  -7.359 0.4000000060
15715  -40.190  -46.464  -7.974 0.4000000060
14548  -37.490  -48.056  -2.047 0.3000000119
15116  -37.177  -47.249  -2.244 0.3000000119
14561  -37.769  -47.842  -2.933 0.3000000119
15130  -38.082  -47.556  -3.842 0.3000000119
14581  -38.714  -48.162  -4.251 0.4000000060
14596  -39.006  -47.914  -4.984 0.4000000060
14582  -39.344  -48.586  -4.644 0.4000000060
110449  -38.631  -45.157  -6.914 0.3000000119
15707  -38.972  -46.449  -6.544 0.4000000060
14597  -39.581  -48.331  -5.425 0.4000000060
16220  -39.012  -45.734  -7.061 0.3000000119
15170  -39.498  -47.215  -6.619 0.4000000060
16228  -39.558  -45.680  -7.741 0.4000000060
16169  -37.908  -44.809  -0.800 0.3000000119
113552  -37.120  -45.917  -1.010 0.3000000119
16669  -38.355  -43.971  -1.224 0.3000000119
15104  -37.077  -47.400  -1.278 0.3000000119
100717  -36.973  -46.535  -1.460 0.3000000119
15660  -36.972  -46.449  -2.459 0.3000000119
16196  -37.077  -45.820  -3.664 0.3000000119
15129  -37.414  -47.093  -3.147 0.3000000119
15691  -37.478  -46.326  -4.156 0.3000000119
15698  -37.771  -46.157  -4.873 0.3000000119
15147  -38.033  -46.926  -4.570 0.3000000119
102772  -37.894  -45.233  -5.928 0.3000000119
108843  -38.495  -47.559  -4.589 0.3000000119
102805  -38.443  -45.708  -6.377 0.3000000119
15158  -38.620  -47.186  -5.297 0.4000000060
16736  -39.017  -43.978  -7.749 0.3000000119
17377  -39.575  -43.480  -8.409 0.4000000060
16745  -39.830  -44.219  -8.523 0.4000000060
16668  -37.466  -44.416  -1.456 0.3000000119
16168  -37.267  -45.188  -1.173 0.3000000119
16686  -37.620  -43.671  -1.804 0.3000000119
99498  -36.922  -45.736  -1.741 0.3000000119
109078  -36.859  -44.779  -2.671 0.3000000119
99075  -37.260  -44.746  -4.828 0.3000000119
111049  -36.955  -44.705  -4.055 0.3000000119
16218  -37.777  -44.516  -6.075 0.3000000119
110231  -37.564  -44.801  -5.515 0.3000000119
16205  -37.258  -45.501  -4.358 0.3000000119
17343  -37.916  -43.086  -6.475 0.3000000119
16727  -38.103  -44.293  -6.587 0.3000000119
17360  -38.265  -43.782  -6.925 0.3000000119
18046  -38.463  -43.022  -7.230 0.3000000119
18047  -39.105  -42.896  -7.938 0.3000000119
98357  -39.264  -42.124  -8.086 0.3000000119
18059  -40.365  -42.833  -9.185 0.4000000060
17272  -38.258  -43.269  -1.672 0.3000000119
17273  -39.057  -43.279  -1.477 0.3000000119
16685  -37.084  -44.198  -2.187 0.3000000119
17284  -37.772  -42.941  -2.167 0.3000000119
17958  -39.637  -42.695  -1.797 0.3000000119
108495  -39.315  -42.167  -2.141 0.3000000119
17283  -37.205  -43.478  -2.556 0.3000000119
103664  -37.341  -42.670  -3.050 0.3000000119
17966  -40.169  -42.103  -2.220 0.3000000119
18013  -37.331  -42.448  -4.890 0.3000000119
110445  -37.204  -43.300  -4.854 0.3000000119
16708  -37.010  -43.907  -4.262 0.3000000119
18032  -37.694  -42.404  -5.858 0.3000000119
16718  -37.382  -44.042  -5.386 0.3000000119
18746  -37.923  -41.652  -6.056 0.3000000119
18033  -38.122  -42.312  -6.655 0.3000000119
18762  -39.166  -41.242  -7.829 0.3000000119
18058  -39.758  -42.693  -8.660 0.4000000060
98985  -40.222  -42.152  -9.142 0.4000000060
111525  -41.612  -42.456  -9.952 0.5000000000
17957  -38.655  -42.600  -1.951 0.3000000119
17965  -38.024  -42.231  -2.540 0.3000000119
104465  -38.711  -41.877  -2.438 0.3000000119
17299  -37.003  -43.421  -3.387 0.3000000119
17981  -37.719  -41.843  -3.197 0.3000000119
18693  -40.619  -40.911  -2.936 0.3000000119
19467  -41.480  -40.719  -3.507 0.3000000119
18705  -37.551  -41.575  -4.614 0.3000000119
17998  -37.391  -42.130  -3.913 0.3000000119
19497  -37.814  -40.950  -5.320 0.3000000119
19477  -42.033  -40.237  -3.955 0.3000000119
19540  -38.876  -40.387  -7.178 0.3000000119
18747  -38.288  -41.625  -6.732 0.3000000119
100665  -43.497  -39.087  -5.127 0.3000000119
111003  -38.597  -41.229  -7.128 0.3000000119
18776  -39.690  -41.727  -8.584 0.3000000119
18791  -40.795  -41.003  -9.666 0.4000000060
18792  -41.206  -41.813  -9.857 0.5000000000
17982  -38.214  -41.613  -2.801 0.3000000119
19454  -38.734  -41.088  -2.805 0.3000000119
19455  -39.629  -40.875  -2.716 0.3000000119
18691  -37.685  -41.374  -3.836 0.3000000119
19464  -38.406  -40.551  -3.407 0.3000000119
19465  -39.103  -40.321  -3.139 0.3000000119
19466  -39.970  -40.232  -3.087 0.3000000119
95159  -40.761  -40.277  -3.262 0.3000000119
19521  -38.248  -40.836  -6.377 0.3000000119
20282  -41.272  -39.871  -3.562 0.3000000119
21137  -40.926  -38.960  -3.599 0.3000000119
21156  -42.626  -39.030  -4.480 0.3000000119
22054  -42.617  -37.371  -4.427 0.3000000119
107071  -42.387  -38.150  -4.309 0.3000000119
20345  -39.363  -39.542  -7.617 0.3000000119
19541  -39.371  -40.387  -7.925 0.3000000119
19558  -39.742  -39.947  -8.455 0.3000000119
19559  -40.213  -40.449  -9.079 0.3000000119
19476  -38.065  -40.210  -4.030 0.3000000119
20279  -38.649  -39.831  -3.657 0.3000000119
19498  -38.115  -40.038  -5.694 0.3000000119
20294  -37.939  -40.061  -4.808 0.3000000119
19475  -37.788  -40.816  -4.391 0.3000000119
20295  -38.326  -39.476  -4.336 0.3000000119
21134  -38.801  -39.168  -3.900 0.3000000119
21136  -40.010  -38.876  -3.514 0.3000000119
20280  -39.434  -39.503  -3.456 0.3000000119
98358  -38.472  -40.012  -6.445 0.3000000119
20329  -38.422  -39.348  -6.065 0.3000000119
20312  -38.227  -39.166  -5.184 0.3000000119
21153  -38.678  -38.622  -4.492 0.3000000119
21154  -39.268  -37.949  -4.176 0.3000000119
22037  -39.876  -38.183  -3.693 0.3000000119
20344  -38.865  -39.511  -6.813 0.3000000119
22052  -40.771  -36.909  -3.841 0.3000000119
22038  -40.722  -37.965  -3.656 0.3000000119
22987  -41.840  -35.962  -4.171 0.3000000119
113080  -42.464  -36.571  -4.338 0.3000000119
22053  -41.683  -37.587  -3.925 0.3000000119
23902  -43.089  -35.198  -4.547 0.3000000119
99763  -42.725  -35.929  -4.442 0.3000000119
20358  -39.858  -38.964  -8.320 0.4000000060
23903  -43.906  -35.223  -4.834 0.3000000119
20359  -40.260  -39.550  -8.992 0.4000000060
24717  -45.579  -34.582  -5.540 0.3000000119
19574  -40.719  -40.011  -9.627 0.3000000119
25474  -46.588  -33.713  -6.092 0.3000000119
19575  -41.311  -40.384  -10.127 0.5000000000
19576  -42.046  -40.630  -10.450 0.5000000000
110656  -38.761  -38.915  -6.445 0.3000000119
22066  -38.837  -37.939  -5.619 0.3000000119
22067  -39.125  -37.186  -5.304 0.3000000119
102307  -39.977  -36.689  -4.276 0.3000000119
22985  -40.572  -36.141  -4.218 0.3000000119
103053  -39.503  -38.716  -7.621 0.4000000060
23901  -42.062  -35.088  -4.376 0.3000000119
24697  -42.705  -34.413  -4.570 0.3000000119
21217  -40.275  -38.145  -8.584 0.4000000060
105242  -40.367  -38.800  -8.921 0.5000000000
24698  -43.444  -34.601  -4.683 0.3000000119
24716  -44.827  -33.867  -5.305 0.4000000060
20368  -40.739  -39.110  -9.527 0.5000000000
20369  -41.252  -39.516  -10.087 0.6000000238
25454  -45.795  -33.712  -5.698 0.3000000119
20370  -41.886  -39.865  -10.461 0.6000000238
19583  -42.699  -40.109  -10.773 0.6000000238
21188  -38.970  -38.301  -6.420 0.3000000119
23020  -39.425  -36.478  -5.806 0.3000000119
23921  -39.780  -35.695  -5.276 0.3000000119
21189  -39.363  -38.113  -7.160 0.3000000119
97483  -40.782  -34.791  -4.609 0.3000000119
103248  -41.328  -34.701  -4.481 0.3000000119
24695  -41.080  -34.101  -4.692 0.4000000060
21216  -39.787  -38.101  -7.902 0.4000000060
24696  -41.835  -34.206  -4.555 0.4000000060
25437  -42.505  -33.667  -4.764 0.4000000060
22126  -40.686  -37.425  -8.963 0.5000000000
25438  -43.347  -33.923  -4.757 0.4000000060
25452  -43.257  -33.138  -5.136 0.4000000060
26190  -45.494  -32.396  -6.276 0.4000000060
21228  -40.721  -38.251  -9.303 0.5000000000
21229  -41.377  -38.522  -10.041 0.6000000238
25453  -43.979  -33.622  -5.017 0.4000000060
26167  -44.219  -33.027  -5.428 0.4000000060
26168  -45.161  -32.995  -5.732 0.4000000060
21230  -41.850  -39.142  -10.420 0.6000000238
25473  -46.068  -33.021  -6.028 0.3000000119
105084  -46.340  -32.556  -6.551 0.4000000060
21238  -42.396  -38.408  -10.755 0.6000000238
21239  -43.450  -38.761  -11.402 0.6000000238
21240  -44.550  -39.134  -12.043 0.6999999881
22089  -39.250  -37.395  -6.366 0.3000000119
23941  -39.752  -35.738  -6.268 0.3000000119
109411  -39.940  -35.095  -5.840 0.3000000119
22106  -39.694  -37.335  -7.410 0.3000000119
23037  -40.162  -36.543  -7.806 0.3000000119
113323  -40.685  -34.383  -4.852 0.3000000119
24715  -40.640  -33.945  -5.248 0.4000000060
22117  -40.191  -37.351  -8.234 0.5000000000
25436  -41.690  -33.569  -4.846 0.4000000060
25451  -42.300  -33.033  -5.154 0.4000000060
23048  -40.644  -36.585  -8.653 0.5000000000
111018  -43.610  -32.564  -5.638 0.4000000060
22127  -41.214  -37.565  -9.670 0.6000000238
26189  -44.402  -32.295  -6.020 0.4000000060
26842  -46.187  -31.756  -7.658 0.4000000060
21237  -41.826  -37.661  -10.378 0.6000000238
26843  -46.960  -32.015  -7.903 0.4000000060
26861  -47.200  -31.967  -8.846 0.4000000060
22136  -43.455  -37.942  -11.665 0.6999999881
21251  -45.164  -38.446  -13.658 0.6999999881
20386  -45.334  -39.604  -12.502 0.6999999881
23960  -40.125  -35.754  -7.281 0.4000000060
23942  -40.102  -35.000  -6.679 0.4000000060
25472  -40.577  -33.554  -6.095 0.4000000060
26185  -40.987  -32.837  -6.219 0.4000000060
96044  -40.455  -34.984  -7.644 0.4000000060
26164  -41.422  -32.756  -5.773 0.4000000060
23974  -40.603  -35.677  -8.303 0.4000000060
25450  -41.574  -33.084  -5.297 0.4000000060
26187  -42.534  -32.060  -6.146 0.4000000060
26188  -43.377  -32.074  -6.100 0.4000000060
26823  -43.930  -31.701  -6.666 0.4000000060
26824  -44.936  -31.840  -6.719 0.4000000060
26840  -44.394  -31.392  -7.358 0.4000000060
23057  -41.499  -36.038  -9.936 0.6000000238
26841  -45.325  -31.570  -7.478 0.4000000060
26860  -46.441  -31.650  -8.555 0.4000000060
113544  -42.044  -37.049  -10.693 0.6000000238
23063  -42.553  -36.776  -11.335 0.6999999881
26883  -47.294  -32.085  -9.947 0.4000000060
22142  -43.424  -37.211  -12.035 0.6999999881
21258  -45.520  -39.317  -13.342 0.6999999881
97434  -40.707  -33.205  -6.928 0.4000000060
23056  -41.033  -35.862  -9.183 0.4000000060
102379  -40.707  -34.334  -8.020 0.4000000060
26186  -41.697  -32.256  -6.302 0.4000000060
23981  -41.009  -35.073  -8.999 0.5000000000
26822  -43.000  -31.600  -6.707 0.4000000060
23062  -41.928  -36.357  -10.701 0.6999999881
26858  -44.776  -31.109  -8.099 0.4000000060
23069  -42.364  -36.015  -11.636 0.6999999881
26882  -46.636  -31.656  -9.526 0.4000000060
27588  -45.908  -31.264  -9.230 0.4000000060
23070  -43.262  -36.552  -12.505 0.6999999881
97942  -46.819  -31.738  -10.455 0.4000000060
23071  -44.282  -37.167  -13.420 0.6999999881
21257  -45.043  -38.586  -13.876 0.6999999881
26913  -48.866  -31.866  -13.635 0.4000000060
27646  -48.923  -31.296  -13.834 0.4000000060
24769  -40.960  -34.387  -8.780 0.4000000060
25505  -40.903  -33.749  -8.404 0.4000000060
25487  -40.712  -33.682  -7.658 0.4000000060
101592  -41.136  -32.483  -6.977 0.4000000060
23982  -41.377  -35.173  -9.770 0.6999999881
24779  -41.301  -34.381  -9.510 0.5000000000
26821  -42.239  -31.715  -6.804 0.4000000060
23989  -41.791  -35.320  -10.793 0.6999999881
26839  -43.481  -31.258  -7.333 0.4000000060
27567  -43.862  -30.830  -7.961 0.4000000060
27586  -44.257  -30.607  -8.704 0.4000000060
23994  -43.005  -35.829  -12.953 0.6999999881
27587  -45.117  -30.926  -8.911 0.4000000060
27611  -46.170  -31.206  -10.404 0.4000000060
26901  -46.821  -31.432  -11.533 0.4000000060
23077  -44.335  -36.579  -14.364 0.6999999881
26912  -47.729  -31.475  -12.735 0.4000000060
23078  -44.655  -37.399  -14.570 0.6999999881
26931  -48.379  -31.075  -13.722 0.4000000060
110734  -49.318  -30.605  -12.753 0.4000000060
26226  -41.105  -33.186  -8.681 0.4000000060
26208  -41.422  -32.162  -7.641 0.4000000060
111134  -41.683  -31.953  -6.978 0.4000000060
24770  -41.207  -33.708  -9.143 0.5000000000
26856  -41.712  -31.721  -8.191 0.5000000000
108614  -41.941  -31.561  -7.458 0.4000000060
20340  -33.506  -39.908  -7.727 0.4000000060
21185  -34.061  -39.325  -6.938 0.5000000000
24789  -41.628  -34.291  -10.408 0.6000000238
108739  -43.124  -30.835  -7.925 0.4000000060
24794  -41.930  -34.081  -11.485 0.6000000238
23999  -42.233  -35.047  -12.094 0.6000000238
99950  -44.627  -30.520  -9.410 0.4000000060
24000  -42.798  -35.016  -13.482 0.6999999881
27610  -45.334  -30.753  -9.842 0.4000000060
24004  -43.917  -35.231  -15.452 0.6999999881
27628  -46.326  -30.866  -11.701 0.4000000060
23083  -44.532  -36.765  -15.231 0.6999999881
27645  -47.045  -30.738  -12.820 0.4000000060
28366  -48.026  -29.916  -13.253 0.4000000060
28342  -48.669  -29.742  -11.546 0.4000000060
28963  -49.986  -28.927  -10.172 0.4000000060
102670  -41.604  -32.051  -8.944 0.5000000000
109281  -41.573  -33.413  -10.087 0.6000000238
96260  -41.428  -32.788  -9.358 0.5000000000
26857  -42.056  -31.358  -8.994 0.5000000000
21201  -32.773  -38.853  -7.869 0.3000000119
21202  -33.400  -39.159  -7.437 0.4000000060
105685  -33.774  -38.552  -6.568 0.5000000000
24798  -42.250  -33.575  -12.839 0.6000000238
112687  -41.812  -32.750  -10.846 0.6000000238
27566  -42.600  -30.911  -8.359 0.4000000060
27585  -43.297  -30.529  -8.722 0.5000000000
100874  -42.846  -32.601  -15.641 0.6999999881
24799  -42.705  -34.204  -14.107 0.6000000238
27609  -43.885  -30.231  -9.465 0.4000000060
25569  -43.234  -32.028  -17.690 0.8000000119
24804  -43.201  -33.986  -15.439 0.6999999881
27626  -44.561  -30.198  -10.378 0.4000000060
27627  -45.554  -30.594  -11.150 0.4000000060
27665  -47.245  -29.997  -13.504 0.4000000060
28380  -47.666  -29.969  -13.563 0.4000000060
28962  -49.125  -28.893  -10.322 0.4000000060
28946  -49.548  -28.159  -9.797 0.4000000060
26247  -41.757  -32.440  -10.455 0.6000000238
26880  -41.768  -31.912  -9.843 0.5000000000
22103  -32.298  -38.002  -7.212 0.4000000060
21184  -33.026  -38.339  -6.866 0.4000000060
25556  -42.419  -32.570  -14.262 0.6000000238
25530  -41.871  -33.033  -11.233 0.6000000238
27607  -42.592  -30.746  -9.382 0.5000000000
111385  -34.046  -38.139  -6.174 0.5000000000
26306  -42.393  -30.647  -16.759 0.6999999881
21186  -34.579  -38.555  -6.314 0.5000000000
25565  -40.805  -31.903  -16.442 0.6999999881
25567  -41.912  -31.929  -17.564 0.6999999881
27608  -43.088  -30.366  -9.788 0.5000000000
22065  -35.416  -36.867  -5.861 0.6999999881
22087  -35.048  -37.723  -5.919 0.6000000238
24805  -39.614  -34.243  -14.823 0.6999999881
25564  -40.128  -32.978  -15.290 0.6999999881
24808  -41.318  -33.236  -16.674 0.6999999881
28329  -43.597  -30.044  -10.368 0.5000000000
102661  -36.319  -35.819  -6.193 0.6999999881
22088  -35.842  -37.559  -6.298 0.6999999881
24005  -39.593  -34.956  -15.129 0.6999999881
24003  -39.196  -35.356  -14.316 0.6999999881
101433  -39.259  -35.712  -14.552 0.8000000119
27643  -45.078  -29.862  -11.857 0.4000000060
27644  -46.346  -30.175  -12.790 0.4000000060
28365  -47.452  -29.478  -13.006 0.4000000060
28341  -47.849  -29.252  -11.596 0.4000000060
28945  -48.715  -28.111  -9.830 0.4000000060
26268  -42.015  -31.824  -11.808 0.6000000238
96662  -42.002  -31.699  -11.004 0.6000000238
26881  -42.124  -31.203  -10.532 0.6000000238
22085  -32.719  -37.653  -6.554 0.4000000060
112866  -33.499  -37.765  -6.191 0.6999999881
25562  -42.273  -31.098  -14.495 0.6999999881
25543  -42.088  -31.516  -12.257 0.6000000238
110119  -42.067  -32.693  -12.148 0.6000000238
22086  -34.286  -37.688  -5.915 0.6999999881
25560  -39.852  -33.187  -14.099 0.6999999881
25561  -40.616  -31.454  -14.866 0.6999999881
26303  -42.084  -30.016  -15.277 0.6999999881
25555  -42.209  -31.575  -13.365 0.6999999881
93998  -42.562  -30.659  -10.421 0.5000000000
22064  -34.642  -36.981  -5.654 0.6999999881
26305  -41.504  -30.381  -15.951 0.6999999881
28340  -44.006  -29.735  -11.229 0.5000000000
23001  -34.984  -36.168  -5.582 0.6999999881
24797  -39.425  -34.586  -12.345 0.6999999881
23002  -35.715  -35.995  -5.852 0.6999999881
23988  -39.093  -35.436  -11.626 0.6999999881
23998  -38.929  -35.623  -13.116 0.6999999881
24788  -39.262  -34.710  -10.320 0.6000000238
23987  -38.945  -35.548  -10.626 0.6000000238
28364  -46.050  -29.493  -13.246 0.4000000060
23920  -36.023  -35.198  -5.787 0.6999999881
24778  -39.005  -34.668  -9.422 0.6000000238
27664  -46.839  -29.517  -13.501 0.4000000060
24787  -38.794  -35.412  -9.784 0.6000000238
28994  -46.803  -29.169  -13.450 0.4000000060
28981  -47.056  -29.013  -12.822 0.4000000060
28982  -47.338  -28.947  -11.751 0.4000000060
29619  -49.104  -27.440  -9.635 0.4000000060
27624  -41.994  -31.201  -11.949 0.6000000238
23033  -31.366  -36.706  -7.381 0.6000000238
22084  -32.090  -37.099  -6.754 0.6000000238
23018  -32.902  -37.056  -6.111 0.6999999881
97463  -40.661  -31.104  -13.055 0.6000000238
94535  -40.996  -31.169  -13.142 0.6999999881
26283  -41.357  -31.034  -11.985 0.6999999881
25542  -39.956  -32.606  -12.440 0.6000000238
25554  -40.272  -31.952  -13.503 0.6000000238
26297  -40.884  -30.965  -14.025 0.6999999881
22063  -33.770  -36.902  -5.705 0.6999999881
101161  -39.663  -33.747  -12.033 0.6000000238
28339  -43.297  -30.026  -11.180 0.5000000000
23918  -34.471  -35.452  -5.585 0.6999999881
104104  -33.757  -35.965  -5.643 0.6999999881
25529  -39.555  -33.710  -10.676 0.6000000238
24793  -39.460  -34.401  -11.298 0.6000000238
23919  -35.286  -35.305  -5.625 0.6999999881
111146  -39.236  -35.060  -10.916 0.6999999881
28363  -44.522  -29.478  -12.499 0.4000000060
28378  -45.682  -29.071  -13.755 0.4000000060
101775  -46.477  -29.065  -13.573 0.4000000060
23939  -36.670  -35.258  -6.292 0.6999999881
24734  -37.010  -34.695  -6.372 0.6999999881
23958  -37.859  -35.298  -7.680 0.6999999881
23959  -38.367  -34.906  -8.311 0.6000000238
98031  -46.840  -28.574  -11.138 0.4000000060
28961  -47.503  -28.575  -10.647 0.4000000060
29635  -47.077  -27.741  -10.161 0.4000000060
28944  -47.916  -27.986  -9.937 0.4000000060
105446  -48.675  -26.851  -9.610 0.3000000119
105485  -31.238  -35.999  -7.359 0.5000000000
26281  -40.056  -32.182  -11.953 0.6000000238
26282  -40.792  -31.083  -12.933 0.6000000238
26900  -41.906  -31.266  -12.149 0.6000000238
23936  -31.818  -36.117  -6.786 0.6000000238
23017  -32.470  -36.463  -6.330 0.5000000000
26266  -39.873  -32.183  -10.978 0.6000000238
27642  -41.554  -31.329  -13.056 0.5000000000
28361  -42.538  -30.510  -11.950 0.5000000000
22999  -33.089  -36.300  -5.891 0.6999999881
109802  -42.232  -30.780  -12.929 0.5000000000
28362  -43.275  -29.889  -12.164 0.4000000060
23917  -33.720  -35.147  -5.784 0.8000000119
98449  -39.595  -33.025  -10.290 0.6000000238
28377  -43.736  -29.395  -13.345 0.4000000060
102099  -34.924  -34.725  -5.640 0.6999999881
25516  -39.387  -33.911  -9.812 0.6000000238
24768  -39.076  -33.963  -8.985 0.6000000238
28991  -45.210  -28.734  -14.169 0.4000000060
25447  -35.622  -34.386  -5.722 0.6999999881
111210  -38.728  -34.579  -8.779 0.6000000238
28992  -46.018  -28.700  -14.033 0.4000000060
28993  -46.414  -28.793  -13.549 0.4000000060
24714  -36.413  -34.500  -5.920 0.6999999881
97837  -36.991  -33.954  -6.102 0.6999999881
24735  -37.632  -34.450  -6.832 0.6999999881
25504  -38.642  -34.045  -8.132 0.6999999881
28960  -46.460  -28.518  -12.193 0.4000000060
25470  -37.624  -33.500  -6.451 0.6999999881
29650  -45.843  -28.048  -12.400 0.4000000060
29616  -45.805  -27.147  -10.401 0.3000000119
29634  -46.330  -27.879  -10.706 0.4000000060
99144  -46.691  -25.935  -9.580 0.4000000060
30332  -47.950  -26.709  -9.596 0.3000000119
26267  -40.360  -31.406  -11.874 0.6000000238
94130  -40.508  -30.823  -11.906 0.6000000238
26911  -40.923  -30.976  -12.427 0.6000000238
27623  -41.037  -31.014  -12.555 0.6000000238
97977  -41.231  -30.891  -13.294 0.5000000000
23957  -31.522  -35.348  -7.223 0.6000000238
111562  -32.000  -35.500  -6.744 0.6000000238
26898  -40.053  -31.629  -10.693 0.6000000238
26899  -40.405  -31.224  -11.566 0.6000000238
27663  -41.379  -30.956  -13.364 0.5000000000
23938  -33.011  -34.971  -6.224 0.6999999881
95331  -42.305  -30.258  -14.462 0.5000000000
28376  -42.265  -30.664  -13.469 0.4000000060
95654  -39.412  -33.171  -9.381 0.6000000238
26246  -39.693  -32.351  -9.938 0.6000000238
103379  -43.402  -29.289  -14.396 0.5000000000
24712  -34.328  -34.585  -5.778 0.8000000119
24733  -33.619  -34.401  -6.162 0.8000000119
28391  -42.650  -29.678  -15.867 0.4000000060
24713  -34.946  -34.019  -5.781 0.8000000119
25486  -39.130  -33.229  -8.459 0.6000000238
29003  -43.983  -28.595  -14.831 0.4000000060
25469  -35.605  -33.465  -5.893 0.6999999881
25485  -38.713  -33.162  -7.566 0.6999999881
31157  -42.615  -24.336  -14.015 0.5000000000
31169  -43.255  -24.811  -15.091 0.5000000000
30385  -44.521  -25.883  -15.446 0.5000000000
29677  -45.239  -27.310  -16.340 0.4000000060
29004  -45.727  -28.067  -14.981 0.4000000060
25448  -36.279  -33.686  -5.874 0.6999999881
25471  -38.214  -32.984  -6.756 0.6999999881
103523  -42.322  -24.020  -13.180 0.5000000000
30376  -43.910  -25.680  -13.842 0.5000000000
30363  -44.283  -26.437  -12.248 0.4000000060
30386  -45.266  -26.995  -14.830 0.4000000060
29661  -45.829  -28.154  -14.487 0.4000000060
31974  -43.425  -24.513  -10.791 0.4000000060
30362  -43.260  -25.002  -12.636 0.5000000000
30346  -43.814  -25.611  -11.331 0.4000000060
29632  -44.963  -27.221  -11.767 0.4000000060
29633  -45.228  -27.289  -11.006 0.4000000060
31975  -44.087  -24.317  -10.243 0.4000000060
31123  -43.682  -25.120  -10.851 0.4000000060
31107  -44.402  -25.620  -10.435 0.4000000060
105254  -44.518  -26.528  -11.044 0.4000000060
30331  -46.053  -26.318  -9.761 0.4000000060
27661  -40.707  -30.548  -12.956 0.6000000238
24750  -31.686  -34.547  -7.481 0.5000000000
26879  -40.240  -30.978  -10.395 0.6000000238
27622  -40.421  -30.310  -10.679 0.6000000238
28359  -40.613  -29.489  -11.669 0.6000000238
28390  -40.936  -29.943  -14.362 0.5000000000
27662  -40.856  -30.931  -13.698 0.5000000000
24731  -32.230  -34.898  -6.783 0.6999999881
27605  -39.988  -30.846  -9.317 0.6000000238
28375  -40.745  -30.062  -13.499 0.5000000000
24751  -32.318  -34.226  -7.231 0.6000000238
26225  -39.483  -32.435  -8.884 0.6000000238
29009  -41.820  -29.675  -16.639 0.5000000000
28397  -41.486  -29.613  -15.547 0.5000000000
25467  -33.563  -33.705  -6.653 0.8000000119
30391  -42.698  -25.835  -16.035 0.5000000000
29675  -41.809  -28.599  -15.969 0.5000000000
28398  -42.028  -29.560  -16.732 0.5000000000
25468  -34.278  -33.846  -6.135 0.8000000119
26206  -39.183  -32.437  -7.896 0.6000000238
31156  -41.638  -23.976  -13.718 0.5000000000
30375  -41.131  -25.788  -13.278 0.5000000000
31168  -42.245  -24.516  -14.548 0.5000000000
30396  -43.369  -27.022  -17.315 0.5000000000
29676  -42.537  -28.792  -17.328 0.5000000000
29015  -44.128  -28.132  -17.425 0.4000000060
94556  -34.948  -33.259  -6.138 0.8000000119
31167  -41.541  -24.607  -14.127 0.5000000000
31176  -44.028  -25.342  -16.189 0.5000000000
29688  -44.208  -27.339  -17.989 0.5000000000
101055  -37.613  -32.786  -6.341 0.6999999881
26184  -38.013  -32.242  -6.547 0.6999999881
110335  -41.166  -23.689  -13.092 0.5000000000
31140  -41.682  -23.582  -12.842 0.4000000060
26182  -36.925  -33.040  -6.017 0.6999999881
31973  -42.656  -23.790  -11.452 0.4000000060
27641  -40.567  -30.397  -11.757 0.5000000000
25500  -30.786  -33.823  -8.741 0.5000000000
27606  -40.211  -30.273  -9.571 0.6000000238
28338  -40.505  -29.537  -10.695 0.6000000238
24767  -31.244  -34.194  -8.133 0.5000000000
28360  -40.696  -29.415  -12.423 0.5000000000
28990  -41.018  -29.143  -13.878 0.5000000000
25514  -31.284  -33.229  -9.216 0.5000000000
25501  -31.636  -33.564  -8.524 0.5000000000
25482  -32.000  -33.871  -7.812 0.5000000000
27583  -39.719  -30.996  -8.599 0.6000000238
27584  -39.889  -30.326  -8.728 0.6000000238
29660  -41.216  -27.432  -13.335 0.5000000000
29669  -41.450  -27.988  -14.582 0.5000000000
26855  -39.489  -31.699  -8.301 0.6000000238
107879  -39.599  -30.472  -8.115 0.6000000238
30361  -40.834  -25.855  -12.182 0.5000000000
30383  -41.524  -26.129  -14.264 0.5000000000
104837  -42.402  -27.356  -16.331 0.5000000000
25483  -33.651  -33.094  -7.255 0.6999999881
26837  -39.120  -31.685  -7.422 0.6000000238
30384  -42.027  -25.036  -15.082 0.5000000000
30390  -41.936  -26.693  -15.315 0.5000000000
25484  -34.262  -33.158  -6.612 0.6999999881
26205  -38.691  -32.358  -7.091 0.6999999881
31139  -40.992  -24.352  -13.199 0.5000000000
32869  -41.550  -23.169  -12.177 0.4000000060
102200  -36.488  -32.335  -6.127 0.6999999881
32843  -42.494  -23.248  -11.089 0.5000000000
107765  -42.475  -22.671  -10.868 0.5000000000
26180  -34.865  -32.503  -6.578 0.6999999881
108484  -36.193  -32.996  -5.936 0.8000000119
32844  -43.331  -23.806  -10.591 0.5000000000
35511  -45.918  -20.523  -11.191 0.4000000060
35496  -45.896  -21.161  -10.845 0.5000000000
36474  -46.612  -20.181  -11.735 0.5000000000
34587  -47.511  -21.337  -11.592 0.5000000000
35512  -47.313  -20.606  -11.885 0.5000000000
36486  -47.321  -19.808  -12.400 0.5000000000
28328  -40.365  -29.564  -9.741 0.6000000238
100829  -40.573  -28.512  -10.517 0.6000000238
28979  -40.699  -28.511  -11.543 0.5000000000
28980  -40.869  -28.458  -12.564 0.5000000000
25502  -32.458  -33.294  -8.274 0.6999999881
28316  -40.047  -29.605  -8.864 0.6000000238
98238  -40.466  -28.912  -9.851 0.6000000238
29648  -40.951  -27.029  -12.297 0.5000000000
26242  -30.890  -32.848  -9.840 0.5000000000
104819  -39.401  -31.011  -7.794 0.6000000238
109867  -40.749  -26.833  -11.382 0.5000000000
25503  -33.208  -32.921  -8.023 0.6999999881
27565  -39.250  -30.301  -7.537 0.6000000238
31138  -40.683  -24.942  -11.922 0.5000000000
31996  -40.842  -23.787  -12.631 0.5000000000
32868  -41.023  -22.972  -12.251 0.6000000238
108067  -40.796  -23.361  -12.179 0.4000000060
26820  -37.665  -31.523  -6.476 0.6999999881
26836  -38.466  -31.598  -6.813 0.6999999881
26183  -37.247  -32.233  -6.249 0.6999999881
33738  -41.587  -22.728  -11.646 0.5000000000
36450  -43.880  -19.992  -10.747 0.4000000060
35509  -44.598  -19.824  -10.961 0.4000000060
26819  -36.852  -31.542  -6.319 0.6999999881
35510  -45.214  -20.116  -11.033 0.4000000060
26835  -35.592  -30.975  -6.799 0.6999999881
36473  -45.829  -19.754  -11.559 0.4000000060
26834  -34.730  -31.802  -7.151 0.6999999881
35523  -47.803  -20.406  -12.336 0.5000000000
35513  -47.869  -20.905  -12.045 0.5000000000
29647  -40.782  -27.683  -11.640 0.5000000000
28933  -40.203  -28.857  -9.107 0.6000000238
28943  -40.369  -28.181  -9.494 0.5000000000
29631  -40.654  -27.603  -10.851 0.5000000000
26243  -31.776  -32.742  -9.719 0.6000000238
26244  -32.628  -32.632  -9.612 0.6000000238
28305  -39.629  -29.815  -8.098 0.6000000238
30345  -40.607  -26.662  -10.529 0.5000000000
28304  -39.087  -29.418  -7.428 0.5000000000
28932  -39.667  -28.894  -8.241 0.5000000000
30360  -40.684  -26.013  -11.256 0.5000000000
31972  -40.574  -24.325  -11.415 0.5000000000
26222  -32.931  -32.765  -8.869 0.6999999881
32867  -40.726  -22.849  -11.761 0.5000000000
26223  -33.668  -32.331  -8.614 0.6999999881
105369  -38.151  -30.850  -6.682 0.6999999881
105086  -40.997  -21.274  -11.353 0.5000000000
36449  -42.938  -19.938  -10.784 0.4000000060
26203  -33.786  -32.590  -7.790 0.6999999881
27549  -37.286  -30.702  -6.491 0.6999999881
27548  -36.418  -30.837  -6.535 0.6999999881
33737  -41.050  -22.475  -11.780 0.5000000000
34573  -42.648  -21.409  -10.656 0.5000000000
35492  -42.384  -20.664  -10.750 0.4000000060
26204  -34.241  -32.536  -7.161 0.6999999881
37429  -44.735  -18.572  -11.740 0.4000000060
37430  -45.619  -18.963  -11.913 0.4000000060
26224  -34.199  -32.098  -7.865 0.6999999881
36472  -45.050  -19.393  -11.372 0.4000000060
37445  -46.165  -18.586  -12.533 0.4000000060
112411  -35.124  -31.362  -6.959 0.6999999881
37458  -46.569  -18.201  -13.200 0.4000000060
37446  -46.985  -18.934  -12.818 0.4000000060
36487  -48.123  -19.971  -12.814 0.5000000000
36499  -47.765  -19.258  -13.157 0.5000000000
29607  -40.204  -27.346  -9.106 0.5000000000
29615  -40.516  -27.449  -9.947 0.5000000000
103640  -39.969  -28.095  -8.711 0.5000000000
30330  -40.357  -26.425  -9.570 0.5000000000
31122  -40.538  -25.549  -10.568 0.5000000000
26264  -32.353  -32.450  -10.284 0.6000000238
26265  -33.042  -32.393  -10.167 0.6000000238
98494  -39.448  -28.012  -8.020 0.5000000000
26245  -33.313  -32.332  -9.528 0.6999999881
28922  -39.165  -28.585  -7.632 0.5000000000
97193  -40.382  -24.680  -10.164 0.6000000238
97012  -40.414  -23.610  -10.962 0.5000000000
28921  -38.550  -28.700  -7.201 0.6000000238
28290  -38.259  -29.474  -6.886 0.6999999881
35491  -41.534  -20.660  -11.010 0.4000000060
26876  -33.844  -31.792  -9.381 0.6999999881
27550  -37.873  -30.145  -6.625 0.8000000119
33736  -40.557  -22.342  -11.478 0.5000000000
108909  -40.579  -21.790  -11.416 0.5000000000
36470  -43.389  -19.228  -11.139 0.4000000060
36471  -44.251  -19.253  -11.245 0.4000000060
37443  -44.754  -17.929  -12.190 0.4000000060
103655  -36.309  -28.616  -7.059 0.6000000238
37444  -45.372  -18.233  -12.311 0.4000000060
26818  -36.072  -31.667  -6.373 0.6999999881
28287  -35.994  -30.230  -6.771 0.6999999881
28303  -36.005  -29.397  -6.983 0.6000000238
38340  -45.815  -17.874  -12.907 0.4000000060
98745  -34.487  -30.932  -8.189 0.6999999881
27562  -34.911  -30.975  -7.388 0.6000000238
27563  -35.349  -30.104  -7.264 0.6999999881
107014  -35.373  -29.305  -7.445 0.6000000238
28919  -35.653  -28.640  -7.379 0.6000000238
26854  -34.180  -31.662  -8.536 0.6999999881
28918  -35.038  -28.783  -7.803 0.6000000238
29591  -35.279  -27.850  -7.744 0.6000000238
37474  -47.879  -18.317  -14.271 0.5000000000
28931  -34.744  -28.246  -8.350 0.6000000238
37460  -48.163  -18.865  -13.864 0.5000000000
36512  -48.812  -19.178  -14.214 0.5000000000
106372  -32.708  -32.052  -11.527 0.5000000000
29606  -39.701  -27.343  -8.417 0.5000000000
30322  -39.900  -26.606  -8.702 0.6000000238
31106  -40.301  -25.492  -9.615 0.6000000238
26895  -33.016  -32.258  -10.883 0.6000000238
26896  -33.509  -31.910  -10.258 0.6000000238
29596  -39.142  -27.279  -7.826 0.6000000238
32823  -40.100  -23.301  -10.259 0.5000000000
32842  -40.246  -22.784  -11.026 0.5000000000
96658  -33.503  -31.684  -11.019 0.6000000238
108389  -33.782  -31.324  -10.589 0.6000000238
104714  -38.831  -27.953  -7.482 0.6000000238
29595  -38.393  -27.237  -7.439 0.6000000238
33701  -39.840  -22.681  -10.180 0.5000000000
34571  -40.284  -21.272  -11.228 0.5000000000
36447  -41.293  -20.076  -11.030 0.4000000060
36469  -42.461  -19.239  -11.103 0.4000000060
28907  -37.701  -28.807  -6.887 0.6999999881
101040  -38.029  -27.988  -7.097 0.6000000238
33714  -40.005  -22.032  -10.988 0.5000000000
35508  -40.773  -20.613  -11.193 0.5000000000
37427  -42.899  -18.402  -11.443 0.4000000060
37428  -43.837  -18.538  -11.517 0.4000000060
38338  -44.378  -17.455  -12.456 0.4000000060
28288  -36.740  -29.964  -6.621 0.6999999881
28906  -36.859  -29.060  -6.807 0.6999999881
30308  -37.120  -26.546  -7.322 0.6999999881
32822  -39.714  -23.350  -9.491 0.5000000000
38339  -45.083  -17.606  -12.679 0.4000000060
27604  -34.265  -30.397  -9.691 0.6000000238
29593  -36.648  -27.235  -7.266 0.6000000238
104996  -36.787  -25.858  -7.432 0.6999999881
38352  -46.146  -17.555  -13.567 0.4000000060
94832  -34.232  -31.047  -9.083 0.6999999881
110565  -34.778  -30.328  -7.805 0.6000000238
28302  -34.894  -29.614  -7.829 0.6000000238
94075  -36.085  -27.917  -7.266 0.6000000238
30307  -36.336  -26.490  -7.461 0.6000000238
31072  -36.557  -25.132  -7.565 0.6000000238
97409  -46.475  -17.325  -14.252 0.4000000060
28315  -34.656  -29.129  -8.464 0.6000000238
29605  -35.285  -26.921  -7.946 0.6000000238
31090  -35.369  -25.301  -8.156 0.6000000238
38353  -46.797  -17.817  -13.788 0.4000000060
29604  -34.786  -27.408  -8.421 0.6000000238
30320  -35.325  -26.117  -8.063 0.6000000238
38367  -48.051  -17.947  -14.895 0.5000000000
37459  -47.382  -18.437  -13.623 0.4000000060
37475  -48.470  -18.547  -14.577 0.5000000000
37490  -48.700  -18.179  -15.355 0.5000000000
31092  -40.001  -25.787  -8.899 0.6000000238
30310  -38.799  -26.463  -7.718 0.6000000238
31074  -39.391  -25.987  -8.195 0.6000000238
31928  -39.994  -24.859  -9.127 0.6000000238
31948  -40.138  -23.996  -9.735 0.5000000000
111615  -38.871  -25.835  -7.798 0.6000000238
31947  -39.649  -24.025  -8.911 0.5000000000
35490  -40.055  -20.544  -11.054 0.5000000000
36468  -41.511  -19.377  -11.086 0.4000000060
26897  -33.803  -31.130  -11.067 0.6000000238
103373  -34.061  -30.668  -10.582 0.6000000238
30309  -37.935  -26.524  -7.402 0.6000000238
31073  -38.228  -25.727  -7.570 0.6000000238
31926  -38.653  -24.316  -7.972 0.5000000000
95339  -38.485  -22.634  -8.572 0.5000000000
33699  -38.908  -21.900  -9.204 0.5000000000
34560  -39.180  -21.353  -9.779 0.5000000000
38325  -43.494  -17.938  -11.726 0.4000000060
29594  -37.526  -27.264  -7.227 0.6999999881
31912  -38.029  -24.823  -7.639 0.5000000000
32811  -39.175  -23.353  -8.753 0.5000000000
33683  -39.306  -22.644  -9.314 0.5000000000
38351  -45.390  -17.291  -13.340 0.4000000060
33669  -36.106  -23.208  -7.867 0.6000000238
38364  -45.730  -16.998  -14.027 0.4000000060
28327  -34.441  -29.484  -9.423 0.6000000238
28942  -34.507  -28.578  -9.195 0.6000000238
32793  -35.788  -24.017  -7.926 0.6000000238
38365  -46.092  -16.753  -14.744 0.4000000060
97508  -34.538  -27.842  -9.000 0.6000000238
38366  -47.302  -17.739  -14.426 0.4000000060
38377  -46.825  -17.122  -15.019 0.4000000060
30319  -34.834  -26.580  -8.576 0.6000000238
112607  -48.226  -17.676  -15.609 0.4000000060
38393  -48.838  -17.611  -16.377 0.5000000000
38405  -49.312  -17.600  -17.346 0.4000000060
98940  -39.567  -25.298  -8.471 0.6000000238
31927  -39.353  -24.612  -8.407 0.5000000000
35471  -39.050  -20.591  -9.890 0.5000000000
35489  -39.589  -20.398  -10.579 0.5000000000
36446  -39.840  -19.808  -10.811 0.5000000000
37426  -41.856  -18.540  -11.326 0.4000000060
27640  -33.984  -30.573  -11.393 0.6000000238
111065  -34.179  -30.211  -10.907 0.6000000238
31091  -38.931  -25.209  -7.900 0.6000000238
109850  -38.102  -21.708  -8.701 0.5000000000
38324  -42.884  -17.574  -11.779 0.4000000060
39162  -43.981  -16.894  -12.776 0.4000000060
32809  -37.839  -23.077  -8.034 0.5000000000
38350  -44.668  -17.083  -13.064 0.4000000060
27621  -34.304  -29.784  -10.417 0.6000000238
107695  -34.443  -28.860  -10.104 0.6000000238
96282  -34.507  -27.925  -9.923 0.6000000238
32807  -35.355  -23.188  -8.229 0.6000000238
39201  -46.397  -16.563  -15.556 0.4000000060
30329  -34.584  -26.253  -9.459 0.6000000238
31924  -35.090  -23.958  -8.474 0.6000000238
38378  -47.166  -16.846  -15.842 0.4000000060
103929  -34.546  -27.119  -9.328 0.6000000238
31089  -34.881  -25.740  -8.685 0.6000000238
38391  -47.896  -17.221  -16.145 0.4000000060
112300  -48.730  -17.234  -17.323 0.3000000119
38411  -49.538  -17.671  -18.509 0.3000000119
36445  -39.226  -19.785  -10.259 0.5000000000
110756  -40.140  -19.178  -10.965 0.5000000000
38323  -41.223  -17.732  -11.489 0.5000000000
39160  -42.419  -16.514  -12.421 0.5000000000
35470  -38.255  -20.476  -9.220 0.5000000000
38336  -42.871  -17.012  -12.106 0.4000000060
39161  -43.237  -16.691  -12.579 0.5000000000
39173  -43.594  -16.375  -13.233 0.4000000060
28959  -34.398  -29.038  -10.923 0.6000000238
98688  -34.515  -27.590  -10.842 0.6000000238
34543  -37.214  -21.256  -8.451 0.6000000238
39174  -44.255  -16.613  -13.354 0.4000000060
39175  -44.892  -16.668  -13.799 0.4000000060
110961  -34.481  -28.345  -10.640 0.6000000238
96189  -34.503  -27.151  -10.198 0.6000000238
33682  -36.486  -22.582  -7.962 0.6999999881
39213  -45.900  -16.113  -16.159 0.3000000119
30344  -34.501  -26.512  -10.400 0.6000000238
95705  -35.480  -21.843  -8.250 0.6000000238
39214  -46.661  -16.365  -16.414 0.3000000119
113302  -34.510  -26.753  -9.848 0.6000000238
31105  -34.481  -25.670  -10.154 0.6000000238
109798  -34.930  -22.317  -8.502 0.6000000238
110441  -34.623  -25.443  -9.361 0.6000000238
31923  -34.841  -24.817  -8.781 0.6000000238
33698  -34.335  -22.529  -9.336 0.6000000238
97413  -47.431  -16.621  -16.695 0.3000000119
38392  -48.202  -16.895  -16.954 0.3000000119
39231  -48.206  -16.961  -17.930 0.3000000119
93870  -48.606  -16.854  -18.427 0.3000000119
39243  -49.245  -17.263  -18.783 0.3000000119
36444  -38.720  -19.077  -9.978 0.6000000238
102478  -39.488  -18.978  -10.617 0.5000000000
39140  -40.977  -16.794  -11.778 0.5000000000
39141  -42.054  -17.073  -11.855 0.5000000000
35452  -37.509  -20.476  -8.767 0.6000000238
36428  -37.983  -19.159  -9.389 0.6000000238
39172  -42.777  -16.139  -13.049 0.4000000060
39187  -44.049  -16.118  -13.976 0.4000000060
28978  -34.478  -28.329  -11.317 0.6000000238
98934  -34.528  -26.796  -11.269 0.6000000238
101356  -36.395  -21.011  -8.317 0.6000000238
39188  -44.906  -16.052  -15.133 0.3000000119
101046  -45.640  -16.302  -15.326 0.3000000119
113503  -34.518  -27.014  -10.705 0.6000000238
94611  -34.499  -25.934  -11.044 0.6000000238
31121  -34.409  -25.119  -10.846 0.6000000238
31971  -34.266  -24.295  -10.682 0.6000000238
39229  -46.861  -16.173  -17.265 0.3000000119
31946  -34.457  -24.758  -9.834 0.6000000238
32821  -34.311  -23.329  -9.650 0.6000000238
39230  -47.560  -16.494  -17.597 0.3000000119
40039  -48.476  -16.154  -18.734 0.3000000119
103676  -49.037  -16.681  -18.921 0.3000000119
37394  -38.094  -18.408  -9.713 0.6000000238
37408  -38.834  -18.315  -10.323 0.6000000238
37424  -39.940  -17.853  -11.109 0.5000000000
39159  -41.515  -16.331  -12.280 0.4000000060
36426  -36.743  -19.038  -8.810 0.6000000238
39989  -42.501  -15.429  -14.451 0.4000000060
39990  -43.368  -15.632  -14.636 0.4000000060
109593  -36.312  -19.600  -8.613 0.6000000238
39991  -44.187  -15.803  -14.873 0.4000000060
40002  -44.371  -15.626  -15.736 0.3000000119
30359  -34.518  -26.076  -11.893 0.6000000238
36415  -35.579  -19.549  -8.643 0.6000000238
39200  -45.162  -15.809  -15.927 0.3000000119
35468  -34.593  -20.706  -8.959 0.6000000238
40815  -45.977  -15.199  -18.009 0.3000000119
32841  -34.088  -23.537  -10.483 0.6000000238
33713  -33.936  -22.774  -10.213 0.6000000238
40038  -47.940  -15.599  -18.580 0.3000000119
38283  -38.255  -17.686  -10.095 0.6000000238
38305  -38.917  -17.608  -10.595 0.5000000000
39158  -40.631  -16.070  -12.198 0.5000000000
39960  -41.069  -15.673  -12.764 0.4000000060
39980  -42.223  -15.642  -13.639 0.4000000060
38282  -37.323  -17.676  -9.529 0.6000000238
40000  -42.743  -15.242  -15.295 0.4000000060
37392  -36.510  -18.210  -9.039 0.6000000238
40012  -43.757  -15.265  -16.371 0.4000000060
40024  -44.849  -15.222  -17.284 0.3000000119
96743  -34.459  -25.413  -11.603 0.6000000238
36414  -34.949  -19.550  -8.834 0.6000000238
31995  -34.317  -24.608  -11.674 0.6000000238
97593  -34.653  -19.964  -9.071 0.6000000238
35488  -34.222  -20.141  -9.656 0.6000000238
32866  -34.072  -23.790  -11.335 0.6000000238
33712  -33.681  -22.217  -10.871 0.6000000238
34570  -33.676  -21.335  -10.704 0.6000000238
39118  -38.240  -16.566  -10.518 0.6000000238
39940  -39.845  -15.729  -12.136 0.4000000060
39959  -40.316  -15.417  -12.652 0.4000000060
39979  -41.401  -15.373  -13.471 0.4000000060
39988  -41.693  -15.158  -14.246 0.4000000060
39097  -36.992  -16.803  -9.716 0.5000000000
38304  -37.785  -16.984  -10.014 0.5000000000
40800  -43.282  -14.669  -16.829 0.4000000060
37391  -35.540  -18.077  -9.143 0.5000000000
40801  -44.029  -15.047  -17.109 0.3000000119
37372  -35.182  -18.934  -8.913 0.5000000000
40814  -44.423  -14.550  -17.704 0.3000000119
32011  -34.356  -24.373  -12.627 0.6000000238
36443  -34.014  -19.516  -10.201 0.5000000000
107511  -34.156  -23.936  -12.086 0.6000000238
33735  -33.812  -23.034  -11.103 0.6000000238
35487  -33.724  -20.350  -10.597 0.6000000238
33734  -33.720  -22.494  -11.764 0.6000000238
34584  -33.605  -21.688  -11.566 0.6000000238
33759  -33.703  -21.984  -12.292 0.5000000000
40716  -38.188  -14.761  -11.560 0.4000000060
40717  -39.083  -15.180  -12.019 0.3000000119
40743  -39.996  -14.786  -12.981 0.4000000060
40766  -40.989  -14.829  -13.976 0.4000000060
40783  -41.993  -14.978  -15.020 0.3000000119
39096  -36.352  -16.225  -9.898 0.5000000000
39117  -37.360  -16.195  -10.167 0.4000000060
40787  -41.738  -14.417  -15.305 0.3000000119
41579  -42.306  -13.924  -16.265 0.3000000119
40789  -42.992  -15.054  -16.097 0.3000000119
38279  -34.890  -17.776  -9.581 0.5000000000
42467  -42.917  -13.341  -17.161 0.3000000119
40799  -42.700  -14.495  -16.391 0.3000000119
108168  -34.279  -18.858  -9.956 0.5000000000
40813  -43.738  -14.452  -17.382 0.3000000119
37406  -33.912  -18.877  -10.642 0.5000000000
41609  -46.041  -13.467  -18.910 0.3000000119
36442  -33.659  -19.548  -11.013 0.5000000000
35507  -33.578  -20.838  -11.484 0.5000000000
40741  -38.571  -14.309  -12.168 0.3000000119
40764  -39.613  -14.009  -13.068 0.3000000119
40765  -40.309  -14.333  -13.645 0.3000000119
103820  -36.739  -15.085  -10.786 0.3000000119
39913  -37.318  -15.581  -10.560 0.4000000060
41570  -41.354  -13.831  -15.171 0.3000000119
42435  -42.006  -13.140  -15.975 0.3000000119
39911  -35.484  -15.445  -10.685 0.3000000119
42466  -42.479  -13.198  -16.636 0.3000000119
37407  -34.327  -18.099  -10.220 0.4000000060
41592  -43.291  -13.924  -17.322 0.3000000119
41593  -43.835  -13.868  -17.800 0.3000000119
37423  -33.766  -18.280  -11.107 0.5000000000
42503  -45.229  -12.873  -18.935 0.3000000119
98530  -33.659  -18.968  -11.335 0.5000000000
42504  -45.910  -12.714  -19.277 0.3000000119
35522  -33.581  -20.309  -12.306 0.4000000060
36466  -33.572  -19.498  -11.823 0.5000000000
41517  -38.099  -13.515  -12.334 0.3000000119
41518  -38.882  -13.779  -12.651 0.3000000119
41536  -39.803  -13.453  -13.625 0.3000000119
40714  -36.305  -14.392  -11.284 0.3000000119
40715  -37.240  -14.489  -11.290 0.3000000119
41552  -40.407  -13.659  -14.132 0.3000000119
104703  -41.546  -13.240  -15.480 0.3000000119
40713  -35.517  -14.482  -11.475 0.3000000119
42486  -42.752  -12.487  -17.144 0.3000000119
98227  -43.244  -12.256  -17.788 0.3000000119
39936  -34.420  -15.494  -11.685 0.3000000119
39937  -35.126  -15.112  -11.165 0.3000000119
42487  -43.368  -13.102  -17.721 0.3000000119
42488  -43.950  -13.284  -18.180 0.3000000119
38335  -33.756  -17.157  -11.889 0.3000000119
38322  -33.676  -17.841  -11.668 0.4000000060
42527  -44.456  -12.211  -18.936 0.3000000119
37442  -33.564  -18.633  -12.017 0.4000000060
42529  -46.216  -12.196  -19.661 0.3000000119
36484  -33.579  -19.399  -12.687 0.4000000060
43525  -46.881  -11.998  -19.980 0.3000000119
42530  -47.358  -12.442  -19.736 0.3000000119
42337  -37.728  -12.796  -12.622 0.3000000119
41482  -37.695  -13.961  -11.792 0.3000000119
41534  -38.438  -13.102  -12.746 0.3000000119
42379  -40.044  -12.866  -14.093 0.3000000119
42401  -40.427  -12.406  -14.531 0.3000000119
42434  -41.476  -12.367  -15.598 0.3000000119
41515  -36.455  -13.301  -12.201 0.3000000119
43467  -41.646  -11.506  -16.010 0.3000000119
43468  -42.301  -11.561  -16.718 0.3000000119
43489  -42.873  -11.587  -17.441 0.3000000119
40739  -34.501  -14.783  -12.362 0.3000000119
40740  -35.182  -14.105  -12.135 0.3000000119
43506  -43.944  -11.331  -18.956 0.3000000119
96966  -33.591  -17.861  -12.452 0.4000000060
43523  -44.738  -11.526  -19.507 0.3000000119
43524  -45.595  -11.607  -19.842 0.3000000119
36497  -33.682  -19.203  -13.527 0.4000000060
105277  -46.307  -11.656  -20.052 0.3000000119
44527  -46.818  -10.652  -20.781 0.3000000119
43541  -46.906  -11.376  -20.372 0.3000000119
44547  -48.430  -10.596  -21.333 0.3000000119
43413  -38.839  -11.713  -13.722 0.3000000119
42400  -39.706  -11.918  -14.169 0.3000000119
103887  -40.260  -11.697  -14.644 0.3000000119
43446  -41.095  -11.505  -15.437 0.3000000119
42376  -37.453  -12.144  -13.002 0.3000000119
44470  -40.966  -10.684  -15.676 0.3000000119
44479  -41.781  -10.703  -16.402 0.3000000119
108896  -35.233  -13.662  -12.710 0.3000000119
42335  -36.191  -12.841  -12.700 0.3000000119
44480  -42.434  -10.815  -17.065 0.3000000119
44494  -42.977  -10.822  -17.705 0.3000000119
40763  -34.689  -14.155  -12.904 0.3000000119
44495  -43.395  -10.691  -18.414 0.3000000119
44508  -43.718  -10.537  -19.057 0.3000000119
39171  -33.774  -16.446  -13.193 0.4000000060
44516  -44.223  -10.702  -19.683 0.3000000119
97697  -33.693  -17.178  -13.626 0.4000000060
44517  -45.039  -11.012  -20.123 0.3000000119
37472  -33.681  -18.442  -13.750 0.4000000060
44546  -47.502  -10.313  -21.256 0.3000000119
107084  -33.802  -18.972  -14.174 0.4000000060
44528  -47.688  -10.981  -20.729 0.3000000119
45539  -48.007  -9.875  -21.724 0.3000000119
43435  -39.791  -11.184  -14.615 0.3000000119
43445  -40.502  -11.201  -15.037 0.3000000119
43412  -37.950  -11.596  -13.525 0.3000000119
43434  -39.169  -11.267  -14.217 0.3000000119
45479  -42.024  -10.041  -16.854 0.3000000119
43411  -37.093  -11.618  -13.504 0.3000000119
45491  -42.915  -10.060  -17.896 0.3000000119
41532  -34.919  -13.556  -13.369 0.3000000119
94356  -44.013  -9.911  -20.075 0.3000000119
44525  -44.687  -10.320  -20.359 0.3000000119
45527  -45.215  -9.962  -20.888 0.3000000119
45528  -45.984  -10.340  -20.915 0.3000000119
44545  -46.699  -10.033  -21.325 0.3000000119
45538  -47.319  -9.744  -21.633 0.3000000119
36511  -34.054  -19.263  -14.848 0.3000000119
45556  -48.391  -9.579  -22.364 0.3000000119
44564  -49.138  -10.073  -22.550 0.3000000119
44457  -38.511  -10.459  -14.692 0.3000000119
44459  -39.943  -10.477  -15.167 0.3000000119
45466  -40.426  -9.975  -15.773 0.3000000119
45478  -41.650  -9.345  -16.978 0.3000000119
110811  -42.537  -10.262  -17.373 0.3000000119
43410  -36.274  -11.853  -13.752 0.3000000119
43432  -37.516  -11.077  -14.022 0.3000000119
108512  -43.311  -9.800  -18.691 0.3000000119
45518  -43.490  -9.234  -19.527 0.3000000119
44515  -43.735  -10.064  -19.435 0.3000000119
103720  -44.307  -9.062  -20.964 0.3000000119
45526  -44.495  -9.627  -20.683 0.3000000119
45537  -46.722  -9.369  -21.768 0.3000000119
45554  -46.795  -8.896  -22.237 0.3000000119
45555  -47.524  -9.277  -22.173 0.3000000119
46587  -48.046  -8.967  -22.915 0.3000000119
96657  -48.803  -9.424  -23.162 0.3000000119
45576  -49.132  -9.437  -24.016 0.3000000119
44456  -37.832  -10.550  -14.587 0.3000000119
44469  -39.033  -10.117  -15.117 0.3000000119
44455  -37.047  -10.765  -14.664 0.3000000119
45476  -39.386  -9.038  -16.262 0.3000000119
46516  -40.180  -8.762  -16.723 0.3000000119
99271  -41.387  -8.791  -17.220 0.3000000119
46540  -42.283  -8.513  -18.182 0.3000000119
43430  -35.901  -11.674  -14.632 0.3000000119
45525  -43.900  -9.184  -20.393 0.3000000119
42431  -34.821  -12.978  -15.597 0.3000000119
45536  -45.009  -9.181  -21.345 0.3000000119
96700  -45.909  -9.637  -21.393 0.3000000119
46586  -47.248  -8.630  -22.723 0.3000000119
46601  -48.472  -8.785  -23.877 0.3000000119
45475  -38.437  -9.017  -16.191 0.3000000119
44477  -36.724  -10.323  -16.060 0.3000000119
45474  -37.738  -9.220  -16.307 0.3000000119
43444  -36.210  -11.062  -15.895 0.3000000119
108630  -36.696  -10.672  -15.351 0.3000000119
44467  -37.325  -10.319  -15.246 0.3000000119
42464  -35.240  -12.395  -16.163 0.3000000119
43443  -35.703  -11.650  -15.588 0.3000000119
110134  -39.124  -23.956  -8.389 0.5000000000
32810  -38.523  -23.522  -8.199 0.5000000000
31910  -36.369  -24.486  -7.676 0.6000000238
26877  -33.980  -31.220  -9.959 0.6000000238
11631  -39.977  -53.767  0.112 0.3000000119
112643  -40.255  -53.220  -0.187 0.3000000119
11643  -40.723  -53.567  -0.582 0.3000000119
11644  -41.585  -53.556  -1.125 0.4000000060
100411  -42.604  -54.581  -1.538 0.4000000060
11655  -43.485  -53.864  -2.080 0.4000000060
11669  -43.744  -53.408  -2.633 0.4000000060
12213  -43.567  -52.890  -3.296 0.4000000060
12224  -43.302  -52.398  -4.083 0.4000000060
12807  -42.940  -51.847  -4.849 0.4000000060
13428  -41.954  -50.178  -6.448 0.4000000060
13417  -42.353  -50.747  -6.196 0.4000000060
14610  -41.101  -48.861  -7.079 0.4000000060
16746  -40.612  -44.453  -8.978 0.4000000060
97442  -40.060  -43.351  -1.483 0.3000000119
17285  -40.549  -42.822  -1.881 0.3000000119
18685  -40.881  -41.675  -2.662 0.3000000119
104797  -40.830  -43.207  -9.383 0.5000000000
19478  -42.712  -40.692  -4.482 0.3000000119
99508  -43.102  -39.916  -4.824 0.3000000119
17393  -41.662  -43.223  -9.747 0.5000000000
95680  -41.542  -41.188  -10.166 0.5000000000
113046  -47.424  -33.706  -6.546 0.3000000119
109741  -46.709  -33.147  -6.400 0.3000000119
25488  -47.856  -32.992  -7.190 0.3000000119
20379  -43.470  -39.590  -11.267 0.6000000238
26211  -47.302  -32.435  -7.388 0.4000000060
20380  -44.561  -39.871  -11.743 0.6000000238
26248  -47.990  -32.467  -10.635 0.4000000060
26902  -47.394  -32.036  -11.198 0.4000000060
27647  -49.780  -31.565  -14.041 0.4000000060
19536  -33.692  -40.498  -7.618 0.5000000000
20326  -34.257  -40.069  -7.358 0.5000000000
98945  -44.219  -38.158  -14.312 0.6999999881
28344  -50.436  -29.808  -10.687 0.4000000060
22153  -43.154  -37.548  -14.537 0.6999999881
28964  -50.844  -28.895  -10.120 0.4000000060
105144  -35.120  -39.129  -6.546 0.5000000000
21187  -35.428  -38.428  -6.362 0.6000000238
21203  -36.211  -38.271  -6.723 0.8000000119
24007  -43.009  -35.329  -16.166 0.8000000119
22156  -44.101  -36.179  -15.693 0.6999999881
23084  -39.783  -35.502  -14.984 0.8000000119
109002  -42.445  -37.044  -14.754 0.6999999881
28947  -50.384  -28.168  -9.819 0.4000000060
24006  -40.931  -34.690  -15.810 0.8000000119
23034  -36.249  -36.614  -6.391 0.8000000119
23075  -38.593  -36.555  -13.281 0.8000000119
23080  -38.758  -36.878  -13.833 0.8000000119
29620  -49.925  -27.452  -9.704 0.4000000060
23068  -38.553  -36.778  -11.715 0.8000000119
23940  -37.283  -35.290  -6.890 0.6999999881
23972  -37.737  -36.165  -8.087 0.6999999881
23061  -38.513  -36.908  -10.911 0.8000000119
23973  -38.198  -35.684  -8.538 0.6999999881
23980  -38.413  -35.944  -9.289 0.6000000238
31111  -49.251  -25.897  -10.011 0.3000000119
31949  -44.681  -24.868  -9.981 0.4000000060
31109  -47.513  -25.863  -9.635 0.4000000060
31110  -48.533  -26.106  -9.759 0.3000000119
32824  -44.816  -24.118  -9.863 0.4000000060
31950  -45.415  -24.728  -9.734 0.4000000060
31108  -46.128  -25.317  -9.618 0.4000000060
30347  -45.168  -26.424  -10.303 0.4000000060
97009  -44.174  -23.548  -10.182 0.4000000060
33720  -46.630  -22.567  -10.604 0.4000000060
34578  -47.086  -21.890  -11.011 0.5000000000
33716  -43.392  -22.948  -10.476 0.5000000000
35495  -45.256  -20.857  -10.738 0.4000000060
34577  -46.246  -21.786  -10.741 0.5000000000
33739  -47.853  -22.081  -11.375 0.5000000000
34588  -48.309  -21.487  -11.973 0.5000000000
98580  -42.997  -22.144  -10.569 0.5000000000
34575  -44.511  -21.363  -10.495 0.4000000060
35536  -48.783  -20.268  -13.190 0.5000000000
37476  -49.144  -18.818  -14.946 0.5000000000
26908  -32.010  -31.978  -11.557 0.5000000000
37491  -49.449  -18.471  -15.816 0.5000000000
113093  -49.390  -17.647  -17.997 0.4000000060
26929  -32.854  -31.556  -12.531 0.6000000238
98703  -33.053  -31.755  -12.021 0.6000000238
26910  -33.524  -31.347  -11.703 0.6000000238
39244  -49.860  -17.702  -19.172 0.3000000119
99241  -34.150  -30.043  -11.987 0.6000000238
107385  -34.262  -29.803  -11.237 0.6000000238
39251  -50.586  -16.747  -20.078 0.3000000119
28358  -34.362  -29.129  -11.791 0.6000000238
29646  -34.524  -27.600  -11.703 0.6000000238
31155  -34.475  -25.299  -12.467 0.6000000238
32891  -34.209  -23.569  -12.732 0.6000000238
33760  -33.961  -22.678  -12.711 0.6000000238
32907  -34.395  -23.982  -13.411 0.6000000238
34614  -33.689  -20.916  -12.958 0.5000000000
35534  -33.722  -20.155  -13.377 0.4000000060
46585  -46.446  -8.373  -22.584 0.3000000119
46599  -46.850  -8.053  -23.198 0.3000000119
46616  -47.816  -8.158  -24.369 0.3000000119
46617  -48.437  -8.621  -24.915 0.3000000119
45596  -48.893  -9.140  -24.631 0.3000000119
43466  -36.166  -10.934  -16.732 0.3000000119
42485  -35.382  -12.395  -17.054 0.3000000119
27630  -50.162  -30.774  -12.091 0.4000000060
112164  -48.748  -21.285  -12.424 0.5000000000
12198  -42.618  -52.757  -2.394 0.4000000060
13948  -38.286  -49.494  -1.505 0.3000000119
13360  -39.464  -50.575  -1.617 0.3000000119
13372  -39.715  -50.330  -2.373 0.3000000119
13389  -41.043  -50.822  -3.780 0.4000000060
14562  -38.440  -48.355  -3.461 0.3000000119
13959  -39.285  -49.698  -2.730 0.3000000119
16737  -39.586  -44.893  -8.140 0.4000000060
16152  -37.604  -45.662  -0.570 0.3000000119
15169  -38.938  -47.024  -6.038 0.4000000060
16698  -36.885  -44.202  -3.196 0.3000000119
18074  -40.901  -42.498  -9.548 0.4000000060
20297  -42.479  -39.862  -4.366 0.3000000119
20281  -40.400  -39.626  -3.381 0.3000000119
22988  -43.176  -36.731  -4.672 0.3000000119
23923  -44.736  -35.068  -5.237 0.3000000119
22051  -38.863  -37.836  -4.863 0.3000000119
104118  -39.943  -37.436  -3.922 0.3000000119
22986  -41.156  -36.215  -4.017 0.3000000119
112060  -47.400  -34.205  -6.402 0.3000000119
22984  -39.994  -36.085  -4.609 0.3000000119
26191  -47.083  -32.794  -6.807 0.4000000060
22135  -42.557  -37.503  -11.075 0.6000000238
21245  -44.565  -38.444  -12.504 0.6999999881
23036  -39.686  -36.535  -6.827 0.3000000119
22148  -44.930  -37.796  -13.983 0.6999999881
24753  -40.449  -34.145  -7.008 0.4000000060
111054  -40.744  -34.902  -8.386 0.4000000060
26859  -45.647  -31.382  -8.316 0.4000000060
95836  -43.878  -35.817  -14.478 0.6999999881
22154  -44.468  -37.308  -14.768 0.6999999881
26838  -42.624  -31.247  -7.488 0.4000000060
28381  -48.202  -30.562  -13.611 0.4000000060
23082  -44.306  -36.179  -15.504 0.6999999881
27629  -48.751  -30.666  -13.615 0.4000000060
28343  -49.564  -29.846  -10.935 0.4000000060
20339  -32.890  -39.715  -8.340 0.3000000119
24008  -43.800  -35.364  -15.662 0.6999999881
22155  -43.928  -36.888  -15.354 0.6999999881
97016  -43.673  -34.722  -16.097 0.6999999881
24009  -42.456  -34.057  -16.746 0.6999999881
24803  -39.442  -34.486  -13.558 0.6999999881
28379  -47.145  -29.596  -13.422 0.4000000060
25553  -39.729  -33.507  -12.907 0.6000000238
23993  -38.664  -36.280  -12.240 0.6999999881
102919  -38.556  -36.244  -10.160 0.6999999881
97127  -38.696  -36.205  -11.181 0.6999999881
24777  -38.582  -35.218  -9.021 0.6000000238
30334  -50.312  -26.794  -9.844 0.4000000060
30333  -49.393  -26.664  -9.733 0.3000000119
109163  -39.749  -32.848  -11.058 0.6000000238
24752  -38.224  -33.811  -7.170 0.6999999881
111968  -38.178  -34.528  -7.617 0.6999999881
23047  -38.074  -36.442  -8.812 0.8000000119
29662  -46.108  -28.481  -13.711 0.3000000119
111409  -45.822  -27.836  -11.143 0.3000000119
109829  -46.444  -27.142  -10.025 0.3000000119
27680  -41.032  -29.719  -13.914 0.5000000000
24732  -32.889  -34.264  -6.687 0.6999999881
29011  -43.972  -28.369  -15.895 0.4000000060
31141  -43.047  -24.482  -11.729 0.4000000060
104743  -45.562  -26.914  -16.099 0.4000000060
29670  -45.558  -27.484  -15.329 0.4000000060
30377  -44.811  -27.053  -13.455 0.4000000060
29649  -45.324  -27.657  -12.967 0.4000000060
101007  -45.293  -25.544  -9.831 0.4000000060
29002  -41.350  -29.676  -15.300 0.5000000000
25466  -32.846  -33.608  -7.389 0.6999999881
26181  -35.658  -32.568  -6.189 0.8000000119
25515  -32.140  -33.052  -9.052 0.5000000000
105436  -38.888  -30.938  -7.127 0.6999999881
26817  -35.346  -31.795  -6.636 0.6999999881
36485  -46.447  -19.376  -12.162 0.4000000060
34586  -46.652  -21.078  -11.301 0.5000000000
26263  -31.465  -32.450  -10.395 0.5000000000
33715  -41.888  -22.104  -11.116 0.5000000000
27564  -38.627  -30.191  -6.969 0.6999999881
34574  -43.583  -21.424  -10.494 0.4000000060
35494  -44.577  -20.470  -10.704 0.4000000060
35493  -43.271  -20.684  -10.597 0.4000000060
26280  -32.154  -32.247  -10.977 0.5000000000
34585  -41.121  -21.890  -11.474 0.5000000000
28289  -37.459  -29.580  -6.679 0.6999999881
27582  -34.539  -30.136  -8.625 0.6000000238
29592  -35.850  -27.137  -7.519 0.6000000238
106378  -32.428  -31.746  -12.063 0.5000000000
33700  -39.534  -21.957  -9.970 0.5000000000
103797  -37.371  -25.337  -7.484 0.6999999881
107851  -37.488  -25.988  -7.413 0.6999999881
31071  -35.962  -25.736  -7.670 0.6000000238
31909  -35.881  -24.865  -7.809 0.6000000238
109910  -35.390  -24.585  -8.186 0.6000000238
36467  -40.605  -19.776  -11.049 0.4000000060
34559  -38.579  -21.171  -9.266 0.5000000000
31925  -37.702  -23.887  -7.774 0.5000000000
31911  -37.113  -24.574  -7.571 0.6000000238
39189  -45.335  -16.499  -14.555 0.4000000060
33681  -35.710  -22.489  -8.076 0.6000000238
36429  -38.530  -19.816  -9.621 0.6000000238
99172  -40.813  -18.724  -11.157 0.4000000060
108153  -37.363  -22.303  -8.185 0.6999999881
34544  -37.941  -21.015  -8.846 0.6000000238
32808  -37.014  -23.138  -7.822 0.6000000238
32806  -34.742  -23.205  -8.820 0.6000000238
39232  -48.937  -17.363  -18.131 0.3000000119
37410  -40.040  -18.492  -11.033 0.5000000000
37425  -40.444  -18.003  -11.244 0.5000000000
95736  -36.321  -21.804  -8.144 0.6000000238
40014  -45.382  -15.651  -16.745 0.3000000119
40015  -46.146  -15.892  -16.957 0.3000000119
34542  -35.701  -21.186  -8.295 0.6000000238
34541  -34.976  -21.403  -8.498 0.6000000238
99123  -34.591  -23.997  -9.211 0.6000000238
34558  -34.411  -21.644  -9.116 0.6000000238
39250  -49.773  -16.871  -19.400 0.3000000119
103130  -37.010  -19.816  -8.718 0.6000000238
112270  -36.521  -20.063  -8.561 0.6000000238
109482  -34.311  -23.975  -9.952 0.6000000238
40027  -47.048  -15.969  -17.899 0.3000000119
39242  -47.816  -16.308  -18.214 0.3000000119
39139  -40.066  -16.443  -11.730 0.6000000238
37373  -35.989  -18.862  -8.742 0.6000000238
40013  -44.574  -15.450  -16.575 0.4000000060
40025  -45.649  -15.436  -17.443 0.3000000119
113509  -46.590  -15.494  -18.070 0.3000000119
34557  -34.010  -21.009  -9.800 0.6000000238
40037  -47.217  -15.454  -18.343 0.3000000119
101017  -39.292  -15.999  -11.594 0.5000000000
40788  -42.287  -14.651  -15.777 0.4000000060
107356  -34.546  -19.340  -9.403 0.5000000000
39137  -38.761  -16.283  -11.047 0.4000000060
39914  -38.013  -15.868  -10.726 0.4000000060
39978  -40.663  -15.084  -13.277 0.4000000060
38280  -35.376  -17.324  -9.544 0.5000000000
41608  -45.145  -13.644  -18.530 0.3000000119
41607  -44.443  -13.799  -18.196 0.3000000119
102624  -36.752  -15.696  -10.313 0.4000000060
39873  -35.555  -15.951  -10.219 0.4000000060
38303  -34.750  -17.103  -10.023 0.4000000060
42465  -42.132  -12.361  -16.343 0.3000000119
39910  -34.851  -15.850  -10.756 0.3000000119
101757  -34.088  -17.346  -10.935 0.3000000119
42502  -44.482  -13.053  -18.546 0.3000000119
42528  -45.346  -12.196  -19.379 0.3000000119
42556  -47.775  -11.847  -20.244 0.3000000119
42378  -39.337  -12.549  -13.595 0.3000000119
41480  -35.956  -13.843  -11.786 0.3000000119
111057  -43.880  -11.923  -18.642 0.3000000119
39957  -34.054  -15.641  -12.743 0.3000000119
37457  -33.588  -18.566  -12.970 0.4000000060
42336  -36.948  -12.691  -12.562 0.3000000119
44526  -45.993  -11.042  -20.381 0.3000000119
94985  -48.654  -10.101  -21.931 0.3000000119
44478  -41.181  -9.831  -16.325 0.3000000119
42374  -35.863  -12.463  -13.344 0.3000000119
44458  -39.143  -10.717  -14.608 0.3000000119
45505  -42.630  -9.287  -18.058 0.3000000119
42399  -35.495  -12.265  -14.187 0.3000000119
45465  -39.651  -9.725  -15.673 0.3000000119
45490  -42.002  -8.910  -17.530 0.3000000119
46541  -42.915  -8.864  -18.726 0.3000000119
42432  -35.249  -12.254  -15.168 0.3000000119
46575  -45.955  -8.819  -21.932 0.3000000119
46600  -47.618  -8.378  -23.470 0.3000000119
45463  -38.102  -9.436  -15.742 0.3000000119
46528  -40.787  -8.484  -17.212 0.3000000119
42463  -34.916  -13.148  -16.372 0.3000000119
41590  -34.819  -13.867  -16.720 0.3000000119
43465  -35.705  -11.645  -16.497 0.3000000119
12808  -43.994  -52.401  -5.219 0.4000000060
105276  -42.745  -36.360  -15.338 0.6999999881
103976  -38.472  -37.005  -12.590 0.8000000119
112519  -38.288  -36.590  -9.467 0.8000000119
33721  -47.452  -22.667  -10.871 0.4000000060
33782  -34.142  -22.417  -13.486 0.5000000000
33718  -44.806  -22.270  -10.319 0.4000000060
33719  -45.699  -22.462  -10.411 0.4000000060
34618  -51.349  -21.945  -14.301 0.3000000119
35556  -50.415  -20.663  -14.464 0.4000000060
35578  -51.745  -21.311  -15.656 0.3000000119
34599  -49.150  -21.070  -12.890 0.4000000060
35537  -49.428  -20.548  -13.575 0.4000000060
36531  -51.308  -20.483  -15.994 0.3000000119
36514  -50.142  -19.954  -14.896 0.4000000060
35577  -50.888  -20.539  -15.210 0.3000000119
34576  -45.398  -21.641  -10.562 0.3000000119
35555  -49.728  -20.204  -14.225 0.4000000060
37501  -50.351  -19.003  -16.285 0.3000000119
36529  -49.829  -19.242  -15.352 0.4000000060
36563  -51.299  -19.442  -18.055 0.3000000119
36513  -49.456  -19.515  -14.574 0.4000000060
37522  -50.809  -18.851  -19.027 0.3000000119
37512  -50.555  -18.536  -18.147 0.3000000119
37511  -49.923  -18.000  -17.808 0.3000000119
27659  -33.748  -30.773  -12.257 0.5000000000
38412  -50.100  -18.171  -18.796 0.3000000119
37500  -49.763  -18.165  -16.785 0.3000000119
26940  -32.882  -31.219  -13.218 0.5000000000
27687  -33.534  -30.292  -14.540 0.5000000000
104973  -33.456  -30.864  -13.079 0.5000000000
27679  -33.760  -30.285  -13.574 0.5000000000
28374  -34.250  -29.580  -12.464 0.5000000000
38418  -50.526  -18.265  -19.501 0.3000000119
28989  -34.418  -28.820  -12.671 0.5000000000
29659  -34.511  -27.765  -12.616 0.5000000000
29674  -34.495  -27.634  -14.437 0.5000000000
101666  -34.527  -26.803  -13.938 0.5000000000
29668  -34.505  -27.630  -13.544 0.5000000000
109092  -34.555  -26.997  -14.762 0.5000000000
106707  -34.351  -28.408  -14.958 0.5000000000
110295  -34.533  -26.285  -13.379 0.5000000000
30389  -34.548  -26.273  -14.610 0.4000000060
31166  -34.524  -25.640  -13.355 0.5000000000
31174  -34.523  -25.297  -14.347 0.4000000060
100101  -34.586  -25.057  -15.454 0.4000000060
109109  -34.535  -24.358  -14.811 0.5000000000
32915  -34.447  -23.606  -14.259 0.4000000060
32917  -34.550  -23.665  -15.059 0.5000000000
95188  -34.506  -23.088  -14.842 0.4000000060
33799  -34.354  -22.633  -14.226 0.3000000119
33808  -34.516  -22.418  -15.064 0.3000000119
34637  -34.366  -21.930  -14.572 0.3000000119
34615  -34.178  -21.849  -13.910 0.3000000119
33810  -34.731  -22.238  -15.893 0.3000000119
99309  -33.905  -21.081  -13.683 0.3000000119
34652  -34.538  -21.502  -15.243 0.3000000119
35554  -34.334  -20.652  -14.919 0.3000000119
103829  -34.232  -21.256  -14.429 0.3000000119
35535  -34.011  -20.483  -14.223 0.3000000119
35576  -34.654  -20.647  -15.673 0.3000000119
36528  -34.378  -19.971  -15.263 0.3000000119
102591  -34.129  -20.014  -14.683 0.3000000119
27686  -33.015  -30.671  -14.792 0.5000000000
33784  -51.927  -22.589  -14.181 0.3000000119
34616  -49.848  -21.241  -13.387 0.4000000060
27693  -32.849  -30.397  -15.434 0.4000000060
28396  -34.028  -29.595  -14.638 0.5000000000
28404  -34.000  -29.255  -15.331 0.4000000060
29680  -34.452  -27.624  -15.438 0.5000000000
31178  -34.571  -25.877  -15.346 0.5000000000
100103  -34.533  -26.869  -12.200 0.5000000000
32845  -46.099  -23.254  -10.220 0.4000000060
33717  -43.935  -22.164  -10.364 0.3000000119
33740  -48.632  -22.315  -11.692 0.4000000060
36501  -49.126  -19.838  -13.860 0.4000000060
26930  -33.241  -31.341  -12.512 0.5000000000
27660  -33.967  -30.228  -12.758 0.5000000000
111783  -34.481  -28.319  -12.005 0.5000000000
30374  -34.537  -26.161  -12.718 0.5000000000
32025  -34.472  -24.826  -13.366 0.5000000000
103667  -34.272  -23.146  -13.474 0.4000000060
34598  -33.861  -21.755  -13.070 0.3000000119
34639  -52.002  -22.042  -15.035 0.3000000119
34617  -50.579  -21.438  -13.930 0.4000000060
34638  -51.165  -21.284  -14.735 0.3000000119
35538  -49.982  -20.801  -13.913 0.4000000060
98525  -49.137  -21.823  -12.326 0.4000000060
36530  -50.571  -19.786  -15.652 0.3000000119
97143  -50.539  -18.669  -17.316 0.3000000119
27677  -32.651  -30.753  -14.057 0.5000000000
27678  -33.179  -30.723  -13.913 0.5000000000
99522  -34.093  -29.690  -13.932 0.5000000000
28389  -34.208  -29.624  -13.149 0.5000000000
29001  -34.393  -29.022  -13.530 0.5000000000
101283  -34.477  -28.328  -13.266 0.5000000000
100102  -34.506  -26.898  -13.050 0.5000000000
104559  -34.451  -28.452  -14.068 0.5000000000
108195  -34.300  -28.990  -14.636 0.5000000000
96452  -34.534  -26.041  -13.910 0.4000000060
32030  -34.472  -24.406  -14.031 0.5000000000
95400  -34.643  -23.144  -15.649 0.3000000119
111405  -49.689  -21.667  -12.854 0.4000000060
21204  -37.228  -38.338  -7.883 0.6999999881
23055  -38.349  -37.065  -10.016 0.6999999881
23054  -38.036  -37.225  -9.145 0.6999999881
22124  -37.959  -38.007  -9.122 0.6999999881
22105  -37.217  -37.487  -7.813 0.6999999881
107336  -36.815  -38.037  -7.335 0.6999999881
23046  -37.629  -36.947  -8.360 0.6999999881
23035  -37.206  -36.650  -7.537 0.6999999881
22104  -36.655  -37.319  -7.021 0.6999999881
31951  -46.710  -24.701  -9.770 0.3000000119
31952  -47.417  -24.947  -9.876 0.3000000119
32827  -47.231  -24.199  -10.146 0.3000000119
32848  -48.300  -23.911  -10.647 0.3000000119
33722  -47.856  -23.328  -10.749 0.3000000119
32847  -47.686  -23.842  -10.457 0.3000000119
101151  -46.055  -24.534  -9.701 0.3000000119
32846  -47.076  -23.392  -10.434 0.3000000119
112984  -48.450  -23.402  -10.996 0.3000000119
32871  -49.639  -23.417  -11.607 0.3000000119
33742  -50.228  -23.119  -12.244 0.3000000119
101691  -37.411  -35.896  -7.418 0.6000000238
111083  -36.780  -36.665  -6.963 0.6999999881
32825  -45.617  -23.972  -9.808 0.3000000119
32826  -46.478  -23.983  -9.972 0.3000000119
33741  -49.420  -22.672  -11.976 0.3000000119
104014  -48.174  -22.815  -11.185 0.3000000119
95134  -50.303  -21.922  -13.190 0.3000000119
100265  -45.038  -23.204  -10.022 0.3000000119
101374  -38.545  -37.148  -13.303 0.6999999881
100975  -39.452  -36.394  -14.366 0.6999999881
22147  -38.513  -37.673  -12.918 0.6999999881
20343  -37.152  -39.275  -7.792 0.6999999881
22141  -38.504  -37.558  -11.831 0.6999999881
21236  -38.495  -38.450  -11.513 0.6999999881
22125  -38.256  -37.826  -9.817 0.6999999881
22116  -37.614  -37.764  -8.514 0.6999999881
106012  -36.635  -38.806  -7.251 0.6999999881
22133  -38.438  -37.698  -10.737 0.6999999881
31953  -48.176  -25.224  -10.027 0.3000000119
31977  -48.776  -24.659  -10.493 0.3000000119
32849  -49.079  -23.860  -11.002 0.3000000119
31998  -49.930  -24.101  -11.245 0.3000000119
32872  -50.729  -23.664  -12.097 0.3000000119
33762  -50.666  -22.660  -12.939 0.3000000119
33763  -51.507  -22.954  -13.350 0.3000000119
33783  -51.039  -22.267  -13.642 0.3000000119
32870  -48.891  -23.086  -11.429 0.3000000119
15738  -43.944  -46.207  -9.690 0.4000000060
16756  -44.583  -45.200  -10.528 0.4000000060
16755  -43.223  -44.985  -9.850 0.4000000060
16747  -41.702  -44.893  -9.370 0.4000000060
16246  -44.809  -45.789  -10.657 0.4000000060
18799  -42.901  -40.915  -10.790 0.5000000000
18793  -43.213  -41.907  -10.775 0.4000000060
108886  -42.660  -43.637  -10.134 0.4000000060
17394  -43.832  -43.688  -10.598 0.4000000060
17380  -42.240  -44.146  -9.744 0.4000000060
18076  -44.251  -42.965  -10.975 0.5000000000
104129  -44.892  -44.534  -10.862 0.4000000060
16763  -45.051  -45.143  -10.988 0.4000000060
112491  -42.278  -41.301  -10.466 0.4000000060
96065  -43.998  -41.268  -11.334 0.5000000000
17401  -44.871  -43.853  -11.277 0.5000000000
16253  -44.889  -45.731  -10.868 0.5000000000
18800  -44.662  -42.222  -11.504 0.5000000000
18081  -45.546  -42.228  -12.132 0.5000000000
16257  -44.687  -45.293  -11.217 0.5000000000
15748  -42.529  -46.146  -10.992 0.5000000000
16252  -41.311  -46.096  -10.809 0.5000000000
102732  -45.019  -43.542  -11.837 0.5000000000
18805  -45.867  -41.457  -12.674 0.6000000238
16256  -43.101  -45.528  -11.325 0.5000000000
94598  -44.248  -43.439  -12.076 0.5000000000
16768  -43.169  -44.790  -11.539 0.5000000000
16254  -41.151  -44.847  -11.143 0.6000000238
103024  -42.124  -44.997  -11.385 0.5000000000
16762  -40.180  -44.748  -10.890 0.5000000000
20392  -45.884  -40.077  -13.045 0.6000000238
18090  -45.046  -42.668  -12.319 0.6000000238
19598  -45.899  -41.057  -13.179 0.6000000238
17409  -42.903  -43.163  -11.948 0.5000000000
16767  -41.762  -44.216  -11.478 0.6000000238
16766  -40.549  -44.142  -11.204 0.6000000238
16765  -39.591  -44.011  -11.042 0.5000000000
16758  -36.450  -44.701  -10.516 0.5000000000
17403  -37.880  -43.733  -11.053 0.5000000000
108231  -38.266  -43.266  -11.247 0.5000000000
17400  -37.481  -43.579  -10.902 0.5000000000
18760  -35.085  -41.750  -7.781 0.4000000060
18812  -44.775  -41.256  -13.097 0.6000000238
19597  -45.096  -40.401  -13.410 0.6000000238
18089  -43.373  -42.475  -12.273 0.5000000000
18773  -35.717  -42.175  -8.214 0.5000000000
18809  -43.274  -41.491  -12.526 0.6000000238
18808  -42.007  -41.730  -12.093 0.6000000238
18774  -36.638  -41.755  -8.434 0.5000000000
18085  -40.809  -42.676  -11.602 0.6000000238
106040  -39.830  -42.854  -11.442 0.6000000238
17405  -39.934  -43.535  -11.261 0.5000000000
17391  -36.436  -43.963  -10.000 0.5000000000
17404  -39.009  -43.209  -11.321 0.5000000000
99719  -38.327  -42.758  -11.378 0.5000000000
18083  -38.826  -42.277  -11.596 0.5000000000
18759  -34.397  -42.077  -7.502 0.4000000060
18031  -34.238  -42.312  -6.735 0.4000000060
19538  -35.310  -40.811  -7.513 0.5000000000
20393  -45.223  -39.441  -13.611 0.6000000238
18761  -36.004  -41.320  -7.852 0.5000000000
19596  -43.834  -39.686  -13.373 0.6000000238
19556  -36.903  -40.814  -8.146 0.5000000000
95957  -42.165  -40.929  -12.385 0.6000000238
18804  -40.864  -41.905  -11.753 0.6000000238
106220  -39.977  -41.464  -11.789 0.6000000238
17392  -37.185  -43.408  -10.477 0.5000000000
18803  -39.081  -41.488  -11.868 0.6000000238
18079  -37.693  -42.846  -10.984 0.5000000000
18082  -38.158  -42.264  -11.372 0.5000000000
18797  -37.895  -42.037  -10.869 0.5000000000
110669  -34.118  -41.580  -7.482 0.4000000060
18030  -33.913  -41.718  -7.172 0.4000000060
20341  -35.768  -40.026  -7.120 0.5000000000
20342  -36.437  -39.667  -7.286 0.5000000000
20356  -36.937  -40.072  -7.711 0.5000000000
20357  -37.606  -40.016  -8.380 0.5000000000
21255  -41.974  -38.272  -13.601 0.6000000238
21256  -43.101  -38.912  -13.508 0.6000000238
111648  -37.492  -40.714  -8.617 0.5000000000
21250  -41.564  -39.097  -12.923 0.6000000238
18806  -39.580  -40.872  -12.039 0.6000000238
18073  -37.497  -42.593  -10.141 0.5000000000
18775  -37.793  -41.718  -9.717 0.5000000000
18790  -38.167  -41.173  -10.499 0.5000000000
18798  -38.294  -41.468  -11.374 0.5000000000
21215  -37.749  -38.771  -8.617 0.6000000238
22152  -41.375  -37.478  -14.005 0.6000000238
19592  -40.299  -40.249  -12.264 0.6000000238
19557  -37.986  -40.710  -9.296 0.5000000000
107628  -37.405  -41.340  -8.823 0.5000000000
100569  -39.738  -39.110  -12.873 0.6000000238
19588  -38.798  -40.762  -12.055 0.5000000000
19582  -38.372  -40.686  -11.254 0.5000000000
107366  -38.559  -40.856  -11.737 0.5000000000
19537  -34.388  -40.713  -7.538 0.4000000060
20328  -35.794  -39.222  -6.770 0.4000000060
18758  -33.861  -41.173  -7.561 0.4000000060
20366  -38.197  -39.620  -9.316 0.6000000238
21248  -39.318  -38.693  -13.155 0.6000000238
19573  -38.376  -40.252  -10.224 0.5000000000
96041  -38.558  -39.250  -12.156 0.6000000238
111523  -38.439  -39.938  -10.980 0.5000000000
20327  -35.112  -39.953  -6.917 0.5000000000
104772  -34.699  -39.400  -6.729 0.4000000060
21226  -38.224  -38.642  -9.565 0.6000000238
20367  -38.427  -39.358  -10.270 0.6000000238
20377  -38.483  -39.266  -11.235 0.5000000000
18056  -36.400  -42.620  -8.783 0.5000000000
18057  -37.222  -42.223  -9.139 0.5000000000
18072  -36.844  -43.057  -9.593 0.5000000000
19589  -45.885  -40.870  -12.623 0.6000000238
112374  -44.559  -38.911  -13.949 0.6000000238
23081  -41.043  -36.745  -14.477 0.6000000238
22151  -39.912  -37.271  -13.928 0.6000000238
21253  -39.176  -37.860  -13.572 0.6000000238
21247  -38.769  -38.264  -13.194 0.6000000238
21227  -38.422  -38.512  -10.499 0.6000000238
17408  -44.979  -44.045  -11.467 0.5000000000
17410  -44.615  -44.068  -11.613 0.5000000000
17406  -41.836  -43.325  -11.677 0.6000000238
19539  -36.248  -40.470  -7.514 0.5000000000
19594  -42.376  -40.153  -12.642 0.6000000238
18802  -38.557  -41.506  -11.666 0.5000000000
19593  -41.353  -40.457  -12.312 0.6000000238
20391  -42.386  -39.507  -12.895 0.6000000238
21249  -40.489  -38.765  -13.036 0.6000000238
19591  -39.247  -40.222  -12.364 0.6000000238
19590  -38.749  -39.931  -12.334 0.6000000238
112433  -38.646  -40.423  -12.022 0.6000000238
20385  -38.521  -40.105  -11.806 0.5000000000
26228  -47.963  -32.307  -9.270 0.3000000119
94153  -47.820  -32.373  -8.091 0.3000000119
26249  -48.715  -32.589  -9.916 0.3000000119
26269  -48.839  -32.777  -11.530 0.3000000119
112674  -49.389  -32.789  -10.674 0.3000000119
26270  -49.786  -33.189  -12.511 0.3000000119
26286  -50.972  -33.074  -13.611 0.3000000119
26903  -48.273  -32.343  -12.204 0.3000000119
26284  -49.386  -32.830  -13.333 0.3000000119
26285  -50.225  -33.140  -13.786 0.3000000119
26915  -51.163  -32.530  -13.478 0.3000000119
96950  -49.795  -32.347  -14.036 0.3000000119
26914  -50.523  -32.634  -14.091 0.3000000119
105309  -51.917  -28.046  -10.011 0.3000000119
29636  -52.436  -27.396  -10.219 0.3000000119
29621  -50.737  -27.488  -9.801 0.3000000119
30349  -51.726  -26.617  -10.277 0.3000000119
29622  -51.520  -27.438  -9.953 0.3000000119
30335  -51.027  -26.908  -9.940 0.3000000119
15749  -44.245  -46.155  -11.011 0.4000000060
26229  -48.798  -32.643  -8.602 0.3000000119
102608  -50.244  -32.860  -10.681 0.3000000119
15746  -43.160  -46.787  -10.757 0.4000000060
26272  -51.595  -32.716  -12.013 0.3000000119
26287  -51.649  -32.445  -12.758 0.3000000119
27648  -50.815  -31.929  -13.572 0.3000000119
102659  -50.995  -30.742  -11.407 0.3000000119
28965  -51.711  -28.790  -10.177 0.3000000119
28966  -52.655  -28.454  -10.265 0.3000000119
28967  -53.630  -28.369  -10.530 0.3000000119
99885  -53.210  -27.734  -10.392 0.3000000119
30350  -53.362  -26.882  -10.663 0.3000000119
104704  -52.567  -26.598  -10.538 0.3000000119
26271  -50.631  -33.131  -12.627 0.3000000119
26916  -51.928  -32.262  -12.675 0.3000000119
13337  -33.275  -51.445  0.181 0.4000000060
12745  -33.639  -50.896  0.022 0.3000000119
13934  -34.323  -49.529  -0.683 0.3000000119
14523  -34.052  -48.774  -0.719 0.3000000119
15726  -35.442  -46.997  -9.182 0.4000000060
15740  -36.124  -46.143  -10.379 0.4000000060
15188  -35.978  -47.462  -8.771 0.4000000060
15193  -37.020  -47.527  -9.493 0.4000000060
16243  -35.261  -45.532  -9.842 0.4000000060
16754  -35.747  -44.777  -9.994 0.4000000060
16244  -35.884  -45.469  -10.394 0.4000000060
16247  -36.658  -45.366  -10.573 0.4000000060
15741  -37.080  -46.173  -10.384 0.4000000060
15742  -38.177  -46.204  -10.333 0.4000000060
16249  -38.727  -45.402  -10.552 0.4000000060
15737  -37.683  -47.046  -9.966 0.4000000060
15197  -38.624  -46.916  -10.116 0.4000000060
17325  -34.597  -43.163  -5.239 0.3000000119
17390  -35.709  -44.155  -9.428 0.4000000060
16764  -38.654  -43.869  -11.032 0.4000000060
17342  -34.564  -43.090  -6.341 0.3000000119
18012  -34.244  -42.313  -5.591 0.3000000119
15743  -39.326  -46.329  -10.365 0.4000000060
16248  -37.635  -45.335  -10.608 0.4000000060
18055  -35.457  -43.015  -8.518 0.4000000060
15177  -36.869  -48.163  -8.117 0.4000000060
15734  -35.116  -46.310  -9.603 0.4000000060
15736  -36.530  -46.857  -10.043 0.4000000060
108769  -44.245  -53.286  -3.359 0.3000000119
12225  -44.361  -52.976  -4.371 0.3000000119
12820  -43.663  -51.789  -5.969 0.3000000119
13429  -42.819  -50.446  -6.846 0.3000000119
14020  -42.420  -49.747  -7.192 0.3000000119
13447  -44.969  -50.006  -8.636 0.3000000119
12848  -44.992  -50.387  -8.623 0.3000000119
12844  -44.761  -51.119  -8.562 0.3000000119
14039  -44.931  -49.200  -8.978 0.3000000119
13450  -44.963  -49.966  -9.010 0.3000000119
13449  -44.174  -50.053  -9.230 0.3000000119
95922  -44.454  -47.847  -9.598 0.3000000119
14639  -44.638  -48.525  -9.358 0.3000000119
14046  -44.438  -48.618  -9.647 0.3000000119
15739  -44.545  -46.295  -10.215 0.3000000119
112899  -44.355  -47.683  -10.179 0.3000000119
14624  -41.933  -49.062  -7.434 0.3000000119
15747  -44.530  -46.315  -10.473 0.3000000119
97393  -44.516  -47.096  -10.143 0.3000000119
12830  -44.276  -51.433  -6.852 0.3000000119
11075  -39.786  -54.562  0.013 0.3000000119
11653  -42.284  -53.425  -1.564 0.4000000060
11670  -44.671  -53.709  -2.993 0.3000000119
12199  -43.114  -52.949  -2.652 0.4000000060
12734  -33.281  -52.104  0.249 0.4000000060
12762  -41.249  -51.901  -2.037 0.4000000060
12792  -40.959  -51.049  -3.124 0.4000000060
12847  -44.419  -50.550  -8.910 0.3000000119
13416  -41.279  -50.423  -5.057 0.4000000060
13418  -43.148  -51.107  -6.427 0.3000000119
13430  -43.911  -50.750  -7.213 0.3000000119
13933  -33.707  -49.488  -0.422 0.3000000119
13949  -39.009  -49.929  -1.943 0.3000000119
13973  -38.831  -49.064  -3.111 0.3000000119
13974  -39.508  -49.482  -3.503 0.3000000119
13987  -39.706  -49.261  -4.292 0.4000000060
14004  -39.931  -49.010  -5.069 0.4000000060
14005  -40.539  -49.406  -5.473 0.4000000060
14019  -41.523  -49.505  -6.748 0.4000000060
14040  -44.990  -49.776  -8.906 0.3000000119
14045  -44.844  -49.315  -9.141 0.3000000119
15146  -37.626  -46.896  -3.855 0.3000000119
15159  -39.264  -47.613  -5.747 0.4000000060
15171  -40.192  -47.719  -6.992 0.4000000060
15179  -40.593  -47.367  -7.722 0.4000000060
15189  -36.681  -47.852  -8.804 0.4000000060
15192  -36.132  -47.303  -9.454 0.4000000060
15679  -37.200  -46.399  -3.377 0.3000000119
15699  -38.209  -46.570  -5.237 0.4000000060
15706  -38.523  -46.505  -5.864 0.4000000060
15714  -39.504  -46.449  -7.247 0.4000000060
15729  -44.242  -46.882  -9.736 0.3000000119
15735  -35.673  -46.706  -9.960 0.4000000060
16184  -36.946  -44.936  -1.928 0.3000000119
16211  -37.627  -45.426  -5.202 0.3000000119
16212  -38.071  -45.957  -5.591 0.3000000119
16219  -38.207  -44.898  -6.522 0.3000000119
16227  -39.053  -44.983  -7.452 0.3000000119
16245  -44.287  -45.728  -10.027 0.4000000060
16251  -40.746  -45.458  -10.838 0.6000000238
16255  -41.762  -45.517  -11.122 0.5000000000
16258  -44.266  -44.572  -11.538 0.5000000000
16719  -37.782  -43.814  -6.229 0.3000000119
16735  -38.523  -44.509  -7.053 0.3000000119
16753  -35.082  -44.745  -9.185 0.4000000060
16759  -37.256  -44.431  -10.756 0.5000000000
16760  -38.174  -44.542  -10.823 0.4000000060
16761  -39.194  -44.649  -10.772 0.4000000060
16769  -45.009  -44.563  -11.255 0.5000000000
17311  -37.079  -42.946  -4.028 0.3000000119
17326  -37.503  -43.176  -5.646 0.3000000119
17378  -40.263  -43.552  -8.981 0.4000000060
17379  -41.147  -43.911  -9.392 0.5000000000
17399  -36.941  -44.039  -10.659 0.5000000000
17402  -37.921  -43.033  -11.215 0.5000000000
17407  -43.248  -43.964  -11.747 0.5000000000
18075  -42.632  -42.819  -10.366 0.4000000060
18080  -45.154  -43.043  -11.688 0.5000000000
18084  -39.821  -42.084  -11.648 0.6000000238
18086  -45.349  -42.881  -12.010 0.5000000000
18087  -45.616  -41.871  -12.357 0.6000000238
18088  -41.917  -42.529  -11.843 0.6000000238
18091  -45.500  -41.645  -12.861 0.6000000238
18683  -39.425  -41.572  -2.427 0.3000000119
18684  -40.141  -41.408  -2.532 0.3000000119
18692  -38.074  -41.180  -3.247 0.3000000119
18694  -41.362  -41.344  -3.165 0.3000000119
18702  -31.456  -41.697  -4.801 0.5000000000
18723  -37.616  -41.796  -5.340 0.3000000119
18777  -40.638  -41.768  -9.485 0.4000000060
18801  -45.380  -41.524  -11.895 0.5000000000
18807  -40.856  -41.060  -11.949 0.6000000238
18810  -46.042  -41.338  -12.986 0.6000000238
18811  -43.571  -40.630  -12.864 0.6000000238
19463  -37.941  -40.804  -3.760 0.3000000119
19584  -43.633  -40.392  -11.253 0.6000000238
19585  -44.897  -40.667  -11.768 0.6000000238
19595  -46.161  -40.944  -13.105 0.6000000238
20296  -41.890  -39.413  -3.956 0.3000000119
20378  -42.569  -39.312  -10.789 0.6000000238
20387  -38.780  -39.061  -12.776 0.6000000238
20388  -39.233  -39.499  -12.704 0.6000000238
20389  -40.305  -39.482  -12.628 0.6000000238
20390  -41.339  -39.823  -12.547 0.6000000238
20394  -45.824  -40.257  -13.154 0.6000000238
21135  -39.287  -38.670  -3.805 0.3000000119
21170  -38.576  -38.660  -5.799 0.3000000119
21205  -39.152  -38.852  -7.033 0.3000000119
21244  -38.577  -38.422  -12.513 0.6999999881
21252  -45.587  -39.108  -12.985 0.6999999881
21254  -40.309  -38.037  -13.478 0.6000000238
22134  -41.614  -36.881  -10.084 0.6000000238
22143  -44.426  -37.759  -12.913 0.6999999881
22149  -38.736  -37.521  -13.502 0.6999999881
22150  -39.023  -37.214  -13.896 0.6000000238
22989  -43.565  -36.013  -4.751 0.3000000119
23000  -34.325  -36.315  -5.568 0.6999999881
23003  -39.499  -36.504  -4.911 0.3000000119
23019  -36.889  -36.039  -6.783 0.6999999881
23076  -38.789  -36.141  -14.062 0.8000000119
23085  -41.052  -35.859  -15.113 0.6000000238
23899  -40.381  -35.474  -4.611 0.3000000119
23900  -41.131  -35.459  -4.281 0.3000000119
23922  -40.273  -34.789  -5.148 0.3000000119
23937  -32.523  -35.677  -6.328 0.5000000000
24010  -43.558  -34.336  -16.270 0.8000000119
24699  -44.078  -34.353  -4.892 0.3000000119
24736  -40.244  -34.381  -5.965 0.4000000060
24737  -47.068  -34.482  -6.213 0.3000000119
24806  -40.163  -33.740  -15.779 0.6999999881
24807  -43.375  -33.426  -16.735 0.6999999881
24809  -42.371  -32.910  -17.350 0.6999999881
24810  -43.064  -33.200  -17.234 0.8000000119
25435  -41.131  -33.538  -5.036 0.4000000060
25449  -40.976  -33.231  -5.558 0.4000000060
25541  -39.727  -33.261  -11.537 0.6000000238
25563  -42.506  -30.816  -15.455 0.6999999881
25566  -43.104  -31.516  -16.906 0.6999999881
25568  -42.810  -32.065  -17.985 0.8000000119
25570  -42.545  -31.153  -18.219 0.6999999881
25571  -43.062  -31.231  -18.161 0.6999999881
26165  -42.033  -32.529  -5.632 0.4000000060
26166  -42.842  -32.509  -5.593 0.4000000060
26207  -40.918  -32.955  -7.845 0.4000000060
26209  -45.883  -31.965  -6.875 0.4000000060
26210  -46.673  -32.181  -7.121 0.4000000060
26227  -41.324  -32.497  -8.455 0.4000000060
26298  -42.018  -31.386  -14.454 0.6999999881
26302  -41.365  -30.404  -14.981 0.6999999881
26307  -41.980  -30.753  -17.441 0.6999999881
26308  -42.851  -30.652  -17.976 0.6999999881
26309  -43.206  -30.891  -17.832 0.6999999881
26878  -39.804  -31.587  -9.441 0.6000000238
26909  -33.180  -31.889  -11.464 0.6000000238
27625  -42.852  -30.357  -10.844 0.5000000000
27666  -47.791  -30.529  -13.526 0.4000000060
28395  -33.656  -29.973  -15.171 0.5000000000
28399  -42.565  -28.793  -16.834 0.5000000000
28920  -37.019  -28.106  -6.988 0.6999999881
28948  -51.199  -28.134  -9.898 0.3000000119
29010  -42.287  -29.412  -17.202 0.5000000000
29014  -43.133  -28.769  -17.659 0.5000000000
29617  -47.039  -26.710  -9.646 0.4000000060
29618  -48.331  -27.402  -9.648 0.4000000060
29681  -43.608  -28.167  -18.067 0.5000000000
29682  -44.136  -27.826  -18.110 0.4000000060
29683  -44.757  -27.293  -17.473 0.4000000060
29689  -44.747  -26.938  -17.814 0.5000000000
30306  -35.733  -26.474  -7.697 0.6000000238
30321  -39.414  -26.733  -8.154 0.6000000238
30392  -44.966  -26.191  -16.517 0.5000000000
30393  -45.260  -26.780  -17.048 0.4000000060
30397  -44.303  -26.541  -17.533 0.5000000000
31175  -42.988  -25.020  -15.536 0.5000000000
31179  -43.741  -25.707  -16.687 0.5000000000
31180  -44.645  -26.157  -17.104 0.5000000000
31976  -47.934  -24.452  -10.295 0.3000000119
31997  -41.043  -23.328  -12.749 0.4000000060
32794  -36.654  -23.875  -7.706 0.6000000238
32892  -51.050  -23.331  -12.652 0.3000000119
33697  -33.877  -21.925  -9.965 0.6000000238
33761  -49.916  -22.313  -12.581 0.3000000119
34572  -41.736  -21.355  -11.012 0.4000000060
34597  -33.612  -21.253  -12.289 0.5000000000
35449  -35.094  -20.114  -8.630 0.6000000238
35450  -35.945  -20.330  -8.424 0.6000000238
35451  -36.776  -20.491  -8.512 0.6000000238
35469  -37.791  -19.827  -9.075 0.6000000238
35524  -48.397  -20.758  -12.518 0.5000000000
36427  -37.370  -19.278  -8.990 0.6000000238
36448  -42.049  -19.973  -10.889 0.4000000060
36498  -33.878  -19.684  -14.146 0.3000000119
36500  -48.474  -19.548  -13.507 0.5000000000
37390  -34.731  -18.483  -9.444 0.5000000000
37393  -37.335  -18.611  -9.193 0.6000000238
37409  -39.475  -18.106  -10.776 0.6000000238
38281  -36.231  -17.234  -9.449 0.5000000000
38306  -39.495  -17.411  -11.002 0.6000000238
38326  -44.156  -17.921  -11.911 0.4000000060
38337  -43.589  -17.346  -12.172 0.4000000060
38349  -33.617  -17.834  -13.274 0.4000000060
39095  -35.539  -16.649  -9.798 0.4000000060
39115  -34.563  -16.602  -10.599 0.3000000119
39116  -35.041  -16.378  -10.233 0.4000000060
39119  -38.907  -16.960  -10.819 0.5000000000
39136  -34.222  -16.466  -11.323 0.3000000119
39138  -39.455  -16.730  -11.274 0.5000000000
39156  -33.663  -17.139  -12.797 0.4000000060
39157  -33.875  -16.368  -12.251 0.3000000119
39912  -36.116  -15.536  -10.429 0.3000000119
39938  -37.705  -15.197  -10.999 0.4000000060
39939  -38.537  -15.557  -11.330 0.4000000060
39958  -39.724  -15.151  -12.498 0.4000000060
39961  -41.912  -15.908  -12.886 0.4000000060
39981  -43.111  -15.862  -13.796 0.4000000060
40001  -43.556  -15.441  -15.522 0.4000000060
40026  -46.379  -15.683  -17.639 0.3000000119
40677  -35.848  -14.952  -10.917 0.3000000119
40712  -34.880  -14.727  -11.703 0.3000000119
40742  -39.341  -14.549  -12.566 0.3000000119
40781  -40.777  -14.247  -14.236 0.3000000119
40782  -41.320  -14.499  -14.689 0.4000000060
40798  -34.591  -14.612  -16.313 0.3000000119
40827  -44.981  -14.289  -18.154 0.3000000119
41481  -36.777  -13.787  -11.667 0.3000000119
41514  -35.750  -13.459  -12.386 0.3000000119
41516  -37.256  -13.291  -12.166 0.3000000119
41533  -35.517  -13.100  -12.977 0.3000000119
41535  -39.098  -13.197  -13.116 0.3000000119
41553  -40.887  -13.753  -14.640 0.3000000119
41569  -34.572  -13.642  -15.110 0.3000000119
41571  -41.833  -13.903  -15.705 0.3000000119
41580  -42.770  -13.973  -16.831 0.3000000119
42373  -35.157  -12.899  -13.748 0.3000000119
42375  -36.645  -12.202  -13.064 0.3000000119
42377  -38.399  -12.398  -13.155 0.3000000119
42402  -41.034  -12.948  -14.961 0.3000000119
42433  -40.831  -11.975  -14.988 0.3000000119
42501  -43.792  -12.506  -18.340 0.3000000119
43431  -36.683  -11.284  -14.196 0.3000000119
43433  -38.422  -10.998  -14.129 0.3000000119
43490  -43.443  -11.596  -18.203 0.3000000119
44468  -38.150  -9.960  -15.172 0.3000000119
45462  -37.499  -9.780  -15.802 0.3000000119
45464  -38.790  -9.531  -15.655 0.3000000119
45473  -37.098  -9.689  -16.606 0.3000000119
45477  -40.306  -9.376  -16.231 0.3000000119
46514  -38.755  -8.522  -16.716 0.3000000119
46517  -40.943  -9.060  -16.736 0.3000000119
93904  -44.051  -24.920  -10.428 0.4000000060
94837  -43.984  -20.770  -10.555 0.4000000060
95545  -48.292  -28.740  -10.476 0.4000000060
95841  -34.312  -29.161  -14.156 0.5000000000
96305  -44.567  -47.847  -9.899 0.3000000119
96321  -47.582  -17.430  -15.321 0.4000000060
96571  -46.871  -25.371  -9.654 0.4000000060
96701  -33.923  -23.277  -11.982 0.6000000238
97493  -34.471  -31.489  -7.807 0.6999999881
98298  -38.661  -42.063  -7.400 0.3000000119
98624  -42.208  -17.844  -11.581 0.4000000060
98843  -44.365  -41.941  -12.586 0.6000000238
99385  -42.304  -9.621  -17.410 0.3000000119
99405  -36.331  -11.130  -15.030 0.3000000119
99648  -34.463  -41.384  -7.618 0.4000000060
99746  -36.885  -45.104  -3.463 0.3000000119
100068  -41.984  -41.920  -10.293 0.5000000000
101078  -33.329  -50.141  -0.174 0.3000000119
101418  -45.028  -43.575  -11.736 0.5000000000
101457  -41.783  -50.599  -5.698 0.4000000060
101677  -41.752  -36.750  -4.016 0.3000000119
102061  -36.871  -45.601  -2.751 0.3000000119
102278  -42.812  -53.919  -1.673 0.4000000060
102748  -38.444  -17.158  -10.414 0.6000000238
102823  -35.221  -20.740  -8.485 0.6000000238
102839  -40.192  -41.325  -9.099 0.4000000060
103113  -44.481  -47.210  -10.212 0.3000000119
103268  -45.401  -40.192  -12.339 0.6000000238
103322  -33.352  -48.919  -0.498 0.3000000119
103906  -33.582  -20.108  -11.453 0.5000000000
104132  -41.130  -36.707  -9.390 0.6000000238
104274  -44.941  -37.894  -14.302 0.6999999881
104361  -39.385  -37.233  -4.553 0.3000000119
104562  -39.648  -21.174  -10.609 0.5000000000
104667  -42.150  -31.268  -8.032 0.4000000060
104699  -43.535  -44.357  -10.263 0.4000000060
105208  -39.697  -40.837  -8.524 0.3000000119
105930  -38.558  -38.408  -5.175 0.3000000119
106952  -40.759  -43.455  -11.433 0.6000000238
107228  -42.329  -47.290  -10.587 0.4000000060
107869  -34.618  -25.647  -16.094 0.5000000000
108290  -35.155  -12.781  -16.662 0.3000000119
109196  -40.227  -17.258  -11.388 0.5000000000
109309  -37.342  -48.060  -9.068 0.4000000060
109854  -45.024  -44.487  -11.204 0.4000000060
110230  -33.218  -35.609  -5.911 0.8000000119
110626  -35.499  -46.091  -10.196 0.4000000060
110648  -33.708  -17.810  -13.934 0.4000000060
110698  -45.370  -10.541  -20.530 0.3000000119
110931  -47.658  -27.302  -9.705 0.4000000060
111142  -44.675  -16.254  -14.459 0.3000000119
111921  -40.361  -38.484  -3.584 0.3000000119
112027  -46.790  -12.368  -19.697 0.3000000119
112378  -39.715  -39.867  -12.463 0.6000000238
112676  -44.280  -22.826  -10.246 0.4000000060
113043  -37.331  -30.088  -6.559 0.8000000119
113418  -40.570  -13.137  -14.471 0.3000000119
