#!ascii label  , from subject sub-v2s15x29740_ses-1 vox2ras=TkReg
1522
107591  38.439  -45.379  -16.537 0.6000000238
12902  37.785  -46.120  -15.028 0.5000000000
112541  38.352  -43.944  -16.909 0.6999999881
102742  38.636  -43.919  -17.414 0.6000000238
14690  39.147  -43.974  -18.155 0.6000000238
14695  39.288  -43.404  -18.591 0.6000000238
99805  37.950  -44.864  -15.988 0.6999999881
14080  38.468  -44.607  -16.893 0.6000000238
14089  39.041  -44.698  -17.709 0.5000000000
14088  39.464  -44.712  -18.381 0.5000000000
98824  39.556  -43.333  -19.213 0.6000000238
13479  37.702  -45.416  -15.300 0.5000000000
13478  38.130  -45.795  -15.883 0.5000000000
13491  38.945  -45.431  -17.247 0.6000000238
15366  39.709  -42.808  -19.679 0.6000000238
11813  38.581  -48.234  -14.103 0.5000000000
11805  38.517  -48.342  -13.182 0.5000000000
16025  38.318  -41.202  -17.731 0.6000000238
110471  38.684  -41.127  -18.544 0.6999999881
15336  37.450  -42.574  -15.674 0.6000000238
15348  37.908  -42.643  -16.538 0.6999999881
15357  38.368  -42.036  -17.458 0.6000000238
16037  38.753  -41.922  -18.221 0.6000000238
15364  39.260  -42.584  -18.820 0.6000000238
14070  37.627  -44.064  -15.645 0.6000000238
14081  38.065  -44.002  -16.418 0.6999999881
111411  39.471  -42.130  -19.478 0.6000000238
13470  37.418  -45.461  -14.419 0.5000000000
14060  37.198  -44.552  -14.257 0.5000000000
103426  39.841  -42.163  -20.186 0.6000000238
12895  37.563  -46.304  -14.115 0.5000000000
15368  40.373  -42.178  -20.939 0.6000000238
12889  37.523  -46.397  -13.230 0.5000000000
102246  40.795  -42.764  -21.658 0.6000000238
15376  41.262  -41.832  -23.279 0.6999999881
109213  41.231  -42.491  -22.590 0.6000000238
16056  41.237  -41.328  -24.612 0.6999999881
15379  41.537  -42.422  -24.105 0.6000000238
15380  41.112  -42.762  -24.352 0.6000000238
15377  39.745  -42.563  -23.703 0.6000000238
15381  40.602  -42.346  -24.424 0.6000000238
109079  36.197  -40.601  -18.911 0.5000000000
17529  34.817  -39.511  -17.978 0.6999999881
16766  35.569  -40.094  -18.427 0.6000000238
16753  34.828  -39.901  -17.044 0.6999999881
112406  38.349  -40.623  -18.195 0.6000000238
16763  38.579  -40.441  -18.834 0.6999999881
16013  37.685  -41.969  -16.381 0.6999999881
15358  38.057  -42.130  -16.906 0.6999999881
16026  37.938  -41.464  -16.988 0.6000000238
16036  39.160  -41.660  -18.992 0.6999999881
16042  39.075  -40.915  -19.280 0.6999999881
15324  37.092  -42.869  -14.818 0.6000000238
15337  36.970  -42.154  -14.840 0.6000000238
16773  39.370  -40.721  -20.106 0.8000000119
14640  36.850  -43.216  -13.130 0.5000000000
14061  37.004  -43.576  -14.227 0.5000000000
98422  39.587  -40.545  -21.068 0.8000000119
16046  39.887  -41.391  -20.797 0.6000000238
14051  37.283  -44.840  -12.779 0.5000000000
95363  37.235  -45.112  -13.520 0.5000000000
16050  40.169  -40.944  -21.787 0.8000000119
15373  40.650  -41.754  -21.967 0.6000000238
12369  38.317  -47.721  -12.693 0.5000000000
16782  40.768  -40.863  -23.190 0.8000000119
94424  41.294  -41.174  -24.061 0.8000000119
16790  40.440  -40.311  -25.559 0.6999999881
16787  41.073  -40.513  -24.848 0.6999999881
101989  38.667  -41.214  -23.785 0.6999999881
16058  39.592  -41.126  -24.799 0.6999999881
15383  41.073  -42.065  -24.637 0.6999999881
16785  38.022  -40.797  -23.390 0.6000000238
16054  39.154  -41.801  -23.716 0.6000000238
16057  39.933  -41.865  -24.429 0.6000000238
16779  37.233  -40.784  -21.152 0.6999999881
16052  37.825  -41.388  -21.557 0.6999999881
16055  38.320  -41.488  -22.679 0.6000000238
16775  36.365  -40.362  -19.750 0.6999999881
16049  36.991  -40.895  -20.227 0.6000000238
16776  35.716  -39.837  -19.289 0.8000000119
109035  36.720  -41.152  -19.395 0.6000000238
17543  34.172  -39.288  -18.735 0.8999999762
17513  34.311  -39.437  -16.498 0.6999999881
101118  33.841  -39.079  -18.175 0.8000000119
16764  38.160  -39.976  -18.348 0.6000000238
17540  38.392  -39.757  -19.088 0.6999999881
111509  37.960  -40.935  -17.265 0.6000000238
104219  38.583  -39.669  -19.749 0.6000000238
98780  36.438  -40.284  -14.797 0.4000000060
16002  37.289  -41.695  -15.656 0.6000000238
16739  37.556  -40.694  -16.735 0.6000000238
16774  38.835  -40.250  -19.578 0.6999999881
16003  36.742  -41.307  -14.819 0.6000000238
16778  39.034  -39.958  -20.423 0.8000000119
102882  37.000  -42.565  -12.632 0.4000000060
15313  36.660  -42.188  -13.206 0.5000000000
15325  36.737  -42.644  -13.985 0.6000000238
14039  37.160  -44.003  -12.649 0.5000000000
96184  39.863  -40.276  -22.219 0.8000000119
13449  37.564  -45.369  -12.281 0.4000000060
17570  40.289  -39.687  -23.935 0.8000000119
12884  37.720  -46.301  -12.376 0.5000000000
16789  38.007  -40.148  -24.257 0.8000000119
16791  39.521  -40.364  -25.365 0.6999999881
17577  40.497  -39.581  -25.504 0.8000000119
109842  36.961  -40.189  -22.538 0.8000000119
16788  38.692  -40.640  -24.458 0.6999999881
96715  36.348  -39.703  -22.391 0.8999999762
16784  36.740  -40.229  -21.699 0.8999999762
16786  37.381  -40.288  -23.267 0.6999999881
16780  36.528  -40.253  -20.682 0.8999999762
16783  37.516  -40.731  -22.269 0.6999999881
17542  34.995  -39.420  -18.903 0.8999999762
17556  35.089  -39.380  -19.767 0.8999999762
96285  33.158  -38.770  -16.144 0.8000000119
17496  32.574  -38.731  -15.486 0.8000000119
17514  33.688  -38.931  -16.760 0.8000000119
98520  33.843  -39.129  -16.038 0.8000000119
17531  33.280  -39.030  -17.634 0.8000000119
17530  34.233  -39.152  -17.313 0.6999999881
17541  37.830  -39.160  -18.653 0.6999999881
110366  38.180  -39.107  -19.481 0.6000000238
16751  37.927  -40.398  -17.590 0.6000000238
17527  37.631  -39.545  -17.850 0.5000000000
17554  38.474  -39.234  -20.263 0.6999999881
17494  36.221  -39.291  -15.294 0.4000000060
16740  36.861  -40.032  -16.031 0.5000000000
17511  37.306  -39.809  -17.023 0.6000000238
107319  36.406  -40.958  -13.905 0.5000000000
17560  39.350  -39.932  -21.362 0.6999999881
16686  36.772  -40.660  -12.790 0.5000000000
96006  36.551  -41.797  -13.960 0.6000000238
15301  37.484  -42.101  -12.225 0.4000000060
15302  36.793  -41.532  -12.789 0.4000000060
18356  39.464  -38.129  -25.456 0.8000000119
15285  37.974  -42.812  -11.861 0.4000000060
18355  39.772  -38.839  -25.760 0.8000000119
17578  40.083  -38.831  -25.140 0.8000000119
103513  38.081  -44.973  -11.642 0.3000000119
17579  37.296  -39.604  -24.210 0.8000000119
17583  38.255  -39.336  -25.285 0.8000000119
17582  39.515  -38.878  -25.936 0.8000000119
17573  36.585  -39.356  -23.441 0.8000000119
16792  38.907  -39.884  -25.298 0.8000000119
17574  35.502  -39.214  -22.051 0.8999999762
17572  36.886  -39.876  -23.141 0.8999999762
17567  34.872  -39.211  -21.225 0.8999999762
17561  35.894  -39.622  -21.213 0.8999999762
17562  35.238  -39.377  -20.537 0.8999999762
111543  32.086  -38.748  -14.967 0.8000000119
17557  34.052  -39.477  -19.517 0.8999999762
17544  33.227  -39.448  -19.101 0.8000000119
18323  37.407  -38.440  -18.497 0.6000000238
18333  38.016  -38.492  -20.025 0.6000000238
18314  36.926  -38.137  -17.861 0.6000000238
98134  35.909  -38.539  -14.602 0.4000000060
18293  35.980  -38.299  -15.685 0.4000000060
17512  36.599  -39.141  -16.421 0.4000000060
17528  37.062  -38.975  -17.375 0.5000000000
95573  38.804  -39.403  -21.176 0.6999999881
17478  36.090  -39.367  -14.209 0.4000000060
104065  38.642  -38.802  -22.079 0.6999999881
17462  36.405  -39.356  -13.388 0.5000000000
18269  37.449  -39.102  -12.792 0.5000000000
18357  38.966  -37.821  -24.553 0.8000000119
17571  39.307  -38.709  -23.764 0.8000000119
18363  37.762  -38.090  -25.594 0.8000000119
18350  36.239  -38.679  -23.731 0.8000000119
18351  35.331  -38.624  -22.843 0.8999999762
99228  36.015  -39.151  -22.829 0.8999999762
17575  34.556  -38.900  -21.957 0.8999999762
17563  34.021  -39.551  -20.525 0.8999999762
17564  33.188  -39.614  -20.099 1.0000000000
17516  32.086  -38.683  -16.439 0.8000000119
17515  32.837  -38.812  -17.115 0.8000000119
17558  32.837  -39.319  -19.630 1.0000000000
105089  33.028  -39.274  -18.345 0.8000000119
17532  32.783  -38.994  -17.935 0.8000000119
18334  37.670  -38.325  -19.213 0.6000000238
19165  37.436  -37.204  -20.075 0.6000000238
18341  37.637  -37.850  -20.673 0.6999999881
19117  35.777  -37.328  -15.357 0.4000000060
19126  35.988  -37.500  -16.294 0.4000000060
18300  36.453  -38.264  -16.854 0.4000000060
18286  35.990  -37.869  -14.114 0.4000000060
18276  36.854  -38.504  -13.028 0.5000000000
19104  36.399  -37.297  -13.801 0.4000000060
18349  38.384  -38.126  -23.104 0.8000000119
18361  39.277  -37.989  -26.008 0.8000000119
19182  38.270  -37.405  -24.312 0.8000000119
18358  36.928  -37.869  -25.052 0.8000000119
18362  38.467  -37.606  -25.801 0.8000000119
18359  35.846  -38.004  -23.924 0.8000000119
17580  36.997  -38.799  -24.639 0.8000000119
17568  33.708  -39.360  -21.391 0.8999999762
18346  33.605  -38.952  -21.984 0.8999999762
17569  33.107  -39.597  -20.959 1.0000000000
17565  32.821  -39.367  -20.507 1.0000000000
18301  32.363  -38.581  -17.320 0.8000000119
17497  31.587  -38.803  -15.721 0.8000000119
18315  32.527  -38.614  -18.190 0.8000000119
17545  32.849  -39.177  -18.732 0.8000000119
19939  36.811  -37.188  -18.073 0.6000000238
19147  37.226  -37.729  -18.645 0.6000000238
19156  37.396  -37.438  -19.357 0.6000000238
18345  37.929  -38.110  -21.769 0.6999999881
19171  37.388  -37.337  -21.575 0.6999999881
97961  35.803  -36.817  -15.831 0.4000000060
19915  36.023  -36.724  -16.603 0.5000000000
19139  36.405  -37.415  -17.233 0.5000000000
19175  37.667  -37.495  -22.829 0.8000000119
101420  35.790  -37.817  -14.804 0.4000000060
19895  36.946  -36.033  -13.962 0.4000000060
19896  36.242  -36.174  -14.524 0.4000000060
19187  38.111  -37.175  -25.771 0.8000000119
19181  38.734  -37.520  -25.602 0.8000000119
95511  37.829  -37.417  -25.758 0.8000000119
18352  34.156  -38.382  -22.534 0.8999999762
19176  34.150  -37.563  -23.064 0.8000000119
18347  33.016  -39.231  -21.674 1.0000000000
18348  32.778  -39.164  -21.243 1.0000000000
19178  32.601  -37.769  -22.294 1.0000000000
18342  32.577  -38.804  -20.808 1.0000000000
19148  32.303  -37.687  -18.571 1.0000000000
18302  31.635  -38.428  -16.715 0.8000000119
19140  32.009  -38.011  -17.528 1.0000000000
19947  32.353  -36.809  -19.339 1.0000000000
98360  32.345  -35.909  -19.112 1.0000000000
19940  32.175  -36.509  -18.474 1.0000000000
19929  31.901  -36.232  -17.732 1.0000000000
20811  32.303  -35.716  -18.196 1.0000000000
111002  37.348  -37.056  -20.769 0.6999999881
114076  37.394  -35.875  -20.760 0.6999999881
20808  37.241  -36.078  -18.951 0.6000000238
19946  37.348  -36.622  -19.538 0.6000000238
19928  36.421  -36.562  -17.462 0.6000000238
102795  35.866  -36.099  -15.872 0.5000000000
110124  36.950  -36.175  -23.423 0.8000000119
20766  36.614  -35.360  -14.569 0.4000000060
19975  37.605  -36.788  -24.292 0.8000000119
109860  38.161  -37.077  -25.386 0.8000000119
19183  36.433  -37.191  -25.034 0.8000000119
19188  37.458  -37.125  -25.519 0.8000000119
19184  35.292  -37.368  -23.942 0.6999999881
113331  33.573  -38.051  -22.619 0.8999999762
19185  33.357  -36.791  -23.202 0.8000000119
19177  33.099  -37.633  -22.696 0.8999999762
19970  32.619  -36.822  -22.760 1.0000000000
19172  32.405  -37.819  -21.717 1.0000000000
19964  32.368  -36.792  -22.218 1.0000000000
20839  32.246  -35.984  -22.320 1.0000000000
19166  32.410  -37.976  -20.778 1.0000000000
20832  32.259  -35.985  -21.326 1.0000000000
103333  32.343  -36.855  -21.172 1.0000000000
20822  32.332  -36.132  -20.200 1.0000000000
19930  31.737  -37.021  -17.226 1.0000000000
19127  31.270  -37.786  -16.739 1.0000000000
19149  32.079  -37.114  -17.847 1.0000000000
20799  31.627  -36.082  -17.124 1.0000000000
20798  32.171  -35.453  -17.246 1.0000000000
19958  37.425  -36.324  -20.331 0.6999999881
19963  37.197  -36.368  -21.261 0.6999999881
20809  36.932  -35.549  -18.370 0.5000000000
20820  37.497  -35.757  -19.682 0.6999999881
19968  37.142  -36.735  -22.520 0.6999999881
98456  36.835  -36.346  -18.243 0.6000000238
20797  36.365  -35.020  -16.956 0.5000000000
99184  36.521  -35.743  -17.624 0.5000000000
19976  37.166  -36.088  -24.804 0.8000000119
19980  37.507  -36.897  -25.360 0.6999999881
19189  36.928  -36.541  -25.379 0.8000000119
19977  35.868  -36.531  -24.878 0.8000000119
19978  34.568  -36.689  -23.780 0.6999999881
97826  33.724  -36.102  -23.702 0.8999999762
19984  33.481  -35.421  -23.970 0.8000000119
20854  33.497  -34.950  -24.138 0.8000000119
22513  34.216  -33.947  -24.525 0.8000000119
19979  32.729  -36.020  -23.360 0.8999999762
21741  33.778  -34.569  -24.065 0.8000000119
19971  32.357  -36.222  -22.824 1.0000000000
20850  32.970  -35.389  -23.538 0.8999999762
21737  33.770  -34.478  -23.171 0.8999999762
22509  34.275  -33.973  -23.524 0.8000000119
20846  32.671  -35.395  -22.570 0.8999999762
19959  32.396  -37.211  -20.168 1.0000000000
20821  32.881  -35.412  -19.625 1.0000000000
20786  31.570  -35.465  -16.534 1.0000000000
21710  33.534  -34.828  -20.035 1.0000000000
20810  32.922  -35.297  -18.667 1.0000000000
98160  33.598  -34.788  -19.101 1.0000000000
99887  33.618  -34.673  -18.187 1.0000000000
99911  32.803  -34.714  -16.870 1.0000000000
110410  37.746  -34.840  -19.873 0.6999999881
20830  37.588  -35.480  -20.393 0.6999999881
20837  37.366  -35.395  -21.201 0.6999999881
95224  36.862  -35.812  -22.173 0.6999999881
94606  37.346  -35.236  -19.083 0.6000000238
109330  36.672  -35.088  -17.786 0.5000000000
19969  36.650  -35.452  -23.293 0.6999999881
21677  36.766  -34.378  -17.471 0.5000000000
101641  36.392  -35.237  -25.199 0.6999999881
19981  36.817  -35.957  -25.233 0.6999999881
19982  36.327  -35.826  -25.210 0.6999999881
19983  34.831  -35.819  -24.448 0.6999999881
21744  34.209  -34.398  -24.874 0.8000000119
21747  34.713  -33.915  -25.697 0.8000000119
23338  34.804  -33.069  -25.711 0.8000000119
22517  34.533  -33.706  -25.318 0.8000000119
22516  34.632  -33.325  -24.889 0.8000000119
21738  33.142  -34.890  -22.861 1.0000000000
110745  34.334  -34.026  -22.680 0.8999999762
22512  34.817  -33.393  -23.857 0.8000000119
99103  33.931  -34.437  -22.287 1.0000000000
22508  34.962  -33.416  -22.663 0.8000000119
20838  32.727  -35.459  -21.624 1.0000000000
21732  33.312  -34.895  -21.935 1.0000000000
20831  32.831  -35.464  -20.617 1.0000000000
21709  34.281  -34.262  -19.529 1.0000000000
21696  34.252  -34.229  -18.626 1.0000000000
21678  34.163  -34.148  -17.872 1.0000000000
21679  33.617  -34.322  -17.244 1.0000000000
107576  32.166  -34.914  -16.593 1.0000000000
94567  37.860  -34.757  -20.695 0.6999999881
21730  37.726  -34.553  -21.409 0.6999999881
20845  36.919  -34.978  -22.119 0.6000000238
21736  36.692  -34.693  -23.189 0.6000000238
21740  36.562  -34.511  -24.355 0.6000000238
20849  36.555  -35.353  -24.657 0.6999999881
20851  36.284  -34.973  -25.361 0.6999999881
20852  35.514  -35.204  -25.278 0.6999999881
21749  35.112  -33.594  -26.176 0.8000000119
20856  34.944  -34.543  -25.497 0.8000000119
23341  35.030  -32.393  -26.166 0.8000000119
23337  35.021  -32.661  -25.131 0.8000000119
23335  35.519  -32.701  -23.215 0.8000000119
22504  34.566  -33.845  -21.893 0.8000000119
23331  35.649  -32.749  -22.082 0.8000000119
21720  34.237  -34.302  -20.464 1.0000000000
95441  34.732  -33.728  -20.986 1.0000000000
22490  34.868  -33.566  -20.034 1.0000000000
22489  35.337  -33.142  -20.708 0.8999999762
22475  34.736  -33.608  -19.094 1.0000000000
22464  35.028  -33.027  -18.746 1.0000000000
20774  31.121  -35.008  -15.929 1.0000000000
22447  34.228  -33.626  -17.327 1.0000000000
21660  32.475  -34.330  -16.230 1.0000000000
21661  31.798  -34.650  -16.115 1.0000000000
21659  33.211  -33.980  -16.418 1.0000000000
104236  37.410  -34.259  -22.233 0.6999999881
99748  36.511  -34.387  -25.384 0.6000000238
21743  36.339  -34.312  -25.949 0.6999999881
20855  36.034  -34.645  -25.809 0.6999999881
21746  35.433  -34.103  -26.124 0.6999999881
21748  35.670  -33.628  -26.596 0.8000000119
22522  35.194  -33.146  -26.548 0.6999999881
113508  35.165  -32.053  -26.744 0.6999999881
24186  35.388  -31.793  -25.151 0.6999999881
109717  35.819  -31.633  -24.094 0.6999999881
24181  35.984  -31.896  -23.302 0.6999999881
110361  36.011  -32.196  -21.642 0.8000000119
23330  36.051  -32.105  -22.397 0.6999999881
96230  35.393  -32.939  -20.081 0.8999999762
22474  35.241  -32.994  -19.430 1.0000000000
21644  31.377  -34.216  -15.698 1.0000000000
109266  34.596  -33.504  -18.174 1.0000000000
21643  32.040  -34.058  -15.807 1.0000000000
22448  33.809  -33.606  -16.707 1.0000000000
21739  37.064  -33.936  -23.185 0.6000000238
22511  36.781  -33.779  -24.338 0.6000000238
22515  36.659  -33.774  -25.641 0.6000000238
22518  36.326  -33.740  -26.455 0.6000000238
21745  36.146  -34.025  -26.376 0.6000000238
22520  36.112  -33.535  -26.754 0.6999999881
23343  35.239  -32.507  -26.846 0.6999999881
24189  35.179  -31.661  -26.443 0.6999999881
25153  35.459  -30.960  -25.698 0.6999999881
24185  35.908  -30.996  -24.474 0.6999999881
104964  36.457  -24.972  -31.280 0.3000000119
24177  36.381  -31.344  -22.599 0.6999999881
100232  36.290  -31.160  -23.494 0.6999999881
30527  37.466  -23.272  -29.721 0.3000000119
24175  36.329  -31.540  -21.746 0.8000000119
19908  27.518  -36.462  -15.709 0.8999999762
23299  35.589  -32.390  -19.752 1.0000000000
20777  28.921  -35.638  -15.464 1.0000000000
21645  30.539  -34.450  -15.546 1.0000000000
20776  29.711  -35.578  -15.598 1.0000000000
23273  34.968  -32.695  -18.088 1.0000000000
22432  33.451  -33.084  -16.120 1.0000000000
22510  37.576  -33.164  -23.300 0.6000000238
22514  37.000  -33.218  -24.485 0.6000000238
23336  36.880  -32.947  -25.214 0.6000000238
23339  36.812  -32.465  -25.805 0.6000000238
24188  36.481  -32.261  -26.825 0.6999999881
23340  36.585  -33.184  -26.367 0.6000000238
23342  36.194  -33.019  -27.043 0.6999999881
26923  38.592  -28.306  -26.355 0.3000000119
23345  35.735  -32.383  -27.268 0.6999999881
24193  35.367  -31.691  -27.130 0.6999999881
96098  35.218  -31.020  -26.866 0.6999999881
29617  35.690  -26.250  -31.947 0.3000000119
29612  34.076  -24.691  -31.147 0.4000000060
30536  34.833  -23.579  -31.417 0.4000000060
100195  35.288  -23.369  -29.506 0.4000000060
19920  26.702  -36.811  -16.227 0.6999999881
31249  35.220  -23.858  -26.283 0.3000000119
30528  36.186  -22.470  -29.877 0.3000000119
25139  36.575  -30.666  -21.971 0.6999999881
20778  28.073  -35.684  -15.428 0.8999999762
30497  35.512  -24.289  -26.674 0.3000000119
30519  36.300  -24.090  -28.840 0.3000000119
23326  36.110  -31.856  -20.904 0.8000000119
100365  28.451  -34.852  -15.292 0.8999999762
106773  35.609  -24.703  -27.889 0.3000000119
113806  35.901  -31.913  -20.153 0.8000000119
24136  35.640  -31.382  -18.584 1.0000000000
105872  34.758  -32.346  -17.283 1.0000000000
22412  31.720  -33.419  -15.552 1.0000000000
22431  34.235  -32.892  -16.720 1.0000000000
22411  32.643  -33.521  -15.848 1.0000000000
108031  32.938  -32.909  -15.756 1.0000000000
23236  33.147  -32.277  -15.711 1.0000000000
24191  36.633  -31.367  -26.801 0.6999999881
26914  39.012  -28.798  -25.508 0.3000000119
26915  38.166  -28.888  -25.755 0.4000000060
24192  36.212  -31.478  -27.364 0.6999999881
106477  36.030  -32.096  -27.371 0.6999999881
112373  35.707  -31.840  -27.377 0.6999999881
26924  37.568  -28.639  -26.909 0.4000000060
27901  37.725  -27.756  -28.321 0.3000000119
26932  36.962  -28.585  -28.096 0.5000000000
25166  35.367  -30.482  -27.290 0.6999999881
25158  35.498  -30.294  -26.268 0.6999999881
27911  37.363  -27.816  -29.101 0.5000000000
28775  37.146  -28.543  -30.829 0.4000000060
110610  35.739  -28.325  -29.425 0.6000000238
27919  35.446  -27.313  -29.756 0.5000000000
25152  36.200  -30.118  -24.870 0.6999999881
28785  35.625  -27.205  -32.123 0.3000000119
25146  36.486  -30.366  -23.734 0.6999999881
30471  34.461  -24.261  -24.972 0.4000000060
106034  35.384  -25.965  -28.975 0.4000000060
25142  36.572  -30.527  -22.837 0.6999999881
99317  26.163  -36.184  -16.374 0.6999999881
105987  34.363  -23.549  -25.074 0.4000000060
101007  34.455  -24.232  -30.137 0.4000000060
30520  35.476  -24.678  -29.009 0.4000000060
19133  25.898  -37.066  -16.969 0.6000000238
31239  34.790  -23.668  -25.880 0.3000000119
30498  34.875  -24.232  -26.385 0.3000000119
30486  34.564  -24.033  -25.636 0.4000000060
29586  35.487  -25.435  -28.102 0.4000000060
97180  36.460  -30.915  -21.101 0.6999999881
101033  36.660  -29.833  -22.306 0.6999999881
20779  27.264  -35.614  -15.590 0.6999999881
29569  34.781  -24.722  -26.081 0.4000000060
98666  35.198  -25.059  -27.247 0.4000000060
24153  36.260  -31.127  -20.166 0.8000000119
30509  35.271  -24.575  -27.003 0.3000000119
109898  34.988  -24.708  -26.666 0.4000000060
21646  29.748  -34.304  -15.339 1.0000000000
25120  36.059  -30.829  -19.229 0.8999999762
23272  35.255  -31.903  -17.908 1.0000000000
23258  33.863  -32.362  -16.131 1.0000000000
100801  34.409  -31.982  -16.515 1.0000000000
96709  32.368  -32.760  -15.596 1.0000000000
23237  31.412  -32.584  -15.459 1.0000000000
24093  32.222  -31.892  -15.546 1.0000000000
24187  37.028  -31.430  -25.457 0.6000000238
25157  37.078  -30.440  -25.921 0.6000000238
25164  36.487  -30.751  -27.254 0.6999999881
26044  37.132  -29.636  -26.645 0.5000000000
25165  35.954  -30.716  -27.679 0.6999999881
24197  35.739  -31.319  -27.488 0.6999999881
106230  35.467  -30.983  -27.308 0.6999999881
26051  36.513  -29.577  -27.987 0.6000000238
25171  35.701  -30.424  -27.678 0.6999999881
26941  36.450  -28.722  -28.908 0.6000000238
27912  36.137  -28.630  -29.344 0.6000000238
26039  35.460  -29.756  -26.876 0.6999999881
27918  35.879  -28.242  -30.051 0.5000000000
27913  35.446  -28.010  -28.986 0.6000000238
27902  35.482  -28.354  -28.383 0.6000000238
26032  36.066  -29.467  -25.623 0.6000000238
30455  35.052  -24.781  -23.575 0.4000000060
29608  34.156  -25.688  -31.088 0.4000000060
28770  35.465  -26.723  -28.514 0.4000000060
106077  35.524  -27.359  -28.131 0.5000000000
104246  35.566  -28.315  -27.499 0.6000000238
30456  34.559  -24.014  -24.298 0.4000000060
26023  36.566  -29.526  -23.763 0.6999999881
29553  34.645  -24.830  -25.251 0.4000000060
30470  34.751  -24.838  -24.412 0.5000000000
28758  35.469  -26.255  -27.470 0.4000000060
104506  36.639  -29.842  -23.062 0.6999999881
20788  26.513  -35.485  -15.970 0.6999999881
29568  35.178  -25.524  -26.509 0.4000000060
110848  36.521  -30.309  -20.565 0.6999999881
100567  36.662  -29.868  -21.346 0.6999999881
95843  29.049  -34.199  -15.240 0.8999999762
113315  31.178  -33.147  -15.400 1.0000000000
22413  30.194  -33.661  -15.324 1.0000000000
24120  34.914  -31.517  -17.092 1.0000000000
24108  33.849  -31.541  -15.922 1.0000000000
95842  30.671  -33.031  -15.345 1.0000000000
23239  29.776  -32.906  -15.373 1.0000000000
108732  33.558  -30.900  -15.751 1.0000000000
25065  31.604  -30.037  -15.986 0.8999999762
25048  32.120  -30.865  -15.678 1.0000000000
24094  31.179  -31.583  -15.657 1.0000000000
23238  30.539  -32.363  -15.506 1.0000000000
25049  31.208  -30.702  -15.938 1.0000000000
24109  30.482  -30.992  -16.127 1.0000000000
101232  30.684  -30.121  -16.508 1.0000000000
26045  36.253  -30.255  -27.788 0.6999999881
26933  36.084  -29.430  -28.701 0.6999999881
26053  35.656  -29.775  -28.170 0.6999999881
26060  35.849  -29.399  -28.603 0.6000000238
26046  35.456  -30.028  -27.696 0.6999999881
26934  35.534  -29.169  -28.414 0.6999999881
26926  35.492  -29.241  -27.511 0.6000000238
26916  35.943  -28.868  -26.171 0.6000000238
104488  35.615  -24.144  -22.473 0.3000000119
26943  35.696  -28.938  -28.976 0.6000000238
113824  35.393  -24.675  -22.881 0.4000000060
30441  36.004  -24.270  -21.682 0.4000000060
27888  35.585  -27.405  -27.423 0.6000000238
26925  35.819  -28.218  -26.535 0.6000000238
110500  35.699  -27.577  -26.752 0.5000000000
106067  36.328  -28.672  -25.145 0.6000000238
28742  35.539  -26.723  -26.612 0.4000000060
109102  36.372  -28.455  -24.358 0.6000000238
29525  35.324  -25.535  -23.702 0.5000000000
28726  35.454  -26.456  -25.736 0.4000000060
26017  36.588  -29.021  -22.798 0.6000000238
29552  35.065  -25.564  -25.522 0.4000000060
107266  36.615  -29.156  -21.930 0.6000000238
29536  35.149  -25.592  -24.587 0.4000000060
28716  35.478  -26.390  -24.828 0.4000000060
105262  27.703  -35.084  -15.390 0.8999999762
25103  36.160  -29.955  -18.967 0.8999999762
102680  36.383  -30.179  -19.814 0.8000000119
21647  27.707  -34.463  -15.416 0.8999999762
95559  28.312  -33.977  -15.307 0.8999999762
96085  28.965  -33.447  -15.337 0.8999999762
22414  29.536  -33.703  -15.290 0.8999999762
24107  34.486  -31.130  -16.422 1.0000000000
25047  33.034  -30.552  -15.660 1.0000000000
24095  30.212  -31.771  -15.764 0.8999999762
25066  29.922  -30.577  -16.720 1.0000000000
24110  29.663  -31.307  -16.248 0.8999999762
25944  30.060  -29.971  -17.143 1.0000000000
25083  29.513  -30.280  -17.406 0.8999999762
26052  35.892  -29.929  -28.181 0.6999999881
31200  35.406  -23.421  -22.898 0.3000000119
31193  36.063  -23.396  -21.916 0.3000000119
30440  36.290  -24.343  -20.893 0.3000000119
27877  36.094  -28.049  -25.586 0.6000000238
29517  35.834  -25.720  -22.102 0.5000000000
29511  36.036  -25.063  -21.463 0.4000000060
27878  35.784  -27.352  -26.006 0.5000000000
27870  35.781  -27.216  -25.132 0.5000000000
107615  35.514  -25.337  -22.891 0.5000000000
27860  35.833  -27.149  -24.268 0.5000000000
27859  36.197  -27.870  -23.864 0.5000000000
28697  35.744  -26.289  -22.921 0.5000000000
28706  35.577  -26.355  -23.921 0.5000000000
25998  36.559  -29.429  -20.431 0.6999999881
28688  36.127  -26.695  -21.906 0.5000000000
109687  36.066  -27.117  -22.654 0.5000000000
25987  36.380  -29.359  -19.554 0.6000000238
25104  35.786  -30.514  -18.350 0.8999999762
25082  35.005  -30.684  -16.945 0.8999999762
25081  35.384  -31.038  -17.707 0.8999999762
25062  34.542  -30.335  -16.400 0.8999999762
105111  32.024  -29.222  -15.952 0.8999999762
25064  32.508  -29.962  -15.771 0.8999999762
25046  33.676  -30.305  -15.798 0.8999999762
25063  34.082  -30.719  -15.994 1.0000000000
24096  29.397  -32.102  -15.746 0.8999999762
25943  30.367  -29.291  -17.105 0.6999999881
24111  28.809  -31.568  -16.333 0.8999999762
25067  29.161  -30.899  -16.878 0.8999999762
32094  35.769  -22.749  -22.518 0.3000000119
100065  36.302  -23.710  -21.168 0.3000000119
31185  36.331  -23.461  -20.282 0.4000000060
32077  36.087  -22.555  -19.753 0.3000000119
30434  36.301  -24.358  -20.183 0.3000000119
31179  36.152  -24.026  -19.643 0.4000000060
29504  36.255  -25.135  -20.548 0.4000000060
27869  36.155  -27.905  -24.694 0.6000000238
103447  36.131  -25.886  -21.234 0.5000000000
106506  36.238  -25.939  -20.377 0.4000000060
98267  36.277  -27.940  -22.927 0.5000000000
28679  36.277  -26.701  -20.862 0.5000000000
28705  35.927  -27.126  -23.398 0.5000000000
26884  36.449  -28.333  -22.052 0.5000000000
27841  36.378  -27.654  -21.298 0.5000000000
107548  36.567  -28.768  -21.170 0.5000000000
99328  36.486  -28.224  -20.502 0.5000000000
105931  36.550  -28.780  -20.543 0.5000000000
26862  36.378  -28.047  -19.627 0.5000000000
110024  36.329  -28.704  -19.337 0.6000000238
26840  35.241  -28.638  -17.269 0.6999999881
25958  35.418  -29.403  -17.408 0.6999999881
98472  35.452  -30.199  -17.527 0.6999999881
112851  34.979  -29.190  -16.870 0.6999999881
25939  34.451  -29.493  -16.371 0.8000000119
25959  35.022  -29.885  -16.860 0.8000000119
23240  28.945  -32.755  -15.530 0.8999999762
25930  33.222  -29.916  -15.749 0.8999999762
107599  34.154  -30.096  -16.024 0.8999999762
25942  31.164  -29.321  -16.379 0.6999999881
24112  27.924  -31.790  -16.516 0.8999999762
24121  28.348  -31.184  -17.059 0.8999999762
25960  29.788  -29.641  -17.768 1.0000000000
31180  35.865  -23.320  -19.251 0.3000000119
30428  35.851  -24.240  -18.997 0.4000000060
32065  35.259  -22.882  -18.701 0.3000000119
30427  36.176  -24.858  -19.650 0.4000000060
31166  35.330  -23.728  -18.535 0.3000000119
29495  36.112  -25.782  -19.517 0.4000000060
29496  35.821  -25.103  -18.866 0.4000000060
30418  35.343  -24.570  -18.374 0.4000000060
28672  36.288  -26.617  -19.932 0.4000000060
104178  35.751  -25.916  -18.700 0.4000000060
113887  35.381  -26.054  -18.118 0.4000000060
105902  36.265  -27.291  -19.446 0.4000000060
28664  35.663  -26.610  -18.393 0.4000000060
27820  35.954  -27.359  -18.652 0.5000000000
113757  36.221  -27.732  -19.107 0.5000000000
26841  34.604  -28.565  -16.677 0.6000000238
25940  33.775  -29.618  -15.917 0.8000000119
25941  33.020  -29.142  -15.838 0.6999999881
26831  30.889  -28.662  -16.694 0.6999999881
25084  28.776  -30.580  -17.618 0.8999999762
25085  27.964  -30.858  -17.847 0.8999999762
25975  29.564  -29.407  -18.603 0.8999999762
25976  29.049  -29.822  -19.018 0.8000000119
25106  28.525  -30.358  -18.454 0.8000000119
25988  29.382  -29.273  -19.450 0.6999999881
25999  29.196  -29.208  -20.263 0.8000000119
32066  34.511  -22.437  -18.457 0.3000000119
31167  34.645  -23.337  -18.196 0.3000000119
30419  34.738  -24.155  -17.991 0.3000000119
31154  34.039  -23.818  -17.667 0.4000000060
29484  34.799  -24.950  -17.824 0.4000000060
108805  34.269  -25.286  -17.431 0.4000000060
28652  33.976  -25.902  -17.092 0.5000000000
103798  35.502  -27.153  -18.009 0.5000000000
28651  34.432  -26.698  -17.162 0.5000000000
28635  33.632  -26.602  -16.694 0.5000000000
27807  35.013  -27.304  -17.457 0.5000000000
112614  34.002  -27.196  -16.662 0.5000000000
111458  34.527  -27.987  -16.756 0.5000000000
26827  34.040  -27.926  -16.464 0.6000000238
26829  32.400  -28.418  -16.033 0.6999999881
26830  31.566  -28.527  -16.279 0.6999999881
26842  30.377  -28.371  -17.276 0.6999999881
107777  30.422  -27.544  -17.279 0.6999999881
26843  29.971  -28.935  -18.010 0.8000000119
26852  29.662  -28.758  -18.881 0.6999999881
33000  35.274  -21.318  -19.308 0.3000000119
32985  34.033  -21.836  -18.512 0.3000000119
32067  33.666  -22.349  -18.233 0.4000000060
31168  33.916  -23.022  -17.905 0.4000000060
30405  33.380  -24.390  -17.311 0.4000000060
29470  33.589  -25.166  -17.106 0.4000000060
29456  33.065  -25.902  -16.674 0.5000000000
28636  32.983  -26.666  -16.447 0.6000000238
29457  32.260  -25.780  -16.646 0.3000000119
28637  32.352  -26.445  -16.486 0.5000000000
28653  31.590  -26.252  -16.680 0.4000000060
26828  33.238  -28.210  -16.115 0.6999999881
27794  32.498  -27.150  -16.332 0.6999999881
27795  31.696  -27.029  -16.491 0.6000000238
95250  31.955  -27.757  -16.242 0.6999999881
27796  31.072  -27.803  -16.659 0.6999999881
32048  33.234  -22.812  -17.908 0.3000000119
31155  33.135  -23.536  -17.584 0.3000000119
30406  32.585  -24.235  -17.323 0.3000000119
31156  32.076  -23.669  -17.623 0.3000000119
30407  31.649  -24.577  -17.341 0.3000000119
30420  31.009  -23.842  -17.950 0.3000000119
29471  31.630  -25.457  -16.908 0.3000000119
29472  30.882  -25.301  -17.395 0.4000000060
27808  30.917  -26.888  -16.900 0.5000000000
28654  30.870  -26.071  -17.109 0.5000000000
28665  30.314  -25.898  -17.643 0.5000000000
100644  30.188  -26.793  -17.656 0.6000000238
33984  33.600  -20.371  -19.006 0.4000000060
33968  33.008  -20.959  -18.626 0.3000000119
32068  32.867  -22.290  -18.207 0.3000000119
32987  32.468  -21.640  -18.479 0.3000000119
32069  32.025  -22.321  -18.302 0.3000000119
32070  31.192  -22.411  -18.576 0.3000000119
31170  31.594  -23.038  -18.115 0.3000000119
101462  30.774  -23.105  -18.490 0.3000000119
104889  30.328  -23.650  -18.489 0.3000000119
30408  30.748  -24.654  -17.725 0.4000000060
30421  30.106  -24.406  -18.351 0.4000000060
29485  30.182  -25.261  -17.984 0.4000000060
29486  29.575  -25.257  -18.715 0.4000000060
28666  29.700  -26.179  -18.377 0.5000000000
27815  29.687  -27.161  -18.494 0.6000000238
26875  29.230  -28.785  -20.528 0.6999999881
26000  28.673  -29.515  -20.762 0.8000000119
33985  32.638  -20.222  -18.994 0.4000000060
33969  32.055  -20.910  -18.757 0.3000000119
32988  31.581  -21.669  -18.682 0.3000000119
32989  30.746  -21.843  -19.052 0.3000000119
32080  30.439  -22.540  -18.942 0.3000000119
31172  29.737  -23.800  -18.913 0.4000000060
30429  29.154  -23.928  -19.518 0.4000000060
114138  28.943  -24.589  -19.656 0.4000000060
28674  29.178  -26.000  -19.230 0.4000000060
105440  29.347  -27.012  -19.321 0.5000000000
29505  28.774  -25.836  -19.916 0.4000000060
94713  29.511  -27.946  -19.075 0.6000000238
28680  28.962  -26.514  -19.811 0.4000000060
27821  29.279  -28.012  -19.955 0.6999999881
104639  28.986  -27.242  -20.207 0.4000000060
27831  28.684  -27.307  -21.000 0.4000000060
27842  28.975  -28.096  -20.744 0.6000000238
27843  28.782  -28.189  -21.548 0.5000000000
26885  29.004  -28.848  -21.290 0.6000000238
26010  29.062  -29.147  -20.938 0.6999999881
26011  28.648  -29.198  -21.621 0.6999999881
35756  32.632  -18.909  -19.503 0.3000000119
33986  31.664  -20.224  -19.211 0.3000000119
33003  31.059  -21.000  -19.219 0.3000000119
33004  30.283  -21.393  -19.562 0.3000000119
112979  29.900  -22.698  -19.305 0.3000000119
31186  28.970  -23.300  -20.021 0.4000000060
30435  28.676  -24.186  -20.260 0.3000000119
31187  28.581  -23.405  -20.763 0.3000000119
29498  28.691  -25.071  -20.107 0.3000000119
30442  28.354  -24.147  -21.093 0.3000000119
28681  28.692  -26.492  -20.470 0.4000000060
29506  28.522  -25.691  -20.661 0.3000000119
29512  28.246  -25.468  -21.373 0.3000000119
28689  28.395  -26.432  -21.342 0.3000000119
96301  28.047  -25.960  -21.917 0.3000000119
97014  28.503  -27.458  -21.835 0.3000000119
28698  28.159  -26.788  -22.234 0.4000000060
27852  28.638  -28.241  -22.261 0.5000000000
26886  28.685  -28.813  -22.077 0.5000000000
26018  28.330  -29.130  -22.530 0.5000000000
34835  31.354  -19.542  -19.580 0.3000000119
33987  30.849  -20.219  -19.592 0.3000000119
33995  30.195  -20.269  -20.074 0.3000000119
33005  29.684  -21.712  -19.970 0.3000000119
102077  29.214  -22.009  -20.394 0.3000000119
31194  28.253  -23.450  -21.478 0.3000000119
30450  27.987  -24.194  -21.792 0.3000000119
29518  27.819  -25.143  -22.073 0.3000000119
28699  27.818  -26.066  -22.631 0.3000000119
95073  28.462  -27.777  -22.717 0.4000000060
26894  28.440  -28.636  -22.940 0.5000000000
26901  28.076  -28.606  -23.805 0.5000000000
26019  28.014  -29.299  -22.898 0.5000000000
34848  31.043  -18.904  -19.970 0.3000000119
34849  30.397  -19.047  -20.382 0.3000000119
33996  29.590  -20.459  -20.642 0.3000000119
33013  29.326  -21.308  -20.564 0.3000000119
33014  28.774  -21.882  -21.039 0.3000000119
32088  28.504  -22.736  -21.220 0.3000000119
31201  27.835  -23.366  -22.199 0.3000000119
30451  27.607  -24.307  -22.584 0.3000000119
28707  28.054  -27.092  -23.132 0.4000000060
27861  28.332  -28.088  -23.612 0.4000000060
111824  27.938  -28.410  -24.418 0.4000000060
26908  27.662  -28.308  -24.992 0.4000000060
26025  27.874  -28.996  -23.553 0.5000000000
26026  27.115  -28.753  -23.754 0.4000000060
36667  32.057  -17.363  -20.256 0.3000000119
35783  31.546  -18.202  -20.083 0.3000000119
34858  29.332  -19.728  -21.303 0.3000000119
33018  28.923  -20.845  -21.319 0.3000000119
33019  28.519  -21.516  -21.688 0.3000000119
114128  28.170  -22.845  -21.760 0.3000000119
31202  27.509  -23.513  -23.009 0.3000000119
29519  27.485  -25.263  -23.025 0.3000000119
29526  27.291  -25.486  -23.990 0.3000000119
28708  27.645  -26.292  -23.544 0.3000000119
27862  27.921  -27.396  -24.094 0.4000000060
26907  28.063  -28.236  -24.443 0.3000000119
35784  30.646  -18.334  -20.541 0.3000000119
111473  30.170  -18.166  -20.985 0.3000000119
36694  29.784  -17.977  -21.486 0.3000000119
35800  29.876  -18.790  -20.942 0.3000000119
109195  28.900  -19.386  -21.948 0.3000000119
34001  28.416  -20.940  -22.125 0.3000000119
34006  28.242  -20.302  -22.691 0.3000000119
33026  28.165  -21.724  -22.268 0.3000000119
32095  27.961  -22.494  -22.254 0.3000000119
33027  27.956  -21.128  -22.840 0.3000000119
30457  27.278  -24.379  -23.552 0.3000000119
36693  30.503  -17.585  -21.006 0.3000000119
35801  29.300  -18.788  -21.699 0.3000000119
34866  28.518  -19.523  -22.528 0.3000000119
100983  27.481  -22.792  -23.360 0.3000000119
31211  27.273  -23.443  -23.734 0.3000000119
113614  27.077  -23.948  -24.217 0.3000000119
37585  30.065  -16.587  -21.923 0.3000000119
96768  29.607  -17.286  -22.115 0.3000000119
36713  28.721  -18.215  -22.881 0.3000000119
36712  29.207  -18.066  -22.233 0.4000000060
34010  28.140  -19.645  -23.279 0.3000000119
34011  27.824  -20.463  -23.471 0.3000000119
33034  27.600  -21.329  -23.615 0.3000000119
109742  28.411  -18.412  -23.429 0.4000000060
35816  28.122  -18.944  -23.754 0.4000000060
36726  29.034  -17.349  -22.868 0.3000000119
36727  28.556  -17.778  -23.459 0.4000000060
19157  32.391  -37.830  -19.552 1.0000000000
18324  32.553  -38.668  -19.124 0.8999999762
26863  29.442  -28.725  -19.746 0.8000000119
15347  38.279  -42.604  -17.128 0.6000000238
14691  38.747  -42.962  -17.828 0.6000000238
16041  39.475  -41.470  -19.784 0.6000000238
98431  37.378  -45.811  -13.599 0.5000000000
13460  37.374  -45.672  -12.896 0.5000000000
109129  37.542  -41.333  -16.327 0.6000000238
17555  35.824  -39.740  -20.169 0.8999999762
16729  37.119  -40.885  -15.747 0.5000000000
105181  37.460  -43.032  -12.113 0.4000000060
15990  36.556  -41.441  -13.349 0.5000000000
14623  37.456  -43.826  -12.113 0.4000000060
17566  39.354  -39.500  -22.338 0.6999999881
103700  36.537  -40.772  -13.209 0.5000000000
16685  37.212  -40.452  -12.578 0.5000000000
14026  38.437  -44.426  -11.647 0.4000000060
96040  38.617  -38.293  -25.914 0.8000000119
18340  38.244  -38.673  -20.925 0.6999999881
18277  36.397  -37.956  -13.558 0.4000000060
18360  34.921  -38.061  -23.245 0.8000000119
19938  37.121  -36.906  -18.817 0.6000000238
19904  35.861  -36.482  -15.145 0.4000000060
19103  36.972  -37.547  -13.294 0.4000000060
18335  32.525  -38.632  -20.074 1.0000000000
20773  36.089  -35.638  -15.184 0.5000000000
112438  32.250  -36.303  -21.809 1.0000000000
21680  32.896  -35.062  -17.731 1.0000000000
20853  34.242  -34.982  -24.745 0.8000000119
98409  35.178  -32.909  -24.240 0.8000000119
21731  34.113  -34.375  -21.388 1.0000000000
21721  33.461  -34.875  -20.980 1.0000000000
22521  35.717  -33.092  -27.003 0.6999999881
23314  35.683  -32.481  -20.464 0.8000000119
23284  35.413  -32.309  -18.853 1.0000000000
105165  34.586  -33.031  -17.502 1.0000000000
24154  35.812  -31.667  -19.472 1.0000000000
28779  39.173  -28.695  -31.189 0.4000000060
19907  28.497  -36.446  -15.583 1.0000000000
100858  29.302  -34.912  -15.379 1.0000000000
28781  34.728  -27.335  -31.619 0.4000000060
24092  33.014  -31.341  -15.607 1.0000000000
28776  35.310  -28.011  -30.899 0.5000000000
27917  37.273  -28.048  -29.862 0.5000000000
25105  29.261  -30.047  -18.189 0.8000000119
27851  36.260  -27.535  -22.172 0.5000000000
101743  36.503  -28.751  -20.000 0.5000000000
25974  35.842  -29.672  -18.141 0.6999999881
26850  35.782  -28.831  -17.983 0.6000000238
27814  35.550  -27.923  -17.852 0.5000000000
107855  34.926  -27.978  -17.116 0.5000000000
28650  35.161  -26.597  -17.766 0.5000000000
26851  29.865  -27.927  -18.054 0.6999999881
32085  28.864  -22.630  -20.527 0.3000000119
15378  38.951  -42.391  -22.680 0.5000000000
16051  38.367  -42.105  -21.717 0.5000000000
14702  38.556  -44.104  -21.213 0.5000000000
15370  38.167  -42.613  -20.968 0.5000000000
14706  40.358  -44.380  -23.102 0.5000000000
14710  39.535  -43.350  -22.881 0.5000000000
15374  38.722  -43.124  -21.723 0.5000000000
99034  41.156  -44.673  -23.096 0.5000000000
14704  41.515  -44.093  -22.400 0.4000000060
14708  41.594  -43.777  -23.104 0.5000000000
14705  41.081  -43.801  -21.527 0.4000000060
15372  41.437  -43.322  -22.506 0.5000000000
14698  40.069  -43.610  -19.853 0.5000000000
18304  28.819  -38.950  -16.335 0.6999999881
17519  28.315  -39.285  -16.196 0.6999999881
112120  29.325  -38.958  -16.306 0.8000000119
99012  30.805  -38.554  -16.293 0.8000000119
17518  29.900  -39.240  -16.007 0.8000000119
18305  27.987  -38.843  -16.455 0.6999999881
18303  29.896  -38.887  -16.214 0.8999999762
19129  29.416  -38.383  -16.195 0.8999999762
19128  30.354  -38.116  -16.332 0.8999999762
19131  27.616  -38.025  -16.292 0.6000000238
19130  28.471  -38.194  -16.113 0.8000000119
19917  30.716  -37.016  -16.206 0.8999999762
19916  31.266  -36.564  -16.665 0.8999999762
108915  39.448  -32.554  -22.622 0.5000000000
22506  38.804  -32.995  -22.452 0.5000000000
22507  37.976  -33.549  -22.314 0.5000000000
21719  38.408  -34.038  -21.094 0.6000000238
22502  38.164  -33.928  -21.644 0.5000000000
107621  38.126  -34.267  -20.438 0.6000000238
19919  27.308  -37.249  -16.082 0.6000000238
19918  29.899  -37.265  -15.882 0.8999999762
24180  38.213  -32.069  -23.604 0.5000000000
24184  37.249  -32.111  -24.606 0.5000000000
23333  38.534  -32.555  -23.029 0.5000000000
23334  37.494  -32.618  -23.945 0.5000000000
23332  39.598  -32.299  -23.033 0.5000000000
19119  28.048  -37.275  -15.788 0.6999999881
19118  28.964  -37.328  -15.775 0.8999999762
19906  29.393  -36.402  -15.646 0.8999999762
19905  30.207  -36.256  -15.843 0.8999999762
20787  30.872  -35.924  -16.175 0.8999999762
24183  37.918  -31.364  -24.149 0.5000000000
24179  38.909  -31.744  -23.504 0.5000000000
20775  30.416  -35.359  -15.761 0.8999999762
25151  37.811  -30.525  -24.746 0.5000000000
26031  38.483  -30.092  -24.626 0.5000000000
26038  37.907  -29.672  -25.287 0.4000000060
20789  25.835  -35.436  -16.527 0.6000000238
21663  25.610  -34.704  -16.782 0.6000000238
21662  26.281  -34.731  -16.239 0.8000000119
22435  25.504  -34.089  -17.097 0.6999999881
22450  25.085  -33.777  -17.696 0.6999999881
22465  24.820  -33.200  -18.349 0.6999999881
22416  26.763  -33.992  -15.975 0.8000000119
21648  27.030  -34.798  -15.640 0.8000000119
22434  26.061  -34.028  -16.640 0.6999999881
22449  25.787  -33.416  -17.146 0.6999999881
23276  25.499  -32.908  -17.814 0.6999999881
109971  27.171  -33.199  -16.024 0.8000000119
22433  26.865  -32.682  -16.535 0.8000000119
23241  28.135  -33.117  -15.618 0.8000000119
23285  25.974  -32.198  -18.133 0.6999999881
23275  26.293  -32.585  -17.217 0.6999999881
23274  27.081  -32.073  -16.840 0.8000000119
24123  26.705  -31.810  -17.677 0.6999999881
24122  27.508  -31.469  -17.323 0.8000000119
25108  26.908  -30.947  -19.024 0.6000000238
23259  28.447  -32.263  -15.899 0.8000000119
25107  27.710  -30.654  -18.712 0.6000000238
25123  26.661  -30.707  -19.824 0.6000000238
25122  27.502  -30.468  -19.550 0.6000000238
25132  27.266  -30.221  -20.276 0.6000000238
25121  28.322  -30.191  -19.308 0.6000000238
26001  27.859  -29.846  -20.825 0.6000000238
25990  28.143  -30.035  -20.131 0.6000000238
100807  28.255  -29.565  -21.394 0.6000000238
25989  28.844  -29.670  -19.852 0.6999999881
14092  39.718  -44.246  -19.109 0.4000000060
14701  40.563  -43.890  -20.598 0.5000000000
15369  40.393  -43.005  -20.570 0.5000000000
14712  41.266  -43.319  -23.973 0.5000000000
14713  40.613  -43.348  -23.883 0.5000000000
26037  38.708  -29.444  -25.005 0.3000000119
22415  27.532  -33.820  -15.596 0.8000000119
14707  39.261  -44.179  -22.177 0.5000000000
14100  41.491  -44.444  -22.665 0.5000000000
22501  38.826  -33.396  -21.737 0.5000000000
113850  26.454  -33.293  -16.576 0.8000000119
23260  27.572  -32.483  -16.187 0.8000000119
24138  26.416  -31.538  -18.548 0.6999999881
24137  27.183  -31.204  -18.182 0.6999999881
21642  36.488  -34.697  -15.312 0.4000000060
22409  37.305  -33.411  -15.528 0.4000000060
114045  36.536  -34.443  -16.786 0.4000000060
22410  36.772  -33.928  -15.808 0.4000000060
21676  37.190  -34.015  -18.250 0.5000000000
22429  37.134  -33.260  -16.314 0.4000000060
23235  37.705  -32.615  -15.915 0.4000000060
22473  37.973  -33.925  -19.759 0.5000000000
23283  37.594  -32.915  -18.111 0.5000000000
23271  37.837  -32.091  -17.672 0.4000000060
22446  37.146  -33.479  -17.411 0.4000000060
105018  38.016  -32.020  -16.427 0.4000000060
23257  37.557  -32.510  -16.945 0.4000000060
23234  38.419  -32.060  -15.903 0.4000000060
22488  38.467  -33.732  -20.597 0.5000000000
22463  37.563  -33.633  -18.788 0.5000000000
23270  38.250  -31.384  -17.831 0.4000000060
97054  38.575  -31.052  -17.148 0.4000000060
25957  39.945  -29.682  -17.783 0.4000000060
25079  39.595  -30.239  -17.257 0.4000000060
24105  38.632  -31.453  -16.472 0.4000000060
25956  40.775  -29.681  -17.817 0.4000000060
25060  39.889  -30.652  -16.725 0.4000000060
107890  38.327  -33.306  -20.025 0.5000000000
22462  37.933  -33.083  -19.184 0.5000000000
23282  38.001  -32.231  -18.572 0.4000000060
28704  43.105  -26.701  -23.712 0.3000000119
106111  42.145  -27.276  -21.706 0.3000000119
104831  38.667  -30.622  -18.126 0.4000000060
27850  42.818  -26.987  -22.229 0.3000000119
27840  41.961  -27.527  -21.049 0.3000000119
96929  41.225  -27.815  -20.862 0.3000000119
25985  40.561  -28.833  -19.197 0.3000000119
25972  39.583  -29.580  -18.488 0.4000000060
25080  38.951  -30.510  -17.395 0.4000000060
26872  41.751  -27.959  -20.289 0.3000000119
26861  41.171  -28.451  -19.544 0.3000000119
25971  40.398  -29.237  -18.523 0.4000000060
108063  38.793  -33.055  -20.733 0.4000000060
24152  38.503  -31.593  -19.653 0.4000000060
23298  38.325  -32.442  -19.661 0.4000000060
111114  42.848  -27.164  -24.474 0.3000000119
27868  41.781  -28.260  -24.206 0.3000000119
27857  42.498  -26.884  -23.068 0.3000000119
26882  41.231  -27.722  -21.751 0.3000000119
26008  40.455  -28.364  -21.279 0.3000000119
26883  40.226  -28.596  -20.545 0.4000000060
25986  39.826  -29.149  -19.312 0.4000000060
110643  38.997  -30.023  -18.519 0.4000000060
26874  40.378  -28.626  -19.829 0.3000000119
22487  38.788  -33.477  -21.210 0.4000000060
26021  40.966  -30.156  -23.726 0.3000000119
25140  40.094  -30.648  -22.746 0.3000000119
111655  39.744  -30.116  -22.180 0.4000000060
25141  39.779  -31.030  -22.209 0.4000000060
97710  39.444  -30.593  -21.393 0.4000000060
24165  39.027  -31.659  -20.836 0.4000000060
26904  42.011  -29.365  -24.776 0.3000000119
26905  41.499  -29.580  -24.239 0.3000000119
26022  40.330  -29.717  -23.006 0.3000000119
26016  39.901  -29.341  -22.095 0.4000000060
25131  39.157  -30.698  -20.669 0.4000000060
24166  38.770  -31.162  -20.105 0.4000000060
26898  41.224  -28.483  -23.570 0.3000000119
26899  40.681  -28.849  -23.147 0.3000000119
26009  39.804  -29.084  -21.123 0.4000000060
94443  39.313  -29.723  -19.992 0.4000000060
98677  38.975  -30.364  -19.812 0.4000000060
111189  41.382  -27.771  -23.098 0.3000000119
26893  40.483  -28.553  -22.361 0.3000000119
25997  39.760  -29.052  -20.253 0.4000000060
25119  39.173  -29.815  -19.178 0.4000000060
25145  40.071  -31.986  -23.226 0.4000000060
24178  40.037  -32.276  -22.958 0.4000000060
23328  39.781  -32.393  -22.661 0.4000000060
23329  39.437  -32.811  -22.205 0.4000000060
25144  40.652  -31.459  -23.697 0.3000000119
98165  40.183  -31.946  -23.127 0.4000000060
24176  39.923  -32.194  -22.595 0.4000000060
23324  39.634  -32.591  -22.090 0.4000000060
24174  39.478  -31.666  -21.611 0.4000000060
23312  39.205  -32.480  -21.270 0.4000000060
24139  25.674  -31.870  -18.898 0.6000000238
23286  25.241  -32.517  -18.563 0.6000000238
24155  26.137  -31.291  -19.365 0.5000000000
25133  26.366  -30.284  -20.422 0.5000000000
26002  26.919  -29.814  -20.840 0.5000000000
106115  27.530  -29.605  -21.469 0.5000000000
26012  28.125  -29.444  -22.106 0.4000000060
31241  26.904  -23.093  -25.012 0.3000000119
32129  26.696  -22.747  -26.386 0.3000000119
31250  26.895  -23.778  -26.720 0.3000000119
34874  27.744  -19.719  -24.206 0.3000000119
33048  27.349  -21.545  -24.421 0.3000000119
32117  27.137  -22.427  -24.590 0.3000000119
33062  27.095  -21.750  -25.197 0.3000000119
108505  26.878  -23.329  -27.244 0.3000000119
31257  27.195  -23.499  -28.197 0.3000000119
95106  27.465  -20.192  -25.015 0.3000000119
34022  27.318  -20.976  -25.072 0.3000000119
33069  27.047  -21.184  -25.909 0.3000000119
33070  26.748  -21.835  -26.606 0.3000000119
34047  26.895  -21.031  -26.862 0.3000000119
33073  26.777  -21.784  -27.530 0.3000000119
33076  27.142  -21.985  -28.606 0.3000000119
31269  27.659  -23.664  -29.901 0.3000000119
35824  28.199  -18.189  -24.019 0.3000000119
34882  27.549  -19.358  -25.152 0.3000000119
34895  27.377  -19.877  -25.783 0.3000000119
99729  27.383  -19.081  -25.998 0.3000000119
108591  27.197  -20.417  -26.316 0.3000000119
97396  27.086  -20.278  -27.201 0.3000000119
34050  26.856  -21.005  -27.849 0.3000000119
33080  27.602  -21.759  -29.507 0.3000000119
36741  28.350  -17.401  -24.082 0.3000000119
104405  27.684  -17.846  -25.626 0.3000000119
35834  27.612  -18.517  -25.392 0.3000000119
100177  27.328  -18.852  -26.876 0.3000000119
34914  27.198  -19.490  -27.554 0.3000000119
34049  27.042  -20.254  -28.217 0.3000000119
34916  27.253  -19.461  -28.643 0.3000000119
36754  28.238  -16.899  -24.724 0.3000000119
35841  27.493  -18.245  -26.247 0.3000000119
35851  27.418  -18.096  -27.036 0.3000000119
37624  28.266  -16.341  -25.415 0.3000000119
107671  27.851  -16.621  -26.325 0.3000000119
107300  27.729  -16.602  -27.196 0.3000000119
101518  27.450  -17.771  -27.644 0.3000000119
96489  28.336  -15.716  -26.082 0.3000000119
38531  28.503  -15.078  -26.683 0.3000000119
39404  28.893  -14.212  -26.526 0.3000000119
24104  39.451  -31.262  -16.327 0.4000000060
21629  37.242  -34.568  -14.587 0.4000000060
22395  37.632  -33.756  -14.885 0.4000000060
23233  39.069  -32.351  -15.523 0.4000000060
22408  38.656  -32.924  -15.221 0.4000000060
25077  41.197  -30.319  -17.351 0.4000000060
25059  40.720  -30.758  -16.807 0.4000000060
24103  40.265  -31.321  -16.350 0.4000000060
28696  43.499  -26.762  -22.897 0.3000000119
27839  42.984  -27.417  -21.467 0.3000000119
27829  42.651  -27.781  -20.758 0.3000000119
26860  42.125  -28.446  -19.619 0.3000000119
25984  41.698  -28.883  -18.992 0.3000000119
25970  41.271  -29.317  -18.425 0.3000000119
27867  42.409  -28.058  -24.736 0.3000000119
26911  43.190  -28.740  -25.777 0.3000000119
26030  39.295  -30.517  -24.333 0.4000000060
25149  40.374  -31.597  -23.715 0.4000000060
112264  40.536  -31.716  -23.274 0.4000000060
25143  41.163  -31.793  -23.970 0.3000000119
26028  41.386  -31.284  -24.253 0.3000000119
25150  38.880  -31.009  -23.905 0.4000000060
37603  28.636  -16.646  -24.015 0.3000000119
37612  28.632  -16.114  -24.626 0.3000000119
38513  28.642  -15.534  -25.241 0.3000000119
38523  28.714  -14.903  -25.849 0.3000000119
39394  29.128  -14.184  -25.594 0.3000000119
28715  43.565  -26.749  -24.458 0.3000000119
20785  36.074  -35.253  -16.008 0.4000000060
21695  37.032  -34.772  -18.380 0.5000000000
24135  38.335  -31.489  -18.843 0.4000000060
27858  41.751  -27.562  -23.437 0.3000000119
36742  27.928  -17.816  -24.827 0.3000000119
34053  27.046  -21.039  -28.699 0.3000000119
101801  27.318  -18.566  -27.888 0.3000000119
102270  29.200  -13.609  -26.079 0.3000000119
21628  38.102  -34.238  -14.484 0.3000000119
17495  34.213  -39.704  -15.714 0.6000000238
95069  33.501  -39.169  -15.258 0.6999999881
17464  32.616  -39.484  -13.665 0.6999999881
22394  38.596  -33.614  -14.839 0.3000000119
15284  38.842  -43.142  -11.991 0.3000000119
15300  38.417  -42.281  -12.113 0.3000000119
97306  30.115  -39.059  -14.178 0.6999999881
109363  37.649  -36.440  -13.636 0.3000000119
112839  31.328  -38.993  -13.879 0.6999999881
17481  31.867  -38.912  -14.232 0.6999999881
97782  38.756  -35.859  -14.075 0.3000000119
20764  38.214  -35.051  -14.168 0.3000000119
17480  32.747  -38.971  -14.582 0.6999999881
20763  39.256  -35.438  -14.426 0.3000000119
22406  40.338  -33.592  -15.455 0.3000000119
21640  39.626  -34.060  -14.981 0.3000000119
104111  41.277  -32.871  -16.135 0.3000000119
22428  40.686  -32.934  -15.779 0.3000000119
23232  39.980  -32.617  -15.575 0.3000000119
16684  37.910  -40.602  -12.449 0.3000000119
18275  38.031  -38.500  -12.986 0.4000000060
17499  30.020  -39.261  -15.236 0.6999999881
113126  38.672  -37.218  -13.694 0.3000000119
97606  37.683  -37.866  -13.154 0.3000000119
17482  30.889  -38.951  -14.535 0.6999999881
19893  39.545  -36.403  -14.419 0.3000000119
20762  40.007  -35.837  -14.781 0.3000000119
21639  40.502  -34.666  -15.342 0.3000000119
22407  39.370  -33.145  -15.208 0.3000000119
22426  41.786  -33.573  -16.312 0.3000000119
17460  38.344  -39.266  -12.931 0.4000000060
18285  39.596  -38.231  -14.069 0.3000000119
19101  38.653  -37.855  -13.563 0.3000000119
100945  40.095  -37.099  -14.637 0.3000000119
19110  39.378  -37.329  -14.141 0.3000000119
17498  30.712  -39.036  -15.685 0.6999999881
20771  40.667  -35.718  -15.303 0.3000000119
107620  31.420  -38.832  -15.041 0.6999999881
23256  40.649  -32.153  -16.068 0.3000000119
109177  41.845  -32.849  -16.485 0.3000000119
24102  41.083  -31.476  -16.525 0.3000000119
19109  40.176  -37.803  -14.572 0.3000000119
111806  30.448  -38.980  -16.134 0.6999999881
19116  41.423  -37.289  -15.578 0.3000000119
19903  40.763  -37.394  -15.106 0.3000000119
17517  31.149  -38.763  -16.169 0.6999999881
24101  41.748  -31.672  -16.753 0.3000000119
108454  40.753  -38.147  -14.882 0.3000000119
26029  40.519  -31.532  -24.288 0.3000000119
16742  34.681  -40.284  -16.264 0.5000000000
16703  32.775  -40.246  -13.026 0.6999999881
16731  34.008  -40.015  -14.928 0.6000000238
17463  33.345  -40.242  -13.685 0.6000000238
17467  29.645  -39.275  -13.372 0.6999999881
17483  29.325  -39.297  -14.507 0.6999999881
16683  38.852  -40.885  -12.674 0.3000000119
17484  28.464  -39.502  -14.810 0.6999999881
16699  38.598  -40.055  -12.840 0.4000000060
17500  29.153  -39.421  -15.681 0.6999999881
17477  39.832  -39.045  -13.950 0.4000000060
18274  39.000  -38.738  -13.496 0.4000000060
107728  29.173  -39.194  -16.165 0.6999999881
18284  40.331  -38.571  -14.460 0.3000000119
18283  40.988  -38.831  -14.826 0.3000000119
17493  41.598  -39.132  -15.236 0.3000000119
20765  37.323  -35.326  -14.164 0.3000000119
17479  33.377  -39.626  -14.353 0.6000000238
18292  41.435  -38.165  -15.418 0.3000000119
17458  40.035  -39.831  -13.852 0.3000000119
95462  37.697  -42.200  -20.406 0.5000000000
16765  36.451  -41.393  -18.721 0.5000000000
16027  36.350  -42.028  -18.272 0.5000000000
16047  37.983  -41.901  -21.027 0.4000000060
14028  31.738  -44.012  -10.618 0.4000000060
14014  30.187  -44.620  -10.034 0.5000000000
16043  37.240  -41.696  -19.877 0.5000000000
16038  35.986  -41.113  -18.093 0.5000000000
13412  29.166  -45.803  -9.762 0.4000000060
12853  27.945  -46.598  -9.634 0.4000000060
14013  31.006  -44.477  -10.113 0.5000000000
16741  35.175  -40.810  -16.791 0.4000000060
12864  27.492  -46.189  -10.307 0.4000000060
12854  27.204  -46.777  -9.914 0.4000000060
13424  28.616  -45.045  -10.336 0.4000000060
14611  30.275  -43.965  -10.273 0.5000000000
14015  29.452  -44.389  -10.319 0.4000000060
14625  31.520  -43.196  -10.653 0.5000000000
15965  32.454  -41.221  -12.116 0.4000000060
16730  34.491  -40.634  -15.494 0.5000000000
15992  33.826  -41.128  -13.941 0.4000000060
15964  33.095  -41.709  -12.627 0.4000000060
16716  34.231  -40.926  -14.714 0.4000000060
12865  26.848  -46.565  -10.596 0.4000000060
12372  25.230  -47.251  -13.149 0.4000000060
14030  27.834  -44.691  -11.127 0.4000000060
103789  25.478  -46.499  -13.377 0.4000000060
14612  29.493  -43.495  -10.651 0.5000000000
14029  28.608  -44.126  -10.855 0.4000000060
110161  25.993  -45.280  -13.396 0.4000000060
107862  30.382  -43.308  -10.475 0.5000000000
14655  26.119  -43.858  -13.509 0.4000000060
14055  25.818  -44.606  -13.841 0.4000000060
15272  30.939  -42.836  -10.555 0.5000000000
15948  31.295  -41.501  -11.265 0.5000000000
14656  25.586  -43.747  -14.204 0.4000000060
15287  31.631  -42.397  -10.955 0.5000000000
15966  31.732  -40.820  -11.776 0.6000000238
16688  32.268  -40.447  -12.405 0.6000000238
12359  25.361  -47.304  -12.334 0.4000000060
12875  27.081  -45.990  -11.103 0.4000000060
13453  26.003  -45.899  -12.885 0.4000000060
14627  28.653  -43.385  -11.149 0.5000000000
13452  26.452  -45.231  -12.760 0.4000000060
14626  29.194  -42.698  -11.104 0.5000000000
14644  26.598  -43.860  -12.874 0.4000000060
14054  26.337  -44.604  -13.157 0.4000000060
15273  30.100  -42.699  -10.709 0.5000000000
16673  30.916  -40.805  -11.543 0.5000000000
15316  25.888  -43.026  -13.788 0.4000000060
16689  31.611  -40.100  -12.280 0.6000000238
12877  25.710  -46.641  -12.653 0.4000000060
12886  26.233  -46.222  -12.224 0.4000000060
13451  26.825  -45.206  -12.166 0.4000000060
14643  27.217  -43.830  -12.326 0.4000000060
15949  30.432  -41.379  -11.273 0.5000000000
98938  26.377  -43.131  -13.198 0.4000000060
17447  32.098  -39.754  -12.849 0.6000000238
111333  30.652  -40.354  -11.856 0.6000000238
12876  26.388  -46.538  -11.429 0.4000000060
13438  26.720  -45.825  -11.831 0.4000000060
14042  27.313  -44.582  -11.928 0.4000000060
14043  26.787  -44.573  -12.531 0.4000000060
15291  28.322  -42.787  -11.560 0.5000000000
14628  27.901  -43.764  -11.590 0.5000000000
15306  27.561  -42.863  -12.128 0.5000000000
15290  28.921  -41.862  -11.562 0.5000000000
111948  27.580  -42.202  -12.259 0.5000000000
105694  26.873  -43.064  -12.639 0.4000000060
16674  30.071  -40.695  -11.660 0.6000000238
15981  26.583  -41.703  -13.149 0.5000000000
15315  26.216  -42.355  -13.472 0.4000000060
17465  31.699  -39.262  -13.432 0.6000000238
17449  30.393  -39.556  -12.718 0.6000000238
15967  29.198  -40.917  -11.814 0.6000000238
15968  28.370  -41.230  -12.079 0.5000000000
15307  27.114  -42.155  -12.588 0.5000000000
16691  29.537  -40.319  -12.073 0.6000000238
16693  27.847  -40.671  -12.591 0.6000000238
15969  27.660  -41.602  -12.368 0.5000000000
17450  29.551  -39.757  -12.543 0.6000000238
17466  30.772  -39.150  -13.510 0.6000000238
17501  27.454  -39.610  -16.034 0.5000000000
17485  27.556  -39.615  -14.964 0.6000000238
17486  26.698  -39.829  -15.111 0.5000000000
17469  27.750  -39.575  -13.881 0.6000000238
16718  26.897  -39.903  -14.119 0.5000000000
16706  26.605  -40.733  -13.538 0.5000000000
16692  28.760  -40.261  -12.384 0.6000000238
15980  27.114  -41.140  -12.821 0.5000000000
15993  26.076  -41.485  -13.820 0.5000000000
98287  28.350  -39.513  -15.778 0.5000000000
113104  28.779  -39.409  -16.039 0.6000000238
16705  27.324  -40.215  -13.253 0.6000000238
17468  28.648  -39.374  -13.663 0.6000000238
16028  35.593  -41.393  -17.304 0.4000000060
16015  34.879  -41.217  -16.104 0.4000000060
16752  35.399  -40.436  -17.570 0.5000000000
17451  28.898  -39.534  -12.923 0.6000000238
15367  37.388  -42.548  -19.694 0.5000000000
15359  36.110  -42.771  -17.708 0.5000000000
16044  36.896  -42.066  -19.038 0.5000000000
113317  35.929  -41.939  -17.693 0.5000000000
14610  31.029  -43.602  -10.359 0.5000000000
12863  28.252  -45.891  -9.984 0.4000000060
13425  27.707  -45.483  -10.697 0.4000000060
94566  25.467  -45.410  -14.225 0.4000000060
13437  27.241  -45.295  -11.502 0.4000000060
112592  25.884  -46.785  -12.028 0.4000000060
16704  28.131  -39.768  -13.028 0.6000000238
12892  25.043  -47.120  -13.934 0.3000000119
14064  25.332  -44.564  -14.686 0.3000000119
97708  25.248  -46.298  -14.233 0.3000000119
111614  25.183  -45.860  -14.713 0.3000000119
13473  25.019  -45.428  -15.228 0.3000000119
12370  37.842  -47.075  -12.907 0.5000000000
12380  38.166  -47.662  -13.487 0.5000000000
12386  37.757  -47.016  -13.776 0.5000000000
12894  37.914  -46.879  -14.689 0.5000000000
12901  38.392  -46.730  -15.679 0.5000000000
13422  30.515  -45.206  -9.869 0.5000000000
13435  37.739  -45.013  -11.885 0.3000000119
13448  38.008  -45.703  -11.722 0.3000000119
13463  25.614  -45.856  -13.584 0.4000000060
14027  37.797  -44.404  -11.781 0.4000000060
14038  37.476  -44.581  -12.230 0.4000000060
14052  37.038  -44.231  -13.376 0.5000000000
14104  41.476  -44.400  -23.016 0.5000000000
14106  41.415  -43.931  -23.486 0.5000000000
14621  38.806  -43.875  -11.767 0.4000000060
14622  38.046  -43.616  -11.728 0.4000000060
14639  37.156  -43.329  -12.522 0.5000000000
14672  37.356  -43.404  -15.247 0.6000000238
14682  38.262  -43.322  -16.900 0.6999999881
14683  37.746  -43.328  -16.090 0.6000000238
14709  41.064  -44.029  -23.639 0.5000000000
14711  41.515  -43.117  -23.788 0.5000000000
14714  41.409  -42.574  -24.269 0.6000000238
15288  30.736  -42.083  -10.863 0.5000000000
15289  29.828  -41.987  -11.114 0.5000000000
15305  28.019  -42.099  -11.955 0.5000000000
15375  41.575  -42.732  -23.476 0.6000000238
15382  41.343  -41.851  -24.487 0.6999999881
15947  32.062  -41.694  -11.519 0.5000000000
15950  29.678  -41.351  -11.455 0.5000000000
15962  38.140  -41.419  -12.246 0.3000000119
15963  37.299  -41.114  -12.459 0.5000000000
16048  37.524  -41.442  -20.686 0.5000000000
16053  41.536  -41.902  -24.133 0.6999999881
16059  41.058  -40.981  -25.083 0.6999999881
16060  40.583  -41.372  -24.913 0.6000000238
16687  32.808  -40.892  -12.640 0.5000000000
16690  30.901  -39.954  -12.226 0.6000000238
16700  36.870  -40.101  -12.739 0.5000000000
16701  36.555  -40.079  -13.055 0.5000000000
16702  33.306  -40.974  -13.180 0.4000000060
16715  36.303  -40.122  -13.689 0.5000000000
16717  33.777  -40.369  -14.305 0.6000000238
17446  37.538  -39.848  -12.652 0.5000000000
17448  31.283  -39.569  -12.784 0.6000000238
17459  39.254  -39.546  -13.411 0.4000000060
17461  36.827  -39.491  -12.856 0.5000000000
17475  41.182  -39.655  -14.698 0.3000000119
17476  40.511  -39.360  -14.365 0.3000000119
17576  40.732  -40.096  -25.554 0.8000000119
17581  40.302  -39.505  -25.853 0.8000000119
18313  37.388  -38.862  -18.060 0.6000000238
18353  33.091  -38.503  -22.266 0.8999999762
18354  32.680  -38.606  -21.825 1.0000000000
19102  37.884  -37.132  -13.384 0.3000000119
19111  36.002  -37.071  -14.495 0.4000000060
19887  37.005  -36.808  -13.592 0.4000000060
19892  40.395  -36.528  -14.956 0.3000000119
19894  38.595  -36.585  -13.808 0.3000000119
19909  26.789  -36.131  -15.877 0.6999999881
20772  39.882  -35.045  -14.879 0.3000000119
20847  32.511  -35.765  -23.058 1.0000000000
21627  38.953  -34.529  -14.542 0.3000000119
21641  36.999  -34.023  -15.194 0.4000000060
21658  36.412  -34.500  -16.196 0.4000000060
21742  33.154  -34.967  -23.616 0.8999999762
22427  41.137  -33.591  -15.868 0.3000000119
22430  36.729  -33.949  -16.606 0.4000000060
22503  35.240  -33.283  -21.558 0.6999999881
22519  34.857  -33.332  -25.952 0.8000000119
23255  41.471  -32.200  -16.437 0.3000000119
23313  38.689  -32.087  -20.405 0.4000000060
23325  39.229  -33.064  -21.607 0.4000000060
23327  35.701  -32.627  -21.208 0.8000000119
23344  34.968  -32.859  -26.297 0.6999999881
24090  39.738  -31.855  -15.896 0.3000000119
24091  39.044  -31.725  -15.931 0.4000000060
24106  38.090  -31.704  -17.059 0.4000000060
24119  41.557  -31.019  -16.983 0.3000000119
24182  35.523  -32.289  -24.167 0.8000000119
25061  39.155  -30.773  -16.808 0.4000000060
25078  40.312  -30.132  -17.239 0.4000000060
25101  39.257  -29.992  -17.852 0.4000000060
25102  38.699  -30.661  -19.160 0.4000000060
25147  41.186  -31.919  -24.378 0.3000000119
25973  36.132  -29.128  -18.778 0.6000000238
26024  28.144  -29.040  -23.199 0.5000000000
26848  40.996  -28.889  -18.906 0.3000000119
26849  36.096  -28.243  -18.742 0.5000000000
26873  40.844  -28.169  -20.328 0.3000000119
26892  41.018  -28.007  -22.779 0.3000000119
26900  36.465  -28.648  -23.682 0.5000000000
26902  27.683  -28.626  -24.262 0.4000000060
26906  36.484  -29.170  -24.572 0.6000000238
26912  42.592  -29.089  -25.308 0.3000000119
26942  35.908  -29.160  -28.937 0.6000000238
27792  34.488  -27.507  -16.911 0.5000000000
27793  33.310  -27.342  -16.374 0.6000000238
27830  36.392  -27.416  -20.282 0.5000000000
27876  43.154  -27.685  -25.227 0.3000000119
27923  36.442  -28.113  -32.096 0.3000000119
27924  35.254  -27.638  -32.049 0.3000000119
28673  36.072  -26.591  -19.100 0.4000000060
28780  35.817  -28.311  -31.849 0.4000000060
28784  36.624  -27.253  -32.010 0.3000000119
28786  34.632  -26.422  -31.753 0.4000000060
29469  34.780  -25.827  -17.641 0.4000000060
29483  35.344  -25.382  -18.221 0.4000000060
29497  29.070  -25.220  -19.440 0.4000000060
29600  35.167  -25.785  -29.944 0.4000000060
29613  34.180  -23.786  -31.324 0.4000000060
29618  34.925  -24.833  -31.527 0.4000000060
30404  34.159  -24.616  -17.529 0.4000000060
30422  29.420  -24.533  -19.085 0.4000000060
30449  35.717  -24.890  -22.238 0.4000000060
30529  34.417  -22.704  -30.308 0.4000000060
30533  33.995  -23.294  -31.071 0.4000000060
30534  37.128  -23.792  -30.846 0.3000000119
30535  36.023  -23.550  -31.278 0.4000000060
31169  32.493  -22.922  -17.890 0.3000000119
31171  30.086  -23.150  -18.891 0.3000000119
31181  29.536  -23.225  -19.410 0.4000000060
31192  36.391  -23.064  -21.088 0.3000000119
31266  36.674  -22.446  -30.347 0.3000000119
31267  36.077  -21.649  -30.565 0.3000000119
31268  35.313  -21.570  -30.551 0.3000000119
31273  36.239  -21.750  -30.821 0.3000000119
31274  34.362  -22.026  -31.043 0.4000000060
31275  34.430  -22.660  -31.271 0.4000000060
31277  36.763  -22.679  -30.766 0.3000000119
31278  36.131  -22.296  -31.138 0.3000000119
31279  35.349  -22.817  -31.314 0.4000000060
32079  35.221  -22.093  -18.959 0.3000000119
32084  29.450  -22.520  -19.864 0.3000000119
32096  27.709  -22.052  -22.960 0.3000000119
32102  35.099  -22.666  -23.379 0.3000000119
32128  26.843  -22.529  -25.427 0.3000000119
32137  26.780  -22.589  -27.313 0.3000000119
32142  26.963  -22.560  -28.100 0.3000000119
32144  27.835  -22.883  -29.806 0.3000000119
32146  35.732  -21.265  -30.825 0.3000000119
32152  35.367  -21.779  -31.180 0.3000000119
32153  35.045  -21.451  -31.045 0.3000000119
32154  34.718  -21.896  -31.197 0.3000000119
33012  29.873  -20.968  -20.053 0.3000000119
33063  26.814  -21.970  -25.869 0.3000000119
34039  27.306  -20.527  -25.616 0.3000000119
34836  30.599  -19.593  -19.990 0.3000000119
34850  29.962  -19.640  -20.534 0.3000000119
34859  28.694  -20.117  -21.964 0.3000000119
34865  28.809  -18.805  -22.362 0.3000000119
34907  27.286  -19.666  -26.611 0.3000000119
35815  28.436  -18.917  -23.023 0.4000000060
35825  27.831  -18.757  -24.552 0.3000000119
36668  31.180  -17.687  -20.503 0.3000000119
36711  30.085  -17.230  -21.559 0.3000000119
36755  27.861  -17.149  -25.496 0.3000000119
36761  27.534  -17.338  -26.982 0.3000000119
37586  29.561  -16.542  -22.629 0.3000000119
37636  28.095  -15.857  -27.010 0.3000000119
95428  37.899  -35.828  -13.839 0.3000000119
95610  39.444  -29.785  -20.843 0.4000000060
96117  37.474  -44.756  -15.108 0.5000000000
96173  39.921  -39.704  -25.859 0.8000000119
96453  28.355  -22.199  -21.709 0.3000000119
97192  37.314  -44.068  -14.908 0.5000000000
97869  30.178  -40.068  -12.133 0.6000000238
98213  37.618  -37.862  -19.852 0.6000000238
98643  42.299  -27.282  -23.997 0.3000000119
99178  30.428  -20.765  -19.692 0.3000000119
99610  32.678  -27.756  -16.170 0.6999999881
100198  36.121  -35.892  -16.775 0.5000000000
100291  36.147  -38.593  -13.758 0.4000000060
100878  29.942  -34.921  -15.516 1.0000000000
101189  33.891  -28.806  -16.163 0.8000000119
102261  27.623  -17.496  -26.205 0.3000000119
102345  32.807  -35.312  -23.219 0.8999999762
102413  27.524  -20.696  -24.286 0.3000000119
102937  33.905  -24.062  -30.828 0.4000000060
103471  37.479  -34.405  -19.062 0.5000000000
103952  41.771  -27.339  -22.546 0.3000000119
104337  28.434  -24.886  -20.819 0.3000000119
104772  32.602  -25.011  -16.879 0.3000000119
104844  28.175  -24.765  -21.427 0.3000000119
105051  32.544  -38.513  -21.319 1.0000000000
105349  37.971  -33.090  -15.245 0.4000000060
106945  38.601  -30.854  -17.589 0.4000000060
107710  32.598  -41.935  -11.974 0.4000000060
108125  27.683  -22.835  -22.740 0.3000000119
108409  39.600  -29.902  -21.652 0.4000000060
108471  37.371  -33.510  -18.159 0.5000000000
108758  30.942  -33.641  -15.449 1.0000000000
108800  27.515  -17.802  -26.616 0.3000000119
109094  35.647  -22.535  -19.206 0.3000000119
109771  36.457  -36.649  -14.029 0.4000000060
110132  34.794  -26.952  -30.862 0.5000000000
110771  37.713  -38.842  -25.296 0.8000000119
110877  26.473  -45.681  -12.384 0.4000000060
110907  38.337  -32.574  -15.516 0.4000000060
112108  26.601  -42.487  -12.965 0.5000000000
112307  29.982  -32.283  -15.573 0.8999999762
112786  30.072  -22.114  -19.451 0.3000000119
113150  31.184  -40.368  -11.889 0.6000000238
113618  27.239  -34.259  -15.628 0.8000000119
113650  32.409  -37.902  -20.121 1.0000000000
113928  36.265  -25.434  -20.020 0.4000000060
