#!ascii label  , from subject sub-v2s15x29740_ses-1 vox2ras=TkReg
257
47786  23.189  -6.329  -35.806 0.0000000000
40355  19.641  -13.108  -29.043 0.0000000000
51753  21.361  -2.212  -39.307 0.0000000000
57446  17.459  2.894  -46.394 0.0000000000
39429  17.972  -14.423  -28.283 0.0000000000
53768  24.402  -0.662  -42.715 0.0000000000
54719  23.157  1.518  -44.266 0.0000000000
46779  19.936  -7.633  -34.758 0.0000000000
44586  20.442  -9.284  -32.266 0.0000000000
44616  23.071  -8.922  -33.681 0.0000000000
96410  24.613  -6.172  -39.336 0.0000000000
45754  24.606  -8.807  -36.748 0.0000000000
105305  22.192  -3.779  -37.860 0.0000000000
50718  24.608  -3.078  -40.475 0.0000000000
56559  19.253  2.216  -44.641 0.0000000000
57430  21.627  3.332  -45.710 0.0000000000
41383  21.050  -12.053  -30.352 0.0000000000
95032  22.534  1.042  -42.520 0.0000000000
54712  22.057  1.584  -43.084 0.0000000000
46797  20.472  -7.074  -35.378 0.0000000000
45716  21.504  -8.047  -33.913 0.0000000000
46776  23.051  -7.623  -34.639 0.0000000000
40340  18.342  -13.690  -28.569 0.0000000000
50705  21.959  -2.669  -38.622 0.0000000000
50691  23.569  -3.371  -38.309 0.0000000000
51751  23.673  -2.233  -39.197 0.0000000000
53783  24.299  -0.759  -44.662 0.0000000000
100021  24.680  -2.300  -43.182 0.0000000000
57434  15.894  2.791  -45.880 0.0000000000
55669  17.634  1.329  -44.767 0.0000000000
57433  18.361  2.836  -45.754 0.0000000000
58403  19.104  4.551  -49.407 0.0000000000
57467  20.370  3.745  -48.928 0.0000000000
57443  20.951  3.965  -46.560 0.0000000000
57455  21.794  3.086  -47.442 0.0000000000
55681  22.703  1.676  -47.126 0.0000000000
43577  21.674  -10.193  -31.866 0.0000000000
43560  20.462  -10.262  -31.229 0.0000000000
39416  17.281  -14.731  -27.932 0.0000000000
52750  22.909  -0.969  -40.039 0.0000000000
53756  22.784  -0.101  -41.023 0.0000000000
53779  24.066  0.141  -43.223 0.0000000000
98029  23.674  0.631  -44.813 0.0000000000
103088  18.677  -9.367  -32.474 0.0000000000
45702  19.720  -8.493  -33.528 0.0000000000
44601  21.747  -9.066  -32.858 0.0000000000
43596  23.091  -10.168  -32.754 0.0000000000
47813  24.204  -5.856  -36.996 0.0000000000
46813  24.054  -6.857  -35.882 0.0000000000
98947  24.626  -7.245  -38.577 0.0000000000
48749  20.528  -6.002  -36.632 0.0000000000
97271  20.014  -5.523  -37.286 0.0000000000
48762  22.893  -4.833  -36.893 0.0000000000
49696  23.719  -4.395  -37.614 0.0000000000
49721  24.605  -4.592  -39.828 0.0000000000
49733  24.673  -4.962  -41.631 0.0000000000
52763  24.509  -1.731  -41.420 0.0000000000
100028  24.774  -3.502  -42.133 0.0000000000
55656  19.505  1.369  -43.693 0.0000000000
58382  18.325  4.011  -47.021 0.0000000000
57432  19.393  3.315  -45.673 0.0000000000
56571  20.282  3.209  -45.239 0.0000000000
56557  21.527  2.493  -44.246 0.0000000000
55667  22.694  2.153  -44.868 0.0000000000
55680  23.194  1.059  -46.503 0.0000000000
42503  18.545  -11.763  -29.693 0.0000000000
44574  19.115  -9.628  -31.692 0.0000000000
45734  24.448  -8.439  -35.705 0.0000000000
43610  24.140  -10.100  -34.697 0.0000000000
54700  20.488  0.816  -42.391 0.0000000000
55642  21.010  1.439  -42.952 0.0000000000
47788  21.359  -6.739  -35.483 0.0000000000
46795  22.205  -7.025  -34.999 0.0000000000
46794  23.271  -7.009  -35.276 0.0000000000
38538  16.876  -16.068  -26.731 0.0000000000
102472  17.314  -15.487  -27.429 0.0000000000
40339  19.223  -13.764  -28.710 0.0000000000
51742  20.775  -2.798  -38.831 0.0000000000
51752  22.584  -2.081  -39.129 0.0000000000
109461  24.283  -1.258  -45.295 0.0000000000
52793  24.452  -1.648  -44.647 0.0000000000
105622  16.612  2.465  -45.856 0.0000000000
56575  16.353  2.446  -45.352 0.0000000000
114164  17.410  2.414  -45.742 0.0000000000
57456  21.057  3.464  -48.233 0.0000000000
56587  21.305  2.663  -48.992 0.0000000000
43576  22.551  -10.785  -32.085 0.0000000000
43559  21.762  -11.029  -31.455 0.0000000000
40357  17.789  -13.064  -28.921 0.0000000000
52766  22.149  -0.613  -40.466 0.0000000000
53757  21.820  0.095  -41.215 0.0000000000
54711  22.933  1.396  -43.336 0.0000000000
54699  23.393  0.740  -42.762 0.0000000000
98190  23.629  0.822  -43.744 0.0000000000
54710  24.102  0.011  -44.265 0.0000000000
57449  15.691  3.508  -46.709 0.0000000000
45703  18.859  -8.628  -33.771 0.0000000000
45718  19.404  -8.192  -34.284 0.0000000000
45715  22.539  -8.179  -34.019 0.0000000000
45701  21.199  -8.505  -33.356 0.0000000000
45700  22.135  -8.659  -33.454 0.0000000000
44600  22.640  -9.365  -33.076 0.0000000000
39415  18.019  -15.190  -27.947 0.0000000000
48760  24.356  -5.655  -37.794 0.0000000000
47812  24.534  -6.587  -37.779 0.0000000000
47826  24.599  -6.420  -38.587 0.0000000000
47789  19.767  -6.610  -36.242 0.0000000000
49709  21.504  -4.095  -37.903 0.0000000000
49699  21.152  -4.623  -37.582 0.0000000000
48763  21.843  -5.044  -37.031 0.0000000000
49698  22.277  -4.350  -37.430 0.0000000000
49697  23.208  -4.447  -37.344 0.0000000000
49708  23.151  -3.871  -37.724 0.0000000000
50702  24.433  -3.504  -39.651 0.0000000000
49722  24.249  -3.804  -38.833 0.0000000000
49730  24.689  -4.241  -40.653 0.0000000000
50727  24.749  -3.902  -41.445 0.0000000000
52764  24.130  -0.846  -41.038 0.0000000000
51781  24.271  -1.540  -40.655 0.0000000000
52778  24.435  -1.186  -41.964 0.0000000000
99657  24.742  -2.961  -42.700 0.0000000000
50731  24.635  -4.057  -43.172 0.0000000000
56560  18.399  1.914  -44.947 0.0000000000
55658  16.892  0.895  -44.289 0.0000000000
55668  18.842  1.510  -44.383 0.0000000000
103873  18.790  0.882  -43.942 0.0000000000
58391  19.376  4.684  -48.174 0.0000000000
58404  18.422  5.094  -48.555 0.0000000000
58381  19.613  4.435  -47.110 0.0000000000
111317  21.389  3.576  -46.221 0.0000000000
57431  21.022  3.564  -45.785 0.0000000000
56570  21.424  3.067  -45.029 0.0000000000
56558  20.661  2.651  -44.527 0.0000000000
107332  22.094  2.605  -44.661 0.0000000000
56569  22.236  2.860  -45.510 0.0000000000
55688  22.438  1.229  -48.635 0.0000000000
55687  22.959  0.836  -47.545 0.0000000000
54729  23.346  0.034  -47.295 0.0000000000
44587  19.552  -9.208  -32.299 0.0000000000
44573  20.009  -9.615  -31.652 0.0000000000
42530  20.986  -11.099  -30.909 0.0000000000
43543  20.112  -10.687  -30.622 0.0000000000
42514  20.462  -11.377  -30.380 0.0000000000
42501  20.277  -11.858  -29.888 0.0000000000
46812  24.522  -7.733  -36.261 0.0000000000
108147  24.080  -7.556  -35.453 0.0000000000
109935  22.008  0.697  -41.894 0.0000000000
54692  21.063  0.534  -41.753 0.0000000000
104355  21.557  1.071  -42.399 0.0000000000
46778  20.904  -7.530  -34.531 0.0000000000
46777  21.924  -7.521  -34.438 0.0000000000
111833  18.594  -14.987  -28.292 0.0000000000
108500  18.861  -14.454  -28.493 0.0000000000
39414  19.289  -14.932  -28.362 0.0000000000
48787  24.625  -5.782  -40.090 0.0000000000
99272  24.477  -6.998  -40.362 0.0000000000
50693  21.409  -3.463  -38.309 0.0000000000
50692  22.549  -3.286  -38.209 0.0000000000
50703  23.990  -2.913  -38.862 0.0000000000
98442  24.236  -2.655  -39.537 0.0000000000
53778  24.398  -0.684  -43.829 0.0000000000
109988  24.619  -1.519  -42.723 0.0000000000
98848  24.567  -2.557  -44.215 0.0000000000
56573  17.891  2.200  -45.363 0.0000000000
56572  19.087  2.682  -45.141 0.0000000000
58402  19.812  3.915  -49.435 0.0000000000
58390  20.145  4.324  -47.860 0.0000000000
58380  20.464  4.291  -46.987 0.0000000000
104532  21.398  3.686  -46.968 0.0000000000
57442  21.900  3.285  -46.354 0.0000000000
56580  22.391  2.612  -46.651 0.0000000000
56586  22.094  2.224  -47.954 0.0000000000
43578  20.857  -9.806  -31.738 0.0000000000
102285  21.158  -10.451  -31.425 0.0000000000
40341  17.481  -13.692  -28.569 0.0000000000
40356  18.722  -12.975  -28.813 0.0000000000
52740  20.596  -1.825  -39.844 0.0000000000
51767  21.994  -1.404  -39.720 0.0000000000
52765  23.272  -0.577  -40.629 0.0000000000
53755  23.566  -0.184  -41.354 0.0000000000
53770  22.922  0.460  -41.767 0.0000000000
53769  23.850  0.134  -42.180 0.0000000000
54723  23.994  -0.458  -45.361 0.0000000000
53790  23.776  -0.815  -46.491 0.0000000000
57448  15.823  3.133  -46.573 0.0000000000
57447  16.302  2.826  -46.518 0.0000000000
45690  19.172  -8.846  -32.979 0.0000000000
45689  20.031  -8.740  -32.778 0.0000000000
45717  20.416  -8.100  -33.948 0.0000000000
108294  20.447  -8.516  -33.293 0.0000000000
44602  20.865  -8.842  -32.755 0.0000000000
44585  21.311  -9.486  -32.311 0.0000000000
44584  22.216  -9.823  -32.447 0.0000000000
107827  23.095  -5.823  -36.206 0.0000000000
47796  23.854  -6.130  -36.303 0.0000000000
47795  24.476  -6.927  -36.867 0.0000000000
101748  24.736  -8.101  -37.265 0.0000000000
47835  24.502  -7.402  -39.548 0.0000000000
46835  24.480  -8.251  -39.015 0.0000000000
102458  24.577  -8.484  -38.172 0.0000000000
47799  20.680  -6.540  -35.971 0.0000000000
47798  21.409  -6.238  -36.035 0.0000000000
48748  21.543  -5.622  -36.516 0.0000000000
48747  22.523  -5.405  -36.484 0.0000000000
48746  23.465  -5.436  -36.612 0.0000000000
48761  23.834  -4.957  -37.197 0.0000000000
48775  24.475  -5.572  -38.496 0.0000000000
49707  24.007  -4.089  -38.092 0.0000000000
49706  24.461  -4.944  -38.919 0.0000000000
48793  24.608  -5.389  -40.881 0.0000000000
48798  24.436  -6.106  -41.877 0.0000000000
51766  23.256  -1.513  -39.583 0.0000000000
51765  24.227  -1.943  -39.950 0.0000000000
51780  24.557  -2.316  -40.924 0.0000000000
51789  24.683  -2.050  -42.292 0.0000000000
95281  24.752  -2.612  -41.806 0.0000000000
94618  24.641  -4.528  -42.405 0.0000000000
58393  16.910  3.563  -47.236 0.0000000000
58392  18.050  4.790  -47.701 0.0000000000
57445  18.913  3.590  -46.318 0.0000000000
57444  20.177  3.859  -46.212 0.0000000000
96353  19.860  2.609  -44.712 0.0000000000
56549  20.821  2.278  -43.938 0.0000000000
55655  20.440  1.769  -43.501 0.0000000000
55654  21.430  2.012  -43.563 0.0000000000
55653  22.362  2.082  -43.936 0.0000000000
55675  22.825  1.980  -45.960 0.0000000000
55666  23.255  1.339  -45.348 0.0000000000
54724  23.568  0.241  -46.026 0.0000000000
113121  23.588  -0.335  -46.746 0.0000000000
41371  18.142  -12.404  -29.326 0.0000000000
41370  19.102  -12.354  -29.234 0.0000000000
43562  18.662  -10.196  -31.172 0.0000000000
43561  19.599  -10.079  -31.085 0.0000000000
43544  19.239  -10.615  -30.539 0.0000000000
42516  18.908  -11.169  -30.061 0.0000000000
42502  19.450  -11.747  -29.656 0.0000000000
113835  23.630  -7.539  -35.045 0.0000000000
106064  23.556  -8.505  -34.311 0.0000000000
44628  24.471  -9.532  -36.190 0.0000000000
44614  24.326  -9.155  -35.008 0.0000000000
44615  23.865  -9.390  -34.125 0.0000000000
44599  23.443  -9.702  -33.425 0.0000000000
45714  23.961  -8.079  -34.942 0.0000000000
46796  21.347  -7.167  -34.979 0.0000000000
47787  22.270  -6.498  -35.551 0.0000000000
47797  22.315  -5.972  -36.063 0.0000000000
48764  20.849  -5.327  -37.188 0.0000000000
48776  24.190  -4.848  -37.931 0.0000000000
50704  23.115  -2.680  -38.621 0.0000000000
52749  23.758  -1.163  -40.254 0.0000000000
52779  24.119  -0.479  -41.787 0.0000000000
52786  24.594  -1.518  -43.538 0.0000000000
56550  19.918  2.113  -44.149 0.0000000000
57435  15.711  3.281  -46.271 0.0000000000
99643  24.665  -7.587  -37.930 0.0000000000
109887  24.762  -3.088  -41.360 0.0000000000
