#!ascii label  , from subject sub-v2s15x29741_ses-1 vox2ras=TkReg
1370
50077  -35.148  -9.389  54.676 0.0000000000
94860  -49.344  2.896  30.081 0.0000000000
57109  -38.066  -2.404  41.059 0.0000000000
46397  -7.805  -12.900  49.944 0.0000000000
41939  -20.907  -18.048  53.086 0.0000000000
51879  -9.002  -6.966  50.967 0.0000000000
52676  -14.328  -6.788  56.487 0.0000000000
56265  -44.987  -3.172  35.556 0.0000000000
50191  -5.787  -10.133  42.702 0.0000000000
47316  -4.170  -11.048  54.900 0.0000000000
51959  -34.412  -7.423  46.195 0.0000000000
45271  -31.032  -15.077  51.174 0.0000000000
103525  -29.348  -17.348  53.566 0.0000000000
63454  -51.220  5.450  28.074 0.0000000000
56230  -40.970  -2.698  38.426 0.0000000000
45270  -17.545  -15.973  51.947 0.0000000000
53647  -4.052  -5.657  47.661 0.0000000000
50109  -12.715  -9.407  50.871 0.0000000000
50136  -11.918  -9.259  47.286 0.0000000000
46437  -10.770  -14.187  48.139 0.0000000000
105325  -10.499  -13.509  59.271 0.0000000000
49096  -7.871  -10.256  60.725 0.0000000000
56179  -34.271  -2.323  43.475 0.0000000000
87932  -26.068  -17.577  55.788 0.0000000000
89458  -24.393  -17.145  51.266 0.0000000000
52698  -12.151  -5.712  53.130 0.0000000000
50072  -11.884  -9.784  54.030 0.0000000000
59233  -47.050  -0.048  32.990 0.0000000000
46311  -13.368  -13.552  56.750 0.0000000000
93998  -15.397  -13.660  53.908 0.0000000000
51042  -6.574  -8.449  48.213 0.0000000000
49266  -10.356  -10.297  44.369 0.0000000000
51821  -13.394  -7.837  60.836 0.0000000000
49111  -10.121  -10.288  57.535 0.0000000000
96450  -6.033  -11.245  52.465 0.0000000000
51869  -34.758  -7.284  53.301 0.0000000000
49179  -34.017  -10.149  51.388 0.0000000000
98116  -34.244  -8.804  50.515 0.0000000000
47343  -33.138  -12.798  53.215 0.0000000000
47378  -32.239  -12.091  50.496 0.0000000000
45240  -32.615  -14.383  54.346 0.0000000000
62672  -50.807  4.020  29.452 0.0000000000
94532  -46.886  1.310  29.052 0.0000000000
61167  -48.221  2.911  27.977 0.0000000000
61963  -49.069  4.057  27.200 0.0000000000
101197  -39.304  -2.201  39.450 0.0000000000
55373  -35.167  -3.547  40.044 0.0000000000
104929  -36.474  -2.620  38.126 0.0000000000
56251  -38.220  -2.632  36.863 0.0000000000
97017  -10.899  -11.419  50.728 0.0000000000
47390  -11.410  -11.992  49.539 0.0000000000
46411  -9.147  -13.262  49.221 0.0000000000
45323  -8.442  -14.792  47.808 0.0000000000
45306  -7.183  -14.315  48.450 0.0000000000
46332  -9.628  -13.804  56.347 0.0000000000
46289  -7.937  -14.706  57.938 0.0000000000
56165  -32.362  -2.503  44.858 0.0000000000
53650  -32.666  -5.553  47.617 0.0000000000
52825  -32.286  -6.866  44.883 0.0000000000
54519  -31.389  -4.395  45.498 0.0000000000
55347  -32.032  -3.247  43.525 0.0000000000
44081  -27.581  -15.563  56.468 0.0000000000
43039  -28.188  -17.094  50.997 0.0000000000
97728  -26.573  -17.752  51.806 0.0000000000
63506  -51.302  5.788  23.483 0.0000000000
64223  -51.696  6.342  21.966 0.0000000000
52693  -14.184  -6.189  54.579 0.0000000000
50986  -13.439  -8.046  53.720 0.0000000000
50973  -13.557  -8.379  55.326 0.0000000000
57209  -46.215  -1.849  33.944 0.0000000000
55431  -41.551  -4.270  34.779 0.0000000000
55451  -43.286  -3.166  32.783 0.0000000000
57228  -44.913  -1.781  32.222 0.0000000000
47283  -14.724  -13.026  59.380 0.0000000000
46280  -15.399  -13.628  58.424 0.0000000000
52726  -6.570  -6.605  51.468 0.0000000000
51894  -4.917  -7.072  50.100 0.0000000000
51915  -8.007  -7.696  49.585 0.0000000000
47422  -12.242  -12.026  46.314 0.0000000000
50168  -11.376  -9.792  45.667 0.0000000000
47429  -12.128  -12.038  45.340 0.0000000000
51802  -13.383  -8.103  63.177 0.0000000000
48203  -5.887  -11.461  58.262 0.0000000000
50034  -7.752  -9.557  59.240 0.0000000000
49120  -7.706  -10.358  56.762 0.0000000000
93247  -7.732  -10.447  54.560 0.0000000000
48240  -5.352  -10.651  53.741 0.0000000000
52766  -34.141  -6.721  49.270 0.0000000000
44083  -29.497  -15.582  56.857 0.0000000000
44094  -31.579  -15.484  55.398 0.0000000000
43026  -31.401  -16.257  52.618 0.0000000000
64185  -52.240  6.660  26.012 0.0000000000
62749  -49.949  4.970  25.160 0.0000000000
56255  -42.962  -3.189  37.310 0.0000000000
55415  -40.277  -3.861  35.758 0.0000000000
87946  -21.066  -16.590  51.407 0.0000000000
43023  -19.078  -17.475  52.530 0.0000000000
51963  -3.608  -8.212  45.573 0.0000000000
51900  -11.716  -7.579  50.414 0.0000000000
51029  -11.027  -8.099  49.095 0.0000000000
107013  -12.633  -9.417  49.120 0.0000000000
48313  -12.323  -11.701  48.174 0.0000000000
45327  -12.180  -14.301  47.398 0.0000000000
48181  -12.165  -11.658  61.658 0.0000000000
49080  -10.570  -9.950  62.101 0.0000000000
47280  -9.036  -12.870  60.400 0.0000000000
47287  -6.097  -12.855  59.024 0.0000000000
56195  -36.178  -2.573  42.191 0.0000000000
56204  -33.926  -3.352  42.073 0.0000000000
87922  -23.716  -19.052  54.219 0.0000000000
98777  -28.184  -17.580  54.568 0.0000000000
90227  -24.748  -18.228  52.972 0.0000000000
88725  -23.129  -18.075  51.746 0.0000000000
53566  -8.213  -5.233  53.047 0.0000000000
54427  -10.105  -4.374  53.891 0.0000000000
52714  -10.407  -5.978  52.307 0.0000000000
51870  -12.733  -7.329  52.186 0.0000000000
49163  -12.343  -9.905  52.203 0.0000000000
48254  -9.854  -10.894  52.088 0.0000000000
100026  -48.411  2.066  31.554 0.0000000000
59270  -45.795  -0.009  30.924 0.0000000000
47271  -13.291  -12.465  60.381 0.0000000000
46292  -12.118  -13.488  57.982 0.0000000000
46343  -10.979  -13.786  54.726 0.0000000000
43006  -17.794  -17.061  53.711 0.0000000000
99025  -16.579  -15.781  54.961 0.0000000000
45192  -16.036  -14.551  56.895 0.0000000000
95568  -14.327  -13.391  55.194 0.0000000000
107234  -12.338  -13.899  54.061 0.0000000000
53620  -1.197  -5.396  49.870 0.0000000000
51039  -3.308  -8.097  47.962 0.0000000000
50147  -5.386  -9.697  45.804 0.0000000000
51045  -9.702  -8.571  48.085 0.0000000000
50149  -8.591  -9.714  45.938 0.0000000000
50179  -7.648  -10.900  43.920 0.0000000000
51829  -14.856  -7.581  58.665 0.0000000000
50938  -10.443  -8.437  61.610 0.0000000000
50031  -11.652  -9.122  59.187 0.0000000000
50046  -13.717  -9.654  57.475 0.0000000000
50064  -10.993  -9.723  55.540 0.0000000000
49159  -8.428  -10.635  52.928 0.0000000000
47351  -6.983  -12.033  51.162 0.0000000000
47325  -1.977  -11.242  53.593 0.0000000000
47346  -2.461  -12.279  52.322 0.0000000000
46407  -5.270  -13.514  49.518 0.0000000000
50984  -35.220  -8.292  54.160 0.0000000000
51856  -35.486  -7.927  55.008 0.0000000000
49152  -34.135  -10.239  52.918 0.0000000000
102487  -34.427  -9.312  51.741 0.0000000000
49151  -33.928  -10.813  53.755 0.0000000000
48258  -33.679  -10.963  52.098 0.0000000000
50069  -35.146  -9.820  55.424 0.0000000000
94106  -33.610  -11.555  54.930 0.0000000000
93099  -50.392  3.547  29.846 0.0000000000
60217  -48.086  2.134  30.002 0.0000000000
60251  -47.360  1.763  28.635 0.0000000000
61130  -49.081  3.118  29.388 0.0000000000
91564  -49.260  3.461  28.843 0.0000000000
57121  -38.107  -2.278  40.154 0.0000000000
93603  -39.624  -1.820  40.782 0.0000000000
57110  -38.904  -1.869  41.503 0.0000000000
56219  -36.033  -3.252  39.651 0.0000000000
56220  -36.886  -2.800  39.586 0.0000000000
104507  -38.309  -2.264  38.887 0.0000000000
47371  -9.114  -12.307  50.269 0.0000000000
47388  -9.612  -12.681  49.685 0.0000000000
47387  -8.703  -12.808  49.809 0.0000000000
46425  -8.593  -13.806  48.792 0.0000000000
46409  -7.297  -13.413  49.493 0.0000000000
45222  -9.059  -13.577  54.392 0.0000000000
45208  -8.442  -13.867  55.230 0.0000000000
54506  -32.304  -4.330  47.116 0.0000000000
53664  -31.788  -5.550  46.609 0.0000000000
55322  -31.835  -3.441  45.959 0.0000000000
56154  -31.898  -2.815  45.398 0.0000000000
64210  -52.210  6.690  24.225 0.0000000000
100333  -51.646  6.275  22.936 0.0000000000
107532  -52.659  7.606  22.276 0.0000000000
52685  -14.426  -6.286  55.524 0.0000000000
98774  -14.317  -6.998  54.904 0.0000000000
51849  -14.112  -7.515  55.707 0.0000000000
56275  -45.908  -2.405  34.540 0.0000000000
98473  -47.013  -1.610  35.808 0.0000000000
55418  -43.248  -3.725  35.472 0.0000000000
55441  -42.744  -4.015  33.918 0.0000000000
55443  -44.322  -3.309  34.143 0.0000000000
56283  -44.870  -2.676  33.445 0.0000000000
46266  -16.064  -13.710  59.150 0.0000000000
46267  -16.843  -14.278  58.970 0.0000000000
41923  -22.142  -18.302  54.761 0.0000000000
91836  -20.439  -17.847  53.956 0.0000000000
51975  -5.384  -7.984  43.109 0.0000000000
52727  -7.482  -6.622  51.489 0.0000000000
51877  -7.071  -7.135  50.851 0.0000000000
51897  -8.610  -7.362  50.289 0.0000000000
46446  -12.536  -13.760  46.361 0.0000000000
46451  -12.041  -12.937  45.079 0.0000000000
51809  -15.022  -7.477  62.133 0.0000000000
50925  -14.359  -8.474  63.109 0.0000000000
48210  -5.807  -11.775  56.958 0.0000000000
49119  -6.709  -10.860  57.599 0.0000000000
48222  -6.416  -11.381  56.065 0.0000000000
48233  -6.459  -10.741  55.097 0.0000000000
47317  -5.023  -11.013  54.948 0.0000000000
93948  -34.420  -7.242  51.314 0.0000000000
93195  -34.121  -8.256  49.942 0.0000000000
53609  -34.176  -5.767  50.472 0.0000000000
53623  -33.950  -5.680  49.551 0.0000000000
45256  -31.949  -14.858  52.893 0.0000000000
44116  -31.849  -15.634  53.143 0.0000000000
44136  -31.564  -15.383  52.027 0.0000000000
43042  -30.401  -16.321  51.241 0.0000000000
64156  -51.682  6.145  27.563 0.0000000000
63453  -50.440  5.074  27.598 0.0000000000
62738  -49.356  4.627  25.714 0.0000000000
63471  -50.382  5.248  26.545 0.0000000000
63472  -51.058  5.755  26.024 0.0000000000
56242  -42.171  -3.157  37.632 0.0000000000
103717  -42.882  -2.714  38.267 0.0000000000
57159  -42.386  -2.371  39.162 0.0000000000
56239  -39.674  -2.919  37.731 0.0000000000
56252  -39.289  -3.124  36.898 0.0000000000
56253  -40.817  -3.375  37.103 0.0000000000
55399  -41.108  -3.761  36.261 0.0000000000
102480  -4.796  -5.413  47.126 0.0000000000
52795  -4.168  -6.708  45.872 0.0000000000
98843  -3.451  -7.028  46.551 0.0000000000
51022  -12.553  -8.648  50.472 0.0000000000
108497  -12.394  -8.559  49.811 0.0000000000
50118  -12.648  -9.307  49.938 0.0000000000
47407  -11.394  -12.774  48.925 0.0000000000
48312  -12.021  -12.030  48.879 0.0000000000
46428  -11.856  -13.318  48.356 0.0000000000
46439  -12.377  -13.432  47.697 0.0000000000
45326  -11.336  -14.613  47.626 0.0000000000
45325  -10.302  -14.742  47.687 0.0000000000
47269  -11.448  -12.613  60.493 0.0000000000
47251  -10.331  -12.123  61.539 0.0000000000
46261  -9.888  -13.343  59.758 0.0000000000
46306  -6.822  -13.933  57.008 0.0000000000
46272  -7.142  -14.237  58.572 0.0000000000
46287  -6.337  -13.651  57.695 0.0000000000
47290  -5.857  -12.828  57.782 0.0000000000
56180  -35.058  -2.284  43.228 0.0000000000
56178  -33.470  -2.502  43.580 0.0000000000
55355  -33.085  -3.432  42.352 0.0000000000
56193  -34.388  -2.719  42.643 0.0000000000
56205  -34.769  -3.227  41.808 0.0000000000
96046  -25.525  -17.716  56.054 0.0000000000
87921  -23.823  -19.098  55.465 0.0000000000
87920  -25.029  -19.020  54.621 0.0000000000
42999  -29.782  -16.718  54.778 0.0000000000
42987  -28.767  -16.595  55.579 0.0000000000
41925  -29.099  -17.268  54.391 0.0000000000
41971  -25.325  -17.090  51.262 0.0000000000
107133  -26.145  -17.965  52.079 0.0000000000
90758  -24.774  -18.097  51.540 0.0000000000
87931  -24.173  -18.349  51.939 0.0000000000
88924  -23.534  -17.264  51.312 0.0000000000
101749  -22.683  -17.219  51.418 0.0000000000
53555  -12.164  -4.617  54.174 0.0000000000
53569  -10.799  -4.908  53.445 0.0000000000
53568  -9.875  -5.007  53.280 0.0000000000
52715  -11.517  -5.941  52.535 0.0000000000
104495  -12.113  -6.577  52.116 0.0000000000
52699  -12.674  -6.590  52.758 0.0000000000
50079  -12.646  -9.297  53.561 0.0000000000
50985  -13.161  -8.613  53.191 0.0000000000
50088  -12.129  -9.862  53.083 0.0000000000
49172  -10.703  -10.656  52.174 0.0000000000
49161  -10.663  -10.431  52.830 0.0000000000
59254  -47.218  0.817  32.629 0.0000000000
60195  -48.455  1.860  32.618 0.0000000000
59235  -48.148  0.913  33.991 0.0000000000
58210  -45.905  -0.698  32.367 0.0000000000
58218  -45.115  -0.664  31.110 0.0000000000
58220  -46.187  -0.093  31.793 0.0000000000
59271  -46.559  0.606  31.257 0.0000000000
47255  -14.917  -12.225  60.782 0.0000000000
90785  -13.741  -13.346  58.106 0.0000000000
46278  -13.298  -13.072  58.803 0.0000000000
104914  -12.423  -13.599  57.229 0.0000000000
46310  -11.236  -13.797  56.930 0.0000000000
100470  -12.170  -13.634  56.360 0.0000000000
44133  -18.434  -16.558  52.011 0.0000000000
43007  -18.468  -17.443  53.092 0.0000000000
45237  -17.532  -15.674  52.971 0.0000000000
104062  -16.648  -14.065  53.873 0.0000000000
46362  -16.846  -14.283  53.968 0.0000000000
46336  -16.437  -14.002  54.910 0.0000000000
45193  -16.572  -15.177  56.406 0.0000000000
92443  -16.027  -13.689  55.256 0.0000000000
97338  -15.415  -13.626  55.984 0.0000000000
93759  -15.303  -13.366  55.234 0.0000000000
106202  -12.231  -14.247  53.311 0.0000000000
53592  -1.745  -5.333  51.436 0.0000000000
51932  -6.206  -8.095  49.000 0.0000000000
51930  -4.158  -7.602  48.775 0.0000000000
51041  -5.561  -8.363  48.222 0.0000000000
51072  -4.192  -8.986  46.681 0.0000000000
51074  -6.269  -9.278  46.684 0.0000000000
51046  -10.767  -8.449  48.299 0.0000000000
51936  -10.029  -8.081  48.867 0.0000000000
51062  -10.550  -8.816  47.551 0.0000000000
49250  -10.882  -9.853  45.023 0.0000000000
50150  -9.590  -9.614  45.910 0.0000000000
50166  -9.835  -9.996  44.918 0.0000000000
50165  -7.948  -10.289  45.032 0.0000000000
50180  -8.752  -10.530  44.307 0.0000000000
49265  -9.434  -10.569  43.898 0.0000000000
51826  -14.123  -8.246  60.069 0.0000000000
48177  -8.621  -10.735  61.318 0.0000000000
50014  -9.778  -9.102  62.101 0.0000000000
50020  -8.271  -9.124  61.236 0.0000000000
49103  -9.591  -10.027  58.233 0.0000000000
50030  -10.632  -8.936  59.389 0.0000000000
49104  -10.690  -9.987  58.141 0.0000000000
50032  -12.633  -9.430  58.657 0.0000000000
49112  -11.250  -10.225  57.386 0.0000000000
49113  -12.018  -10.012  56.835 0.0000000000
49121  -10.487  -10.089  56.751 0.0000000000
49157  -6.774  -10.708  53.319 0.0000000000
49146  -8.036  -10.487  53.753 0.0000000000
49158  -7.523  -10.685  53.121 0.0000000000
48252  -7.895  -11.059  52.356 0.0000000000
48263  -6.474  -11.592  51.824 0.0000000000
46357  -1.279  -12.616  53.256 0.0000000000
47337  -2.134  -11.549  52.946 0.0000000000
97453  -34.377  -6.038  52.384 0.0000000000
49194  -33.271  -10.412  50.043 0.0000000000
92713  -33.545  -9.918  50.099 0.0000000000
98477  -33.999  -9.760  50.879 0.0000000000
51886  -34.374  -7.568  51.861 0.0000000000
46378  -32.501  -13.394  52.712 0.0000000000
47360  -32.300  -12.269  51.373 0.0000000000
48273  -32.735  -11.426  51.038 0.0000000000
47329  -33.410  -13.045  54.023 0.0000000000
62706  -50.807  4.741  28.499 0.0000000000
60279  -47.113  1.854  27.093 0.0000000000
61179  -47.351  2.572  26.856 0.0000000000
61980  -47.687  3.309  26.559 0.0000000000
61962  -48.598  3.457  27.641 0.0000000000
106630  -49.523  4.126  27.812 0.0000000000
57157  -40.541  -2.350  39.114 0.0000000000
57158  -41.459  -2.419  39.155 0.0000000000
57138  -40.002  -2.101  39.835 0.0000000000
57113  -41.166  -1.434  41.370 0.0000000000
54564  -33.853  -4.118  39.827 0.0000000000
55377  -34.590  -3.925  39.523 0.0000000000
55384  -35.407  -3.704  38.175 0.0000000000
56235  -35.968  -3.007  37.715 0.0000000000
56249  -36.710  -3.080  36.458 0.0000000000
56236  -37.161  -2.337  37.774 0.0000000000
56227  -38.509  -2.425  38.285 0.0000000000
49188  -12.098  -10.675  50.766 0.0000000000
48284  -12.391  -10.803  49.948 0.0000000000
48283  -11.633  -11.355  50.228 0.0000000000
47389  -10.557  -12.451  49.609 0.0000000000
99676  -10.286  -13.805  48.517 0.0000000000
45324  -9.349  -14.785  47.729 0.0000000000
45308  -8.952  -14.287  48.244 0.0000000000
45322  -7.533  -14.772  47.931 0.0000000000
92743  -9.833  -14.142  58.310 0.0000000000
46274  -8.982  -14.437  58.943 0.0000000000
46308  -8.911  -14.094  57.153 0.0000000000
57075  -34.052  -2.043  44.299 0.0000000000
52802  -33.638  -6.741  46.811 0.0000000000
52812  -33.585  -6.812  45.877 0.0000000000
52801  -32.616  -6.413  46.595 0.0000000000
53679  -31.467  -5.466  45.935 0.0000000000
53691  -31.076  -5.391  44.973 0.0000000000
55340  -31.506  -3.560  44.156 0.0000000000
56177  -32.553  -2.638  43.937 0.0000000000
98149  -26.899  -17.452  55.610 0.0000000000
41974  -28.977  -17.342  51.888 0.0000000000
41961  -28.286  -17.525  52.523 0.0000000000
41973  -27.271  -17.402  51.279 0.0000000000
108284  -25.990  -16.790  50.912 0.0000000000
62775  -50.238  4.869  21.882 0.0000000000
63525  -50.666  5.280  21.247 0.0000000000
63539  -51.178  5.706  20.669 0.0000000000
64240  -51.531  6.283  19.318 0.0000000000
53571  -12.704  -5.374  53.759 0.0000000000
104783  -12.918  -6.124  53.312 0.0000000000
103441  -13.872  -6.986  54.266 0.0000000000
50979  -13.424  -8.269  54.518 0.0000000000
50073  -12.483  -9.327  54.467 0.0000000000
58203  -47.044  -0.581  33.744 0.0000000000
57211  -47.402  -0.776  34.568 0.0000000000
54625  -42.165  -4.158  33.123 0.0000000000
55459  -42.296  -3.444  31.619 0.0000000000
56298  -42.799  -2.739  31.297 0.0000000000
56291  -43.751  -2.614  32.334 0.0000000000
56293  -45.270  -2.100  32.968 0.0000000000
47273  -15.445  -12.671  60.402 0.0000000000
47285  -15.973  -13.224  59.961 0.0000000000
46264  -14.876  -13.290  58.793 0.0000000000
46294  -14.177  -13.547  57.316 0.0000000000
105008  -15.649  -14.486  52.608 0.0000000000
46360  -14.728  -13.802  53.495 0.0000000000
52709  -5.164  -5.930  51.919 0.0000000000
52724  -4.006  -6.431  51.205 0.0000000000
51895  -6.090  -7.028  50.907 0.0000000000
51914  -6.379  -7.632  49.753 0.0000000000
51933  -7.699  -8.188  48.893 0.0000000000
49224  -12.236  -10.173  47.054 0.0000000000
50152  -11.428  -9.485  46.465 0.0000000000
49236  -12.041  -10.187  46.028 0.0000000000
49251  -11.636  -10.292  45.242 0.0000000000
48353  -11.722  -11.191  44.731 0.0000000000
53526  -15.818  -6.122  60.451 0.0000000000
52653  -14.447  -7.105  61.701 0.0000000000
94454  -12.936  -7.840  61.529 0.0000000000
48197  -6.646  -11.358  58.764 0.0000000000
50027  -7.314  -9.675  59.679 0.0000000000
49108  -6.730  -10.761  58.390 0.0000000000
49109  -7.757  -10.526  57.901 0.0000000000
94873  -8.366  -10.207  56.918 0.0000000000
102907  -9.377  -10.050  56.743 0.0000000000
107011  -7.579  -10.410  55.036 0.0000000000
94026  -6.505  -10.543  54.487 0.0000000000
48250  -5.256  -10.985  52.878 0.0000000000
51067  -33.921  -8.918  46.882 0.0000000000
50132  -33.530  -9.409  48.910 0.0000000000
51052  -33.605  -9.001  48.417 0.0000000000
51951  -33.835  -7.360  47.760 0.0000000000
52777  -33.317  -6.023  48.046 0.0000000000
53637  -33.194  -5.236  48.458 0.0000000000
43000  -30.582  -16.506  54.457 0.0000000000
97449  -32.454  -14.376  55.374 0.0000000000
43001  -31.378  -16.166  54.233 0.0000000000
43024  -29.979  -17.180  53.048 0.0000000000
43041  -29.775  -16.990  51.559 0.0000000000
62747  -48.698  4.389  24.539 0.0000000000
96948  -50.664  5.311  24.670 0.0000000000
64197  -51.813  6.134  24.643 0.0000000000
55402  -43.856  -3.436  36.035 0.0000000000
56245  -45.076  -2.438  37.154 0.0000000000
56244  -44.424  -2.370  37.851 0.0000000000
56263  -37.661  -3.090  36.300 0.0000000000
98078  -40.967  -4.097  35.336 0.0000000000
55417  -42.511  -3.809  35.730 0.0000000000
41958  -21.197  -17.783  52.437 0.0000000000
41957  -20.099  -17.680  52.447 0.0000000000
106581  -20.401  -16.889  51.755 0.0000000000
44151  -19.182  -16.595  51.328 0.0000000000
51965  -4.430  -7.741  44.621 0.0000000000
51096  -4.560  -9.427  43.791 0.0000000000
51880  -9.983  -6.901  51.059 0.0000000000
51898  -9.653  -7.310  50.324 0.0000000000
51918  -11.330  -7.777  49.857 0.0000000000
51030  -11.934  -8.235  49.403 0.0000000000
50127  -12.513  -9.064  48.420 0.0000000000
49204  -12.523  -10.786  49.079 0.0000000000
103014  -12.333  -11.394  48.750 0.0000000000
48325  -12.278  -11.153  47.465 0.0000000000
47413  -12.359  -12.041  47.351 0.0000000000
49068  -12.144  -10.358  64.088 0.0000000000
94522  -10.912  -11.194  62.281 0.0000000000
105562  -9.576  -11.503  62.204 0.0000000000
48191  -8.425  -11.386  60.948 0.0000000000
46259  -8.076  -14.000  59.283 0.0000000000
47278  -7.091  -13.177  59.341 0.0000000000
95448  -6.601  -12.193  59.228 0.0000000000
48196  -5.751  -12.338  58.480 0.0000000000
47294  -5.401  -12.523  57.245 0.0000000000
47307  -4.717  -11.996  55.818 0.0000000000
56196  -37.024  -2.523  42.011 0.0000000000
98079  -38.209  -2.089  41.847 0.0000000000
57079  -37.458  -1.687  43.540 0.0000000000
51982  -34.424  -7.430  44.321 0.0000000000
55371  -33.538  -3.851  40.617 0.0000000000
56206  -35.666  -3.095  41.509 0.0000000000
107030  -22.781  -19.219  55.033 0.0000000000
87928  -22.894  -18.708  54.285 0.0000000000
44082  -28.541  -15.617  56.677 0.0000000000
102938  -28.162  -16.880  55.512 0.0000000000
93583  -27.197  -17.763  54.626 0.0000000000
41940  -27.601  -17.754  53.074 0.0000000000
40941  -26.148  -18.127  53.643 0.0000000000
90405  -25.734  -18.381  54.293 0.0000000000
87919  -24.539  -18.838  54.137 0.0000000000
87929  -23.315  -18.326  53.384 0.0000000000
90797  -21.894  -17.980  52.567 0.0000000000
89840  -21.833  -16.984  51.452 0.0000000000
64249  -52.013  6.827  18.939 0.0000000000
64974  -52.936  7.164  17.892 0.0000000000
64975  -53.499  7.383  17.494 0.0000000000
103408  -7.375  -5.780  52.436 0.0000000000
52712  -8.635  -6.199  52.158 0.0000000000
53567  -9.014  -5.139  53.153 0.0000000000
53582  -8.829  -5.670  52.648 0.0000000000
52730  -10.205  -6.459  51.719 0.0000000000
94692  -10.987  -6.850  51.235 0.0000000000
108785  -12.266  -7.494  51.204 0.0000000000
51006  -12.738  -8.699  51.240 0.0000000000
51863  -13.244  -7.693  52.919 0.0000000000
50996  -12.908  -8.764  51.907 0.0000000000
49174  -12.416  -10.138  51.418 0.0000000000
49173  -11.561  -10.595  51.585 0.0000000000
48267  -10.592  -11.108  51.405 0.0000000000
48280  -8.734  -12.011  50.749 0.0000000000
96790  -49.116  2.498  30.998 0.0000000000
58227  -43.639  -1.346  30.675 0.0000000000
102583  -43.818  -0.789  30.085 0.0000000000
58240  -44.465  -0.385  29.665 0.0000000000
59290  -46.302  0.635  30.279 0.0000000000
60216  -47.386  1.505  30.301 0.0000000000
47253  -12.760  -12.147  61.093 0.0000000000
46263  -11.848  -12.862  59.646 0.0000000000
103771  -13.885  -12.786  59.636 0.0000000000
91966  -12.832  -12.774  59.567 0.0000000000
46276  -11.424  -13.538  58.295 0.0000000000
46333  -10.308  -13.647  55.525 0.0000000000
41937  -19.106  -17.754  53.490 0.0000000000
41920  -18.428  -17.443  53.955 0.0000000000
42997  -17.808  -17.014  54.543 0.0000000000
104349  -16.983  -15.054  53.487 0.0000000000
44101  -17.173  -16.269  54.130 0.0000000000
44080  -17.924  -16.357  56.267 0.0000000000
44072  -17.409  -15.629  56.854 0.0000000000
45182  -16.895  -15.024  57.391 0.0000000000
45177  -17.302  -14.798  58.311 0.0000000000
46296  -15.729  -14.050  57.681 0.0000000000
46313  -14.839  -13.637  56.666 0.0000000000
96245  -13.818  -13.493  55.945 0.0000000000
46359  -14.071  -13.749  53.829 0.0000000000
46345  -12.796  -13.741  54.636 0.0000000000
46335  -12.397  -13.662  55.494 0.0000000000
90506  -10.681  -13.902  53.825 0.0000000000
53634  -2.233  -5.389  48.739 0.0000000000
52761  -3.725  -6.730  49.822 0.0000000000
99073  -3.192  -6.581  48.825 0.0000000000
90792  -3.537  -6.826  48.229 0.0000000000
51055  -2.959  -8.181  47.211 0.0000000000
50162  -3.847  -9.277  45.323 0.0000000000
50176  -4.685  -10.096  44.139 0.0000000000
51916  -9.197  -7.724  49.443 0.0000000000
51934  -8.493  -8.155  48.891 0.0000000000
100635  -8.074  -8.475  48.413 0.0000000000
50151  -10.319  -9.243  46.728 0.0000000000
51077  -9.242  -9.310  46.746 0.0000000000
51075  -7.284  -9.311  46.711 0.0000000000
92913  -7.556  -9.843  45.823 0.0000000000
105978  -6.647  -10.594  44.575 0.0000000000
50178  -6.459  -10.662  43.106 0.0000000000
49264  -8.383  -10.735  43.221 0.0000000000
50009  -11.852  -8.931  63.207 0.0000000000
51805  -11.994  -7.948  62.668 0.0000000000
51820  -12.367  -7.931  61.021 0.0000000000
50951  -8.662  -8.780  60.529 0.0000000000
50952  -10.207  -8.561  60.216 0.0000000000
50947  -12.989  -8.316  60.268 0.0000000000
50955  -13.710  -8.898  59.283 0.0000000000
50957  -14.614  -8.795  58.405 0.0000000000
51840  -14.110  -7.863  56.951 0.0000000000
50059  -13.444  -9.412  56.643 0.0000000000
50066  -12.355  -9.391  55.402 0.0000000000
50071  -11.007  -10.049  54.593 0.0000000000
49129  -9.148  -9.706  55.797 0.0000000000
107521  -9.570  -10.306  53.954 0.0000000000
49148  -9.971  -10.397  53.359 0.0000000000
49160  -9.342  -10.605  52.774 0.0000000000
95579  -8.213  -11.438  51.702 0.0000000000
47369  -7.411  -12.431  50.504 0.0000000000
47305  -3.130  -12.131  55.261 0.0000000000
47303  -1.706  -12.064  54.349 0.0000000000
47315  -2.401  -10.931  54.358 0.0000000000
48230  -3.365  -10.533  54.062 0.0000000000
48238  -3.288  -10.731  53.134 0.0000000000
48249  -4.329  -11.231  52.575 0.0000000000
46383  -2.810  -13.170  51.610 0.0000000000
47349  -5.159  -12.181  51.213 0.0000000000
47367  -5.510  -12.559  50.633 0.0000000000
46395  -5.903  -12.948  50.020 0.0000000000
46408  -6.348  -13.448  49.533 0.0000000000
45290  -5.792  -13.981  49.043 0.0000000000
44198  -5.986  -14.939  48.066 0.0000000000
50078  -35.463  -8.915  54.560 0.0000000000
50977  -35.514  -8.586  54.654 0.0000000000
50070  -35.566  -9.255  54.965 0.0000000000
50083  -34.245  -9.396  53.498 0.0000000000
50983  -34.785  -8.742  53.983 0.0000000000
94332  -34.130  -9.903  54.030 0.0000000000
49143  -34.393  -10.277  54.966 0.0000000000
50971  -35.453  -8.776  55.349 0.0000000000
61919  -50.008  3.169  30.170 0.0000000000
98772  -50.572  3.391  30.660 0.0000000000
61122  -48.750  2.523  30.225 0.0000000000
61129  -48.643  2.694  29.570 0.0000000000
61929  -49.692  3.320  29.595 0.0000000000
57122  -38.774  -2.177  40.526 0.0000000000
56208  -37.181  -2.603  41.185 0.0000000000
56215  -36.557  -2.973  40.560 0.0000000000
56216  -37.415  -2.562  40.321 0.0000000000
46410  -8.212  -13.342  49.368 0.0000000000
45221  -8.111  -13.733  54.271 0.0000000000
52677  -14.384  -5.940  56.326 0.0000000000
97406  -45.371  -2.961  34.928 0.0000000000
56266  -45.763  -2.664  35.402 0.0000000000
56258  -45.462  -2.701  36.222 0.0000000000
98056  -44.179  -3.498  35.207 0.0000000000
55433  -43.431  -3.772  34.553 0.0000000000
96750  -44.839  -3.239  34.830 0.0000000000
46268  -17.733  -14.152  59.745 0.0000000000
87934  -22.069  -17.927  53.603 0.0000000000
41922  -21.377  -17.854  54.221 0.0000000000
51106  -5.551  -9.020  42.794 0.0000000000
52728  -8.385  -6.595  51.540 0.0000000000
51878  -8.051  -7.027  50.929 0.0000000000
46452  -12.361  -13.763  45.601 0.0000000000
50010  -13.553  -9.022  63.363 0.0000000000
48221  -5.668  -11.263  55.533 0.0000000000
53589  -34.403  -5.496  52.066 0.0000000000
103082  -34.402  -6.689  50.726 0.0000000000
53598  -34.242  -5.769  51.378 0.0000000000
54451  -34.151  -5.028  51.126 0.0000000000
45272  -32.039  -14.242  52.125 0.0000000000
93668  -51.018  5.693  27.044 0.0000000000
56241  -41.335  -3.088  37.726 0.0000000000
56231  -41.872  -2.894  38.457 0.0000000000
56240  -40.502  -2.993  37.771 0.0000000000
91558  -40.100  -3.228  37.230 0.0000000000
54484  -3.679  -4.708  47.929 0.0000000000
52785  -4.279  -6.251  46.906 0.0000000000
49189  -12.607  -10.097  50.549 0.0000000000
46427  -11.065  -13.560  48.531 0.0000000000
46438  -11.725  -13.992  48.083 0.0000000000
47282  -10.818  -13.013  59.870 0.0000000000
97662  -10.576  -12.584  60.736 0.0000000000
57077  -35.652  -1.737  43.861 0.0000000000
57076  -34.827  -1.857  44.074 0.0000000000
51094  -35.994  -8.910  45.708 0.0000000000
104970  -33.912  -2.565  43.071 0.0000000000
87924  -25.255  -17.908  55.006 0.0000000000
89530  -23.949  -18.154  51.530 0.0000000000
91374  -23.142  -16.821  51.042 0.0000000000
99801  -23.924  -16.686  50.878 0.0000000000
53570  -11.714  -5.044  53.601 0.0000000000
53585  -11.346  -5.404  53.099 0.0000000000
49162  -11.537  -10.296  52.482 0.0000000000
49139  -11.073  -10.208  53.524 0.0000000000
60194  -47.831  1.304  33.106 0.0000000000
59234  -47.515  0.512  33.425 0.0000000000
99373  -46.513  -0.266  32.459 0.0000000000
59253  -46.789  0.299  32.157 0.0000000000
46293  -13.316  -13.491  57.495 0.0000000000
108074  -12.718  -13.586  56.619 0.0000000000
45255  -17.758  -16.066  52.341 0.0000000000
45238  -17.938  -16.269  52.553 0.0000000000
46361  -16.110  -13.831  53.910 0.0000000000
46349  -16.508  -13.888  54.407 0.0000000000
46348  -15.785  -13.554  54.542 0.0000000000
53593  -2.694  -5.714  51.685 0.0000000000
51058  -5.992  -8.769  47.481 0.0000000000
51059  -6.967  -8.829  47.515 0.0000000000
50126  -12.182  -8.949  47.886 0.0000000000
51063  -11.481  -8.785  47.734 0.0000000000
52657  -13.883  -7.520  61.191 0.0000000000
51822  -14.450  -7.573  60.559 0.0000000000
102532  -8.149  -9.787  61.047 0.0000000000
49091  -7.844  -9.411  60.758 0.0000000000
49110  -9.013  -10.328  57.691 0.0000000000
50037  -11.769  -9.835  58.190 0.0000000000
48251  -6.892  -11.075  52.556 0.0000000000
45229  0.109  -13.682  53.294 0.0000000000
46356  -0.355  -12.902  53.610 0.0000000000
46371  -0.876  -13.430  53.002 0.0000000000
51873  -34.550  -6.579  52.879 0.0000000000
49195  -33.748  -10.178  50.865 0.0000000000
50992  -34.650  -8.012  53.358 0.0000000000
107464  -34.414  -8.349  52.074 0.0000000000
51872  -34.413  -7.390  52.675 0.0000000000
96830  -34.304  -6.836  52.189 0.0000000000
46388  -32.126  -13.169  51.772 0.0000000000
95214  -32.690  -12.394  52.299 0.0000000000
48259  -33.970  -10.536  51.834 0.0000000000
48274  -33.254  -11.051  51.617 0.0000000000
48275  -33.771  -10.516  51.451 0.0000000000
48291  -33.348  -10.707  50.862 0.0000000000
47330  -33.511  -12.147  53.548 0.0000000000
47322  -33.541  -12.409  54.401 0.0000000000
62684  -51.099  4.448  29.084 0.0000000000
103593  -52.309  5.089  29.608 0.0000000000
62673  -51.657  4.485  29.682 0.0000000000
59304  -46.218  0.641  29.207 0.0000000000
59318  -46.067  0.547  28.357 0.0000000000
60250  -46.683  1.099  28.290 0.0000000000
61147  -47.798  2.384  28.306 0.0000000000
60269  -47.252  1.735  27.856 0.0000000000
61166  -47.589  2.426  27.573 0.0000000000
61180  -47.908  3.116  27.312 0.0000000000
61930  -50.017  3.784  29.219 0.0000000000
61942  -49.713  3.958  28.496 0.0000000000
62683  -50.408  4.234  28.845 0.0000000000
57156  -39.674  -2.256  38.995 0.0000000000
57111  -39.714  -1.675  41.670 0.0000000000
57112  -40.364  -1.588  41.456 0.0000000000
55372  -34.380  -3.723  40.366 0.0000000000
107468  -36.476  -2.882  38.920 0.0000000000
55378  -35.315  -3.606  39.118 0.0000000000
56224  -35.927  -3.120  38.608 0.0000000000
100434  -36.597  -2.599  37.289 0.0000000000
57155  -38.933  -2.171  38.895 0.0000000000
56228  -39.268  -2.510  38.329 0.0000000000
48268  -11.376  -11.037  50.943 0.0000000000
48282  -10.755  -11.840  50.191 0.0000000000
46412  -10.246  -13.222  49.059 0.0000000000
46426  -9.507  -13.774  48.662 0.0000000000
45307  -8.049  -14.278  48.325 0.0000000000
44199  -6.778  -14.720  48.100 0.0000000000
46309  -9.953  -14.017  57.318 0.0000000000
46331  -8.705  -13.968  56.210 0.0000000000
56166  -33.252  -2.244  44.557 0.0000000000
52790  -32.886  -6.260  47.343 0.0000000000
53665  -32.142  -5.930  47.003 0.0000000000
54505  -31.806  -4.572  46.457 0.0000000000
54530  -31.135  -4.262  44.593 0.0000000000
55332  -31.411  -3.441  45.058 0.0000000000
56164  -31.666  -2.942  44.735 0.0000000000
42985  -26.717  -16.539  56.000 0.0000000000
44091  -27.297  -16.143  56.083 0.0000000000
107774  -28.588  -17.285  51.413 0.0000000000
95039  -28.124  -17.429  51.682 0.0000000000
62761  -50.213  4.981  23.267 0.0000000000
97050  -50.366  5.037  22.581 0.0000000000
63505  -50.865  5.433  22.974 0.0000000000
63516  -51.265  5.806  22.451 0.0000000000
63526  -51.239  5.755  21.589 0.0000000000
64231  -51.644  6.301  21.001 0.0000000000
64232  -52.191  6.856  21.343 0.0000000000
53557  -13.621  -5.318  54.315 0.0000000000
52700  -13.512  -6.154  53.840 0.0000000000
51857  -13.824  -7.668  54.811 0.0000000000
50972  -13.035  -8.931  54.915 0.0000000000
57220  -46.446  -1.259  33.513 0.0000000000
57210  -46.777  -1.312  34.193 0.0000000000
54607  -41.181  -4.510  34.121 0.0000000000
55442  -43.457  -3.521  33.627 0.0000000000
91076  -42.859  -3.701  33.193 0.0000000000
55460  -43.052  -3.000  31.980 0.0000000000
56282  -44.023  -2.911  33.148 0.0000000000
56284  -45.570  -2.278  33.734 0.0000000000
57219  -45.859  -1.698  33.301 0.0000000000
47274  -16.858  -13.140  60.515 0.0000000000
46265  -15.372  -13.318  59.246 0.0000000000
46279  -14.588  -13.447  58.162 0.0000000000
46295  -15.035  -13.712  57.510 0.0000000000
45252  -14.690  -14.232  52.567 0.0000000000
104224  -4.834  -6.392  51.443 0.0000000000
52725  -5.655  -6.527  51.442 0.0000000000
51896  -7.769  -7.364  50.369 0.0000000000
104248  -6.469  -7.327  50.375 0.0000000000
94069  -7.134  -7.484  50.042 0.0000000000
95487  -7.090  -7.878  49.336 0.0000000000
48324  -12.286  -11.039  46.587 0.0000000000
48345  -12.215  -11.023  45.629 0.0000000000
47437  -12.046  -12.101  44.312 0.0000000000
51803  -14.434  -8.083  63.135 0.0000000000
51808  -14.524  -7.851  61.878 0.0000000000
51807  -13.818  -8.005  61.817 0.0000000000
97489  -12.989  -7.863  62.563 0.0000000000
49100  -6.755  -10.025  59.108 0.0000000000
48211  -6.984  -11.168  56.582 0.0000000000
49128  -7.791  -10.210  56.164 0.0000000000
48232  -5.690  -10.680  54.564 0.0000000000
49144  -6.241  -10.579  53.874 0.0000000000
96780  -34.557  -9.612  46.618 0.0000000000
50122  -33.646  -9.496  50.039 0.0000000000
49210  -33.449  -9.706  49.276 0.0000000000
51035  -33.799  -9.046  49.765 0.0000000000
51923  -34.145  -7.661  49.450 0.0000000000
51942  -33.925  -8.379  49.147 0.0000000000
51941  -33.973  -7.493  48.745 0.0000000000
51051  -33.666  -8.246  48.067 0.0000000000
52778  -33.860  -6.658  48.408 0.0000000000
54473  -33.526  -4.853  49.239 0.0000000000
97439  -31.672  -13.413  50.061 0.0000000000
44085  -31.212  -15.216  56.067 0.0000000000
44093  -30.817  -15.723  55.828 0.0000000000
44102  -31.123  -16.017  55.047 0.0000000000
47312  -33.038  -13.241  55.482 0.0000000000
45226  -32.548  -14.768  55.004 0.0000000000
44103  -31.957  -15.591  54.159 0.0000000000
43011  -31.582  -16.152  53.461 0.0000000000
43010  -30.869  -16.706  53.398 0.0000000000
43025  -30.572  -16.812  52.224 0.0000000000
102578  -29.715  -17.189  52.291 0.0000000000
43055  -29.576  -16.595  50.848 0.0000000000
64901  -52.718  7.340  25.601 0.0000000000
61981  -48.376  3.712  26.901 0.0000000000
61992  -47.523  3.549  25.694 0.0000000000
93722  -48.153  3.991  26.078 0.0000000000
62737  -48.749  4.398  25.445 0.0000000000
62748  -49.329  4.677  24.862 0.0000000000
108471  -49.261  4.601  24.138 0.0000000000
93940  -49.966  4.930  24.189 0.0000000000
64184  -51.728  6.163  25.524 0.0000000000
64198  -52.241  6.658  25.080 0.0000000000
56256  -43.717  -3.158  36.837 0.0000000000
99862  -44.284  -2.767  37.172 0.0000000000
56243  -43.675  -2.756  37.646 0.0000000000
57160  -43.289  -2.216  39.216 0.0000000000
56232  -43.841  -2.351  38.513 0.0000000000
57124  -41.558  -1.702  40.692 0.0000000000
57140  -41.944  -1.919  39.875 0.0000000000
56250  -37.356  -2.427  36.966 0.0000000000
55414  -39.491  -3.600  36.066 0.0000000000
55429  -39.644  -3.997  35.448 0.0000000000
101151  -42.347  -3.361  36.918 0.0000000000
55400  -42.055  -3.663  36.325 0.0000000000
55401  -42.957  -3.505  36.387 0.0000000000
53672  -5.226  -6.173  45.533 0.0000000000
52805  -4.686  -6.954  44.995 0.0000000000
52804  -3.983  -7.529  45.270 0.0000000000
51974  -4.533  -8.479  43.958 0.0000000000
51964  -3.952  -8.436  44.822 0.0000000000
51899  -10.803  -7.313  50.492 0.0000000000
51031  -12.455  -8.771  49.165 0.0000000000
48300  -12.096  -11.443  49.419 0.0000000000
49214  -12.395  -10.699  48.115 0.0000000000
103483  -12.538  -13.816  47.007 0.0000000000
44215  -8.866  -15.305  47.261 0.0000000000
48165  -11.952  -10.627  62.543 0.0000000000
105117  -11.695  -11.199  62.066 0.0000000000
47268  -9.701  -12.394  61.047 0.0000000000
47250  -9.557  -11.871  61.869 0.0000000000
47267  -8.960  -12.069  61.194 0.0000000000
48192  -9.071  -11.509  61.846 0.0000000000
47266  -8.152  -12.238  60.516 0.0000000000
46273  -8.060  -14.476  58.707 0.0000000000
46271  -6.274  -13.520  58.454 0.0000000000
46257  -6.605  -13.685  59.038 0.0000000000
47265  -7.225  -12.236  59.956 0.0000000000
104834  -5.976  -12.085  58.760 0.0000000000
46304  -4.759  -13.078  56.854 0.0000000000
47308  -5.304  -12.068  56.518 0.0000000000
57094  -36.815  -2.154  42.837 0.0000000000
51970  -33.552  -6.869  44.966 0.0000000000
55363  -32.387  -3.751  41.805 0.0000000000
55364  -33.268  -3.644  41.475 0.0000000000
56194  -35.309  -2.660  42.376 0.0000000000
56207  -36.445  -2.824  41.429 0.0000000000
90518  -24.215  -19.261  54.873 0.0000000000
87918  -23.313  -19.306  54.996 0.0000000000
41911  -28.543  -17.177  55.087 0.0000000000
98709  -27.807  -17.421  55.270 0.0000000000
41960  -27.428  -17.656  52.154 0.0000000000
40958  -25.641  -17.970  52.719 0.0000000000
90243  -25.330  -18.452  53.900 0.0000000000
87936  -23.642  -18.313  51.774 0.0000000000
91102  -23.343  -18.325  52.246 0.0000000000
89453  -22.608  -18.145  52.151 0.0000000000
101412  -22.053  -17.784  51.945 0.0000000000
87948  -22.432  -16.691  50.965 0.0000000000
91396  -21.690  -16.463  50.904 0.0000000000
107144  -51.931  6.700  19.666 0.0000000000
64957  -52.520  7.236  19.629 0.0000000000
53565  -7.421  -5.290  52.904 0.0000000000
52711  -7.818  -6.228  52.079 0.0000000000
53581  -8.046  -5.736  52.545 0.0000000000
54426  -9.204  -4.567  53.689 0.0000000000
53583  -9.673  -5.556  52.733 0.0000000000
52713  -9.481  -6.103  52.225 0.0000000000
52731  -11.213  -6.425  51.875 0.0000000000
51881  -12.065  -7.003  51.509 0.0000000000
51882  -12.675  -7.912  51.601 0.0000000000
51864  -13.392  -7.027  53.517 0.0000000000
50089  -12.801  -9.238  52.587 0.0000000000
50097  -12.703  -9.474  51.660 0.0000000000
108921  -12.012  -10.235  51.925 0.0000000000
48266  -9.615  -11.385  51.421 0.0000000000
48281  -9.393  -11.846  50.787 0.0000000000
61110  -49.641  2.718  31.695 0.0000000000
61109  -49.092  2.376  32.133 0.0000000000
57096  -38.676  -1.814  42.494 0.0000000000
56300  -44.183  -2.079  31.903 0.0000000000
56307  -43.146  -2.038  31.012 0.0000000000
107326  -43.743  -1.786  31.343 0.0000000000
58228  -44.421  -0.749  30.573 0.0000000000
58229  -45.186  -0.288  30.288 0.0000000000
58241  -45.411  0.045  29.426 0.0000000000
59289  -45.802  0.199  30.006 0.0000000000
60206  -47.211  1.225  31.151 0.0000000000
60205  -46.835  1.052  30.557 0.0000000000
60207  -47.850  1.795  30.940 0.0000000000
105611  -48.447  2.232  30.711 0.0000000000
47254  -13.665  -11.987  61.069 0.0000000000
47270  -12.361  -12.546  60.403 0.0000000000
47284  -15.241  -13.002  59.805 0.0000000000
47272  -14.708  -12.719  60.106 0.0000000000
92756  -12.865  -13.373  58.056 0.0000000000
46277  -12.243  -13.150  58.740 0.0000000000
46291  -10.750  -13.810  57.829 0.0000000000
107745  -11.582  -13.653  57.637 0.0000000000
46334  -11.346  -13.673  55.746 0.0000000000
99861  -10.494  -13.746  56.391 0.0000000000
45223  -10.031  -13.659  54.548 0.0000000000
43008  -19.237  -17.871  52.893 0.0000000000
44114  -17.826  -16.347  53.139 0.0000000000
41907  -18.683  -17.349  54.908 0.0000000000
45254  -17.106  -15.401  52.775 0.0000000000
44113  -16.938  -14.947  54.116 0.0000000000
44089  -17.201  -16.429  55.131 0.0000000000
44079  -16.999  -15.773  55.838 0.0000000000
45176  -16.501  -14.415  57.951 0.0000000000
46314  -15.411  -14.007  56.814 0.0000000000
96334  -14.702  -13.461  55.903 0.0000000000
46312  -14.210  -13.543  56.506 0.0000000000
45234  -13.893  -14.028  53.126 0.0000000000
105346  -13.096  -14.243  52.986 0.0000000000
46358  -13.170  -13.931  53.762 0.0000000000
46344  -11.900  -13.831  54.777 0.0000000000
45224  -11.553  -13.934  53.962 0.0000000000
53604  -0.466  -5.016  50.428 0.0000000000
54467  -0.798  -4.913  49.362 0.0000000000
54468  -1.446  -4.921  48.920 0.0000000000
53633  -1.263  -5.134  49.193 0.0000000000
52745  -4.264  -6.745  50.359 0.0000000000
52744  -3.210  -6.432  50.571 0.0000000000
52760  -3.656  -6.953  49.100 0.0000000000
51929  -3.557  -7.306  48.341 0.0000000000
51946  -3.025  -7.734  47.700 0.0000000000
51073  -5.240  -9.164  46.695 0.0000000000
50146  -4.441  -9.390  45.896 0.0000000000
50163  -4.430  -9.916  45.019 0.0000000000
50164  -5.386  -10.343  44.784 0.0000000000
51917  -10.325  -7.675  49.655 0.0000000000
51935  -9.226  -8.223  48.716 0.0000000000
51044  -8.731  -8.559  48.236 0.0000000000
51076  -8.278  -9.314  46.753 0.0000000000
104734  -8.309  -10.463  44.623 0.0000000000
92134  -7.318  -10.579  42.496 0.0000000000
52669  -14.433  -6.962  58.051 0.0000000000
99111  -11.962  -10.199  62.877 0.0000000000
50006  -12.440  -9.205  64.107 0.0000000000
49072  -11.449  -9.622  62.738 0.0000000000
50937  -9.413  -8.786  61.774 0.0000000000
50929  -10.430  -8.799  62.098 0.0000000000
51813  -11.322  -8.327  61.958 0.0000000000
51814  -12.000  -7.979  61.820 0.0000000000
51819  -11.412  -8.147  61.324 0.0000000000
50028  -8.044  -9.029  59.996 0.0000000000
50953  -11.255  -8.589  59.901 0.0000000000
50946  -11.856  -8.298  60.487 0.0000000000
50954  -12.362  -8.721  59.620 0.0000000000
50038  -13.063  -9.861  57.899 0.0000000000
50039  -13.803  -9.449  58.273 0.0000000000
50960  -14.261  -9.222  57.779 0.0000000000
99057  -14.335  -8.624  57.656 0.0000000000
95743  -13.926  -8.878  57.126 0.0000000000
50057  -11.630  -9.579  56.047 0.0000000000
50058  -12.601  -9.557  56.288 0.0000000000
108782  -11.669  -9.594  55.491 0.0000000000
50065  -11.744  -9.663  54.936 0.0000000000
49136  -8.192  -10.271  55.320 0.0000000000
93751  -8.435  -10.371  54.381 0.0000000000
49147  -8.986  -10.417  53.665 0.0000000000
49137  -9.230  -10.246  54.653 0.0000000000
49138  -10.157  -10.219  54.203 0.0000000000
48264  -7.418  -11.511  51.764 0.0000000000
47352  -7.996  -11.920  51.068 0.0000000000
47304  -2.442  -12.274  55.147 0.0000000000
47324  -1.631  -12.044  53.508 0.0000000000
47326  -2.453  -10.734  53.501 0.0000000000
47338  -2.702  -11.305  52.662 0.0000000000
103532  -3.467  -11.412  52.347 0.0000000000
47348  -4.201  -11.947  51.605 0.0000000000
47366  -4.466  -12.633  50.758 0.0000000000
46394  -4.802  -13.051  50.080 0.0000000000
46396  -6.882  -12.928  50.010 0.0000000000
99633  -35.076  -7.652  53.754 0.0000000000
52697  -34.931  -6.265  53.396 0.0000000000
51862  -35.323  -7.690  54.144 0.0000000000
95286  -35.213  -7.097  54.558 0.0000000000
49168  -34.173  -10.307  51.915 0.0000000000
50100  -34.264  -9.832  51.403 0.0000000000
50093  -34.306  -9.736  52.249 0.0000000000
50991  -34.209  -8.841  52.847 0.0000000000
48245  -33.738  -11.421  53.322 0.0000000000
103285  -33.228  -12.071  52.863 0.0000000000
47344  -33.551  -11.457  52.815 0.0000000000
49167  -33.948  -10.868  52.581 0.0000000000
48220  -34.175  -11.150  56.376 0.0000000000
49134  -34.193  -10.998  55.568 0.0000000000
48237  -33.758  -11.628  54.051 0.0000000000
50970  -34.795  -8.909  56.187 0.0000000000
61920  -51.147  3.868  30.139 0.0000000000
60230  -47.439  1.703  29.452 0.0000000000
60231  -47.964  2.317  29.103 0.0000000000
61148  -48.524  2.925  28.778 0.0000000000
61941  -48.751  3.302  28.264 0.0000000000
57137  -38.628  -2.222  39.596 0.0000000000
99956  -39.272  -2.190  40.053 0.0000000000
56225  -37.067  -2.541  38.681 0.0000000000
56221  -37.733  -2.404  39.366 0.0000000000
91229  -10.181  -11.642  50.806 0.0000000000
47372  -9.920  -12.113  50.210 0.0000000000
46424  -7.698  -13.901  48.964 0.0000000000
45209  -9.366  -13.651  55.387 0.0000000000
96650  -32.139  -5.157  47.125 0.0000000000
103546  -27.139  -14.850  56.748 0.0000000000
41985  -27.434  -16.786  50.699 0.0000000000
64209  -51.784  6.209  23.834 0.0000000000
108559  -51.280  5.810  22.980 0.0000000000
64216  -52.146  6.815  23.376 0.0000000000
64923  -52.900  8.096  23.399 0.0000000000
53549  -14.397  -5.211  55.014 0.0000000000
56276  -46.481  -1.833  34.536 0.0000000000
56267  -46.439  -2.059  35.164 0.0000000000
57187  -46.236  -2.200  35.967 0.0000000000
55432  -42.491  -4.089  34.876 0.0000000000
54608  -41.929  -4.310  34.040 0.0000000000
56274  -45.167  -2.843  34.262 0.0000000000
46252  -16.828  -13.699  59.782 0.0000000000
46281  -16.104  -14.002  58.438 0.0000000000
52828  -6.297  -7.370  43.134 0.0000000000
47430  -12.328  -12.926  45.948 0.0000000000
106919  -13.907  -8.259  63.165 0.0000000000
98853  -5.973  -11.406  57.550 0.0000000000
48223  -7.337  -10.703  55.538 0.0000000000
48231  -4.623  -10.617  54.291 0.0000000000
51905  -34.385  -7.781  50.572 0.0000000000
52767  -34.316  -7.277  49.977 0.0000000000
53624  -34.335  -6.434  49.968 0.0000000000
47396  -32.247  -11.941  49.837 0.0000000000
45239  -32.223  -15.002  53.805 0.0000000000
44135  -31.067  -16.162  51.857 0.0000000000
64174  -52.271  6.631  27.017 0.0000000000
62704  -49.728  4.639  27.116 0.0000000000
62727  -49.349  4.487  26.465 0.0000000000
62739  -49.844  4.900  26.062 0.0000000000
63484  -50.530  5.308  25.560 0.0000000000
64173  -51.634  6.214  26.520 0.0000000000
55398  -40.186  -3.499  36.548 0.0000000000
56254  -41.637  -3.388  36.987 0.0000000000
87947  -21.034  -16.162  50.894 0.0000000000
53659  -5.081  -5.763  46.456 0.0000000000
52794  -3.363  -7.506  46.060 0.0000000000
51901  -12.370  -7.897  50.829 0.0000000000
51021  -12.149  -8.030  50.105 0.0000000000
94112  -12.627  -10.091  49.548 0.0000000000
47414  -12.232  -12.622  48.199 0.0000000000
44217  -10.881  -15.173  47.132 0.0000000000
47252  -11.838  -12.248  61.162 0.0000000000
48180  -11.114  -11.772  61.778 0.0000000000
104107  -11.074  -12.300  61.158 0.0000000000
47281  -10.011  -12.883  60.361 0.0000000000
46288  -6.959  -14.442  57.837 0.0000000000
46305  -5.715  -13.515  57.143 0.0000000000
57093  -35.940  -2.264  43.053 0.0000000000
56191  -32.881  -3.161  43.166 0.0000000000
56192  -33.618  -2.960  42.776 0.0000000000
87926  -24.656  -18.161  55.661 0.0000000000
87925  -24.606  -19.119  55.132 0.0000000000
44092  -29.976  -15.905  56.147 0.0000000000
42975  -29.115  -16.111  56.287 0.0000000000
42998  -29.148  -16.800  55.051 0.0000000000
41959  -25.696  -17.970  51.696 0.0000000000
87923  -24.979  -18.215  51.938 0.0000000000
62803  -49.879  4.936  19.851 0.0000000000
53584  -10.582  -5.448  52.864 0.0000000000
95745  -47.661  1.452  32.002 0.0000000000
57239  -45.256  -1.071  31.884 0.0000000000
57238  -44.465  -1.346  31.392 0.0000000000
58219  -45.618  -0.486  31.621 0.0000000000
59272  -47.057  0.892  31.846 0.0000000000
101024  -14.147  -12.372  60.512 0.0000000000
47288  -14.201  -13.155  58.806 0.0000000000
44115  -18.460  -16.832  52.436 0.0000000000
45235  -16.189  -14.299  53.358 0.0000000000
45236  -16.700  -14.648  53.488 0.0000000000
46350  -16.688  -14.217  54.392 0.0000000000
45211  -16.449  -14.874  55.024 0.0000000000
97906  -16.470  -15.257  55.579 0.0000000000
45210  -16.177  -14.400  55.767 0.0000000000
92336  -15.819  -13.958  56.102 0.0000000000
45233  -11.258  -14.275  53.241 0.0000000000
53605  -1.285  -5.444  50.794 0.0000000000
95189  -5.687  -7.710  49.492 0.0000000000
51913  -5.000  -7.472  49.520 0.0000000000
51931  -5.156  -7.948  48.892 0.0000000000
51040  -4.366  -8.249  48.171 0.0000000000
51056  -3.776  -8.502  47.357 0.0000000000
51057  -4.899  -8.696  47.460 0.0000000000
50167  -10.601  -9.609  45.774 0.0000000000
93874  -8.861  -10.086  45.157 0.0000000000
49079  -9.643  -10.084  61.778 0.0000000000
50021  -8.949  -9.100  61.735 0.0000000000
49102  -8.242  -9.998  58.452 0.0000000000
50035  -8.854  -9.474  59.027 0.0000000000
50036  -10.087  -9.464  58.842 0.0000000000
94965  -11.118  -9.460  58.729 0.0000000000
107330  -11.800  -9.461  58.689 0.0000000000
108308  -12.481  -9.844  58.100 0.0000000000
50044  -12.289  -10.048  57.608 0.0000000000
50045  -12.964  -10.031  57.097 0.0000000000
49122  -11.231  -9.932  56.606 0.0000000000
50056  -10.822  -9.631  56.123 0.0000000000
49145  -7.121  -10.503  53.978 0.0000000000
47336  -1.808  -12.046  53.076 0.0000000000
46373  -2.092  -12.526  52.648 0.0000000000
46393  -3.745  -13.347  50.349 0.0000000000
49209  -33.362  -10.283  48.958 0.0000000000
96876  -34.019  -9.362  50.569 0.0000000000
51012  -34.398  -9.268  51.086 0.0000000000
107759  -34.447  -8.202  51.166 0.0000000000
52735  -34.260  -6.358  51.737 0.0000000000
46387  -31.879  -13.830  51.276 0.0000000000
47361  -33.202  -11.569  52.259 0.0000000000
106024  -32.825  -11.742  51.725 0.0000000000
48290  -32.668  -11.137  50.102 0.0000000000
47321  -33.328  -13.219  54.785 0.0000000000
48229  -33.637  -11.494  55.715 0.0000000000
104979  -33.027  -13.666  54.382 0.0000000000
45257  -32.322  -14.227  53.263 0.0000000000
63436  -52.062  5.845  28.515 0.0000000000
63424  -51.703  5.037  28.974 0.0000000000
60268  -46.655  1.231  27.428 0.0000000000
59335  -46.067  0.738  26.939 0.0000000000
60278  -46.491  1.394  26.616 0.0000000000
61187  -47.108  2.829  26.120 0.0000000000
93252  -49.153  3.705  28.047 0.0000000000
62705  -50.066  4.440  28.101 0.0000000000
57139  -41.014  -1.903  39.831 0.0000000000
57123  -40.599  -1.717  40.636 0.0000000000
55383  -34.727  -4.158  38.615 0.0000000000
55389  -35.472  -3.691  37.256 0.0000000000
55396  -35.497  -3.673  36.388 0.0000000000
56248  -36.057  -3.214  36.903 0.0000000000
56226  -37.781  -2.374  38.425 0.0000000000
56237  -37.974  -2.396  37.609 0.0000000000
56238  -38.829  -2.696  37.634 0.0000000000
56229  -40.099  -2.579  38.396 0.0000000000
45309  -9.844  -14.277  48.173 0.0000000000
46275  -10.593  -13.756  58.639 0.0000000000
93393  -9.837  -13.989  59.124 0.0000000000
46290  -8.903  -14.454  58.138 0.0000000000
46307  -7.966  -14.128  57.001 0.0000000000
46330  -7.714  -14.261  56.097 0.0000000000
46329  -6.534  -14.344  56.121 0.0000000000
93608  -34.016  -7.159  47.012 0.0000000000
52811  -32.531  -6.577  45.721 0.0000000000
52800  -31.861  -6.126  46.309 0.0000000000
52810  -31.616  -6.279  45.471 0.0000000000
54529  -30.714  -4.899  44.110 0.0000000000
100047  -31.070  -4.275  43.884 0.0000000000
56176  -31.936  -2.885  44.205 0.0000000000
41962  -29.117  -17.353  52.809 0.0000000000
43053  -26.723  -16.775  50.773 0.0000000000
41972  -26.312  -17.412  51.316 0.0000000000
104655  -24.727  -16.721  51.048 0.0000000000
62790  -49.999  4.769  20.931 0.0000000000
63515  -50.765  5.362  22.139 0.0000000000
63538  -50.567  5.294  20.321 0.0000000000
63552  -51.113  5.722  19.802 0.0000000000
95081  -51.561  6.273  20.130 0.0000000000
104302  -52.087  6.784  20.391 0.0000000000
64939  -52.652  7.459  21.584 0.0000000000
100376  -13.638  -7.635  54.151 0.0000000000
50978  -13.091  -8.796  54.063 0.0000000000
58211  -46.543  -0.709  32.991 0.0000000000
107282  -47.356  -0.063  33.602 0.0000000000
57198  -47.003  -1.472  34.915 0.0000000000
54624  -41.357  -4.500  33.386 0.0000000000
56299  -43.446  -2.373  31.635 0.0000000000
56292  -44.552  -2.390  32.636 0.0000000000
57229  -45.545  -1.428  32.629 0.0000000000
100711  -16.205  -12.652  60.695 0.0000000000
44149  -17.185  -16.033  51.326 0.0000000000
45269  -16.793  -15.505  52.048 0.0000000000
45253  -16.424  -14.885  52.743 0.0000000000
46374  -15.469  -14.000  53.299 0.0000000000
52708  -4.220  -5.931  51.831 0.0000000000
52707  -3.397  -6.003  51.712 0.0000000000
52746  -5.092  -6.810  50.827 0.0000000000
91220  -5.675  -7.307  50.169 0.0000000000
100636  -7.020  -8.247  48.759 0.0000000000
104278  -11.137  -10.320  44.613 0.0000000000
49267  -10.860  -10.892  44.066 0.0000000000
98894  -14.918  -6.587  62.099 0.0000000000
107627  -14.754  -6.473  61.748 0.0000000000
48194  -7.051  -11.169  59.489 0.0000000000
49098  -7.265  -9.930  60.061 0.0000000000
49101  -6.916  -9.883  58.944 0.0000000000
90287  -8.316  -9.847  56.226 0.0000000000
49135  -7.094  -10.465  54.789 0.0000000000
48241  -6.086  -10.812  53.127 0.0000000000
50157  -35.515  -9.251  46.018 0.0000000000
51083  -35.068  -8.541  46.095 0.0000000000
50141  -33.742  -9.533  47.552 0.0000000000
106721  -33.842  -8.103  47.377 0.0000000000
51082  -34.148  -7.883  46.824 0.0000000000
52791  -33.675  -6.701  47.634 0.0000000000
93893  -33.742  -5.918  48.778 0.0000000000
54491  -32.673  -4.586  47.806 0.0000000000
44084  -30.333  -15.393  56.528 0.0000000000
42989  -30.339  -16.236  55.348 0.0000000000
43009  -29.995  -17.095  53.954 0.0000000000
45213  -32.024  -14.898  55.548 0.0000000000
104268  -32.401  -15.057  54.556 0.0000000000
44095  -32.160  -15.272  54.949 0.0000000000
105832  -31.712  -15.732  54.790 0.0000000000
43040  -29.028  -17.100  51.163 0.0000000000
43054  -28.777  -16.637  50.549 0.0000000000
61993  -48.025  4.143  25.110 0.0000000000
62005  -48.042  4.000  24.062 0.0000000000
63496  -50.751  5.355  23.814 0.0000000000
63485  -51.241  5.690  25.088 0.0000000000
63497  -51.316  5.721  24.255 0.0000000000
64911  -52.615  7.338  24.676 0.0000000000
106458  -44.409  -3.332  35.806 0.0000000000
56257  -44.559  -3.054  36.404 0.0000000000
57141  -42.867  -2.067  40.050 0.0000000000
55416  -41.787  -3.987  35.567 0.0000000000
44134  -19.411  -16.909  51.863 0.0000000000
44152  -20.237  -16.342  51.200 0.0000000000
44150  -18.262  -16.465  51.659 0.0000000000
51097  -4.956  -8.932  43.321 0.0000000000
50190  -5.098  -9.846  43.359 0.0000000000
51047  -11.869  -8.540  48.514 0.0000000000
50137  -12.399  -9.534  47.823 0.0000000000
93454  -12.602  -9.898  48.638 0.0000000000
106625  -12.484  -12.792  47.569 0.0000000000
47423  -12.622  -12.993  46.927 0.0000000000
48160  -12.063  -10.566  63.578 0.0000000000
49081  -11.198  -10.511  62.381 0.0000000000
48179  -10.136  -11.616  62.227 0.0000000000
48164  -10.086  -11.091  62.385 0.0000000000
48178  -9.251  -11.080  62.085 0.0000000000
48190  -7.669  -11.216  60.240 0.0000000000
46260  -9.002  -13.662  59.553 0.0000000000
46258  -7.286  -14.089  59.107 0.0000000000
47279  -8.085  -13.066  59.807 0.0000000000
48202  -5.505  -11.934  57.831 0.0000000000
97283  -37.644  -2.350  41.720 0.0000000000
57095  -37.718  -1.981  42.521 0.0000000000
51971  -34.499  -7.340  45.172 0.0000000000
51981  -33.227  -7.229  44.123 0.0000000000
56213  -35.021  -3.521  40.973 0.0000000000
56214  -35.780  -3.342  40.653 0.0000000000
104263  -36.122  -3.128  41.057 0.0000000000
89817  -22.787  -19.071  55.562 0.0000000000
42986  -28.136  -16.270  56.062 0.0000000000
100345  -27.521  -16.833  55.735 0.0000000000
41924  -26.129  -17.727  54.822 0.0000000000
41941  -28.477  -17.542  53.549 0.0000000000
91204  -27.666  -17.666  53.880 0.0000000000
40959  -26.655  -17.845  52.736 0.0000000000
40932  -26.969  -17.867  53.687 0.0000000000
40931  -26.456  -18.049  54.190 0.0000000000
87930  -23.970  -18.365  53.168 0.0000000000
87935  -22.693  -18.175  52.913 0.0000000000
98296  -21.107  -17.288  51.957 0.0000000000
64248  -51.563  6.264  18.479 0.0000000000
64259  -52.235  6.713  17.964 0.0000000000
64987  -53.702  7.103  16.707 0.0000000000
53580  -6.560  -5.458  52.625 0.0000000000
97894  -6.992  -6.154  52.040 0.0000000000
52729  -9.284  -6.541  51.618 0.0000000000
90591  -11.739  -7.284  50.905 0.0000000000
93040  -13.047  -8.305  52.386 0.0000000000
102675  -12.646  -9.818  51.145 0.0000000000
47370  -8.302  -12.391  50.384 0.0000000000
61111  -49.921  2.914  30.894 0.0000000000
57186  -45.949  -2.110  36.805 0.0000000000
57097  -39.481  -1.631  42.372 0.0000000000
57246  -42.838  -1.766  30.348 0.0000000000
57254  -43.194  -1.201  29.867 0.0000000000
58239  -43.658  -0.723  29.393 0.0000000000
91753  -44.155  -0.463  28.937 0.0000000000
60229  -46.822  1.177  29.793 0.0000000000
46262  -11.251  -13.290  59.048 0.0000000000
41938  -19.831  -18.042  53.185 0.0000000000
105207  -19.716  -17.797  53.920 0.0000000000
41921  -19.229  -17.624  54.365 0.0000000000
42983  -18.200  -16.923  55.487 0.0000000000
106480  -17.285  -15.545  53.498 0.0000000000
95104  -18.600  -16.970  56.252 0.0000000000
44073  -18.150  -16.166  57.374 0.0000000000
45178  -18.082  -15.143  58.681 0.0000000000
46347  -14.797  -13.487  54.373 0.0000000000
46346  -13.750  -13.606  54.491 0.0000000000
98602  -12.950  -13.563  56.085 0.0000000000
45232  -10.518  -14.207  53.128 0.0000000000
103966  -9.727  -13.878  53.473 0.0000000000
54469  -2.593  -4.785  48.456 0.0000000000
53646  -3.210  -5.488  48.251 0.0000000000
52723  -3.077  -6.181  51.393 0.0000000000
52722  -2.314  -5.925  51.141 0.0000000000
52743  -2.161  -5.963  50.207 0.0000000000
51912  -4.330  -7.068  49.591 0.0000000000
99611  -3.011  -6.446  49.572 0.0000000000
52759  -2.290  -5.812  49.240 0.0000000000
52772  -3.008  -6.080  48.579 0.0000000000
106338  -3.536  -6.211  48.082 0.0000000000
52784  -3.533  -6.789  47.447 0.0000000000
52793  -2.916  -7.675  46.884 0.0000000000
51954  -3.163  -8.131  46.365 0.0000000000
51071  -3.503  -8.600  46.544 0.0000000000
51088  -3.523  -8.732  45.786 0.0000000000
51089  -3.622  -8.892  45.122 0.0000000000
50175  -4.038  -9.342  44.536 0.0000000000
50177  -5.551  -10.491  43.698 0.0000000000
51043  -7.416  -8.507  48.260 0.0000000000
50135  -11.174  -9.081  47.137 0.0000000000
98117  -9.745  -8.995  47.359 0.0000000000
51061  -8.940  -8.972  47.517 0.0000000000
51060  -7.975  -8.842  47.649 0.0000000000
50148  -6.443  -9.888  45.750 0.0000000000
49276  -8.244  -10.284  41.888 0.0000000000
49277  -9.232  -10.495  42.834 0.0000000000
52672  -14.371  -6.948  57.382 0.0000000000
50007  -12.671  -9.452  64.202 0.0000000000
50921  -12.317  -8.778  63.517 0.0000000000
50923  -12.714  -8.472  63.276 0.0000000000
50015  -10.870  -9.111  62.513 0.0000000000
50930  -11.551  -8.695  62.434 0.0000000000
51801  -12.534  -7.886  63.072 0.0000000000
51806  -12.397  -7.875  62.380 0.0000000000
50024  -7.702  -9.478  60.393 0.0000000000
50025  -8.023  -8.982  60.998 0.0000000000
92057  -9.781  -8.462  61.130 0.0000000000
50029  -9.379  -8.839  59.725 0.0000000000
50945  -10.792  -8.328  60.803 0.0000000000
51830  -14.617  -8.377  59.309 0.0000000000
51833  -14.423  -7.789  57.853 0.0000000000
50967  -13.805  -8.615  56.227 0.0000000000
50966  -13.201  -9.132  55.774 0.0000000000
50055  -10.076  -9.543  56.008 0.0000000000
49130  -10.104  -10.032  55.172 0.0000000000
105690  -10.086  -10.590  52.643 0.0000000000
48253  -8.881  -11.094  52.085 0.0000000000
48265  -8.815  -11.619  51.294 0.0000000000
47306  -3.886  -12.144  55.559 0.0000000000
92010  -3.347  -11.069  54.860 0.0000000000
47314  -0.809  -12.441  54.730 0.0000000000
48239  -4.337  -10.705  53.480 0.0000000000
48262  -5.379  -11.605  51.937 0.0000000000
108949  -2.418  -13.068  52.224 0.0000000000
47347  -3.074  -12.093  51.841 0.0000000000
47350  -6.030  -12.109  51.226 0.0000000000
47368  -6.473  -12.496  50.579 0.0000000000
45291  -6.793  -13.960  49.070 0.0000000000
42988  -29.537  -16.401  55.553 0.0000000000
45282  -31.523  -14.491  51.276 0.0000000000
46354  -32.880  -14.007  55.004 0.0000000000
46365  -32.848  -13.591  53.658 0.0000000000
49069  -12.578  -10.231  64.098 0.0000000000
49092  -8.853  -9.989  61.375 0.0000000000
50063  -35.300  -9.435  55.584 0.0000000000
50145  -3.744  -9.101  46.024 0.0000000000
50922  -12.120  -8.129  63.126 0.0000000000
50924  -13.370  -8.649  63.283 0.0000000000
50936  -8.579  -9.012  61.486 0.0000000000
50944  -8.870  -8.730  61.187 0.0000000000
52719  -34.627  -5.742  52.682 0.0000000000
53590  -34.732  -5.162  52.429 0.0000000000
53619  -0.625  -5.005  49.640 0.0000000000
57230  -46.073  -1.182  32.962 0.0000000000
62726  -48.869  4.241  26.322 0.0000000000
92512  -11.920  -9.740  63.457 0.0000000000
93866  -34.922  -6.934  53.470 0.0000000000
94843  -12.329  -9.769  64.153 0.0000000000
100873  -35.180  -6.926  53.801 0.0000000000
105215  -14.700  -8.292  61.902 0.0000000000
106066  -9.372  -8.611  60.563 0.0000000000
106328  -12.733  -8.896  64.054 0.0000000000
106797  -33.933  -11.007  54.657 0.0000000000
107058  -33.620  -5.391  48.993 0.0000000000
