#!ascii label  , from subject sub-v2s15x29741_ses-1 vox2ras=TkReg
986
44012  -26.830  -16.946  -22.356 0.5555555820
42918  -27.693  -17.443  -22.670 0.6666666865
44032  -28.503  -16.898  -23.729 0.7777777910
42929  -28.829  -17.327  -23.402 0.7777777910
45135  -29.028  -15.962  -24.640 0.8888888955
99865  -31.170  -17.032  -24.960 0.8888888955
42905  -26.320  -17.275  -21.807 0.5555555820
45123  -26.931  -15.786  -23.479 0.6666666865
44031  -27.862  -16.331  -23.756 0.8888888955
93906  -29.187  -17.119  -23.906 0.8888888955
45136  -29.928  -16.195  -24.970 0.8888888955
45148  -30.391  -15.614  -25.466 1.0000000000
44051  -31.647  -16.589  -25.286 0.8888888955
45154  -31.811  -15.322  -26.387 1.0000000000
45122  -26.241  -15.289  -23.249 0.7777777910
97526  -27.864  -14.640  -24.934 1.0000000000
47224  -28.310  -13.889  -25.366 1.0000000000
46228  -28.823  -14.642  -25.343 1.0000000000
97355  -30.358  -14.374  -26.513 1.0000000000
47229  -29.727  -13.685  -26.878 1.0000000000
46237  -30.752  -14.035  -27.329 1.0000000000
46234  -32.074  -15.040  -27.196 1.0000000000
92777  -31.066  -13.665  -27.927 1.0000000000
46239  -32.498  -14.564  -27.697 1.0000000000
48149  -31.962  -13.290  -28.976 1.0000000000
47238  -32.278  -13.946  -28.343 0.7777777910
47227  -28.257  -12.940  -25.609 0.8888888955
47228  -28.891  -13.319  -26.250 1.0000000000
47233  -30.091  -13.344  -27.786 1.0000000000
48135  -28.576  -12.573  -26.666 1.0000000000
48141  -29.300  -12.819  -28.068 1.0000000000
48147  -30.388  -12.750  -28.939 1.0000000000
48148  -31.133  -13.029  -28.964 1.0000000000
48155  -31.509  -12.583  -29.475 1.0000000000
48150  -33.073  -13.248  -28.833 0.8888888955
48156  -32.474  -12.629  -29.468 1.0000000000
103758  -33.998  -12.801  -28.939 0.7777777910
48151  -34.500  -12.657  -28.674 0.7777777910
49042  -27.140  -11.626  -27.892 0.5555555820
49992  -27.159  -10.941  -30.368 0.7777777910
49045  -27.715  -11.841  -28.492 0.8888888955
48152  -29.357  -12.089  -29.084 1.0000000000
48146  -29.663  -12.493  -28.706 1.0000000000
49050  -29.432  -11.890  -29.852 0.8888888955
49059  -29.799  -11.841  -30.586 1.0000000000
49051  -30.268  -12.017  -30.045 1.0000000000
49061  -31.397  -11.561  -30.508 1.0000000000
49053  -31.967  -12.138  -30.107 0.8888888955
49994  -31.668  -10.884  -30.779 1.0000000000
49062  -32.396  -11.416  -30.387 0.8888888955
49989  -33.804  -11.141  -29.809 0.7777777910
49984  -34.785  -11.621  -28.698 0.6666666865
49987  -34.594  -11.091  -29.216 0.6666666865
50907  -25.734  -9.831  -30.575 0.4444444478
51792  -25.810  -8.917  -31.815 0.6666666865
50916  -27.404  -9.576  -32.725 0.7777777910
50000  -28.460  -10.874  -31.890 0.8888888955
50001  -29.482  -10.993  -32.033 0.8888888955
49060  -30.536  -11.634  -30.713 1.0000000000
50005  -29.662  -10.279  -32.345 1.0000000000
103701  -30.419  -10.659  -32.059 1.0000000000
50002  -31.077  -10.620  -31.395 1.0000000000
50003  -31.884  -10.026  -31.098 0.8888888955
49996  -33.341  -10.604  -30.307 0.7777777910
49997  -33.947  -10.368  -30.002 0.7777777910
49980  -34.989  -11.455  -27.938 0.5555555820
50903  -34.470  -10.122  -29.676 0.7777777910
50901  -34.923  -10.095  -29.122 0.6666666865
52649  -25.708  -7.378  -33.231 0.6666666865
51797  -25.467  -8.302  -32.159 0.6666666865
98441  -26.967  -8.990  -32.926 0.7777777910
52650  -26.434  -7.428  -33.528 0.7777777910
98587  -27.868  -8.834  -33.283 0.8888888955
50918  -29.286  -9.627  -32.718 0.8888888955
52646  -27.813  -8.027  -33.575 1.0000000000
51799  -28.901  -8.908  -33.152 1.0000000000
51800  -29.723  -8.867  -32.669 1.0000000000
50914  -31.205  -9.952  -32.001 0.8888888955
95201  -31.693  -9.196  -31.547 0.8888888955
51787  -32.374  -9.155  -30.949 0.8888888955
50909  -33.565  -9.769  -30.373 0.7777777910
51794  -31.478  -8.503  -31.749 0.8888888955
51795  -32.068  -8.452  -31.266 0.7777777910
91950  -33.750  -9.053  -30.355 0.7777777910
106327  -34.812  -9.614  -29.480 0.7777777910
50897  -35.598  -9.726  -28.332 0.6666666865
53522  -24.917  -6.267  -33.191 0.6666666865
53518  -25.006  -6.955  -32.898 0.5555555820
53523  -25.798  -6.631  -33.558 0.7777777910
53524  -26.801  -6.661  -33.697 0.8888888955
52651  -27.340  -7.419  -33.661 0.8888888955
94755  -28.234  -7.332  -33.469 1.0000000000
99108  -28.591  -8.114  -33.381 1.0000000000
52648  -30.025  -7.414  -32.472 1.0000000000
50920  -31.063  -9.030  -32.142 0.8888888955
51796  -32.840  -8.423  -30.863 0.7777777910
52635  -34.554  -7.856  -30.512 0.7777777910
51781  -35.581  -8.289  -29.669 0.6666666865
51776  -35.939  -8.748  -28.761 0.5555555820
50898  -36.265  -8.981  -27.752 0.5555555820
54368  -25.325  -5.692  -33.535 0.7777777910
99827  -25.729  -4.829  -33.694 0.6666666865
54369  -26.285  -5.806  -33.695 0.8888888955
54371  -27.993  -5.848  -33.219 1.0000000000
53519  -28.659  -6.389  -33.022 1.0000000000
53521  -30.274  -6.651  -32.206 0.8888888955
52639  -30.850  -7.129  -31.941 0.8888888955
53515  -31.643  -6.722  -31.387 0.8888888955
52640  -31.558  -7.746  -31.581 0.8888888955
52634  -33.931  -7.542  -30.677 0.7777777910
100675  -34.441  -6.970  -30.556 0.7777777910
105404  -35.520  -7.610  -30.106 0.7777777910
93739  -33.644  -5.917  -31.106 0.7777777910
52630  -35.931  -7.387  -29.712 0.5555555820
93078  -36.385  -7.465  -28.331 0.5555555820
53503  -35.680  -6.755  -30.157 0.6666666865
55992  -23.640  -3.122  -33.248 0.4444444478
55177  -24.725  -3.986  -33.518 0.5555555820
105145  -26.474  -4.244  -33.710 0.7777777910
93014  -27.771  -5.067  -33.391 1.0000000000
97374  -26.864  -4.985  -33.655 0.8888888955
54364  -28.533  -5.366  -32.972 1.0000000000
54365  -29.309  -5.737  -32.559 0.8888888955
54357  -29.869  -5.242  -32.252 0.8888888955
54366  -30.081  -5.997  -32.217 0.8888888955
53514  -30.760  -6.301  -31.826 0.8888888955
53516  -32.692  -6.432  -30.978 0.8888888955
53510  -34.963  -6.112  -30.846 0.6666666865
52626  -36.300  -6.963  -28.964 0.5555555820
100576  -27.046  -1.615  -33.746 0.6666666865
96333  -25.509  -2.315  -33.814 0.6666666865
55996  -28.128  -3.427  -33.405 0.7777777910
55175  -29.130  -4.839  -32.677 0.8888888955
55989  -29.032  -3.748  -32.757 0.7777777910
55168  -29.735  -4.382  -32.281 0.7777777910
105878  -30.263  -4.020  -31.886 0.7777777910
54358  -30.560  -5.545  -31.856 0.8888888955
55171  -32.005  -5.058  -31.276 0.7777777910
55160  -34.157  -4.104  -31.607 0.6666666865
54361  -35.485  -4.636  -32.018 0.6666666865
54353  -34.523  -4.998  -31.577 0.6666666865
54354  -35.003  -5.328  -31.441 0.5555555820
55163  -36.330  -3.867  -31.469 0.6666666865
55987  -36.017  -4.210  -32.094 0.5555555820
54339  -36.885  -5.039  -29.529 0.5555555820
53496  -36.722  -5.926  -28.984 0.4444444478
55155  -36.604  -4.645  -30.498 0.5555555820
58918  -29.633  1.016  -32.399 0.3333333433
58917  -28.943  1.112  -32.853 0.3333333433
95655  -28.570  -1.329  -33.085 0.5555555820
57889  -30.328  -0.731  -32.247 0.5555555820
91078  -29.481  -2.792  -32.549 0.7777777910
55990  -29.907  -3.442  -32.264 0.7777777910
55986  -32.521  -2.901  -31.283 0.6666666865
99602  -30.851  -4.085  -31.497 0.6666666865
55984  -30.673  -3.225  -31.841 0.6666666865
55159  -32.836  -4.129  -31.271 0.6666666865
55977  -34.882  -3.133  -31.823 0.6666666865
55971  -36.229  -2.894  -31.352 0.6666666865
55972  -36.751  -3.451  -30.545 0.6666666865
55149  -37.089  -4.158  -29.648 0.5555555820
55143  -37.337  -3.791  -28.822 0.5555555820
57881  -30.858  0.117  -31.719 0.4444444478
58907  -30.478  0.853  -31.786 0.4444444478
58919  -30.244  0.571  -32.081 0.4444444478
56850  -32.560  -0.441  -31.067 0.5555555820
56863  -31.158  -0.968  -31.957 0.5555555820
93077  -31.312  -2.078  -31.784 0.6666666865
55991  -30.378  -2.184  -32.262 0.6666666865
56864  -31.973  -2.082  -31.405 0.6666666865
55976  -33.579  -3.181  -31.363 0.6666666865
108376  -35.621  -2.787  -31.628 0.6666666865
93041  -37.347  -2.330  -28.389 0.6666666865
55952  -37.537  -2.730  -27.463 0.5555555820
99345  -37.465  -3.308  -28.051 0.6666666865
57860  -32.877  -0.910  -30.347 0.4444444478
56851  -33.181  -1.335  -30.878 0.6666666865
56856  -32.701  -1.432  -31.139 0.6666666865
55969  -33.903  -2.283  -30.871 0.6666666865
55965  -36.624  -2.477  -30.355 0.6666666865
44041  -28.677  -16.516  -24.159 0.8888888955
45133  -27.289  -15.501  -24.199 1.0000000000
45146  -28.450  -15.266  -24.877 1.0000000000
46229  -29.880  -14.803  -25.733 1.0000000000
45153  -30.930  -15.066  -26.082 1.0000000000
54367  -24.300  -5.575  -32.906 0.5555555820
56868  -24.129  -2.024  -33.263 0.5555555820
56865  -23.215  -2.226  -32.548 0.2222222239
54346  -36.066  -5.652  -30.619 0.6666666865
54338  -36.511  -5.538  -29.870 0.4444444478
56855  -31.897  -0.870  -31.404 0.6666666865
93725  -33.503  -1.479  -30.322 0.6666666865
52638  -24.561  -7.916  -31.637 0.4444444478
53517  -23.994  -6.357  -32.210 0.4444444478
55938  -37.629  -3.037  -26.432 0.5555555820
55128  -37.590  -3.778  -26.941 0.5555555820
58896  -31.035  0.481  -31.413 0.2222222239
57871  -31.692  0.055  -31.200 0.3333333433
42894  -26.655  -17.909  -21.512 0.5555555820
41851  -27.577  -18.467  -21.704 0.5555555820
42919  -28.685  -17.918  -22.960 0.5555555820
42931  -30.684  -17.666  -23.591 0.7777777910
42938  -30.999  -17.315  -24.339 0.8888888955
42930  -29.663  -17.714  -23.366 0.6666666865
44033  -30.095  -17.295  -24.090 0.8888888955
44034  -31.828  -17.238  -24.764 0.7777777910
44052  -32.272  -16.738  -25.232 0.7777777910
99535  -32.209  -15.972  -25.745 0.8888888955
43994  -25.587  -16.882  -21.387 0.4444444478
45114  -26.032  -15.433  -22.609 0.5555555820
45155  -32.312  -15.371  -26.530 1.0000000000
46210  -26.077  -14.562  -23.574 0.2222222239
46218  -26.966  -14.700  -24.563 0.6666666865
46240  -33.346  -14.490  -27.460 0.8888888955
48142  -34.095  -13.353  -28.367 0.7777777910
47235  -34.486  -13.522  -27.675 0.6666666865
47223  -27.465  -13.418  -24.970 0.5555555820
91224  -34.761  -13.041  -27.463 0.6666666865
48134  -27.977  -12.081  -26.065 0.4444444478
49038  -34.700  -12.058  -27.399 0.5555555820
49981  -35.516  -10.538  -27.591 0.5555555820
49986  -25.633  -10.824  -28.325 0.2222222239
51791  -25.023  -8.481  -31.348 0.4444444478
103747  -36.114  -9.725  -27.228 0.5555555820
53511  -22.857  -6.100  -31.449 0.3333333433
96042  -36.512  -9.007  -26.774 0.5555555820
101082  -36.851  -7.604  -26.816 0.4444444478
52618  -36.981  -6.934  -27.026 0.5555555820
53487  -37.227  -6.105  -27.253 0.4444444478
59892  -28.662  1.363  -32.689 0.3333333433
59899  -27.033  0.812  -33.176 0.3333333433
58929  -26.367  0.227  -33.549 0.4444444478
54333  -37.241  -4.922  -28.682 0.4444444478
55144  -37.463  -4.300  -27.853 0.4444444478
100443  -32.398  -0.411  -30.459 0.3333333433
56841  -34.177  -1.658  -30.080 0.6666666865
55970  -34.957  -2.260  -31.015 0.6666666865
56842  -36.165  -1.842  -29.807 0.6666666865
57837  -36.976  -1.493  -28.588 0.6666666865
56828  -37.333  -1.788  -27.900 0.6666666865
56818  -37.627  -2.174  -27.036 0.6666666865
56807  -37.690  -2.481  -25.954 0.3333333433
57848  -34.299  -1.049  -29.333 0.5555555820
42906  -27.179  -17.710  -22.089 0.5555555820
91700  -28.095  -18.233  -22.348 0.6666666865
44023  -27.345  -16.598  -22.999 0.6666666865
44024  -28.143  -17.084  -23.238 0.7777777910
45147  -29.409  -15.394  -25.162 1.0000000000
44042  -29.554  -16.686  -24.416 0.8888888955
44050  -30.838  -16.388  -25.190 1.0000000000
44043  -30.444  -16.866  -24.689 0.8888888955
104954  -25.924  -17.514  -21.346 0.4444444478
44011  -26.036  -16.520  -21.939 0.5555555820
44022  -26.471  -16.023  -22.632 0.6666666865
45134  -28.143  -15.800  -24.395 0.8888888955
45149  -31.328  -15.817  -25.659 1.0000000000
45132  -26.472  -15.054  -24.003 0.6666666865
46219  -27.668  -15.200  -24.671 1.0000000000
46227  -27.426  -14.139  -24.815 0.8888888955
46232  -29.347  -14.054  -25.967 1.0000000000
46233  -31.372  -14.748  -26.956 1.0000000000
47232  -29.170  -13.019  -27.228 1.0000000000
45156  -32.747  -15.080  -27.044 0.8888888955
46238  -31.718  -14.315  -27.744 1.0000000000
47236  -30.736  -13.243  -28.452 1.0000000000
105223  -30.003  -12.976  -28.453 1.0000000000
47237  -31.554  -13.621  -28.416 1.0000000000
47239  -33.162  -13.990  -28.128 0.8888888955
48130  -27.401  -12.540  -25.273 0.5555555820
48140  -28.590  -12.411  -27.624 1.0000000000
48153  -30.015  -12.234  -29.364 1.0000000000
48154  -30.700  -12.430  -29.451 1.0000000000
49052  -31.041  -12.079  -30.072 1.0000000000
49054  -32.952  -12.048  -29.993 0.8888888955
49047  -34.214  -12.255  -29.226 0.7777777910
49043  -34.723  -12.446  -28.356 0.6666666865
49041  -27.009  -11.198  -27.197 0.5555555820
48138  -27.479  -11.465  -26.491 0.5555555820
104575  -26.781  -11.521  -28.391 0.6666666865
48139  -28.042  -11.708  -27.169 0.7777777910
48144  -27.914  -12.098  -27.963 0.7777777910
49049  -27.402  -11.493  -29.313 0.7777777910
49991  -26.565  -10.289  -30.995 0.6666666865
49999  -27.522  -10.656  -31.492 0.8888888955
49057  -28.066  -11.512  -30.308 0.8888888955
49993  -28.166  -11.329  -31.110 0.8888888955
48145  -28.724  -12.213  -28.403 0.8888888955
49046  -28.574  -11.878  -29.156 1.0000000000
49064  -28.957  -11.392  -31.463 0.8888888955
49065  -29.789  -11.513  -31.306 1.0000000000
49067  -30.961  -11.092  -30.879 1.0000000000
49995  -32.539  -10.624  -30.609 0.8888888955
104586  -32.937  -11.024  -30.384 0.8888888955
49055  -33.765  -11.870  -29.730 0.7777777910
49048  -34.555  -12.032  -29.003 0.7777777910
49990  -34.197  -10.904  -29.603 0.6666666865
49039  -35.246  -11.279  -26.787 0.5555555820
49985  -35.076  -10.765  -28.551 0.6666666865
50912  -26.173  -9.592  -31.435 0.5555555820
50902  -25.413  -9.926  -30.020 0.3333333433
96002  -25.750  -10.531  -29.086 0.3333333433
95468  -26.102  -10.415  -30.045 0.4444444478
49988  -26.397  -10.963  -29.462 0.6666666865
51798  -26.240  -8.741  -32.735 0.6666666865
50915  -26.570  -9.337  -32.368 0.7777777910
50004  -28.851  -10.341  -32.509 0.8888888955
107526  -30.119  -11.152  -31.801 1.0000000000
50908  -32.842  -9.868  -30.673 0.7777777910
50910  -34.130  -9.509  -30.095 0.7777777910
52645  -26.924  -8.275  -33.356 0.8888888955
98814  -29.416  -8.139  -32.936 1.0000000000
102898  -34.320  -8.631  -30.273 0.7777777910
51785  -34.753  -9.031  -29.785 0.7777777910
50904  -35.275  -9.245  -29.220 0.6666666865
52642  -24.280  -7.263  -31.955 0.4444444478
52652  -27.729  -6.596  -33.512 0.8888888955
52647  -29.121  -7.315  -33.036 1.0000000000
52641  -32.486  -7.559  -31.055 0.7777777910
51789  -35.086  -8.091  -30.258 0.6666666865
51777  -36.330  -8.174  -28.100 0.5555555820
51768  -36.609  -8.277  -27.095 0.5555555820
105352  -24.617  -4.837  -33.355 0.5555555820
55178  -25.698  -3.911  -33.726 0.6666666865
54370  -27.251  -5.830  -33.528 0.8888888955
53520  -29.597  -6.571  -32.571 1.0000000000
53508  -33.427  -6.953  -30.775 0.8888888955
54360  -32.076  -5.905  -31.058 0.8888888955
55993  -24.924  -3.133  -33.740 0.5555555820
55179  -27.393  -4.100  -33.599 1.0000000000
55994  -26.343  -3.344  -33.801 0.7777777910
55180  -28.342  -4.431  -33.205 0.7777777910
53486  -36.678  -6.682  -28.013 0.5555555820
57897  -26.720  -0.684  -33.770 0.5555555820
98226  -26.147  -1.494  -33.849 0.5555555820
57898  -27.646  -0.972  -33.521 0.4444444478
56869  -26.743  -2.412  -33.780 0.6666666865
56870  -27.786  -2.275  -33.563 0.6666666865
55995  -27.334  -3.144  -33.669 0.7777777910
99433  -24.961  -1.235  -33.688 0.6666666865
56866  -28.725  -2.617  -33.014 0.7777777910
55169  -30.379  -4.771  -31.889 0.7777777910
94460  -31.740  -4.105  -31.343 0.6666666865
54352  -33.158  -5.243  -31.281 0.6666666865
55978  -35.758  -3.510  -32.098 0.6666666865
55161  -35.270  -4.047  -32.139 0.6666666865
55162  -36.153  -4.730  -31.594 0.5555555820
54355  -35.607  -5.234  -31.418 0.5555555820
104096  -37.118  -5.796  -28.124 0.4444444478
57887  -28.348  0.089  -33.142 0.4444444478
57888  -29.389  -0.125  -32.649 0.5555555820
56867  -29.474  -1.706  -32.622 0.6666666865
55951  -37.309  -2.890  -28.875 0.6666666865
55964  -35.896  -2.276  -30.834 0.6666666865
55950  -37.040  -2.045  -29.360 0.6666666865
108577  -23.591  -4.875  -32.716 0.4444444478
100282  -24.045  -0.798  -33.200 0.3333333433
51790  -24.328  -8.167  -31.295 0.4444444478
103905  -37.557  -3.101  -25.567 0.3333333433
57818  -38.169  -1.461  -25.800 0.3333333433
42932  -31.549  -17.604  -23.889 0.6666666865
42893  -26.063  -18.051  -20.938 0.5555555820
45150  -33.056  -15.474  -26.003 0.7777777910
42892  -25.256  -17.369  -20.793 0.3333333433
45102  -25.867  -15.804  -22.043 0.4444444478
47234  -33.882  -13.914  -27.768 0.6666666865
49044  -26.126  -11.204  -28.690 0.3333333433
92288  -26.071  -11.225  -27.937 0.3333333433
96697  -26.228  -10.760  -27.181 0.1111111119
52637  -23.967  -7.365  -31.415 0.4444444478
54363  -23.032  -5.451  -32.080 0.3333333433
55176  -23.510  -4.099  -33.034 0.3333333433
58928  -25.204  0.591  -33.482 0.3333333433
57817  -37.848  -1.713  -26.556 0.4444444478
40870  -30.551  -20.023  -21.339 0.4444444478
40837  -31.839  -20.328  -19.388 0.2222222239
92640  -27.953  -19.338  -21.125 0.4444444478
40875  -28.770  -19.796  -21.480 0.4444444478
41852  -28.607  -19.150  -22.002 0.4444444478
40877  -30.204  -19.623  -21.866 0.4444444478
41844  -30.956  -19.444  -21.734 0.4444444478
41832  -31.973  -19.478  -20.612 0.2222222239
41853  -29.705  -19.198  -22.411 0.4444444478
108523  -30.299  -18.939  -22.799 0.4444444478
41854  -30.551  -19.142  -22.358 0.4444444478
41846  -32.480  -18.683  -20.799 0.1111111119
41833  -32.918  -18.471  -20.053 0.1111111119
41861  -30.902  -18.639  -22.735 0.4444444478
42895  -32.354  -18.448  -21.911 0.3333333433
42908  -29.683  -18.551  -22.860 0.4444444478
41855  -31.329  -18.849  -22.172 0.3333333433
42909  -31.735  -18.291  -22.715 0.3333333433
107564  -32.977  -18.217  -20.601 0.2222222239
42920  -30.441  -18.233  -22.972 0.4444444478
44013  -33.336  -17.492  -22.686 0.2222222239
42911  -34.044  -17.312  -22.199 0.1111111119
42922  -32.094  -17.851  -23.388 0.3333333433
44025  -33.015  -17.480  -23.464 0.3333333433
44044  -32.637  -17.061  -24.812 0.5555555820
45137  -32.878  -16.420  -25.329 0.6666666865
45124  -34.088  -16.239  -24.303 0.4444444478
46211  -34.985  -15.037  -24.032 0.3333333433
107631  -34.256  -15.167  -25.151 0.5555555820
46236  -34.175  -14.378  -26.331 0.5555555820
46231  -34.339  -14.583  -25.446 0.5555555820
103884  -34.638  -14.774  -24.703 0.4444444478
47225  -34.434  -13.888  -25.789 0.3333333433
46235  -33.583  -14.791  -26.665 0.5555555820
48136  -34.656  -13.088  -26.046 0.4444444478
48137  -34.811  -12.218  -26.476 0.5555555820
98030  -35.081  -1.752  -29.919 0.5555555820
56827  -36.141  -1.332  -28.919 0.5555555820
57827  -37.317  -1.227  -27.704 0.5555555820
57816  -37.720  -1.045  -27.210 0.5555555820
40858  -29.994  -20.507  -21.070 0.4444444478
107292  -31.606  -20.069  -20.450 0.2222222239
42910  -33.287  -17.918  -22.104 0.2222222239
41847  -33.885  -17.778  -21.509 0.1111111119
106235  -33.040  -17.217  -24.245 0.4444444478
42923  -33.686  -17.021  -22.955 0.3333333433
45138  -33.751  -15.868  -25.166 0.6666666865
47226  -34.799  -13.470  -25.166 0.3333333433
100408  -35.041  -12.384  -25.567 0.4444444478
49982  -35.913  -10.374  -26.553 0.4444444478
57838  -36.815  -1.102  -28.193 0.5555555820
58855  -37.090  -0.378  -28.005 0.5555555820
42907  -28.959  -18.659  -22.541 0.4444444478
45125  -34.764  -15.811  -23.858 0.2222222239
39893  -28.352  -20.997  -20.465 0.4444444478
39903  -29.238  -20.843  -20.859 0.4444444478
92877  -30.037  -21.019  -20.453 0.4444444478
39896  -31.251  -20.820  -19.319 0.2222222239
39882  -31.794  -20.643  -18.723 0.2222222239
39883  -32.338  -20.512  -18.169 0.1111111119
40867  -27.119  -19.297  -20.460 0.4444444478
99670  -27.786  -20.076  -20.518 0.4444444478
40860  -32.221  -19.975  -19.948 0.1111111119
40861  -32.826  -19.065  -19.301 0.1111111119
40838  -32.445  -19.984  -18.908 0.1111111119
41834  -33.712  -18.270  -19.620 0.1111111119
42880  -33.621  -17.990  -20.584 0.1111111119
42896  -34.346  -17.702  -20.985 0.1111111119
42924  -34.952  -16.966  -21.978 0.1111111119
105027  -34.506  -16.707  -22.750 0.1111111119
45115  -35.117  -16.136  -23.183 0.2222222239
47212  -35.153  -14.292  -24.191 0.1111111119
47219  -35.295  -13.551  -24.371 0.2222222239
48131  -35.164  -12.941  -25.005 0.2222222239
49040  -35.707  -10.878  -25.881 0.3333333433
49977  -36.151  -10.249  -25.554 0.3333333433
50895  -36.393  -9.626  -26.203 0.3333333433
52617  -36.595  -7.526  -27.555 0.4444444478
54334  -37.388  -5.230  -27.568 0.3333333433
57861  -33.455  -1.095  -29.667 0.4444444478
100860  -38.377  -0.511  -26.674 0.5555555820
57849  -35.207  -1.239  -29.136 0.5555555820
104563  -36.129  -0.867  -28.486 0.5555555820
101020  -37.343  -0.081  -27.728 0.5555555820
59843  -37.980  -0.067  -27.260 0.5555555820
58871  -36.364  -0.467  -28.286 0.5555555820
41843  -26.980  -18.568  -20.988 0.4444444478
47230  -34.149  -14.208  -27.187 0.5555555820
47231  -34.479  -13.700  -26.843 0.5555555820
95512  -37.520  -4.679  -26.978 0.3333333433
42921  -31.210  -17.920  -23.094 0.3333333433
101218  -29.921  -20.082  -21.502 0.4444444478
40859  -30.826  -20.408  -20.603 0.3333333433
95183  -31.462  -20.454  -19.964 0.3333333433
40868  -28.563  -20.283  -21.012 0.4444444478
40869  -29.326  -20.263  -21.321 0.4444444478
40876  -29.432  -19.713  -21.779 0.4444444478
40871  -31.301  -19.779  -21.046 0.4444444478
41845  -31.747  -19.141  -21.410 0.4444444478
95616  -32.440  -19.158  -20.086 0.1111111119
40862  -33.954  -18.763  -18.856 0.1111111119
94673  -32.671  -17.968  -22.762 0.3333333433
41856  -33.083  -18.110  -21.235 0.2222222239
42912  -34.635  -17.396  -21.538 0.1111111119
103214  -32.374  -17.495  -24.154 0.3333333433
44045  -33.358  -16.698  -24.668 0.4444444478
45139  -34.426  -15.479  -24.536 0.3333333433
44035  -33.671  -16.910  -23.824 0.4444444478
44036  -34.383  -16.430  -23.536 0.3333333433
46230  -33.930  -15.086  -25.825 0.5555555820
47218  -34.745  -14.105  -24.911 0.3333333433
49034  -35.334  -11.609  -25.706 0.4444444478
39894  -29.276  -21.474  -20.295 0.4444444478
39895  -30.722  -20.968  -19.910 0.4444444478
104006  -30.178  -25.651  -14.177 0.1111111119
37117  -26.255  -23.457  -17.426 0.3333333433
36191  -28.957  -25.003  -15.841 0.2222222239
36175  -29.980  -25.400  -14.818 0.2222222239
36193  -30.588  -25.072  -15.314 0.1111111119
38897  -25.209  -21.552  -17.933 0.3333333433
37963  -25.199  -22.285  -17.559 0.3333333433
37116  -25.573  -23.066  -17.365 0.3333333433
37966  -27.740  -23.253  -17.942 0.3333333433
37106  -29.354  -24.050  -17.104 0.3333333433
37086  -28.804  -24.575  -16.587 0.2222222239
37087  -29.624  -24.550  -16.361 0.2222222239
37088  -30.436  -24.514  -16.031 0.2222222239
40835  -24.385  -19.434  -18.795 0.2222222239
40836  -25.264  -20.324  -18.839 0.2222222239
39863  -24.744  -20.872  -18.127 0.2222222239
38898  -25.923  -21.952  -18.092 0.3333333433
37965  -26.856  -23.021  -17.896 0.3333333433
37107  -30.301  -23.830  -16.825 0.1111111119
40854  -24.689  -18.900  -19.317 0.2222222239
39891  -26.152  -19.945  -19.502 0.3333333433
39878  -26.304  -20.886  -19.099 0.3333333433
39892  -26.972  -20.695  -19.670 0.3333333433
38914  -26.697  -21.717  -18.643 0.3333333433
39879  -27.101  -21.290  -19.274 0.3333333433
37980  -28.319  -22.645  -18.492 0.3333333433
38915  -27.822  -21.910  -19.091 0.3333333433
37981  -29.210  -22.603  -18.516 0.3333333433
37968  -30.267  -22.638  -17.738 0.3333333433
37951  -30.511  -23.102  -17.291 0.1111111119
41841  -25.401  -18.171  -20.356 0.2222222239
41831  -25.619  -18.962  -19.764 0.2222222239
40857  -27.026  -20.004  -20.029 0.3333333433
38926  -27.723  -21.238  -19.809 0.3333333433
38927  -28.571  -21.690  -19.854 0.3333333433
38916  -28.857  -22.199  -19.202 0.3333333433
38928  -29.351  -21.939  -19.762 0.3333333433
38899  -30.002  -22.388  -18.443 0.3333333433
38883  -30.939  -22.494  -17.423 0.1111111119
42878  -24.779  -17.592  -20.131 0.3333333433
104478  -27.571  -20.638  -20.126 0.3333333433
39880  -30.083  -21.723  -19.818 0.3333333433
39881  -30.695  -21.399  -19.360 0.3333333433
48132  -35.435  -12.147  -24.709 0.2222222239
49035  -35.784  -10.979  -24.854 0.2222222239
51758  -36.881  -7.994  -26.139 0.3333333433
104788  -36.793  -8.804  -25.808 0.2222222239
37105  -28.020  -24.508  -16.789 0.3333333433
36192  -29.793  -25.068  -15.616 0.2222222239
40855  -25.210  -19.542  -19.284 0.3333333433
38913  -25.691  -21.239  -18.487 0.3333333433
37979  -27.362  -22.506  -18.386 0.3333333433
94443  -28.823  -23.371  -17.763 0.3333333433
37950  -29.830  -23.287  -17.473 0.3333333433
41842  -26.277  -18.720  -20.418 0.3333333433
38918  -30.425  -21.948  -19.047 0.3333333433
36158  -29.336  -25.532  -14.141 0.1111111119
37949  -24.804  -23.052  -17.080 0.3333333433
37102  -25.526  -23.744  -16.852 0.3333333433
36202  -26.578  -24.498  -16.430 0.3333333433
36203  -27.359  -24.664  -16.248 0.3333333433
36204  -28.152  -24.818  -16.028 0.3333333433
35286  -30.752  -25.798  -13.795 0.1111111119
36159  -30.850  -25.456  -14.491 0.1111111119
39877  -24.269  -20.120  -18.339 0.2222222239
37089  -31.133  -24.453  -15.572 0.1111111119
107693  -24.197  -18.825  -18.956 0.2222222239
37108  -31.075  -23.820  -16.274 0.1111111119
41830  -24.751  -18.229  -19.730 0.2222222239
37969  -31.638  -22.392  -16.947 0.1111111119
38900  -30.691  -22.053  -18.117 0.1111111119
39864  -31.134  -21.360  -18.606 0.1111111119
42891  -24.592  -16.911  -20.163 0.1111111119
52603  -37.198  -7.494  -25.491 0.2222222239
97507  -37.145  -8.099  -25.154 0.2222222239
91152  -26.337  -14.249  -24.162 0.5555555820
44010  -25.433  -16.141  -21.427 0.3333333433
50887  -36.604  -9.524  -25.198 0.2222222239
36174  -29.113  -25.350  -15.053 0.1111111119
37103  -26.415  -24.163  -17.022 0.3333333433
37118  -27.060  -23.799  -17.497 0.3333333433
37964  -26.080  -22.669  -17.756 0.3333333433
37104  -27.207  -24.380  -16.982 0.3333333433
37119  -27.933  -23.953  -17.377 0.3333333433
105129  -28.608  -24.156  -17.162 0.3333333433
37978  -26.592  -22.359  -18.165 0.3333333433
40856  -26.474  -19.349  -19.985 0.3333333433
38917  -29.711  -22.189  -19.228 0.3333333433
37952  -31.057  -23.159  -16.898 0.1111111119
98476  -28.261  -25.177  -15.277 0.2222222239
36201  -25.917  -24.306  -16.486 0.3333333433
37101  -24.514  -23.599  -16.435 0.2222222239
36188  -25.901  -24.583  -15.986 0.3333333433
36190  -27.463  -24.877  -15.496 0.3333333433
38896  -24.248  -21.510  -17.526 0.2222222239
49031  -35.916  -11.542  -23.910 0.1111111119
49968  -36.988  -10.627  -23.259 0.1111111119
49036  -36.369  -10.740  -23.985 0.1111111119
49967  -36.833  -9.492  -24.245 0.1111111119
50872  -37.030  -9.724  -23.363 0.1111111119
50852  -37.072  -8.857  -23.726 0.1111111119
90608  -37.030  -8.783  -24.706 0.1111111119
53479  -37.295  -6.417  -26.311 0.2222222239
51745  -37.307  -8.109  -24.180 0.1111111119
54316  -37.428  -5.235  -25.219 0.1111111119
54324  -37.505  -5.479  -26.439 0.2222222239
55129  -37.610  -4.575  -26.027 0.1111111119
54315  -37.450  -5.984  -25.599 0.1111111119
100756  -37.367  -4.303  -25.003 0.1111111119
55939  -37.536  -3.740  -25.780 0.1111111119
58870  -35.733  -0.378  -28.486 0.4444444478
57850  -35.425  -0.735  -28.651 0.4444444478
93949  -38.231  -1.067  -26.448 0.3333333433
56796  -37.827  -1.945  -25.415 0.1111111119
59853  -37.187  0.271  -28.014 0.4444444478
60804  -37.053  1.083  -29.040 0.4444444478
59863  -37.522  0.729  -28.323 0.4444444478
59854  -38.167  0.347  -27.566 0.4444444478
106281  -38.556  0.899  -28.030 0.4444444478
59855  -39.052  0.453  -27.395 0.2222222239
59844  -38.801  -0.064  -26.755 0.2222222239
58857  -38.913  -0.656  -26.035 0.2222222239
63180  -36.315  4.147  -36.694 0.1111111119
93513  -38.764  3.814  -33.275 0.1111111119
59856  -39.847  0.578  -27.523 0.1111111119
59841  -35.843  0.112  -28.096 0.4444444478
99651  -36.318  0.674  -28.251 0.4444444478
59842  -36.449  0.204  -28.153 0.4444444478
60797  -36.832  0.836  -28.645 0.4444444478
60812  -37.143  1.554  -29.492 0.4444444478
61660  -37.149  2.427  -31.408 0.4444444478
60819  -37.391  1.929  -30.144 0.4444444478
91717  -37.980  1.374  -28.841 0.4444444478
63167  -35.990  4.142  -33.819 0.3333333433
61661  -37.988  2.761  -31.612 0.3333333433
62403  -38.200  3.314  -32.520 0.1111111119
90619  -38.804  2.747  -31.014 0.1111111119
62396  -39.104  3.511  -31.735 0.1111111119
60798  -39.332  0.940  -27.859 0.2222222239
61645  -39.751  2.365  -29.718 0.1111111119
61662  -39.663  3.218  -31.188 0.1111111119
61643  -36.958  1.836  -29.996 0.3333333433
100590  -36.504  2.721  -32.592 0.3333333433
61668  -37.180  2.628  -32.205 0.4444444478
94426  -36.333  3.238  -33.535 0.2222222239
62410  -37.052  3.348  -33.618 0.2222222239
100585  -37.867  3.449  -33.294 0.1111111119
63178  -34.678  4.587  -35.808 0.1111111119
63171  -36.038  4.024  -34.869 0.1111111119
63174  -36.099  4.013  -35.797 0.1111111119
62411  -38.177  3.736  -33.934 0.1111111119
63914  -34.228  4.830  -36.636 0.1111111119
108783  -37.352  3.790  -34.962 0.1111111119
60811  -36.926  1.512  -29.306 0.3333333433
61642  -36.849  2.304  -29.607 0.3333333433
61650  -36.859  2.318  -30.499 0.3333333433
61659  -36.740  2.511  -31.205 0.3333333433
95432  -36.022  3.233  -33.116 0.3333333433
105924  -35.134  4.476  -33.716 0.2222222239
63170  -35.321  4.402  -34.460 0.2222222239
63910  -33.954  4.843  -35.614 0.1111111119
64642  -35.018  6.258  -38.171 0.1111111119
62388  -36.797  3.762  -29.377 0.1111111119
63158  -36.467  4.234  -30.062 0.1111111119
97588  -35.884  4.109  -31.756 0.2222222239
63896  -34.608  4.753  -32.386 0.2222222239
63163  -35.638  4.135  -32.456 0.3333333433
63900  -33.559  5.901  -34.223 0.2222222239
63902  -34.530  4.749  -33.234 0.3333333433
64629  -32.866  6.152  -34.691 0.2222222239
64633  -32.736  5.794  -35.804 0.1111111119
64636  -32.109  6.443  -36.269 0.1111111119
64637  -32.793  5.738  -36.963 0.1111111119
63913  -33.583  5.491  -37.138 0.1111111119
65422  -33.437  6.621  -37.753 0.1111111119
63915  -34.925  4.806  -37.185 0.1111111119
63189  -36.674  4.470  -37.675 0.1111111119
63181  -37.242  3.871  -36.922 0.1111111119
94902  -34.560  5.510  -31.306 0.1111111119
63894  -35.354  4.862  -31.097 0.1111111119
64623  -33.756  6.431  -32.163 0.1111111119
65400  -30.194  7.654  -32.924 0.1111111119
65406  -31.223  7.328  -34.357 0.1111111119
65411  -30.242  6.986  -35.610 0.1111111119
65412  -31.367  6.718  -35.536 0.1111111119
66216  -29.329  9.011  -36.832 0.1111111119
66218  -30.288  7.179  -36.768 0.1111111119
66222  -30.547  8.610  -36.949 0.1111111119
65419  -32.401  6.205  -37.390 0.1111111119
64617  -33.573  7.349  -31.530 0.1111111119
65391  -33.248  7.851  -31.528 0.1111111119
66199  -31.904  8.171  -32.159 0.1111111119
65399  -29.743  7.885  -33.486 0.1111111119
66920  -29.103  8.681  -34.595 0.1111111119
66209  -28.813  8.439  -35.015 0.1111111119
66919  -28.759  8.698  -35.170 0.1111111119
66931  -28.937  9.621  -36.889 0.1111111119
66912  -31.957  8.745  -32.772 0.1111111119
66913  -33.053  8.867  -32.722 0.1111111119
66922  -31.556  9.137  -33.927 0.1111111119
49032  -36.589  -11.237  -23.483 0.1111111119
49978  -36.420  -10.172  -24.622 0.1111111119
107829  -36.723  -10.113  -23.884 0.1111111119
49946  -37.308  -10.286  -22.608 0.1111111119
52591  -37.309  -7.431  -24.665 0.1111111119
53453  -37.074  -6.718  -24.317 0.1111111119
58845  -38.595  -1.115  -25.678 0.1111111119
56808  -37.579  -2.620  -24.985 0.1111111119
98157  -39.922  2.026  -28.996 0.2222222239
62397  -40.116  3.903  -31.702 0.1111111119
61651  -37.034  2.178  -30.668 0.3333333433
63175  -36.911  3.701  -36.103 0.1111111119
98336  -32.938  6.470  -33.710 0.2222222239
64632  -32.038  6.357  -35.130 0.1111111119
65395  -30.969  7.801  -32.560 0.1111111119
66213  -28.835  8.503  -35.824 0.1111111119
66221  -29.819  9.060  -37.225 0.1111111119
67561  -30.124  9.568  -34.679 0.1111111119
49947  -37.948  -10.615  -21.817 0.1111111119
49013  -37.469  -11.020  -22.510 0.1111111119
52609  -37.131  -7.206  -26.187 0.2222222239
55931  -37.382  -3.439  -24.859 0.1111111119
58880  -34.591  -0.714  -28.957 0.4444444478
61652  -37.742  2.298  -30.839 0.4444444478
62402  -37.089  2.797  -32.969 0.2222222239
64618  -33.995  6.784  -31.290 0.1111111119
64619  -34.426  6.780  -30.470 0.1111111119
66901  -32.383  8.477  -32.292 0.1111111119
66206  -30.148  7.863  -32.985 0.1111111119
66921  -30.048  8.528  -33.719 0.1111111119
48127  -37.070  -11.441  -23.008 0.1111111119
48988  -38.112  -11.334  -21.946 0.1111111119
50853  -37.400  -10.071  -21.909 0.1111111119
51731  -37.238  -9.233  -22.723 0.1111111119
51732  -36.095  -8.374  -22.107 0.1111111119
51746  -36.987  -8.411  -23.341 0.1111111119
52592  -36.935  -7.558  -23.887 0.1111111119
107093  -36.257  -4.736  -23.483 0.1111111119
55109  -36.793  -3.812  -24.061 0.1111111119
58837  -39.178  -0.900  -25.191 0.1111111119
56797  -37.832  -2.054  -24.425 0.1111111119
106972  -40.351  -0.028  -26.704 0.1111111119
60815  -40.806  1.796  -29.069 0.1111111119
60796  -36.393  1.303  -28.039 0.2222222239
60803  -36.748  1.214  -28.653 0.2222222239
103764  -39.590  3.756  -33.377 0.1111111119
61639  -36.655  2.020  -27.918 0.1111111119
105794  -36.745  3.076  -30.155 0.2222222239
62424  -37.804  3.524  -36.213 0.1111111119
63182  -38.217  3.798  -37.154 0.1111111119
62386  -36.757  3.330  -28.555 0.1111111119
99510  -36.345  2.940  -27.731 0.1111111119
63886  -35.587  5.016  -29.374 0.1111111119
97974  -35.160  5.771  -29.717 0.1111111119
63920  -36.120  5.052  -38.307 0.1111111119
64615  -34.868  6.772  -29.809 0.1111111119
66936  -30.083  9.571  -38.123 0.1111111119
66938  -32.837  8.960  -37.150 0.1111111119
66234  -33.835  8.877  -37.967 0.1111111119
66235  -34.625  8.554  -38.528 0.1111111119
65393  -34.155  7.958  -30.634 0.1111111119
66902  -33.442  8.576  -32.200 0.1111111119
67567  -29.591  10.148  -35.800 0.1111111119
68183  -28.913  11.254  -38.784 0.1111111119
68169  -31.480  10.634  -34.798 0.1111111119
53469  -37.397  -6.008  -24.819 0.1111111119
106587  -37.105  -5.416  -24.586 0.1111111119
57808  -38.459  -1.418  -24.921 0.1111111119
61644  -38.617  2.258  -30.138 0.2222222239
60814  -38.940  2.026  -29.184 0.2222222239
60805  -39.277  1.512  -28.411 0.1111111119
58858  -39.477  -0.248  -26.188 0.1111111119
63919  -35.321  5.262  -37.789 0.1111111119
62404  -39.558  3.981  -32.468 0.1111111119
104791  -37.340  3.652  -35.591 0.1111111119
62419  -38.503  3.672  -34.801 0.1111111119
62412  -39.211  3.617  -34.208 0.1111111119
59864  -40.668  0.734  -27.952 0.1111111119
59845  -39.703  0.121  -26.766 0.1111111119
60799  -39.875  1.102  -28.010 0.2222222239
62401  -36.478  2.863  -33.193 0.3333333433
62409  -36.849  3.804  -34.370 0.2222222239
62417  -36.766  3.842  -35.280 0.1111111119
63179  -35.316  4.463  -36.416 0.1111111119
61641  -36.788  2.148  -28.593 0.1111111119
62391  -36.515  3.065  -30.852 0.3333333433
98589  -36.121  3.311  -32.442 0.3333333433
63907  -34.686  4.871  -34.128 0.2222222239
63909  -33.411  5.284  -36.233 0.1111111119
63918  -34.428  5.327  -37.471 0.1111111119
64641  -33.848  6.109  -37.996 0.1111111119
65423  -34.041  6.757  -38.674 0.1111111119
63156  -36.242  4.484  -29.263 0.1111111119
63161  -36.120  4.141  -30.981 0.1111111119
63897  -35.139  4.634  -31.782 0.1111111119
63895  -34.068  5.392  -32.760 0.1111111119
63166  -35.295  4.249  -33.097 0.3333333433
63906  -33.975  5.050  -34.680 0.2222222239
63905  -33.347  5.371  -35.229 0.1111111119
65417  -30.138  6.916  -36.691 0.1111111119
65418  -31.526  6.941  -36.656 0.1111111119
107922  -33.641  8.029  -37.424 0.1111111119
66224  -32.791  7.283  -36.793 0.1111111119
63893  -34.155  5.733  -31.997 0.1111111119
63890  -35.539  4.985  -30.309 0.1111111119
64622  -33.225  7.124  -32.126 0.1111111119
64621  -32.427  7.140  -32.660 0.1111111119
65401  -31.185  7.366  -32.778 0.1111111119
65404  -29.363  7.821  -34.868 0.1111111119
64625  -33.438  6.230  -33.039 0.1111111119
64628  -32.214  6.924  -33.932 0.1111111119
65403  -28.883  7.829  -35.701 0.1111111119
65416  -29.622  7.058  -36.723 0.1111111119
66217  -29.715  7.726  -36.750 0.1111111119
66934  -28.865  9.967  -37.856 0.1111111119
66223  -31.693  8.241  -36.570 0.1111111119
66937  -31.472  9.361  -37.337 0.1111111119
66200  -33.392  8.186  -31.642 0.1111111119
93923  -32.704  8.273  -31.984 0.1111111119
105163  -30.867  8.489  -32.910 0.1111111119
66927  -29.073  9.222  -35.110 0.1111111119
66926  -29.052  9.207  -35.977 0.1111111119
67574  -28.838  10.530  -37.933 0.1111111119
53468  -37.372  -6.741  -25.281 0.1111111119
61654  -40.669  2.647  -30.147 0.1111111119
61663  -40.548  3.210  -30.954 0.1111111119
66948  -29.548  10.590  -38.975 0.1111111119
67568  -30.550  10.664  -35.368 0.1111111119
54306  -36.345  -4.595  -24.273 0.1111111119
58846  -39.703  -0.410  -25.529 0.1111111119
106719  -41.111  2.888  -30.602 0.1111111119
105345  -39.245  3.566  -35.116 0.1111111119
61638  -36.316  2.342  -27.530 0.1111111119
62425  -38.717  3.490  -35.786 0.1111111119
63152  -36.270  4.251  -28.626 0.1111111119
67571  -28.815  10.198  -36.957 0.1111111119
68179  -29.842  11.671  -37.510 0.1111111119
66947  -28.933  10.790  -38.795 0.1111111119
96171  -26.086  -24.636  -15.442 0.2222222239
47222  -26.756  -13.004  -24.705 0.2222222239
48133  -27.130  -11.710  -25.691 0.2222222239
47217  -26.761  -13.874  -24.543 0.3333333433
58879  -33.707  -0.835  -29.239 0.2222222239
58854  -34.714  0.286  -27.166 0.1111111119
59898  -26.032  0.912  -33.138 0.2222222239
57895  -24.525  -0.077  -33.442 0.1111111119
58927  -24.008  1.010  -33.171 0.1111111119
58906  -30.003  1.276  -31.913 0.1111111119
57870  -31.292  0.459  -30.511 0.1111111119
58868  -33.594  -0.440  -27.620 0.1111111119
59852  -36.078  0.711  -28.064 0.1111111119
58888  -32.748  -0.827  -29.702 0.2222222239
57859  -32.263  -0.158  -30.809 0.1111111119
51786  -24.783  -8.981  -30.807 0.2222222239
50900  -25.894  -10.291  -29.799 0.1111111119
58869  -34.505  -0.350  -27.912 0.3333333433
47216  -26.253  -13.431  -24.234 0.2222222239
58853  -34.163  -0.247  -27.141 0.1111111119
91100  -31.397  0.165  -29.100 0.1111111119
58878  -32.384  -0.404  -28.670 0.1111111119
58867  -32.901  -0.796  -27.976 0.1111111119
59870  -31.890  0.763  -28.997 0.1111111119
44014  -35.390  -16.423  -22.436 0.1111111119
36189  -26.683  -24.708  -15.777 0.1111111119
36173  -27.599  -24.956  -14.782 0.1111111119
37054  -24.352  -23.959  -14.634 0.1111111119
37085  -24.339  -23.952  -15.755 0.1111111119
37948  -23.917  -22.817  -16.664 0.1111111119
38882  -23.477  -21.928  -16.877 0.1111111119
37962  -24.326  -22.342  -17.166 0.1111111119
45101  -25.536  -15.632  -21.592 0.1111111119
107762  -26.646  -11.637  -25.175 0.1111111119
48129  -26.735  -12.202  -25.014 0.1111111119
55174  -22.427  -4.470  -32.177 0.2222222239
55988  -22.590  -3.380  -32.576 0.2222222239
55979  -22.247  -3.813  -32.141 0.2222222239
56857  -22.768  -2.698  -32.295 0.2222222239
49037  -26.828  -11.081  -26.412 0.1111111119
36171  -25.992  -24.546  -14.830 0.1111111119
89263  -26.868  -24.538  -14.223 0.1111111119
37084  -23.650  -23.282  -15.098 0.1111111119
37933  -23.618  -23.265  -16.057 0.1111111119
37947  -23.123  -22.340  -16.249 0.1111111119
38895  -23.227  -21.104  -17.105 0.1111111119
39862  -23.548  -20.418  -17.663 0.1111111119
41815  -23.707  -18.644  -18.475 0.1111111119
45084  -25.056  -15.960  -20.956 0.1111111119
46184  -25.935  -14.515  -21.510 0.1111111119
47211  -25.996  -13.795  -23.642 0.1111111119
49024  -26.637  -11.974  -25.124 0.1111111119
55164  -22.312  -4.772  -31.798 0.2222222239
56858  -22.984  -0.913  -32.464 0.2222222239
100371  -28.428  -25.258  -14.481 0.1111111119
102638  -25.272  -24.258  -14.490 0.1111111119
96672  -23.387  -0.814  -32.659 0.1111111119
46201  -25.926  -14.851  -22.863 0.1111111119
54362  -22.394  -5.256  -31.567 0.2222222239
40818  -23.510  -19.461  -18.082 0.1111111119
42877  -24.273  -17.489  -19.424 0.1111111119
43993  -24.986  -16.483  -20.815 0.1111111119
92626  -25.186  -24.239  -16.181 0.1111111119
36172  -26.764  -24.757  -15.103 0.1111111119
45113  -25.835  -15.192  -22.257 0.1111111119
37070  -25.250  -24.411  -15.443 0.1111111119
46155  -25.784  -14.697  -20.841 0.1111111119
55980  -22.360  -3.318  -30.744 0.1111111119
38881  -22.901  -21.279  -16.438 0.1111111119
100255  -25.859  -14.495  -22.560 0.1111111119
58901  -22.810  0.618  -32.364 0.1111111119
59891  -27.025  1.214  -32.878 0.1111111119
54347  -22.804  -6.053  -31.302 0.1111111119
59890  -25.623  1.178  -32.645 0.1111111119
59882  -28.133  1.402  -32.484 0.1111111119
59883  -29.215  1.419  -32.278 0.1111111119
37967  -29.620  -22.807  -17.936 0.3333333433
42933  -34.035  -16.755  -23.229 0.1111111119
48143  -34.733  -13.076  -28.209 0.7777777910
48157  -33.488  -12.472  -29.410 0.7777777910
49056  -34.245  -11.620  -29.448 0.7777777910
49058  -28.959  -11.783  -30.738 0.8888888955
49063  -33.255  -11.376  -30.118 0.8888888955
49066  -30.533  -11.181  -31.461 1.0000000000
49998  -26.989  -10.016  -31.977 0.8888888955
50905  -24.884  -9.281  -30.560 0.2222222239
50906  -25.014  -9.425  -30.406 0.3333333433
50911  -25.353  -9.186  -30.981 0.4444444478
50913  -27.899  -10.267  -32.379 0.7777777910
50917  -28.375  -9.639  -32.919 0.8888888955
50919  -30.268  -9.596  -32.322 0.8888888955
51782  -36.174  -7.921  -29.055 0.5555555820
51788  -33.699  -8.351  -30.598 0.7777777910
51793  -30.806  -8.081  -32.127 0.8888888955
52636  -35.113  -7.112  -30.336 0.7777777910
52643  -25.204  -7.638  -32.461 0.5555555820
52644  -25.974  -8.061  -33.028 0.6666666865
53495  -36.206  -6.388  -29.747 0.4444444478
53509  -34.272  -6.140  -31.016 0.6666666865
53512  -23.553  -6.841  -31.519 0.4444444478
54359  -31.305  -5.783  -31.411 0.8888888955
55170  -31.077  -4.948  -31.438 0.7777777910
55172  -35.745  -4.174  -32.170 0.6666666865
55173  -35.886  -4.560  -32.036 0.6666666865
55966  -37.112  -3.076  -29.652 0.6666666865
55985  -31.463  -3.157  -31.512 0.6666666865
57877  -23.495  -0.255  -30.878 0.1111111119
57882  -31.399  -0.099  -31.445 0.4444444478
57894  -23.515  0.292  -32.882 0.1111111119
57896  -25.679  -0.443  -33.760 0.5555555820
58856  -37.861  -0.558  -27.194 0.5555555820
58886  -31.662  0.476  -29.124 0.1111111119
58887  -31.931  0.346  -29.314 0.1111111119
58916  -28.045  1.159  -33.049 0.3333333433
58930  -27.371  0.164  -33.410 0.4444444478
59836  -40.246  -0.134  -26.110 0.1111111119
59862  -31.627  0.652  -28.849 0.1111111119
59871  -32.078  0.403  -28.934 0.1111111119
59884  -30.040  1.293  -31.882 0.4444444478
59889  -24.414  1.494  -32.752 0.1111111119
59896  -23.913  1.344  -32.744 0.1111111119
59897  -24.777  1.338  -33.093 0.1111111119
60802  -31.878  0.599  -28.753 0.1111111119
60806  -40.293  1.425  -28.491 0.1111111119
60813  -37.978  1.821  -29.555 0.4444444478
61646  -40.498  2.268  -29.487 0.1111111119
61653  -39.687  2.713  -30.545 0.1111111119
61667  -36.752  2.582  -31.858 0.3333333433
62395  -36.343  3.048  -31.736 0.3333333433
62418  -37.685  3.763  -34.484 0.1111111119
63169  -34.621  4.617  -34.993 0.2222222239
63173  -35.338  4.314  -35.380 0.1111111119
63188  -35.721  4.636  -37.366 0.1111111119
63889  -34.932  5.717  -30.455 0.1111111119
63901  -34.115  5.465  -33.733 0.3333333433
64640  -33.031  5.897  -37.556 0.1111111119
65392  -33.728  7.895  -31.225 0.1111111119
65396  -31.737  7.713  -32.370 0.1111111119
65397  -32.533  7.908  -31.818 0.1111111119
65405  -30.095  7.661  -34.121 0.1111111119
65409  -29.279  7.577  -36.328 0.1111111119
65410  -29.366  7.168  -36.271 0.1111111119
66201  -34.077  8.468  -31.883 0.1111111119
66207  -31.336  8.288  -32.529 0.1111111119
66210  -29.495  8.172  -34.056 0.1111111119
66225  -34.358  7.744  -38.005 0.1111111119
66935  -29.238  9.845  -38.153 0.1111111119
68178  -28.920  11.083  -37.960 0.1111111119
68184  -29.252  11.945  -38.949 0.1111111119
90383  -31.138  6.814  -36.202 0.1111111119
94446  -37.905  3.624  -35.327 0.1111111119
95672  -28.556  -11.716  -29.856 0.8888888955
96068  -30.076  -8.222  -32.501 1.0000000000
98811  -40.477  0.185  -27.233 0.1111111119
103206  -33.170  -9.093  -30.623 0.8888888955
103238  -30.412  -8.734  -32.371 0.8888888955
103404  -33.205  -2.266  -31.062 0.6666666865
106657  -35.432  -6.133  -30.604 0.6666666865
106686  -36.705  -8.530  -26.462 0.3333333433
106842  -33.280  -7.821  -30.793 0.7777777910
107079  -33.989  -6.933  -30.697 0.8888888955
