#!ascii label  , from subject sub-v2s15x29741_ses-1 vox2ras=TkReg
2021
50948  51.160  -7.245  15.723 0.0000000000
45178  45.589  -11.553  41.301 0.0000000000
30342  38.162  -27.612  41.024 0.0000000000
89456  35.144  -25.479  47.228 0.0000000000
37778  46.304  -19.164  43.590 0.0000000000
36862  38.932  -20.741  36.121 0.0000000000
47672  47.024  -10.313  18.506 0.0000000000
55983  59.848  -2.019  13.291 0.0000000000
54853  47.472  -4.366  25.465 0.0000000000
49812  42.379  -8.560  30.903 0.0000000000
41868  37.619  -15.878  29.049 0.0000000000
34723  42.703  -23.177  42.028 0.0000000000
30292  36.858  -26.826  44.477 0.0000000000
90459  39.480  -24.035  46.511 0.0000000000
31916  45.955  -25.321  41.200 0.0000000000
54903  46.203  -3.470  20.994 0.0000000000
51664  47.309  -6.756  45.043 0.0000000000
52691  50.335  -4.906  39.869 0.0000000000
53720  49.273  -2.946  34.309 0.0000000000
48622  46.283  -10.058  36.040 0.0000000000
46370  39.992  -11.804  30.805 0.0000000000
44151  42.373  -14.498  35.866 0.0000000000
33781  33.998  -24.362  35.086 0.0000000000
37874  33.963  -19.887  33.365 0.0000000000
52957  56.435  -5.141  15.619 0.0000000000
54005  52.826  -4.751  11.742 0.0000000000
31972  33.854  -25.876  37.440 0.0000000000
31917  34.049  -25.011  41.452 0.0000000000
41769  48.178  -15.414  40.056 0.0000000000
107087  45.837  -16.568  35.498 0.0000000000
36844  46.814  -20.502  38.865 0.0000000000
102022  39.008  -24.149  38.488 0.0000000000
49942  47.834  -9.013  16.356 0.0000000000
91482  36.586  -21.661  50.542 0.0000000000
29416  34.080  -28.467  50.034 0.0000000000
52875  59.237  -5.373  22.124 0.0000000000
51895  52.143  -6.289  19.924 0.0000000000
51899  48.241  -7.429  19.314 0.0000000000
51889  44.029  -6.437  20.216 0.0000000000
51864  40.971  -6.309  24.346 0.0000000000
54820  56.444  -3.935  28.668 0.0000000000
52776  46.835  -5.840  29.403 0.0000000000
49871  39.806  -7.977  25.114 0.0000000000
47555  37.262  -10.372  25.478 0.0000000000
38846  38.856  -18.488  32.209 0.0000000000
99352  40.983  -21.888  40.527 0.0000000000
89460  40.824  -23.952  43.848 0.0000000000
102141  39.378  -23.329  41.359 0.0000000000
90653  44.742  -19.100  40.918 0.0000000000
48574  50.002  -9.305  42.124 0.0000000000
49687  47.464  -7.927  41.499 0.0000000000
50770  48.503  -7.423  38.118 0.0000000000
48609  45.271  -9.705  39.054 0.0000000000
46306  43.996  -11.822  35.841 0.0000000000
44127  44.136  -13.431  39.021 0.0000000000
33783  32.920  -24.705  34.904 0.0000000000
33801  32.320  -24.303  33.401 0.0000000000
108770  54.184  -6.011  15.619 0.0000000000
95513  52.750  -5.643  14.115 0.0000000000
50960  50.960  -7.566  13.372 0.0000000000
31127  35.658  -26.844  39.158 0.0000000000
89480  34.107  -25.282  39.287 0.0000000000
89467  35.880  -26.680  40.909 0.0000000000
91090  36.341  -25.717  45.643 0.0000000000
94755  34.657  -25.203  44.002 0.0000000000
106265  33.815  -25.479  46.085 0.0000000000
30268  33.344  -27.207  47.034 0.0000000000
45114  45.588  -12.520  45.256 0.0000000000
39715  47.373  -17.362  41.704 0.0000000000
39756  50.215  -17.651  38.236 0.0000000000
37804  48.449  -19.981  40.394 0.0000000000
31108  41.723  -26.367  41.202 0.0000000000
32788  42.048  -24.354  39.788 0.0000000000
31956  38.481  -25.464  39.583 0.0000000000
31984  35.881  -25.709  37.461 0.0000000000
48867  47.211  -9.667  17.352 0.0000000000
46557  48.422  -11.668  16.197 0.0000000000
46539  48.427  -11.603  17.944 0.0000000000
29419  32.454  -28.632  50.435 0.0000000000
51898  49.371  -6.657  20.025 0.0000000000
52882  48.683  -6.430  19.916 0.0000000000
54877  45.760  -3.458  23.309 0.0000000000
53886  43.549  -4.224  20.749 0.0000000000
53861  42.837  -3.816  23.197 0.0000000000
51868  41.243  -5.362  22.366 0.0000000000
53848  44.174  -4.500  26.276 0.0000000000
106942  46.096  -6.780  33.186 0.0000000000
53758  48.796  -4.530  31.398 0.0000000000
51816  44.546  -6.464  30.613 0.0000000000
93435  42.574  -6.456  28.394 0.0000000000
49842  41.158  -8.076  28.946 0.0000000000
48772  38.293  -9.240  25.613 0.0000000000
110125  39.631  -9.772  28.588 0.0000000000
44257  37.972  -13.378  27.993 0.0000000000
37836  43.373  -19.144  35.625 0.0000000000
38814  42.152  -18.369  34.735 0.0000000000
37868  39.236  -19.064  33.797 0.0000000000
38870  33.535  -18.234  31.540 0.0000000000
90483  56.848  0.470  9.652 0.0000000000
104315  57.300  -0.924  11.712 0.0000000000
29481  41.793  -28.105  43.369 0.0000000000
109312  37.281  -27.879  42.733 0.0000000000
29456  40.059  -28.279  45.003 0.0000000000
30266  38.748  -27.164  46.514 0.0000000000
91161  37.968  -26.300  48.063 0.0000000000
34675  44.735  -21.342  45.296 0.0000000000
34707  46.119  -20.645  41.054 0.0000000000
33686  44.945  -21.642  42.549 0.0000000000
109375  44.429  -24.436  43.000 0.0000000000
54925  47.116  -4.804  18.822 0.0000000000
94594  50.317  -4.160  23.932 0.0000000000
53704  50.444  -3.669  37.008 0.0000000000
51774  47.764  -6.557  35.613 0.0000000000
48646  44.191  -9.235  33.433 0.0000000000
47476  40.902  -10.241  31.001 0.0000000000
47440  42.401  -11.021  33.463 0.0000000000
45243  40.857  -13.122  32.826 0.0000000000
41848  39.754  -15.290  31.912 0.0000000000
35876  36.267  -21.563  35.783 0.0000000000
37855  36.178  -19.771  34.370 0.0000000000
108875  34.552  -21.556  34.571 0.0000000000
54995  58.962  -3.344  14.609 0.0000000000
56004  56.375  -2.268  12.677 0.0000000000
53997  54.201  -4.348  13.717 0.0000000000
103811  35.458  -25.489  42.911 0.0000000000
46243  47.495  -11.171  44.517 0.0000000000
44116  47.175  -14.307  40.225 0.0000000000
42899  46.022  -15.224  38.049 0.0000000000
42910  51.339  -13.923  35.280 0.0000000000
38793  47.601  -18.125  36.308 0.0000000000
36853  42.961  -20.640  37.430 0.0000000000
34748  46.098  -22.923  39.642 0.0000000000
34757  42.801  -22.185  38.945 0.0000000000
107141  38.694  -22.072  37.033 0.0000000000
33765  36.589  -23.555  36.886 0.0000000000
32830  34.172  -25.801  35.853 0.0000000000
49947  49.173  -8.427  15.509 0.0000000000
49962  49.697  -9.125  13.636 0.0000000000
47712  49.057  -10.752  14.722 0.0000000000
103873  36.909  -23.868  47.320 0.0000000000
31857  36.929  -25.387  49.772 0.0000000000
98636  35.065  -25.857  51.141 0.0000000000
30247  35.000  -26.971  49.260 0.0000000000
54957  61.601  -3.275  18.015 0.0000000000
53930  58.972  -5.444  18.699 0.0000000000
51905  55.177  -6.555  18.265 0.0000000000
51920  51.673  -7.369  17.595 0.0000000000
96363  49.757  -7.544  17.782 0.0000000000
50930  48.447  -8.005  18.362 0.0000000000
49908  47.481  -8.487  18.827 0.0000000000
52922  47.058  -6.311  19.527 0.0000000000
51887  46.151  -7.235  19.596 0.0000000000
50917  46.314  -8.342  19.898 0.0000000000
50911  44.809  -8.205  20.764 0.0000000000
49890  44.057  -9.306  22.347 0.0000000000
53812  51.576  -4.589  27.077 0.0000000000
53739  54.375  -4.561  32.187 0.0000000000
53776  51.496  -5.029  29.715 0.0000000000
96347  47.187  -5.560  27.166 0.0000000000
52821  43.882  -5.362  28.301 0.0000000000
51866  41.381  -6.905  24.842 0.0000000000
46417  38.263  -11.623  27.853 0.0000000000
40762  42.362  -16.542  36.816 0.0000000000
40796  41.007  -16.665  33.291 0.0000000000
39829  38.223  -17.297  31.290 0.0000000000
37889  36.682  -18.605  33.231 0.0000000000
39816  36.278  -17.499  31.418 0.0000000000
34737  39.786  -22.587  40.584 0.0000000000
34725  39.251  -22.333  40.356 0.0000000000
46274  48.139  -10.641  41.243 0.0000000000
48583  49.436  -9.166  41.386 0.0000000000
48592  46.367  -8.871  40.841 0.0000000000
48601  45.790  -8.399  40.038 0.0000000000
46283  44.747  -10.842  40.143 0.0000000000
46291  44.383  -11.583  38.477 0.0000000000
44119  44.502  -12.873  39.549 0.0000000000
51929  52.637  -6.754  15.569 0.0000000000
96317  52.271  -6.530  14.851 0.0000000000
50953  51.100  -7.164  14.806 0.0000000000
30351  36.795  -27.333  40.123 0.0000000000
31114  35.766  -26.833  40.051 0.0000000000
30344  36.684  -27.426  40.569 0.0000000000
104054  35.600  -25.268  46.660 0.0000000000
102962  35.634  -25.033  45.842 0.0000000000
91505  34.809  -25.138  46.436 0.0000000000
31055  33.459  -26.302  46.678 0.0000000000
31054  34.232  -25.764  46.945 0.0000000000
39691  45.407  -17.634  45.503 0.0000000000
109873  46.062  -16.815  45.139 0.0000000000
40683  45.384  -16.235  43.768 0.0000000000
38748  47.019  -18.374  42.874 0.0000000000
38758  48.676  -18.330  41.139 0.0000000000
37785  47.444  -19.610  42.387 0.0000000000
30340  40.002  -27.005  41.250 0.0000000000
31109  40.344  -26.184  40.909 0.0000000000
31111  38.540  -26.761  40.602 0.0000000000
31125  37.120  -26.830  39.630 0.0000000000
99951  47.068  -9.991  18.014 0.0000000000
99356  47.719  -10.996  17.679 0.0000000000
47671  47.339  -10.586  18.179 0.0000000000
53914  49.108  -4.765  19.266 0.0000000000
53896  48.743  -5.582  20.058 0.0000000000
53915  48.476  -5.439  19.188 0.0000000000
107361  45.458  -3.790  24.164 0.0000000000
54871  44.264  -3.824  23.813 0.0000000000
54863  44.751  -4.258  24.997 0.0000000000
53856  43.115  -4.333  24.687 0.0000000000
53847  45.403  -4.502  26.346 0.0000000000
50835  45.186  -7.369  32.657 0.0000000000
51798  45.277  -6.809  31.952 0.0000000000
50855  43.479  -7.523  30.884 0.0000000000
108210  42.819  -7.306  29.887 0.0000000000
104263  41.536  -8.359  29.649 0.0000000000
48724  40.181  -9.192  28.671 0.0000000000
48707  41.021  -9.035  29.824 0.0000000000
36874  41.146  -20.112  35.833 0.0000000000
95062  40.843  -19.553  35.127 0.0000000000
110709  38.886  -19.719  35.088 0.0000000000
89819  58.317  -0.482  11.433 0.0000000000
91528  58.495  -1.276  12.412 0.0000000000
31070  42.790  -25.852  44.399 0.0000000000
29469  40.359  -28.414  44.137 0.0000000000
31882  41.958  -25.372  45.177 0.0000000000
89464  39.775  -24.100  45.623 0.0000000000
31865  40.558  -25.051  46.432 0.0000000000
31866  39.707  -24.847  47.400 0.0000000000
89451  38.272  -26.671  47.283 0.0000000000
103349  39.322  -24.626  48.001 0.0000000000
35775  43.438  -21.783  45.576 0.0000000000
34683  45.095  -21.444  44.484 0.0000000000
89495  44.636  -19.952  43.862 0.0000000000
100673  43.473  -22.301  41.156 0.0000000000
34735  45.190  -21.335  40.975 0.0000000000
109651  43.697  -24.439  43.400 0.0000000000
30302  43.192  -26.789  43.520 0.0000000000
52683  49.527  -5.234  41.206 0.0000000000
54713  50.243  -3.448  40.000 0.0000000000
53682  50.970  -3.928  38.636 0.0000000000
54737  51.484  -2.904  37.165 0.0000000000
53691  50.663  -4.450  38.505 0.0000000000
48620  47.155  -9.051  36.881 0.0000000000
50792  48.361  -7.327  36.779 0.0000000000
105090  47.363  -8.306  35.734 0.0000000000
49759  46.373  -8.324  34.604 0.0000000000
48636  45.470  -9.316  34.505 0.0000000000
48638  43.870  -10.002  33.793 0.0000000000
47428  44.266  -10.493  34.613 0.0000000000
44141  42.812  -13.638  36.225 0.0000000000
45230  42.593  -12.593  34.338 0.0000000000
44169  41.441  -13.691  33.673 0.0000000000
42967  40.109  -14.586  32.212 0.0000000000
42944  41.222  -14.707  33.669 0.0000000000
34800  35.347  -22.975  35.899 0.0000000000
35895  35.135  -21.350  34.913 0.0000000000
35878  34.591  -22.170  34.985 0.0000000000
54985  57.937  -4.367  15.374 0.0000000000
54996  57.285  -3.411  14.347 0.0000000000
54998  55.766  -4.328  14.540 0.0000000000
51938  52.068  -5.963  12.666 0.0000000000
32815  33.360  -25.513  36.807 0.0000000000
32803  33.297  -25.076  38.008 0.0000000000
30303  37.227  -27.563  43.543 0.0000000000
31084  36.383  -26.603  42.640 0.0000000000
91467  36.599  -26.526  43.576 0.0000000000
31891  33.768  -25.202  44.432 0.0000000000
104728  34.070  -25.093  43.603 0.0000000000
42812  46.038  -13.960  43.286 0.0000000000
105255  47.784  -11.946  45.204 0.0000000000
99161  46.731  -13.031  43.006 0.0000000000
45168  47.066  -12.768  42.054 0.0000000000
42860  48.051  -14.847  39.951 0.0000000000
42883  48.647  -14.556  38.171 0.0000000000
41788  49.623  -15.044  38.038 0.0000000000
38782  50.324  -19.102  38.282 0.0000000000
39759  49.149  -17.386  37.140 0.0000000000
37816  47.401  -19.127  37.632 0.0000000000
37818  45.055  -19.875  37.069 0.0000000000
36850  45.403  -20.331  37.839 0.0000000000
33704  47.057  -22.821  41.838 0.0000000000
33712  48.141  -23.029  40.390 0.0000000000
32784  45.934  -24.598  40.190 0.0000000000
32800  39.766  -24.094  38.914 0.0000000000
33726  42.337  -23.568  39.514 0.0000000000
33738  40.271  -23.207  38.352 0.0000000000
34767  40.732  -22.374  37.916 0.0000000000
33750  38.709  -23.102  37.800 0.0000000000
33764  37.380  -23.051  37.123 0.0000000000
32812  37.155  -23.933  37.452 0.0000000000
31149  34.916  -26.621  37.683 0.0000000000
106111  34.665  -25.828  36.389 0.0000000000
31987  33.932  -26.133  36.529 0.0000000000
96639  48.411  -8.798  15.751 0.0000000000
49955  48.724  -9.347  14.600 0.0000000000
47729  48.171  -9.790  14.936 0.0000000000
45424  50.498  -12.258  16.094 0.0000000000
92171  35.771  -23.643  48.506 0.0000000000
90542  38.098  -23.630  49.453 0.0000000000
103397  37.284  -23.285  50.204 0.0000000000
30233  33.371  -27.191  51.060 0.0000000000
30232  33.997  -27.088  51.175 0.0000000000
30237  35.156  -27.050  49.953 0.0000000000
30243  34.529  -27.671  49.849 0.0000000000
30249  33.590  -27.726  48.262 0.0000000000
28668  33.901  -29.006  49.508 0.0000000000
55947  62.350  -1.899  17.047 0.0000000000
53907  61.594  -4.638  20.229 0.0000000000
52897  59.279  -5.521  19.888 0.0000000000
52919  57.437  -5.831  18.320 0.0000000000
51891  57.518  -6.247  20.274 0.0000000000
51894  52.962  -6.249  19.838 0.0000000000
93204  53.426  -6.673  18.892 0.0000000000
51907  51.781  -6.917  19.108 0.0000000000
50941  50.682  -7.495  17.443 0.0000000000
50929  50.387  -7.325  18.533 0.0000000000
101917  48.957  -7.188  19.368 0.0000000000
107592  48.956  -7.556  18.631 0.0000000000
50921  48.503  -7.625  18.889 0.0000000000
50931  48.016  -8.219  18.608 0.0000000000
50922  47.688  -8.051  19.076 0.0000000000
104844  46.216  -3.804  19.920 0.0000000000
53917  46.983  -5.945  19.344 0.0000000000
53897  45.479  -4.572  19.224 0.0000000000
52868  43.142  -5.095  20.178 0.0000000000
52886  44.664  -6.055  19.674 0.0000000000
51888  45.053  -6.953  19.905 0.0000000000
98534  46.378  -7.770  19.666 0.0000000000
50918  45.449  -7.737  20.116 0.0000000000
99145  45.614  -8.421  20.412 0.0000000000
51877  44.262  -7.321  20.681 0.0000000000
51869  41.015  -6.677  22.887 0.0000000000
50908  42.822  -7.962  22.119 0.0000000000
101451  42.110  -7.538  22.533 0.0000000000
49892  42.287  -8.290  22.657 0.0000000000
53810  54.527  -4.474  27.523 0.0000000000
54767  52.306  -3.563  34.411 0.0000000000
54778  54.530  -3.647  33.421 0.0000000000
53728  52.116  -4.630  33.336 0.0000000000
52761  47.811  -5.333  30.344 0.0000000000
94254  50.266  -4.731  30.994 0.0000000000
92836  48.331  -5.501  29.632 0.0000000000
52773  49.280  -5.850  28.295 0.0000000000
52789  47.552  -6.030  28.621 0.0000000000
53818  45.902  -5.752  27.608 0.0000000000
52810  45.136  -6.037  27.848 0.0000000000
109412  40.879  -6.964  26.758 0.0000000000
51855  41.510  -6.452  26.634 0.0000000000
108835  40.679  -7.337  25.479 0.0000000000
49877  40.980  -8.116  24.104 0.0000000000
49878  40.079  -8.375  24.361 0.0000000000
48786  39.392  -9.033  24.155 0.0000000000
48763  37.865  -9.863  26.108 0.0000000000
47569  37.729  -9.798  24.236 0.0000000000
46369  40.247  -11.189  30.793 0.0000000000
47495  39.653  -10.704  29.713 0.0000000000
107594  38.935  -11.973  29.509 0.0000000000
44265  37.305  -13.048  26.297 0.0000000000
41811  46.827  -15.677  36.299 0.0000000000
41800  44.802  -15.628  38.219 0.0000000000
41823  44.522  -16.318  36.148 0.0000000000
38828  40.014  -18.350  33.004 0.0000000000
39785  41.167  -17.470  33.716 0.0000000000
38844  39.501  -18.249  32.380 0.0000000000
40808  39.178  -17.194  31.775 0.0000000000
39814  38.249  -17.939  31.688 0.0000000000
36907  35.315  -20.022  34.175 0.0000000000
37872  35.926  -19.220  33.799 0.0000000000
37891  34.457  -18.972  33.077 0.0000000000
38869  34.577  -17.883  31.700 0.0000000000
39832  35.692  -17.235  30.578 0.0000000000
55024  54.980  -3.221  12.715 0.0000000000
104679  55.389  -2.217  11.886 0.0000000000
48901  50.195  -9.380  13.156 0.0000000000
109643  41.679  -22.590  41.147 0.0000000000
91099  41.680  -23.664  42.914 0.0000000000
89485  40.598  -23.168  41.585 0.0000000000
89475  40.070  -23.853  43.040 0.0000000000
101543  38.946  -24.099  43.837 0.0000000000
103730  42.629  -21.036  40.625 0.0000000000
49674  48.640  -7.925  44.112 0.0000000000
51699  48.445  -6.454  43.405 0.0000000000
51698  49.632  -7.293  42.593 0.0000000000
51723  49.393  -6.573  41.456 0.0000000000
51732  49.265  -6.307  40.612 0.0000000000
51748  49.388  -6.180  38.921 0.0000000000
50756  48.077  -7.179  39.878 0.0000000000
48607  46.749  -8.872  38.794 0.0000000000
47409  45.621  -10.671  37.471 0.0000000000
46305  45.125  -11.033  36.125 0.0000000000
46298  44.371  -11.671  37.589 0.0000000000
45204  43.370  -13.153  37.476 0.0000000000
96784  42.930  -14.011  37.186 0.0000000000
33782  33.343  -24.848  35.164 0.0000000000
33793  33.176  -24.326  34.539 0.0000000000
33794  32.589  -24.396  34.085 0.0000000000
52958  55.713  -5.512  15.780 0.0000000000
53986  55.075  -4.848  14.719 0.0000000000
52959  53.749  -5.908  15.131 0.0000000000
51932  52.217  -6.164  14.200 0.0000000000
31139  34.840  -26.679  38.077 0.0000000000
31958  33.773  -25.378  38.391 0.0000000000
31128  34.718  -26.285  38.924 0.0000000000
89471  34.664  -25.705  39.941 0.0000000000
91679  34.765  -25.315  41.317 0.0000000000
91164  36.807  -26.471  45.390 0.0000000000
89461  36.109  -25.717  44.091 0.0000000000
103791  35.964  -25.302  44.963 0.0000000000
94004  33.967  -25.218  45.242 0.0000000000
109239  32.334  -26.919  46.112 0.0000000000
41736  45.943  -15.391  42.880 0.0000000000
40710  47.740  -16.155  40.812 0.0000000000
40745  49.645  -16.652  38.973 0.0000000000
39743  49.535  -17.730  40.120 0.0000000000
37802  50.190  -19.206  39.523 0.0000000000
36842  48.762  -20.205  38.855 0.0000000000
31106  43.524  -25.880  40.966 0.0000000000
31951  43.464  -24.934  40.202 0.0000000000
108661  41.342  -25.574  40.656 0.0000000000
31954  40.137  -25.060  39.957 0.0000000000
32791  38.947  -24.684  39.142 0.0000000000
32802  36.944  -25.013  37.823 0.0000000000
31968  37.253  -25.590  38.498 0.0000000000
31138  35.870  -26.751  38.595 0.0000000000
48876  47.409  -9.532  16.532 0.0000000000
46569  47.972  -10.795  15.655 0.0000000000
46558  47.794  -11.028  16.324 0.0000000000
45418  48.737  -12.077  17.100 0.0000000000
30239  32.580  -27.880  50.983 0.0000000000
29418  32.863  -28.388  50.763 0.0000000000
28669  33.342  -29.847  49.575 0.0000000000
28665  32.653  -29.971  49.970 0.0000000000
51896  51.242  -6.276  19.877 0.0000000000
51908  50.861  -6.948  19.318 0.0000000000
52903  49.652  -5.870  20.451 0.0000000000
51884  48.647  -6.800  19.948 0.0000000000
52883  47.999  -7.033  19.385 0.0000000000
110252  45.979  -3.400  21.827 0.0000000000
54904  44.846  -4.035  20.281 0.0000000000
54878  44.613  -3.583  22.592 0.0000000000
53875  43.161  -3.852  21.910 0.0000000000
51872  42.098  -5.240  21.155 0.0000000000
51878  43.243  -6.423  20.881 0.0000000000
52849  41.801  -4.276  23.664 0.0000000000
52841  41.907  -4.599  24.755 0.0000000000
52842  41.724  -5.261  25.169 0.0000000000
53722  47.592  -4.231  34.039 0.0000000000
95060  49.501  -3.614  32.928 0.0000000000
52745  47.249  -4.947  32.736 0.0000000000
52753  46.673  -5.531  31.417 0.0000000000
52764  45.224  -5.932  30.059 0.0000000000
51836  44.176  -6.189  29.091 0.0000000000
50867  43.368  -6.716  29.696 0.0000000000
50878  41.976  -7.002  28.580 0.0000000000
49866  39.971  -8.053  27.126 0.0000000000
49872  39.403  -8.249  25.708 0.0000000000
49867  39.361  -8.476  26.574 0.0000000000
48762  38.920  -9.139  26.764 0.0000000000
47539  38.056  -10.358  26.804 0.0000000000
44207  39.267  -13.244  30.568 0.0000000000
45308  38.724  -12.861  29.408 0.0000000000
44242  38.369  -13.854  28.559 0.0000000000
43015  37.653  -14.236  27.256 0.0000000000
41894  36.925  -15.208  26.137 0.0000000000
38804  44.612  -18.231  35.346 0.0000000000
95847  44.046  -17.410  35.424 0.0000000000
38806  42.818  -18.819  35.210 0.0000000000
38816  40.531  -18.820  33.858 0.0000000000
104222  39.135  -18.771  33.095 0.0000000000
37892  33.528  -19.393  32.709 0.0000000000
37907  32.270  -19.577  31.470 0.0000000000
89803  58.707  0.671  10.230 0.0000000000
103156  57.240  -0.050  10.393 0.0000000000
104082  55.908  -0.620  10.331 0.0000000000
29503  39.062  -28.310  41.915 0.0000000000
30330  37.509  -27.948  41.635 0.0000000000
29495  38.472  -28.514  42.358 0.0000000000
99306  39.066  -28.386  43.959 0.0000000000
29459  38.245  -27.760  44.526 0.0000000000
31874  41.308  -25.030  45.622 0.0000000000
30264  40.121  -27.148  46.069 0.0000000000
30279  37.982  -27.282  45.370 0.0000000000
89454  37.586  -26.649  46.847 0.0000000000
90329  37.119  -26.300  47.183 0.0000000000
90504  36.843  -26.331  47.815 0.0000000000
36794  46.183  -20.232  44.166 0.0000000000
36802  47.081  -20.124  43.115 0.0000000000
35784  46.181  -20.989  43.254 0.0000000000
34708  45.542  -20.601  41.404 0.0000000000
32755  45.849  -23.516  42.249 0.0000000000
35796  45.973  -19.845  41.666 0.0000000000
34710  44.944  -21.881  42.251 0.0000000000
31905  45.262  -25.056  42.288 0.0000000000
30313  43.918  -26.795  42.227 0.0000000000
108194  41.729  -27.429  42.592 0.0000000000
48846  46.554  -10.005  19.134 0.0000000000
47656  47.212  -10.739  18.840 0.0000000000
47657  46.657  -10.691  19.194 0.0000000000
102058  47.954  -5.242  18.663 0.0000000000
54890  46.538  -3.165  22.412 0.0000000000
55852  47.140  -3.027  22.891 0.0000000000
55839  47.846  -2.965  24.246 0.0000000000
54861  47.214  -3.904  24.967 0.0000000000
54755  51.944  -2.836  35.170 0.0000000000
54770  49.622  -2.712  35.128 0.0000000000
51764  49.395  -6.074  37.098 0.0000000000
52716  48.724  -5.128  36.140 0.0000000000
52723  48.143  -4.934  35.413 0.0000000000
51780  46.906  -6.883  34.157 0.0000000000
49773  45.249  -8.047  33.362 0.0000000000
49775  43.764  -8.826  32.728 0.0000000000
48670  42.005  -9.280  31.250 0.0000000000
48656  42.708  -9.871  32.694 0.0000000000
47450  42.281  -10.534  32.870 0.0000000000
109655  40.959  -11.300  32.060 0.0000000000
46322  43.088  -11.801  34.507 0.0000000000
99569  41.533  -12.178  33.147 0.0000000000
45265  40.086  -12.454  31.491 0.0000000000
97747  39.357  -13.822  31.120 0.0000000000
42979  39.054  -14.678  30.953 0.0000000000
41858  38.730  -15.531  30.779 0.0000000000
96751  37.971  -21.134  36.209 0.0000000000
105982  36.999  -20.257  35.099 0.0000000000
36879  36.653  -20.839  35.434 0.0000000000
36895  34.887  -20.840  34.376 0.0000000000
36909  33.576  -21.093  33.455 0.0000000000
34831  32.959  -23.412  33.546 0.0000000000
35914  32.990  -22.312  33.206 0.0000000000
55970  59.312  -2.690  13.971 0.0000000000
56957  58.133  -1.759  12.946 0.0000000000
55011  57.305  -2.926  13.809 0.0000000000
55013  55.215  -3.538  13.453 0.0000000000
54001  52.884  -4.789  12.625 0.0000000000
53987  53.662  -4.712  13.847 0.0000000000
95577  52.456  -5.308  12.929 0.0000000000
30316  36.880  -27.482  42.009 0.0000000000
91879  35.554  -25.839  41.545 0.0000000000
89472  34.390  -25.129  42.153 0.0000000000
91276  35.411  -25.435  43.605 0.0000000000
31898  34.762  -25.196  43.048 0.0000000000
49659  47.386  -8.535  45.299 0.0000000000
48565  48.774  -9.825  43.475 0.0000000000
46268  47.519  -11.520  41.979 0.0000000000
45177  46.256  -12.050  41.820 0.0000000000
42872  45.696  -14.085  39.881 0.0000000000
42884  47.538  -14.610  38.605 0.0000000000
42912  48.689  -14.669  36.494 0.0000000000
41821  47.964  -15.702  36.088 0.0000000000
100308  50.480  -16.117  37.193 0.0000000000
40760  49.380  -16.205  35.758 0.0000000000
39768  46.794  -16.971  35.940 0.0000000000
38795  46.035  -18.786  35.937 0.0000000000
36857  43.348  -20.052  36.879 0.0000000000
102523  40.911  -20.685  36.424 0.0000000000
35815  48.229  -21.467  40.925 0.0000000000
34745  48.527  -22.666  39.755 0.0000000000
35834  46.602  -21.296  39.261 0.0000000000
98409  43.791  -23.748  39.806 0.0000000000
34750  43.950  -22.805  39.604 0.0000000000
35835  45.048  -21.371  39.044 0.0000000000
35844  42.645  -21.277  37.889 0.0000000000
35846  40.389  -21.765  37.374 0.0000000000
35857  38.765  -21.486  36.601 0.0000000000
35858  37.337  -21.833  36.504 0.0000000000
34781  36.803  -22.573  36.613 0.0000000000
33766  35.229  -23.926  36.089 0.0000000000
32813  36.289  -24.573  37.193 0.0000000000
32829  34.992  -25.054  36.137 0.0000000000
32840  34.459  -24.765  35.671 0.0000000000
32842  33.275  -25.210  35.520 0.0000000000
50949  50.432  -7.570  15.253 0.0000000000
49953  49.953  -8.465  13.918 0.0000000000
50950  49.695  -8.224  14.813 0.0000000000
46568  48.683  -11.201  15.397 0.0000000000
46566  50.496  -11.842  15.356 0.0000000000
109829  48.452  -11.403  18.590 0.0000000000
34726  38.570  -22.499  40.211 0.0000000000
33702  38.063  -23.752  43.258 0.0000000000
103923  38.113  -24.057  45.467 0.0000000000
102953  37.024  -24.574  45.300 0.0000000000
102835  38.499  -23.664  47.482 0.0000000000
90376  38.547  -23.668  48.564 0.0000000000
103259  37.624  -25.080  49.296 0.0000000000
31037  36.307  -26.432  48.778 0.0000000000
92180  35.862  -23.799  51.309 0.0000000000
31850  35.736  -25.507  50.352 0.0000000000
104870  35.740  -26.513  49.369 0.0000000000
31038  34.766  -26.469  48.553 0.0000000000
30255  33.989  -26.825  48.124 0.0000000000
55981  61.554  -1.857  13.711 0.0000000000
55958  61.070  -2.840  15.287 0.0000000000
98893  60.632  -3.420  16.009 0.0000000000
53957  59.460  -4.540  16.710 0.0000000000
54918  62.687  -4.142  19.764 0.0000000000
53929  60.255  -4.573  18.037 0.0000000000
52935  58.149  -5.320  17.014 0.0000000000
52937  56.618  -5.915  17.180 0.0000000000
51923  54.813  -6.193  16.761 0.0000000000
51925  52.951  -7.000  16.545 0.0000000000
104250  54.910  -6.717  19.376 0.0000000000
51918  53.912  -6.731  17.830 0.0000000000
108663  51.900  -7.366  16.911 0.0000000000
50946  50.520  -7.561  16.270 0.0000000000
104697  49.812  -7.730  16.814 0.0000000000
50942  49.098  -8.051  17.267 0.0000000000
96766  49.568  -7.407  18.638 0.0000000000
93158  49.054  -7.790  18.066 0.0000000000
49933  48.376  -8.302  17.694 0.0000000000
48866  47.621  -8.900  17.279 0.0000000000
49921  47.210  -9.307  18.083 0.0000000000
49909  47.031  -9.093  18.877 0.0000000000
53916  47.646  -6.132  19.137 0.0000000000
52905  47.560  -6.745  19.379 0.0000000000
102126  47.534  -7.215  19.501 0.0000000000
52908  45.811  -6.020  19.318 0.0000000000
52884  46.784  -6.997  19.474 0.0000000000
51886  46.999  -7.422  19.444 0.0000000000
50916  46.995  -8.037  19.495 0.0000000000
50923  47.025  -8.514  19.364 0.0000000000
49899  46.584  -9.087  19.695 0.0000000000
49900  46.074  -9.082  20.257 0.0000000000
49894  45.410  -9.080  20.844 0.0000000000
50912  43.327  -7.421  21.536 0.0000000000
50907  43.727  -8.441  21.952 0.0000000000
53831  51.582  -4.307  25.976 0.0000000000
53834  48.928  -5.115  26.151 0.0000000000
53752  55.455  -4.278  30.858 0.0000000000
92703  51.287  -4.997  32.116 0.0000000000
53766  53.299  -5.390  30.683 0.0000000000
93123  53.702  -5.287  29.591 0.0000000000
53790  52.206  -4.792  28.610 0.0000000000
53793  49.332  -5.926  27.427 0.0000000000
53835  48.003  -5.133  26.525 0.0000000000
104607  45.777  -4.880  27.147 0.0000000000
53849  43.881  -4.700  27.312 0.0000000000
52843  41.700  -6.012  25.405 0.0000000000
52812  43.116  -5.646  27.945 0.0000000000
51854  41.988  -6.005  26.423 0.0000000000
51865  41.198  -6.947  24.694 0.0000000000
50903  41.494  -7.950  23.665 0.0000000000
48799  38.761  -9.608  23.785 0.0000000000
47615  38.203  -10.462  22.405 0.0000000000
47494  40.166  -10.103  29.739 0.0000000000
47506  39.388  -10.375  28.944 0.0000000000
47523  37.961  -11.043  27.179 0.0000000000
45328  38.264  -12.445  28.313 0.0000000000
46418  37.834  -11.799  27.204 0.0000000000
42886  45.111  -14.939  39.381 0.0000000000
41791  43.315  -15.626  38.517 0.0000000000
42902  41.749  -15.912  37.624 0.0000000000
40777  42.395  -17.257  35.367 0.0000000000
40778  41.874  -16.657  35.367 0.0000000000
41831  41.490  -15.640  34.194 0.0000000000
41840  40.189  -15.753  32.568 0.0000000000
40819  38.863  -16.319  31.348 0.0000000000
40821  37.708  -16.612  30.495 0.0000000000
37853  37.849  -19.169  34.132 0.0000000000
37870  38.135  -18.696  33.262 0.0000000000
38847  37.530  -18.294  32.526 0.0000000000
38849  35.099  -18.325  32.539 0.0000000000
38868  35.744  -17.842  31.978 0.0000000000
102467  37.796  -18.056  32.002 0.0000000000
39831  36.629  -17.104  30.896 0.0000000000
39847  36.937  -16.666  30.278 0.0000000000
99372  56.772  -1.585  12.251 0.0000000000
56018  55.546  -1.758  11.471 0.0000000000
56976  54.982  -1.704  10.805 0.0000000000
49961  50.197  -8.685  13.213 0.0000000000
46276  46.021  -10.899  41.444 0.0000000000
98581  48.059  -10.033  40.810 0.0000000000
47389  45.489  -9.601  41.085 0.0000000000
46277  45.159  -10.541  40.997 0.0000000000
45189  44.563  -11.987  39.840 0.0000000000
45188  45.093  -11.771  40.615 0.0000000000
51930  51.829  -6.935  15.262 0.0000000000
30343  37.338  -27.687  40.932 0.0000000000
90358  36.064  -25.643  47.363 0.0000000000
38730  46.126  -18.538  44.627 0.0000000000
39690  46.180  -17.589  44.830 0.0000000000
39698  46.112  -17.697  43.775 0.0000000000
107111  46.124  -17.612  43.275 0.0000000000
38737  46.217  -18.228  43.335 0.0000000000
100960  47.340  -18.893  42.411 0.0000000000
37777  47.047  -19.161  43.128 0.0000000000
30341  39.060  -27.255  41.172 0.0000000000
31112  37.602  -27.189  40.369 0.0000000000
48855  46.928  -9.845  18.577 0.0000000000
54862  46.144  -4.125  24.919 0.0000000000
53846  46.521  -4.577  26.096 0.0000000000
50845  43.866  -7.884  31.564 0.0000000000
49796  43.115  -8.193  31.251 0.0000000000
49811  42.765  -7.829  30.480 0.0000000000
106968  42.117  -8.296  30.254 0.0000000000
48689  41.543  -8.936  30.488 0.0000000000
36861  39.774  -20.574  36.129 0.0000000000
36875  40.287  -20.009  35.639 0.0000000000
36876  39.375  -20.012  35.487 0.0000000000
56955  60.089  -1.423  12.524 0.0000000000
89828  59.362  -1.129  12.193 0.0000000000
56956  59.110  -1.670  12.786 0.0000000000
32758  43.183  -24.253  43.390 0.0000000000
31888  42.476  -25.454  44.625 0.0000000000
33687  42.413  -24.333  43.864 0.0000000000
89457  40.181  -24.419  46.336 0.0000000000
90829  39.684  -24.320  47.097 0.0000000000
31036  39.333  -25.282  47.699 0.0000000000
109017  39.356  -24.164  47.684 0.0000000000
89479  42.772  -20.513  47.181 0.0000000000
91445  43.657  -20.660  44.882 0.0000000000
89491  43.929  -19.229  43.917 0.0000000000
33707  43.820  -22.737  41.771 0.0000000000
33699  43.579  -23.454  42.454 0.0000000000
32751  43.098  -24.686  43.946 0.0000000000
52692  49.745  -5.524  40.391 0.0000000000
53674  49.997  -4.681  40.573 0.0000000000
53673  50.382  -4.236  39.969 0.0000000000
54725  50.612  -3.802  39.304 0.0000000000
53683  50.593  -4.412  39.247 0.0000000000
52697  50.335  -5.008  38.990 0.0000000000
48621  46.721  -9.572  36.491 0.0000000000
49739  47.066  -8.982  36.077 0.0000000000
48629  46.599  -9.441  35.801 0.0000000000
49749  46.686  -8.836  35.322 0.0000000000
48630  46.076  -9.662  35.216 0.0000000000
48631  45.242  -10.116  34.870 0.0000000000
47422  45.632  -10.425  35.625 0.0000000000
44150  42.713  -13.307  35.194 0.0000000000
44159  42.177  -14.232  34.982 0.0000000000
44160  41.726  -14.005  34.244 0.0000000000
33780  34.658  -22.999  35.373 0.0000000000
34817  33.998  -23.243  34.718 0.0000000000
53973  57.167  -4.741  15.502 0.0000000000
53984  57.217  -4.056  14.940 0.0000000000
53985  56.483  -4.534  15.015 0.0000000000
30291  37.506  -27.380  44.459 0.0000000000
31899  33.244  -25.246  43.615 0.0000000000
42842  47.250  -14.980  41.596 0.0000000000
44063  46.487  -13.257  43.028 0.0000000000
42843  46.895  -14.268  41.965 0.0000000000
42850  47.216  -14.503  41.476 0.0000000000
100635  47.682  -14.908  40.846 0.0000000000
41778  48.660  -15.114  39.126 0.0000000000
97996  49.309  -15.771  38.762 0.0000000000
100969  48.130  -19.631  38.739 0.0000000000
37812  48.097  -19.076  38.293 0.0000000000
37813  47.236  -19.680  38.407 0.0000000000
36849  46.284  -20.104  38.084 0.0000000000
32766  46.021  -24.630  41.177 0.0000000000
33717  46.252  -23.485  40.725 0.0000000000
31948  45.965  -25.129  40.566 0.0000000000
33728  40.701  -23.881  39.141 0.0000000000
106475  39.290  -23.560  38.234 0.0000000000
33751  37.942  -23.409  37.649 0.0000000000
33739  38.535  -23.829  38.057 0.0000000000
31986  34.511  -26.288  37.228 0.0000000000
48883  48.338  -9.251  15.124 0.0000000000
107945  47.797  -9.531  15.642 0.0000000000
103105  34.790  -24.173  47.479 0.0000000000
89474  35.636  -23.181  49.213 0.0000000000
104009  37.131  -22.908  49.457 0.0000000000
89452  37.123  -21.582  50.598 0.0000000000
29412  33.478  -27.797  51.018 0.0000000000
30238  34.095  -27.832  50.657 0.0000000000
108532  34.385  -27.159  50.349 0.0000000000
29422  34.150  -28.257  49.436 0.0000000000
55931  63.423  -2.167  17.680 0.0000000000
56902  63.499  -2.033  18.173 0.0000000000
108190  60.291  -5.127  21.803 0.0000000000
53893  60.892  -5.000  21.109 0.0000000000
52874  59.917  -5.428  21.013 0.0000000000
52898  58.317  -5.764  19.456 0.0000000000
108113  59.030  -5.688  21.103 0.0000000000
51906  52.635  -6.794  19.020 0.0000000000
107032  47.546  -7.605  19.309 0.0000000000
50900  41.357  -7.470  23.369 0.0000000000
53786  55.903  -4.374  27.874 0.0000000000
54769  50.431  -3.062  34.254 0.0000000000
53717  51.999  -4.096  33.899 0.0000000000
53718  51.388  -3.927  33.639 0.0000000000
52760  48.748  -5.118  30.405 0.0000000000
52775  47.640  -5.716  29.480 0.0000000000
52790  46.663  -6.043  28.474 0.0000000000
52791  45.801  -6.122  28.252 0.0000000000
50896  40.143  -7.596  25.731 0.0000000000
50897  40.875  -7.035  26.011 0.0000000000
50902  40.548  -7.628  24.901 0.0000000000
48785  40.155  -9.060  23.814 0.0000000000
105497  37.124  -10.166  24.705 0.0000000000
47478  39.806  -11.237  30.315 0.0000000000
95894  39.429  -11.897  30.233 0.0000000000
41822  45.616  -15.951  35.935 0.0000000000
38829  39.267  -18.534  32.580 0.0000000000
38845  39.100  -18.353  32.075 0.0000000000
38865  38.795  -18.337  31.942 0.0000000000
37873  34.922  -19.487  33.653 0.0000000000
54000  53.534  -4.293  12.138 0.0000000000
55029  54.009  -3.657  11.722 0.0000000000
103794  41.136  -22.590  41.036 0.0000000000
33708  39.957  -23.513  42.122 0.0000000000
33701  39.202  -23.689  42.773 0.0000000000
89470  39.747  -24.009  43.841 0.0000000000
36826  40.888  -20.742  40.619 0.0000000000
90904  42.318  -20.381  40.982 0.0000000000
89494  41.619  -21.081  40.597 0.0000000000
90689  41.845  -21.928  40.723 0.0000000000
104382  49.131  -8.408  43.567 0.0000000000
50691  49.167  -7.628  43.418 0.0000000000
50690  49.609  -8.181  42.693 0.0000000000
49686  49.277  -8.327  41.380 0.0000000000
50717  49.712  -7.593  41.614 0.0000000000
50736  49.211  -6.814  41.135 0.0000000000
50737  48.333  -7.022  40.684 0.0000000000
51733  48.684  -6.637  40.077 0.0000000000
50738  47.389  -7.390  40.851 0.0000000000
48602  44.886  -8.981  39.997 0.0000000000
48608  45.870  -9.193  39.038 0.0000000000
101529  46.578  -9.408  38.156 0.0000000000
47402  46.126  -10.081  38.075 0.0000000000
46290  44.847  -11.069  37.935 0.0000000000
45196  44.228  -12.241  39.094 0.0000000000
45203  43.913  -12.446  38.298 0.0000000000
44134  43.614  -13.483  38.349 0.0000000000
44135  43.138  -14.415  38.116 0.0000000000
91764  54.874  -5.807  15.890 0.0000000000
51933  51.696  -6.719  14.412 0.0000000000
50964  50.599  -8.191  12.765 0.0000000000
109378  35.139  -26.725  38.694 0.0000000000
89462  35.206  -26.030  40.576 0.0000000000
109447  34.659  -25.426  40.636 0.0000000000
31884  34.656  -25.085  45.600 0.0000000000
31065  33.278  -25.658  45.203 0.0000000000
96852  32.634  -26.122  45.173 0.0000000000
31056  32.870  -26.260  45.967 0.0000000000
30269  32.778  -26.964  46.553 0.0000000000
42780  44.593  -14.241  45.844 0.0000000000
101610  45.991  -16.629  42.595 0.0000000000
41716  45.402  -15.479  43.705 0.0000000000
40698  46.344  -15.921  42.340 0.0000000000
41735  46.420  -15.171  42.452 0.0000000000
40726  47.632  -16.676  41.190 0.0000000000
40725  48.555  -16.953  40.732 0.0000000000
39730  48.181  -17.509  41.207 0.0000000000
37795  49.082  -19.128  40.867 0.0000000000
100577  49.714  -19.095  40.164 0.0000000000
37803  49.346  -19.645  39.915 0.0000000000
36841  49.440  -19.728  38.611 0.0000000000
36839  49.525  -20.129  39.188 0.0000000000
105314  43.188  -26.197  41.495 0.0000000000
31107  42.599  -26.035  40.939 0.0000000000
100466  41.159  -26.028  40.917 0.0000000000
31937  38.951  -25.927  40.211 0.0000000000
31936  39.821  -25.655  40.408 0.0000000000
31955  39.339  -25.206  39.827 0.0000000000
100176  39.703  -24.669  39.525 0.0000000000
31967  38.061  -25.120  38.860 0.0000000000
31957  37.603  -25.918  39.259 0.0000000000
31126  36.314  -26.951  39.406 0.0000000000
31137  36.729  -26.466  38.874 0.0000000000
106257  35.207  -26.737  38.308 0.0000000000
47698  47.241  -10.103  16.785 0.0000000000
46547  48.051  -11.429  17.031 0.0000000000
45406  49.237  -12.133  17.884 0.0000000000
95840  32.619  -29.088  50.351 0.0000000000
28664  33.148  -29.184  50.278 0.0000000000
51897  50.284  -6.357  19.964 0.0000000000
52881  49.009  -6.080  20.505 0.0000000000
54891  44.540  -3.712  21.363 0.0000000000
100049  42.638  -4.321  21.170 0.0000000000
52859  42.133  -4.177  22.309 0.0000000000
51863  40.882  -5.047  23.991 0.0000000000
53850  42.891  -4.794  26.033 0.0000000000
52737  47.239  -4.984  33.667 0.0000000000
53733  47.654  -4.030  33.249 0.0000000000
52738  46.757  -5.627  33.188 0.0000000000
51809  44.799  -6.811  31.382 0.0000000000
51807  46.004  -6.131  31.900 0.0000000000
51808  45.403  -6.164  31.093 0.0000000000
52754  46.185  -5.805  31.046 0.0000000000
94037  44.578  -6.202  29.793 0.0000000000
93823  44.027  -6.432  29.981 0.0000000000
50869  41.779  -7.608  29.072 0.0000000000
50868  42.594  -7.020  29.178 0.0000000000
50879  41.174  -7.417  28.210 0.0000000000
50887  40.659  -7.405  27.292 0.0000000000
49856  40.504  -7.972  27.796 0.0000000000
48725  39.573  -9.359  28.019 0.0000000000
48746  38.454  -9.775  26.836 0.0000000000
47521  39.129  -10.064  28.145 0.0000000000
44223  38.898  -13.456  29.885 0.0000000000
44224  38.599  -13.685  29.188 0.0000000000
43001  38.488  -14.574  28.836 0.0000000000
100945  37.365  -15.178  26.848 0.0000000000
38805  43.685  -18.624  35.445 0.0000000000
105399  40.550  -19.217  34.504 0.0000000000
37851  39.939  -19.164  34.113 0.0000000000
38817  39.673  -18.791  33.345 0.0000000000
37869  38.669  -18.901  33.506 0.0000000000
104593  57.500  -0.416  11.015 0.0000000000
89822  56.653  -0.664  10.890 0.0000000000
29493  40.507  -28.064  42.864 0.0000000000
29494  39.491  -28.290  42.765 0.0000000000
29455  40.806  -28.056  44.728 0.0000000000
29483  39.566  -28.454  43.687 0.0000000000
29470  39.561  -28.419  44.457 0.0000000000
29471  38.924  -28.194  44.547 0.0000000000
29457  39.339  -28.117  45.158 0.0000000000
108833  41.364  -24.229  44.349 0.0000000000
109807  40.971  -24.385  44.941 0.0000000000
31053  39.780  -26.486  46.661 0.0000000000
31052  40.480  -26.276  46.180 0.0000000000
30265  39.361  -27.193  46.308 0.0000000000
107234  38.584  -27.466  45.961 0.0000000000
31064  37.441  -26.721  45.896 0.0000000000
30267  38.118  -27.079  46.380 0.0000000000
91308  37.524  -26.485  47.715 0.0000000000
35764  43.607  -21.017  46.244 0.0000000000
36782  43.779  -20.045  46.274 0.0000000000
36781  44.697  -20.055  46.079 0.0000000000
36780  45.297  -19.847  45.512 0.0000000000
108844  45.330  -20.486  45.309 0.0000000000
35772  46.087  -20.926  44.325 0.0000000000
35773  45.471  -21.035  44.905 0.0000000000
34695  44.852  -20.921  43.886 0.0000000000
34694  45.417  -21.353  43.095 0.0000000000
34709  45.054  -21.397  42.029 0.0000000000
33696  45.560  -22.044  41.438 0.0000000000
103299  44.491  -18.548  41.997 0.0000000000
89487  44.976  -18.883  42.675 0.0000000000
36815  45.949  -19.431  41.188 0.0000000000
33706  44.858  -22.719  41.881 0.0000000000
34721  45.133  -21.677  41.773 0.0000000000
33698  44.919  -22.930  41.858 0.0000000000
97868  45.033  -23.536  42.205 0.0000000000
31895  45.030  -24.903  42.884 0.0000000000
31906  44.913  -25.665  42.624 0.0000000000
31076  44.177  -26.249  42.589 0.0000000000
29480  42.341  -27.772  43.341 0.0000000000
29491  42.304  -27.724  42.895 0.0000000000
29492  41.508  -28.058  42.928 0.0000000000
29501  40.891  -27.542  42.399 0.0000000000
55838  49.100  -2.714  23.815 0.0000000000
105010  48.180  -3.434  24.687 0.0000000000
55828  49.386  -3.944  24.223 0.0000000000
52657  48.067  -5.666  42.944 0.0000000000
99190  51.147  -3.313  37.424 0.0000000000
54745  51.759  -2.673  36.234 0.0000000000
54746  50.847  -2.577  36.525 0.0000000000
54756  51.016  -2.305  35.442 0.0000000000
54758  49.535  -3.315  36.093 0.0000000000
51749  48.972  -6.813  38.437 0.0000000000
51756  49.409  -6.239  38.009 0.0000000000
51757  48.873  -6.898  37.451 0.0000000000
51766  48.078  -6.964  36.155 0.0000000000
51765  48.753  -6.590  36.612 0.0000000000
51773  48.327  -6.035  36.001 0.0000000000
53711  48.593  -4.271  35.721 0.0000000000
52724  47.749  -5.848  35.346 0.0000000000
52731  47.493  -5.200  34.616 0.0000000000
51779  47.375  -6.490  34.850 0.0000000000
49760  45.712  -8.578  34.154 0.0000000000
50819  46.052  -7.875  33.887 0.0000000000
49761  44.965  -8.891  33.777 0.0000000000
49774  44.473  -8.485  33.061 0.0000000000
48655  43.074  -9.183  32.358 0.0000000000
48647  43.425  -9.559  33.086 0.0000000000
47439  43.017  -10.363  33.452 0.0000000000
47451  41.560  -10.770  32.319 0.0000000000
47441  41.922  -11.108  32.912 0.0000000000
46312  44.161  -11.233  35.233 0.0000000000
46313  43.591  -11.845  35.148 0.0000000000
45242  41.361  -12.928  33.351 0.0000000000
45241  42.058  -12.379  33.608 0.0000000000
45254  40.972  -12.408  32.786 0.0000000000
45255  40.446  -12.847  32.305 0.0000000000
44192  39.613  -13.087  31.174 0.0000000000
44191  39.907  -13.552  31.817 0.0000000000
42968  39.559  -14.540  31.586 0.0000000000
41849  39.230  -15.406  31.406 0.0000000000
35875  37.041  -21.264  35.995 0.0000000000
35912  34.155  -21.362  34.102 0.0000000000
33800  32.832  -24.175  33.873 0.0000000000
34818  33.414  -23.275  34.150 0.0000000000
36910  32.876  -21.371  32.803 0.0000000000
54994  59.826  -3.002  14.566 0.0000000000
55971  58.176  -2.938  14.086 0.0000000000
94643  55.810  -3.659  13.926 0.0000000000
55012  56.590  -3.242  13.838 0.0000000000
55014  54.491  -3.830  13.285 0.0000000000
52965  53.492  -5.317  14.438 0.0000000000
52964  54.269  -4.754  14.320 0.0000000000
51935  52.317  -5.749  13.487 0.0000000000
91664  33.458  -24.671  38.986 0.0000000000
30315  37.520  -28.134  42.257 0.0000000000
89463  35.808  -25.895  42.392 0.0000000000
89465  35.191  -25.346  42.226 0.0000000000
31889  35.341  -25.298  44.403 0.0000000000
91672  33.810  -25.118  42.866 0.0000000000
46223  45.838  -11.484  46.184 0.0000000000
46234  47.815  -11.754  45.072 0.0000000000
47344  46.882  -10.768  45.416 0.0000000000
99703  47.206  -10.184  45.421 0.0000000000
48547  47.626  -10.024  44.968 0.0000000000
48554  48.239  -9.793  44.293 0.0000000000
47359  48.003  -10.428  43.949 0.0000000000
96669  46.908  -13.641  41.615 0.0000000000
46260  47.478  -11.687  42.178 0.0000000000
45176  47.074  -12.372  41.863 0.0000000000
107079  46.526  -13.422  41.380 0.0000000000
44126  46.858  -14.446  39.648 0.0000000000
102334  50.567  -14.023  36.040 0.0000000000
42897  49.495  -14.344  36.827 0.0000000000
42911  50.122  -14.169  35.738 0.0000000000
41810  49.173  -14.909  35.667 0.0000000000
41809  50.644  -14.464  34.862 0.0000000000
40744  50.424  -17.603  38.813 0.0000000000
38792  48.357  -17.881  36.855 0.0000000000
39761  49.934  -16.454  36.200 0.0000000000
39762  48.581  -17.188  36.332 0.0000000000
40761  47.851  -17.279  36.135 0.0000000000
38802  46.321  -18.251  35.765 0.0000000000
38794  46.805  -18.600  36.101 0.0000000000
36856  44.182  -19.920  36.997 0.0000000000
36859  41.638  -20.495  36.562 0.0000000000
36854  42.083  -20.832  37.303 0.0000000000
35794  46.995  -20.774  42.538 0.0000000000
36814  47.396  -20.503  41.806 0.0000000000
35816  47.606  -21.593  41.248 0.0000000000
33721  47.684  -23.322  39.862 0.0000000000
34739  48.104  -22.734  39.775 0.0000000000
34746  48.116  -22.902  39.749 0.0000000000
35828  48.210  -22.029  39.496 0.0000000000
34754  46.384  -22.093  39.480 0.0000000000
31952  42.594  -24.937  40.204 0.0000000000
107844  43.788  -24.439  39.974 0.0000000000
32787  43.009  -24.180  39.866 0.0000000000
33736  42.541  -22.827  39.242 0.0000000000
33725  43.129  -23.260  39.574 0.0000000000
33735  43.185  -22.562  39.377 0.0000000000
108011  44.486  -21.986  39.410 0.0000000000
34756  43.572  -21.986  39.220 0.0000000000
102368  44.075  -21.344  38.728 0.0000000000
35837  42.333  -21.855  38.342 0.0000000000
34768  39.873  -22.447  37.661 0.0000000000
98219  41.109  -21.782  37.663 0.0000000000
35847  39.463  -21.800  37.057 0.0000000000
34779  38.074  -21.917  36.771 0.0000000000
34782  35.983  -23.212  36.390 0.0000000000
32814  35.432  -25.340  36.758 0.0000000000
32841  33.722  -25.323  35.535 0.0000000000
95388  49.804  -7.966  15.826 0.0000000000
93724  48.888  -8.805  14.960 0.0000000000
47728  48.703  -10.020  14.424 0.0000000000
46556  49.070  -11.892  15.757 0.0000000000
46565  51.512  -11.657  15.421 0.0000000000
46522  47.648  -10.955  19.096 0.0000000000
46540  47.883  -11.061  18.514 0.0000000000
46521  48.374  -11.227  19.151 0.0000000000
109900  37.888  -23.382  41.685 0.0000000000
108629  37.136  -24.088  43.759 0.0000000000
103965  37.546  -24.306  44.501 0.0000000000
102885  37.676  -23.869  46.367 0.0000000000
103158  38.248  -23.444  48.422 0.0000000000
89453  37.169  -26.154  48.488 0.0000000000
31032  36.662  -26.045  49.249 0.0000000000
31020  34.288  -26.137  51.170 0.0000000000
32706  33.932  -24.788  51.263 0.0000000000
31842  34.688  -25.244  51.257 0.0000000000
33642  35.129  -23.759  51.290 0.0000000000
32704  35.308  -24.482  51.286 0.0000000000
32703  36.046  -24.412  51.184 0.0000000000
31841  35.481  -25.096  51.185 0.0000000000
31026  35.409  -26.267  50.198 0.0000000000
108291  35.609  -26.581  48.872 0.0000000000
102346  33.552  -30.189  48.739 0.0000000000
56946  62.314  -1.073  13.325 0.0000000000
55967  61.521  -2.310  14.527 0.0000000000
55957  61.716  -2.411  15.331 0.0000000000
55933  61.905  -2.457  17.584 0.0000000000
55948  61.523  -2.769  16.267 0.0000000000
54970  61.226  -3.307  17.067 0.0000000000
54972  59.981  -3.984  16.376 0.0000000000
54958  60.848  -3.960  17.534 0.0000000000
55894  63.385  -3.319  19.056 0.0000000000
54917  63.156  -3.855  19.947 0.0000000000
53908  59.866  -5.108  18.890 0.0000000000
53928  60.841  -4.682  19.096 0.0000000000
53946  59.407  -5.081  17.973 0.0000000000
93963  59.040  -5.068  17.173 0.0000000000
53947  58.648  -5.389  17.822 0.0000000000
52947  57.235  -5.454  16.659 0.0000000000
93065  57.968  -5.565  17.807 0.0000000000
92622  56.692  -6.123  18.081 0.0000000000
51904  55.991  -6.380  17.711 0.0000000000
51916  55.373  -6.291  17.275 0.0000000000
91982  54.276  -6.509  17.047 0.0000000000
51917  54.635  -6.501  17.648 0.0000000000
51881  56.421  -6.630  21.217 0.0000000000
93723  55.073  -6.773  20.371 0.0000000000
93545  52.266  -7.163  18.187 0.0000000000
92388  54.250  -6.604  18.900 0.0000000000
51919  53.095  -7.042  17.784 0.0000000000
106187  52.370  -7.244  17.196 0.0000000000
50945  51.315  -7.406  16.670 0.0000000000
49940  49.119  -8.272  16.338 0.0000000000
51909  49.976  -7.062  19.402 0.0000000000
49920  47.682  -8.565  18.250 0.0000000000
52921  47.279  -6.425  19.570 0.0000000000
52906  47.282  -6.439  19.426 0.0000000000
53898  44.252  -4.696  19.669 0.0000000000
52885  46.032  -6.610  19.493 0.0000000000
107714  42.278  -6.425  21.500 0.0000000000
49895  44.645  -9.037  21.675 0.0000000000
53811  53.059  -4.276  27.443 0.0000000000
53833  49.897  -4.895  25.810 0.0000000000
53813  50.768  -4.822  26.874 0.0000000000
54789  53.905  -4.249  32.894 0.0000000000
54787  55.681  -3.614  32.336 0.0000000000
54798  55.088  -4.052  31.993 0.0000000000
54797  55.871  -3.961  31.585 0.0000000000
53753  54.852  -4.580  31.343 0.0000000000
53745  49.025  -3.800  32.118 0.0000000000
53743  51.019  -4.679  32.579 0.0000000000
53756  50.593  -4.718  31.891 0.0000000000
53768  50.876  -4.902  30.340 0.0000000000
92702  52.494  -5.416  30.945 0.0000000000
53767  51.746  -5.190  30.662 0.0000000000
53775  52.484  -5.205  29.770 0.0000000000
53789  53.163  -5.020  28.712 0.0000000000
108403  51.868  -4.950  29.257 0.0000000000
108811  48.829  -6.149  27.866 0.0000000000
53792  50.059  -5.387  27.814 0.0000000000
107906  48.800  -6.079  27.412 0.0000000000
53815  49.215  -5.612  26.805 0.0000000000
53837  46.519  -5.212  27.085 0.0000000000
53819  45.000  -5.719  27.888 0.0000000000
53839  43.985  -4.861  27.936 0.0000000000
53840  43.090  -4.950  27.146 0.0000000000
52832  42.155  -5.642  26.409 0.0000000000
94025  43.328  -6.280  28.805 0.0000000000
51845  43.288  -5.918  28.235 0.0000000000
51846  42.520  -6.153  27.710 0.0000000000
51861  41.513  -6.542  25.676 0.0000000000
51860  41.568  -6.314  25.540 0.0000000000
95040  41.264  -7.423  23.975 0.0000000000
49884  40.818  -8.800  23.686 0.0000000000
49873  38.808  -8.762  25.403 0.0000000000
48787  38.484  -9.167  24.724 0.0000000000
47587  37.965  -10.101  23.303 0.0000000000
93299  41.327  -9.617  30.950 0.0000000000
46405  39.077  -11.146  29.189 0.0000000000
47507  38.756  -10.893  28.302 0.0000000000
108568  38.393  -11.000  27.710 0.0000000000
102218  38.360  -13.089  28.767 0.0000000000
108456  38.603  -12.411  28.928 0.0000000000
45336  37.569  -12.368  26.781 0.0000000000
45342  37.180  -12.175  25.958 0.0000000000
42885  46.232  -14.896  39.089 0.0000000000
42900  45.210  -15.358  38.952 0.0000000000
41801  43.510  -15.988  38.224 0.0000000000
41814  42.397  -16.199  37.860 0.0000000000
41803  42.128  -16.053  38.071 0.0000000000
41815  41.762  -16.230  37.288 0.0000000000
39771  43.117  -17.746  35.365 0.0000000000
39776  42.489  -17.868  34.954 0.0000000000
39799  40.718  -17.328  33.053 0.0000000000
40784  41.699  -17.034  34.449 0.0000000000
40785  41.397  -16.491  33.895 0.0000000000
40779  41.671  -16.335  34.571 0.0000000000
41839  40.746  -16.098  33.087 0.0000000000
40797  40.492  -16.792  32.778 0.0000000000
40809  38.601  -17.144  31.445 0.0000000000
40820  38.293  -16.395  30.736 0.0000000000
36892  37.675  -19.854  34.941 0.0000000000
37854  36.983  -19.689  34.566 0.0000000000
37871  37.053  -18.991  33.841 0.0000000000
37888  37.638  -18.544  33.071 0.0000000000
38850  34.015  -18.555  32.328 0.0000000000
39817  35.262  -17.518  31.211 0.0000000000
38867  36.884  -17.867  32.087 0.0000000000
39815  37.304  -17.622  31.566 0.0000000000
39849  35.285  -17.212  29.645 0.0000000000
39848  36.115  -16.926  29.970 0.0000000000
40837  36.593  -16.559  29.361 0.0000000000
103024  56.762  1.165  8.896 0.0000000000
56003  57.232  -1.996  12.835 0.0000000000
56019  54.952  -2.297  11.420 0.0000000000
35818  40.347  -21.701  40.424 0.0000000000
91759  40.427  -22.641  40.801 0.0000000000
47382  48.503  -10.273  41.295 0.0000000000
48582  50.082  -9.144  41.675 0.0000000000
47387  48.424  -10.198  41.044 0.0000000000
48590  48.395  -9.812  41.115 0.0000000000
48591  47.172  -8.798  41.338 0.0000000000
49692  46.733  -7.820  40.681 0.0000000000
48593  45.030  -8.647  40.728 0.0000000000
47396  44.817  -10.119  39.520 0.0000000000
105115  44.714  -10.896  38.772 0.0000000000
46284  44.545  -11.245  39.277 0.0000000000
51928  53.528  -6.442  15.805 0.0000000000
50959  51.232  -7.164  14.029 0.0000000000
31113  36.277  -27.122  39.944 0.0000000000
30332  36.230  -27.163  40.466 0.0000000000
103341  36.171  -25.774  46.668 0.0000000000
31044  33.857  -26.577  47.293 0.0000000000
40647  46.053  -15.812  45.904 0.0000000000
41699  46.106  -15.633  45.550 0.0000000000
40665  46.139  -16.813  44.813 0.0000000000
39697  45.757  -16.926  43.320 0.0000000000
39716  46.695  -17.681  42.245 0.0000000000
38747  47.401  -18.285  42.123 0.0000000000
102151  48.372  -18.915  41.395 0.0000000000
37796  48.206  -19.592  41.204 0.0000000000
30339  40.877  -26.694  41.284 0.0000000000
31110  39.450  -26.417  40.794 0.0000000000
31124  38.047  -26.325  39.954 0.0000000000
47684  47.287  -10.349  17.475 0.0000000000
29423  31.933  -28.822  49.968 0.0000000000
53913  49.867  -5.157  20.119 0.0000000000
52880  49.171  -5.494  20.348 0.0000000000
52904  48.110  -6.391  19.333 0.0000000000
54870  46.549  -3.455  23.872 0.0000000000
51797  45.720  -6.762  32.639 0.0000000000
104920  44.585  -7.450  31.967 0.0000000000
50844  44.164  -7.134  31.178 0.0000000000
50854  43.758  -6.860  30.476 0.0000000000
105273  43.206  -7.233  30.294 0.0000000000
106091  42.301  -7.758  29.738 0.0000000000
49843  40.644  -8.353  28.460 0.0000000000
49828  40.830  -8.753  29.172 0.0000000000
48708  40.475  -9.440  29.479 0.0000000000
37824  42.092  -19.945  35.931 0.0000000000
37838  41.624  -19.492  35.292 0.0000000000
37839  40.063  -19.494  34.958 0.0000000000
37840  39.351  -19.456  34.640 0.0000000000
89823  59.268  0.275  10.822 0.0000000000
103686  58.720  -0.877  11.957 0.0000000000
91004  58.062  -0.916  12.060 0.0000000000
92637  42.599  -27.295  43.731 0.0000000000
29482  40.965  -28.266  43.415 0.0000000000
30289  42.166  -27.048  44.399 0.0000000000
30276  41.716  -26.844  45.000 0.0000000000
30277  41.098  -27.320  45.123 0.0000000000
89458  40.184  -24.062  44.806 0.0000000000
90501  40.804  -24.610  45.841 0.0000000000
91327  40.395  -24.322  45.562 0.0000000000
32728  40.227  -24.767  46.807 0.0000000000
31042  39.466  -25.794  47.290 0.0000000000
30254  39.074  -26.684  47.121 0.0000000000
102916  38.864  -25.808  47.966 0.0000000000
34665  43.094  -21.379  46.777 0.0000000000
34676  44.147  -21.626  45.631 0.0000000000
34684  44.490  -21.740  45.089 0.0000000000
34696  44.030  -21.922  44.994 0.0000000000
35787  44.242  -21.463  44.608 0.0000000000
35786  44.794  -21.040  43.905 0.0000000000
89497  44.770  -20.131  40.336 0.0000000000
35817  45.484  -20.506  40.595 0.0000000000
34736  44.517  -21.266  40.638 0.0000000000
34722  44.619  -21.894  41.167 0.0000000000
32757  44.247  -23.715  42.640 0.0000000000
31077  43.807  -26.190  43.325 0.0000000000
31886  43.581  -24.777  43.665 0.0000000000
31069  43.341  -25.998  44.006 0.0000000000
53664  49.429  -4.237  41.195 0.0000000000
54714  49.811  -3.851  40.560 0.0000000000
55711  51.050  -2.712  38.340 0.0000000000
55723  51.379  -2.467  37.436 0.0000000000
54734  51.192  -3.313  38.002 0.0000000000
53690  51.084  -3.938  37.988 0.0000000000
53697  50.570  -4.416  37.792 0.0000000000
49730  47.572  -8.508  37.328 0.0000000000
50780  48.365  -7.531  37.385 0.0000000000
49729  48.002  -7.968  36.965 0.0000000000
50793  47.829  -7.755  36.251 0.0000000000
50806  47.528  -7.392  35.498 0.0000000000
49748  46.998  -8.004  35.053 0.0000000000
49750  46.098  -8.970  34.759 0.0000000000
48637  44.658  -9.661  34.185 0.0000000000
109941  43.527  -10.598  34.120 0.0000000000
45220  43.324  -12.605  35.753 0.0000000000
45229  43.124  -12.429  34.959 0.0000000000
45231  42.006  -13.178  33.904 0.0000000000
44182  40.538  -13.754  32.506 0.0000000000
44170  41.066  -13.804  33.109 0.0000000000
42957  40.648  -14.649  32.873 0.0000000000
34799  36.077  -22.334  36.111 0.0000000000
35877  35.389  -22.026  35.528 0.0000000000
35896  34.052  -22.276  34.381 0.0000000000
54984  58.714  -3.971  15.277 0.0000000000
95330  58.042  -3.669  14.789 0.0000000000
54997  56.502  -3.829  14.460 0.0000000000
53996  54.950  -4.134  14.021 0.0000000000
89488  33.615  -24.523  39.795 0.0000000000
30304  36.871  -27.210  42.897 0.0000000000
90666  35.953  -25.962  43.208 0.0000000000
44037  45.629  -13.103  44.376 0.0000000000
98697  46.559  -11.688  44.931 0.0000000000
44049  46.248  -12.609  44.083 0.0000000000
45139  46.763  -12.042  44.089 0.0000000000
46244  47.183  -11.602  43.935 0.0000000000
46253  47.371  -11.654  42.936 0.0000000000
45161  47.087  -12.455  42.509 0.0000000000
44094  47.234  -14.306  41.193 0.0000000000
44107  47.561  -14.546  40.408 0.0000000000
42870  48.132  -14.610  39.307 0.0000000000
41789  48.944  -14.667  38.330 0.0000000000
42896  51.179  -14.111  35.814 0.0000000000
38786  50.443  -18.438  38.281 0.0000000000
39758  50.063  -17.086  37.463 0.0000000000
38787  49.735  -18.089  37.963 0.0000000000
37815  47.995  -18.497  37.423 0.0000000000
38789  47.176  -18.893  36.691 0.0000000000
37820  46.436  -19.212  36.525 0.0000000000
96388  45.921  -19.753  37.200 0.0000000000
36851  44.559  -20.422  37.637 0.0000000000
34734  47.628  -22.571  41.181 0.0000000000
33713  47.295  -22.998  41.247 0.0000000000
32774  46.672  -23.466  39.848 0.0000000000
33723  45.821  -23.868  39.801 0.0000000000
32789  41.179  -24.419  39.688 0.0000000000
33727  41.527  -23.767  39.372 0.0000000000
102107  41.119  -23.365  38.871 0.0000000000
34759  41.252  -22.785  38.491 0.0000000000
34766  41.560  -22.146  38.124 0.0000000000
105363  39.424  -22.965  37.893 0.0000000000
34769  39.030  -22.482  37.481 0.0000000000
34770  38.183  -22.604  37.276 0.0000000000
31970  35.443  -26.545  37.850 0.0000000000
31985  34.886  -26.295  37.047 0.0000000000
31995  34.168  -26.127  36.392 0.0000000000
32831  33.673  -25.871  35.935 0.0000000000
45425  49.202  -12.255  16.402 0.0000000000
101084  50.044  -12.401  16.581 0.0000000000
89469  35.567  -24.163  47.720 0.0000000000
89455  36.839  -23.606  48.264 0.0000000000
102928  37.749  -23.143  49.023 0.0000000000
102915  37.728  -23.173  49.167 0.0000000000
108790  37.560  -23.160  49.456 0.0000000000
31848  37.451  -24.290  50.024 0.0000000000
31021  32.913  -26.613  51.180 0.0000000000
30248  34.258  -27.472  49.002 0.0000000000
29428  33.882  -28.493  48.895 0.0000000000
55956  62.169  -1.869  15.955 0.0000000000
56931  63.028  -1.423  16.524 0.0000000000
55932  63.243  -2.503  17.716 0.0000000000
55913  62.995  -3.203  18.143 0.0000000000
53906  62.551  -4.439  20.745 0.0000000000
52896  60.416  -5.107  19.986 0.0000000000
52918  58.167  -5.644  18.506 0.0000000000
94973  57.551  -5.990  19.184 0.0000000000
52920  56.780  -6.267  19.037 0.0000000000
51893  54.232  -6.501  20.464 0.0000000000
93462  53.649  -6.337  19.774 0.0000000000
108430  51.763  -7.228  18.334 0.0000000000
51921  51.239  -7.293  18.425 0.0000000000
50920  49.243  -7.248  19.230 0.0000000000
54926  46.492  -4.704  18.987 0.0000000000
53918  46.787  -6.148  19.338 0.0000000000
50913  42.224  -7.066  22.080 0.0000000000
49891  43.349  -8.990  22.565 0.0000000000
54835  53.764  -3.985  27.109 0.0000000000
101895  53.573  -4.659  27.829 0.0000000000
54766  53.153  -3.573  34.341 0.0000000000
54765  54.206  -3.389  34.238 0.0000000000
54779  53.514  -3.939  33.637 0.0000000000
53727  52.979  -4.703  33.248 0.0000000000
52752  47.979  -4.933  31.209 0.0000000000
53757  49.707  -4.430  31.594 0.0000000000
104388  49.462  -4.770  30.869 0.0000000000
53769  49.852  -5.138  30.026 0.0000000000
53777  50.642  -5.134  29.387 0.0000000000
52774  49.073  -5.440  29.303 0.0000000000
52788  48.426  -5.915  28.701 0.0000000000
52807  47.388  -6.040  27.813 0.0000000000
53817  46.325  -5.850  27.487 0.0000000000
52808  46.472  -6.048  27.635 0.0000000000
52809  45.749  -6.044  27.604 0.0000000000
50894  41.254  -6.782  27.362 0.0000000000
104486  41.866  -6.358  27.321 0.0000000000
93721  41.160  -7.085  25.177 0.0000000000
50901  41.242  -7.394  24.369 0.0000000000
48798  40.691  -9.339  23.272 0.0000000000
95063  39.768  -9.503  23.470 0.0000000000
48773  37.689  -9.689  25.147 0.0000000000
47462  40.577  -10.842  31.047 0.0000000000
47477  40.289  -10.561  30.429 0.0000000000
46390  39.366  -11.375  29.804 0.0000000000
46406  38.659  -11.733  28.677 0.0000000000
109408  37.350  -13.754  26.641 0.0000000000
44258  37.591  -13.202  27.114 0.0000000000
41799  45.837  -15.486  36.853 0.0000000000
41812  44.626  -15.984  37.008 0.0000000000
41813  43.402  -16.387  37.088 0.0000000000
38827  40.826  -18.242  33.648 0.0000000000
39777  41.790  -17.737  34.465 0.0000000000
39786  40.575  -17.872  33.136 0.0000000000
39800  40.097  -17.720  32.595 0.0000000000
39812  39.430  -17.924  32.049 0.0000000000
39813  38.845  -17.936  31.728 0.0000000000
37890  35.550  -18.747  33.221 0.0000000000
97596  33.071  -18.139  30.797 0.0000000000
39833  34.732  -17.431  30.385 0.0000000000
56005  55.589  -2.532  12.429 0.0000000000
48902  49.762  -9.742  13.594 0.0000000000
47741  50.273  -10.086  13.413 0.0000000000
91273  42.344  -22.517  41.196 0.0000000000
103074  41.536  -23.157  41.740 0.0000000000
89478  40.763  -23.633  42.544 0.0000000000
34724  39.980  -23.165  41.246 0.0000000000
33688  39.372  -24.024  44.731 0.0000000000
91444  39.021  -23.927  45.595 0.0000000000
104279  43.830  -18.988  41.548 0.0000000000
90423  42.690  -19.528  41.663 0.0000000000
89498  43.527  -19.937  40.780 0.0000000000
91328  43.038  -21.620  40.792 0.0000000000
50680  47.923  -7.433  44.491 0.0000000000
51678  48.569  -7.169  43.871 0.0000000000
109349  49.187  -6.941  43.229 0.0000000000
51712  49.357  -6.276  42.458 0.0000000000
50703  49.980  -7.982  41.868 0.0000000000
51711  49.715  -7.004  41.927 0.0000000000
52672  49.447  -6.110  41.655 0.0000000000
98826  49.430  -5.849  41.041 0.0000000000
51741  49.296  -6.122  39.790 0.0000000000
52698  49.857  -5.551  39.441 0.0000000000
51742  48.876  -6.727  39.332 0.0000000000
50771  48.010  -7.891  38.920 0.0000000000
49703  47.070  -8.342  39.655 0.0000000000
49717  47.494  -8.492  38.313 0.0000000000
48614  47.073  -9.005  37.759 0.0000000000
48615  46.715  -9.592  37.362 0.0000000000
47416  45.752  -10.633  36.499 0.0000000000
46297  45.108  -11.166  37.000 0.0000000000
100776  44.412  -11.648  36.602 0.0000000000
45212  43.835  -12.293  37.402 0.0000000000
45213  43.665  -12.371  36.581 0.0000000000
106137  43.197  -13.090  36.612 0.0000000000
44142  42.437  -14.822  36.873 0.0000000000
33784  32.402  -24.321  34.434 0.0000000000
33795  32.146  -24.385  33.673 0.0000000000
91843  55.785  -4.976  15.147 0.0000000000
53974  55.188  -5.342  15.297 0.0000000000
107852  54.414  -5.440  15.051 0.0000000000
52966  52.989  -6.159  14.838 0.0000000000
51936  51.608  -6.621  13.368 0.0000000000
31971  34.324  -26.115  38.172 0.0000000000
31115  35.189  -26.523  39.514 0.0000000000
89466  34.095  -24.893  40.524 0.0000000000
108265  36.530  -26.203  44.228 0.0000000000
105325  36.430  -25.974  44.791 0.0000000000
32753  35.272  -25.145  45.113 0.0000000000
31890  34.594  -25.157  44.794 0.0000000000
31892  32.732  -25.620  44.434 0.0000000000
42795  44.823  -14.625  45.131 0.0000000000
42794  45.255  -14.227  44.457 0.0000000000
41715  46.049  -14.723  42.945 0.0000000000
42827  46.691  -14.727  42.231 0.0000000000
41768  48.267  -16.202  40.259 0.0000000000
41777  48.757  -16.035  39.506 0.0000000000
40735  49.053  -16.794  39.849 0.0000000000
40734  49.995  -17.333  39.474 0.0000000000
39742  50.383  -18.268  39.278 0.0000000000
38769  49.283  -18.481  40.443 0.0000000000
38768  50.218  -18.796  39.759 0.0000000000
39750  50.761  -18.543  38.726 0.0000000000
37810  50.073  -19.305  38.373 0.0000000000
37811  49.356  -19.412  38.472 0.0000000000
36843  47.766  -20.335  38.998 0.0000000000
31105  45.043  -25.952  41.058 0.0000000000
31931  44.891  -25.538  40.717 0.0000000000
31932  43.933  -25.441  40.594 0.0000000000
110577  42.345  -25.477  40.566 0.0000000000
31953  41.613  -25.092  40.302 0.0000000000
31935  40.738  -25.448  40.505 0.0000000000
102778  40.812  -24.903  39.991 0.0000000000
32801  38.362  -24.470  38.418 0.0000000000
33740  37.793  -24.247  37.924 0.0000000000
96396  37.701  -24.870  38.271 0.0000000000
31969  36.355  -26.111  38.138 0.0000000000
47697  47.404  -10.266  16.033 0.0000000000
46548  47.528  -10.713  16.877 0.0000000000
45417  49.554  -12.376  17.187 0.0000000000
30235  32.461  -26.981  50.977 0.0000000000
29413  32.953  -27.762  51.105 0.0000000000
29417  33.556  -28.457  50.413 0.0000000000
28663  33.677  -29.058  50.025 0.0000000000
51885  48.119  -7.138  19.512 0.0000000000
54813  57.300  -3.477  29.231 0.0000000000
93846  48.333  -3.476  33.870 0.0000000000
53731  49.648  -3.333  33.398 0.0000000000
53732  48.331  -3.585  32.856 0.0000000000
53746  47.980  -4.257  32.200 0.0000000000
52746  46.656  -5.555  32.326 0.0000000000
99140  47.309  -5.078  31.818 0.0000000000
110128  47.306  -5.249  31.024 0.0000000000
52762  46.909  -5.570  30.397 0.0000000000
52777  45.937  -5.893  29.244 0.0000000000
52778  45.096  -6.132  29.047 0.0000000000
50886  41.843  -6.625  27.936 0.0000000000
50895  40.372  -7.468  26.526 0.0000000000
108940  39.780  -7.888  26.340 0.0000000000
49868  38.820  -8.818  26.064 0.0000000000
49844  40.059  -8.642  27.904 0.0000000000
49857  39.455  -8.852  27.324 0.0000000000
104321  38.439  -9.344  26.288 0.0000000000
45266  39.582  -12.504  30.734 0.0000000000
45278  39.137  -12.639  30.066 0.0000000000
43014  38.203  -14.455  28.069 0.0000000000
43026  37.234  -14.491  26.464 0.0000000000
39770  45.226  -17.347  35.281 0.0000000000
40768  44.892  -16.605  35.604 0.0000000000
104669  43.754  -18.123  35.325 0.0000000000
38807  41.932  -18.918  34.941 0.0000000000
38815  41.322  -18.588  34.321 0.0000000000
36921  33.219  -20.358  32.850 0.0000000000
37906  33.104  -19.006  31.976 0.0000000000
38871  32.759  -18.670  31.321 0.0000000000
89801  57.885  0.600  9.962 0.0000000000
89817  58.112  0.069  10.655 0.0000000000
103073  56.521  -0.194  10.196 0.0000000000
89806  55.328  -1.085  10.408 0.0000000000
52973  52.337  -5.300  11.327 0.0000000000
30328  38.683  -28.065  41.506 0.0000000000
30329  37.991  -28.194  41.538 0.0000000000
29504  38.332  -28.459  41.843 0.0000000000
29496  37.906  -28.540  42.034 0.0000000000
101987  40.180  -28.342  43.398 0.0000000000
29484  38.780  -28.437  43.235 0.0000000000
106998  37.811  -28.408  42.918 0.0000000000
107010  37.794  -27.920  43.815 0.0000000000
94545  41.888  -24.565  44.604 0.0000000000
32743  41.829  -24.883  45.140 0.0000000000
30263  40.750  -26.888  45.649 0.0000000000
31875  40.875  -25.456  46.101 0.0000000000
30278  39.673  -27.715  45.607 0.0000000000
29458  38.729  -27.798  45.278 0.0000000000
30280  37.216  -26.976  45.120 0.0000000000
89459  36.821  -26.240  46.362 0.0000000000
104495  36.604  -25.961  47.051 0.0000000000
90672  36.317  -26.147  48.129 0.0000000000
38712  45.029  -18.398  46.240 0.0000000000
37762  46.168  -19.400  45.060 0.0000000000
37770  46.162  -19.269  44.050 0.0000000000
97975  46.305  -19.827  43.614 0.0000000000
36803  46.553  -20.626  43.231 0.0000000000
35795  45.992  -20.649  41.905 0.0000000000
35785  45.491  -21.250  43.132 0.0000000000
34693  45.422  -21.066  42.053 0.0000000000
34720  46.124  -21.603  41.416 0.0000000000
33705  46.510  -23.141  42.094 0.0000000000
32761  46.122  -23.972  42.150 0.0000000000
36805  45.512  -19.772  42.661 0.0000000000
97574  44.910  -21.509  42.949 0.0000000000
35806  45.366  -21.053  41.026 0.0000000000
35797  44.955  -20.916  42.198 0.0000000000
33697  45.027  -22.449  42.047 0.0000000000
32762  45.452  -24.427  42.285 0.0000000000
31094  45.310  -25.548  41.338 0.0000000000
109247  44.836  -26.043  41.418 0.0000000000
31095  42.446  -26.473  41.701 0.0000000000
30301  43.560  -26.900  42.826 0.0000000000
30325  42.405  -27.004  42.370 0.0000000000
31096  41.456  -26.916  41.829 0.0000000000
30326  40.420  -27.304  41.668 0.0000000000
30327  39.554  -27.748  41.583 0.0000000000
107348  46.819  -10.350  18.858 0.0000000000
54911  46.771  -3.437  19.524 0.0000000000
93880  47.012  -3.013  20.749 0.0000000000
54889  46.912  -2.760  21.657 0.0000000000
55845  47.530  -2.798  23.546 0.0000000000
54869  47.091  -3.476  24.348 0.0000000000
54754  52.876  -3.196  35.083 0.0000000000
54768  51.412  -3.236  34.474 0.0000000000
52704  49.815  -5.609  38.537 0.0000000000
52703  50.223  -5.058  38.037 0.0000000000
52708  49.828  -5.283  37.263 0.0000000000
52715  49.364  -5.310  36.671 0.0000000000
53705  49.781  -4.518  36.816 0.0000000000
53706  49.069  -4.259  36.231 0.0000000000
53710  48.941  -3.436  35.500 0.0000000000
97649  48.429  -3.734  34.971 0.0000000000
53721  47.844  -4.188  34.690 0.0000000000
51787  47.010  -5.928  34.007 0.0000000000
50818  46.627  -7.605  34.388 0.0000000000
50827  46.375  -7.187  33.700 0.0000000000
50828  45.763  -7.334  33.253 0.0000000000
93183  44.694  -7.884  32.689 0.0000000000
49785  44.144  -8.187  32.313 0.0000000000
49786  43.466  -8.534  31.963 0.0000000000
49797  42.747  -8.883  31.616 0.0000000000
93481  42.415  -9.602  31.942 0.0000000000
48671  41.629  -10.083  31.605 0.0000000000
48657  42.141  -10.183  32.270 0.0000000000
47461  40.991  -10.770  31.586 0.0000000000
46352  40.478  -11.465  31.423 0.0000000000
47423  44.873  -10.790  35.354 0.0000000000
47429  43.559  -11.123  34.657 0.0000000000
46323  42.539  -11.735  33.861 0.0000000000
46331  42.000  -11.670  33.254 0.0000000000
46332  41.318  -11.599  32.698 0.0000000000
46341  40.645  -11.982  32.170 0.0000000000
42990  38.943  -14.042  30.436 0.0000000000
42980  38.762  -14.857  30.204 0.0000000000
36877  38.376  -20.214  35.453 0.0000000000
36878  37.436  -20.587  35.545 0.0000000000
36893  36.362  -20.364  34.904 0.0000000000
36880  35.878  -21.112  35.223 0.0000000000
36894  35.620  -20.560  34.660 0.0000000000
36908  34.453  -20.402  33.912 0.0000000000
35913  33.525  -22.259  33.799 0.0000000000
55984  58.727  -2.276  13.398 0.0000000000
55985  57.710  -2.396  13.441 0.0000000000
55986  56.826  -2.622  13.323 0.0000000000
55987  55.895  -2.984  13.223 0.0000000000
55025  54.179  -3.743  12.526 0.0000000000
52968  52.915  -5.010  13.548 0.0000000000
53998  53.657  -4.362  13.102 0.0000000000
106351  36.956  -27.678  41.180 0.0000000000
30331  36.443  -27.288  41.106 0.0000000000
92735  36.136  -26.688  41.756 0.0000000000
31907  33.516  -25.050  42.047 0.0000000000
46222  46.489  -11.332  45.531 0.0000000000
50656  46.921  -7.973  45.596 0.0000000000
50668  47.415  -7.674  45.152 0.0000000000
49667  48.014  -8.355  44.637 0.0000000000
91588  48.969  -9.178  43.668 0.0000000000
47364  49.257  -9.757  42.630 0.0000000000
46252  47.734  -11.020  43.492 0.0000000000
46259  48.029  -11.073  42.480 0.0000000000
47373  48.532  -10.261  42.095 0.0000000000
46275  47.173  -11.365  41.673 0.0000000000
45187  45.681  -12.599  41.095 0.0000000000
44118  45.033  -13.005  40.262 0.0000000000
44117  46.059  -13.779  40.582 0.0000000000
107918  47.034  -14.820  38.063 0.0000000000
42871  47.783  -14.534  39.167 0.0000000000
42898  48.116  -14.614  37.564 0.0000000000
42913  47.192  -15.126  37.065 0.0000000000
98379  47.955  -15.299  36.347 0.0000000000
107657  46.695  -16.056  35.862 0.0000000000
96883  50.143  -15.918  38.048 0.0000000000
41798  50.673  -14.939  36.920 0.0000000000
41797  51.479  -14.810  35.553 0.0000000000
40756  50.985  -15.858  35.882 0.0000000000
41820  51.523  -14.816  34.906 0.0000000000
95659  49.340  -15.409  35.495 0.0000000000
40767  47.963  -16.301  36.093 0.0000000000
39769  46.122  -17.545  35.569 0.0000000000
38803  45.613  -18.172  35.491 0.0000000000
37835  44.271  -18.943  35.702 0.0000000000
37821  45.579  -19.347  36.424 0.0000000000
37822  44.678  -19.384  36.358 0.0000000000
37823  42.946  -19.692  36.124 0.0000000000
36860  40.474  -20.483  36.148 0.0000000000
36813  48.091  -20.023  41.916 0.0000000000
36823  48.214  -20.562  41.115 0.0000000000
34733  48.238  -22.343  40.696 0.0000000000
35825  48.475  -22.006  40.325 0.0000000000
95424  49.112  -21.205  39.545 0.0000000000
35827  48.606  -21.723  39.464 0.0000000000
35833  47.578  -21.249  39.237 0.0000000000
31950  44.416  -24.905  40.207 0.0000000000
32785  45.117  -24.445  39.972 0.0000000000
33724  44.656  -23.654  39.793 0.0000000000
34749  45.043  -22.840  39.666 0.0000000000
34755  45.446  -22.053  39.485 0.0000000000
99964  45.810  -21.433  39.308 0.0000000000
36845  45.784  -20.767  38.760 0.0000000000
36846  44.808  -20.804  38.414 0.0000000000
35842  44.131  -20.855  38.054 0.0000000000
35845  41.817  -21.519  37.747 0.0000000000
35855  41.139  -21.159  37.131 0.0000000000
35856  40.218  -21.139  36.663 0.0000000000
94379  39.423  -21.163  36.509 0.0000000000
35859  36.689  -21.887  36.242 0.0000000000
34780  37.556  -22.381  36.871 0.0000000000
110271  34.753  -23.733  35.648 0.0000000000
32828  35.767  -24.224  36.593 0.0000000000
99362  32.910  -24.878  35.493 0.0000000000
49954  49.287  -8.862  14.267 0.0000000000
48892  49.227  -9.571  14.015 0.0000000000
47714  47.790  -10.141  15.354 0.0000000000
47713  48.270  -10.405  14.982 0.0000000000
45431  49.767  -12.144  15.850 0.0000000000
46567  49.491  -11.540  15.227 0.0000000000
46579  49.955  -11.131  14.589 0.0000000000
46538  49.066  -11.720  18.701 0.0000000000
98922  39.321  -21.218  39.927 0.0000000000
33709  38.629  -23.413  41.535 0.0000000000
33689  38.485  -24.155  44.546 0.0000000000
104094  36.688  -24.430  44.491 0.0000000000
103961  38.741  -23.774  46.529 0.0000000000
90622  39.037  -23.760  48.103 0.0000000000
90484  38.835  -24.475  48.438 0.0000000000
103258  38.175  -25.379  48.600 0.0000000000
104024  38.298  -23.258  49.030 0.0000000000
90346  38.520  -24.041  49.002 0.0000000000
31043  35.550  -25.922  48.111 0.0000000000
91101  37.120  -21.689  51.444 0.0000000000
32712  36.943  -23.482  51.066 0.0000000000
93152  36.833  -24.284  50.676 0.0000000000
31849  36.571  -25.121  50.307 0.0000000000
31025  36.264  -26.011  49.953 0.0000000000
31867  34.581  -26.113  47.690 0.0000000000
30256  33.580  -27.266  47.577 0.0000000000
28675  33.722  -29.441  48.833 0.0000000000
105502  60.686  -1.615  12.884 0.0000000000
90800  61.491  -1.432  12.987 0.0000000000
55982  60.801  -1.988  13.466 0.0000000000
107170  60.963  -2.321  14.021 0.0000000000
55968  60.645  -2.710  14.578 0.0000000000
54982  60.277  -3.242  15.188 0.0000000000
107985  59.911  -3.699  15.732 0.0000000000
53971  59.273  -4.226  15.894 0.0000000000
53972  58.530  -4.546  15.779 0.0000000000
53958  58.740  -4.849  16.396 0.0000000000
55912  63.464  -2.932  18.266 0.0000000000
54936  63.251  -3.532  19.013 0.0000000000
54937  62.089  -3.543  18.866 0.0000000000
105903  61.650  -4.170  19.314 0.0000000000
54938  61.202  -4.115  18.438 0.0000000000
109012  59.639  -4.698  17.396 0.0000000000
53959  57.881  -5.049  16.034 0.0000000000
52948  56.378  -5.659  16.360 0.0000000000
52949  55.553  -5.980  16.482 0.0000000000
52936  57.355  -5.654  17.496 0.0000000000
52938  56.027  -6.186  16.947 0.0000000000
52950  54.242  -6.289  16.308 0.0000000000
51926  52.057  -7.194  16.252 0.0000000000
106184  58.264  -6.002  22.017 0.0000000000
108114  56.905  -6.401  19.898 0.0000000000
93104  55.828  -6.554  18.956 0.0000000000
49941  48.356  -8.543  16.774 0.0000000000
108925  47.538  -7.200  19.405 0.0000000000
52907  46.801  -6.342  19.442 0.0000000000
101447  44.069  -8.067  21.233 0.0000000000
54850  50.680  -4.415  24.575 0.0000000000
54851  49.690  -4.524  24.953 0.0000000000
54852  48.400  -4.532  25.473 0.0000000000
54805  57.089  -3.648  30.175 0.0000000000
54814  56.433  -3.941  29.668 0.0000000000
53729  51.427  -4.504  33.071 0.0000000000
53742  51.735  -4.951  32.668 0.0000000000
53741  52.514  -5.126  32.625 0.0000000000
92485  51.115  -4.980  31.307 0.0000000000
94236  51.968  -5.300  31.797 0.0000000000
53754  53.870  -5.098  31.515 0.0000000000
53765  54.254  -5.137  30.524 0.0000000000
53763  55.534  -4.370  30.039 0.0000000000
53773  55.720  -4.534  28.959 0.0000000000
53788  54.168  -5.053  28.514 0.0000000000
104737  51.635  -4.722  27.997 0.0000000000
93546  50.543  -5.232  28.572 0.0000000000
53791  50.921  -4.915  27.894 0.0000000000
53814  49.957  -5.285  26.694 0.0000000000
53836  47.331  -4.841  26.389 0.0000000000
110194  45.541  -5.265  27.590 0.0000000000
53838  44.895  -4.734  27.485 0.0000000000
104505  42.267  -5.170  26.008 0.0000000000
52792  45.017  -6.179  28.097 0.0000000000
52811  44.221  -5.735  28.334 0.0000000000
96554  42.324  -6.072  27.255 0.0000000000
52822  42.912  -5.420  27.530 0.0000000000
105486  41.678  -7.933  23.228 0.0000000000
49879  39.272  -8.536  24.909 0.0000000000
47586  39.217  -10.041  22.922 0.0000000000
48709  39.926  -9.858  29.142 0.0000000000
109939  39.767  -10.259  29.396 0.0000000000
47522  38.534  -10.400  27.499 0.0000000000
47540  37.561  -10.705  26.339 0.0000000000
45335  37.882  -12.462  27.567 0.0000000000
46423  37.524  -11.544  26.546 0.0000000000
42873  44.799  -13.778  39.582 0.0000000000
96869  44.426  -14.596  39.218 0.0000000000
41790  44.245  -15.444  38.967 0.0000000000
44128  43.664  -14.762  38.741 0.0000000000
42887  42.854  -15.558  38.323 0.0000000000
42922  41.819  -15.342  35.618 0.0000000000
40769  43.684  -16.637  35.968 0.0000000000
97640  42.067  -17.311  34.849 0.0000000000
40771  41.910  -16.662  36.257 0.0000000000
41824  41.580  -16.304  36.289 0.0000000000
41830  41.649  -15.880  35.141 0.0000000000
42931  41.571  -14.914  34.690 0.0000000000
42956  40.762  -15.389  33.168 0.0000000000
98186  39.522  -16.180  31.863 0.0000000000
106061  39.873  -17.006  32.206 0.0000000000
40835  37.899  -15.993  29.805 0.0000000000
40836  37.315  -16.283  29.602 0.0000000000
37852  38.558  -19.422  34.487 0.0000000000
99872  38.347  -18.493  32.556 0.0000000000
38848  36.276  -18.213  32.662 0.0000000000
38866  38.414  -18.349  32.104 0.0000000000
39830  37.549  -17.214  31.088 0.0000000000
40849  37.101  -16.216  28.723 0.0000000000
56965  57.641  -1.366  12.404 0.0000000000
56966  55.967  -1.897  12.088 0.0000000000
89808  56.327  -1.328  11.575 0.0000000000
96756  55.796  -1.206  10.920 0.0000000000
89802  54.779  -1.276  10.142 0.0000000000
54004  53.465  -4.230  11.263 0.0000000000
50954  50.559  -7.758  14.238 0.0000000000
110187  50.431  -8.143  13.480 0.0000000000
29446  39.053  -27.673  45.859 0.0000000000
29467  42.137  -27.972  44.011 0.0000000000
29468  41.282  -28.165  44.023 0.0000000000
29502  39.971  -27.953  42.105 0.0000000000
30234  32.737  -27.272  51.124 0.0000000000
30288  42.744  -26.533  44.185 0.0000000000
30290  41.524  -27.565  44.555 0.0000000000
30314  43.067  -27.096  42.585 0.0000000000
30324  44.126  -26.174  41.600 0.0000000000
31019  34.626  -26.578  50.467 0.0000000000
31041  40.195  -25.488  46.741 0.0000000000
31051  41.103  -26.156  45.739 0.0000000000
31062  42.266  -26.159  44.812 0.0000000000
31063  41.628  -26.110  45.299 0.0000000000
31083  44.694  -26.101  42.022 0.0000000000
31093  45.814  -25.603  40.836 0.0000000000
31840  36.225  -24.992  50.909 0.0000000000
31881  42.423  -24.894  44.580 0.0000000000
31883  41.341  -25.581  45.548 0.0000000000
31887  43.099  -25.184  44.190 0.0000000000
31896  44.405  -25.463  43.147 0.0000000000
31897  43.787  -25.273  43.637 0.0000000000
31904  46.065  -24.902  41.833 0.0000000000
31930  45.994  -25.257  40.808 0.0000000000
31933  43.079  -25.480  40.568 0.0000000000
31934  41.821  -25.810  40.761 0.0000000000
31949  45.427  -25.071  40.416 0.0000000000
32705  34.649  -24.315  51.268 0.0000000000
32735  40.887  -24.971  46.112 0.0000000000
32744  41.346  -24.757  45.403 0.0000000000
32752  42.613  -24.598  44.134 0.0000000000
32756  45.123  -24.189  42.547 0.0000000000
32760  46.286  -23.631  41.767 0.0000000000
32775  46.035  -24.513  40.393 0.0000000000
32786  44.331  -24.260  39.925 0.0000000000
32790  40.370  -24.475  39.575 0.0000000000
33640  37.059  -22.541  51.377 0.0000000000
33641  36.425  -23.147  51.691 0.0000000000
33700  42.552  -23.860  43.122 0.0000000000
33715  48.355  -23.068  39.945 0.0000000000
33716  47.735  -23.258  40.140 0.0000000000
33722  46.758  -23.577  39.844 0.0000000000
33737  41.800  -23.112  39.061 0.0000000000
34677  43.413  -21.730  46.142 0.0000000000
34685  43.843  -21.829  45.553 0.0000000000
34719  47.089  -21.631  41.697 0.0000000000
34747  47.130  -22.914  39.681 0.0000000000
34758  42.053  -22.480  38.700 0.0000000000
35763  44.427  -20.852  46.031 0.0000000000
35774  45.048  -20.697  45.628 0.0000000000
35804  46.578  -21.032  41.633 0.0000000000
35805  46.098  -19.943  40.880 0.0000000000
35824  48.966  -22.147  39.729 0.0000000000
35829  47.386  -22.117  39.472 0.0000000000
35831  49.069  -20.817  39.124 0.0000000000
35832  48.443  -21.150  39.200 0.0000000000
35836  43.134  -21.581  38.583 0.0000000000
35843  43.466  -21.077  38.006 0.0000000000
36789  45.955  -20.414  45.077 0.0000000000
36804  45.712  -19.263  41.863 0.0000000000
36824  47.295  -20.918  41.488 0.0000000000
36825  45.671  -19.565  40.628 0.0000000000
36834  49.219  -20.537  39.898 0.0000000000
36835  48.648  -21.185  40.302 0.0000000000
36838  50.238  -19.586  38.696 0.0000000000
36852  43.769  -20.504  37.517 0.0000000000
36858  42.504  -20.262  36.720 0.0000000000
37756  44.879  -19.245  46.121 0.0000000000
37763  45.361  -18.836  45.527 0.0000000000
37784  48.088  -19.174  42.118 0.0000000000
37817  46.719  -19.448  37.430 0.0000000000
37837  42.491  -19.342  35.455 0.0000000000
37850  41.151  -19.084  34.643 0.0000000000
38720  46.084  -18.442  45.167 0.0000000000
38738  46.152  -18.247  43.640 0.0000000000
38759  48.094  -18.261  41.685 0.0000000000
38776  50.891  -18.988  39.106 0.0000000000
38781  50.572  -18.994  38.375 0.0000000000
38783  49.014  -18.637  38.121 0.0000000000
38788  48.797  -18.063  37.559 0.0000000000
38796  45.170  -18.839  35.766 0.0000000000
38813  43.031  -18.311  35.220 0.0000000000
38830  38.789  -18.625  32.741 0.0000000000
39706  46.073  -17.530  42.796 0.0000000000
39729  49.000  -17.705  40.925 0.0000000000
39763  46.920  -17.967  35.898 0.0000000000
39778  41.396  -18.097  34.186 0.0000000000
40682  45.707  -16.087  43.116 0.0000000000
40711  46.943  -16.317  41.663 0.0000000000
40712  46.459  -16.954  42.101 0.0000000000
40752  50.189  -16.899  38.271 0.0000000000
40755  51.540  -15.061  35.057 0.0000000000
40759  50.913  -15.607  35.278 0.0000000000
40766  50.543  -15.273  35.112 0.0000000000
40770  42.822  -17.023  35.748 0.0000000000
41698  45.034  -15.075  44.429 0.0000000000
41717  45.287  -15.795  44.254 0.0000000000
41748  47.299  -15.806  41.349 0.0000000000
41749  46.839  -15.414  41.904 0.0000000000
41760  47.831  -15.629  40.603 0.0000000000
41802  42.701  -15.965  38.303 0.0000000000
41808  51.808  -14.522  34.904 0.0000000000
41819  51.769  -14.187  34.778 0.0000000000
41834  41.146  -15.824  33.513 0.0000000000
42828  46.484  -14.045  42.585 0.0000000000
42841  47.550  -15.469  41.070 0.0000000000
42882  49.934  -14.430  37.111 0.0000000000
42895  51.920  -14.063  35.046 0.0000000000
42901  42.513  -15.269  37.804 0.0000000000
42914  41.591  -15.829  36.801 0.0000000000
44048  46.057  -13.274  43.699 0.0000000000
44064  46.410  -12.692  43.605 0.0000000000
44079  46.865  -13.382  42.311 0.0000000000
44095  46.945  -13.878  41.728 0.0000000000
45115  45.891  -11.884  45.802 0.0000000000
45125  47.882  -12.012  45.094 0.0000000000
45126  46.592  -11.906  44.606 0.0000000000
45149  46.849  -12.355  43.230 0.0000000000
46235  47.062  -11.416  44.582 0.0000000000
46267  48.110  -10.974  41.635 0.0000000000
47345  46.310  -10.792  46.089 0.0000000000
47352  47.628  -10.676  44.594 0.0000000000
47353  47.360  -10.828  44.873 0.0000000000
47365  48.441  -10.363  43.069 0.0000000000
47372  49.259  -9.653  41.819 0.0000000000
47381  48.818  -9.585  41.453 0.0000000000
47388  47.271  -10.338  41.083 0.0000000000
47390  44.790  -9.506  40.543 0.0000000000
47403  45.191  -10.459  38.482 0.0000000000
47408  46.350  -10.225  36.990 0.0000000000
47430  42.985  -11.067  34.045 0.0000000000
48555  47.823  -9.209  44.856 0.0000000000
48563  49.334  -9.201  43.244 0.0000000000
48564  49.398  -9.414  43.028 0.0000000000
48584  47.971  -8.713  41.752 0.0000000000
48600  46.398  -8.111  40.589 0.0000000000
48690  40.777  -9.678  30.303 0.0000000000
48745  39.020  -9.610  27.435 0.0000000000
49673  49.560  -8.973  42.911 0.0000000000
49679  50.175  -8.850  41.892 0.0000000000
49716  48.023  -7.986  37.793 0.0000000000
50718  48.198  -7.431  41.263 0.0000000000
50757  47.360  -7.698  40.084 0.0000000000
50817  47.118  -7.310  34.782 0.0000000000
51652  46.786  -7.163  45.639 0.0000000000
51788  46.511  -6.397  33.519 0.0000000000
51796  46.220  -6.163  32.807 0.0000000000
51892  56.047  -6.617  20.119 0.0000000000
51924  53.702  -6.711  16.848 0.0000000000
52763  46.080  -5.762  30.249 0.0000000000
52793  44.217  -5.966  28.285 0.0000000000
52806  48.238  -6.136  27.867 0.0000000000
53698  50.201  -4.661  37.378 0.0000000000
53719  50.454  -3.497  33.561 0.0000000000
53730  50.573  -4.178  33.007 0.0000000000
53740  53.432  -4.973  32.440 0.0000000000
53744  50.161  -4.316  32.412 0.0000000000
53755  52.933  -5.358  31.705 0.0000000000
53764  54.993  -4.812  30.485 0.0000000000
53774  54.781  -5.025  29.453 0.0000000000
53778  49.912  -5.458  28.896 0.0000000000
53787  55.116  -4.765  28.211 0.0000000000
53816  48.267  -5.826  27.104 0.0000000000
53832  50.768  -4.647  25.671 0.0000000000
53945  60.118  -4.253  17.128 0.0000000000
53960  57.032  -5.230  16.017 0.0000000000
54757  50.137  -2.546  35.864 0.0000000000
54780  52.609  -4.144  33.796 0.0000000000
54788  54.883  -3.922  32.687 0.0000000000
54806  56.151  -3.874  30.620 0.0000000000
54971  60.621  -3.723  16.773 0.0000000000
54983  59.499  -3.582  15.188 0.0000000000
55969  60.233  -2.477  13.963 0.0000000000
56006  54.980  -2.727  11.990 0.0000000000
56918  63.288  -1.855  17.335 0.0000000000
89700  48.664  -8.611  44.134 0.0000000000
90739  40.996  -24.823  45.906 0.0000000000
90787  42.653  -21.127  47.167 0.0000000000
91279  45.439  -18.871  41.422 0.0000000000
91351  36.747  -22.261  50.074 0.0000000000
91556  37.325  -22.292  50.674 0.0000000000
93078  42.307  -13.439  34.501 0.0000000000
93848  45.689  -13.856  43.880 0.0000000000
93974  41.767  -24.118  43.822 0.0000000000
94228  38.435  -28.187  43.799 0.0000000000
94971  45.544  -14.572  43.758 0.0000000000
95369  52.334  -4.456  27.459 0.0000000000
95402  43.803  -19.484  36.281 0.0000000000
96052  40.397  -27.596  45.352 0.0000000000
96493  47.525  -8.450  36.502 0.0000000000
97002  58.326  -5.947  20.649 0.0000000000
97965  50.147  -8.798  41.629 0.0000000000
98382  50.473  -2.562  34.947 0.0000000000
98490  51.299  -4.971  28.811 0.0000000000
99363  48.558  -7.265  38.901 0.0000000000
100009  48.437  -9.069  44.376 0.0000000000
101546  41.224  -26.640  45.317 0.0000000000
101713  49.023  -5.930  36.462 0.0000000000
102018  49.746  -5.667  37.770 0.0000000000
102271  42.873  -27.395  43.062 0.0000000000
103021  42.779  -21.737  46.578 0.0000000000
103190  40.590  -24.779  46.270 0.0000000000
103230  42.654  -21.188  45.876 0.0000000000
103260  36.912  -22.716  49.690 0.0000000000
104210  39.227  -23.851  47.400 0.0000000000
104698  46.141  -16.112  45.070 0.0000000000
105224  43.435  -26.813  42.126 0.0000000000
105298  52.849  -4.641  28.007 0.0000000000
105447  44.568  -11.330  35.809 0.0000000000
106170  36.794  -22.371  51.872 0.0000000000
106267  43.604  -12.790  37.925 0.0000000000
106664  47.086  -14.093  40.977 0.0000000000
107970  46.262  -24.043  39.936 0.0000000000
108487  45.213  -25.335  42.076 0.0000000000
108534  43.716  -20.796  40.540 0.0000000000
108724  51.077  -4.108  33.274 0.0000000000
108787  44.230  -25.808  40.975 0.0000000000
110232  61.025  -3.363  16.511 0.0000000000
110237  50.214  -9.048  41.864 0.0000000000
110542  49.728  -19.627  39.351 0.0000000000
