#!ascii label  , from subject sub-v2s15x29741_ses-1 vox2ras=TkReg
1734
99884  23.344  -17.866  50.125 0.0000000000
53989  45.111  -4.159  14.814 0.0000000000
44085  36.144  -12.475  41.928 0.0000000000
51726  42.994  -6.760  42.014 0.0000000000
94513  26.800  -16.232  46.367 0.0000000000
35788  32.141  -21.561  44.443 0.0000000000
91427  54.075  3.058  6.346 0.0000000000
57843  59.489  -0.209  19.069 0.0000000000
52780  39.545  -5.596  29.674 0.0000000000
107760  57.611  2.438  -2.363 0.0000000000
42759  35.276  -14.087  49.754 0.0000000000
33693  25.848  -23.061  44.773 0.0000000000
59881  56.971  1.435  12.261 0.0000000000
92901  50.989  -0.696  11.215 0.0000000000
54947  42.821  -3.477  18.617 0.0000000000
54963  47.845  -3.088  16.959 0.0000000000
53877  39.916  -4.143  22.254 0.0000000000
97218  39.747  -11.320  35.173 0.0000000000
110684  41.105  -11.907  41.153 0.0000000000
94764  33.751  -15.360  45.033 0.0000000000
89476  36.061  -23.252  41.264 0.0000000000
39734  31.852  -18.115  40.776 0.0000000000
37781  25.586  -19.901  43.314 0.0000000000
44075  30.936  -12.710  43.591 0.0000000000
62540  58.233  5.243  4.695 0.0000000000
104027  60.883  3.649  10.767 0.0000000000
55975  50.609  -2.596  14.486 0.0000000000
55795  42.256  -2.351  28.434 0.0000000000
51775  43.282  -6.313  35.795 0.0000000000
59982  56.055  1.580  1.337 0.0000000000
61758  62.564  2.595  2.494 0.0000000000
104598  65.093  0.807  -2.136 0.0000000000
39684  36.817  -17.587  46.478 0.0000000000
35767  24.383  -21.446  46.896 0.0000000000
93413  26.979  -24.936  46.212 0.0000000000
34658  25.076  -22.805  47.784 0.0000000000
95259  50.965  -0.537  8.970 0.0000000000
55876  42.562  -1.917  21.368 0.0000000000
55905  43.947  -2.013  19.454 0.0000000000
40568  20.581  -17.236  56.814 0.0000000000
52909  39.814  -5.122  18.878 0.0000000000
42888  36.008  -13.578  38.106 0.0000000000
44129  38.113  -12.942  38.289 0.0000000000
44098  38.283  -12.934  41.250 0.0000000000
41703  31.101  -16.580  48.411 0.0000000000
40716  32.942  -16.679  42.823 0.0000000000
39710  30.079  -17.580  44.042 0.0000000000
42804  28.888  -13.584  46.297 0.0000000000
92218  32.005  -13.855  48.920 0.0000000000
90294  33.522  -22.891  42.318 0.0000000000
61716  55.763  4.373  4.897 0.0000000000
90360  58.726  4.690  8.305 0.0000000000
104086  56.613  3.467  9.002 0.0000000000
58868  59.145  0.058  15.231 0.0000000000
58873  62.005  1.521  15.502 0.0000000000
55994  45.979  -2.894  13.000 0.0000000000
56008  48.443  -2.359  12.604 0.0000000000
55001  47.593  -3.593  14.607 0.0000000000
53822  37.713  -4.479  27.312 0.0000000000
54854  39.286  -2.849  26.841 0.0000000000
54815  41.078  -3.268  29.427 0.0000000000
49720  42.826  -9.135  38.977 0.0000000000
49752  42.008  -8.822  35.363 0.0000000000
50758  45.190  -7.093  39.247 0.0000000000
59948  52.841  2.440  4.152 0.0000000000
98433  54.164  1.599  1.711 0.0000000000
59946  54.954  3.183  3.137 0.0000000000
104236  57.639  3.404  2.937 0.0000000000
60057  61.980  1.931  -4.558 0.0000000000
59049  60.683  0.343  -2.710 0.0000000000
59008  63.365  0.890  0.049 0.0000000000
58022  59.210  0.367  -0.768 0.0000000000
45131  35.765  -10.254  46.314 0.0000000000
105536  37.921  -13.050  44.778 0.0000000000
43999  38.479  -14.240  49.226 0.0000000000
34699  29.474  -22.918  44.659 0.0000000000
34667  31.702  -22.329  46.932 0.0000000000
32745  29.324  -24.335  45.647 0.0000000000
59906  52.525  1.855  6.468 0.0000000000
108981  55.008  2.433  9.170 0.0000000000
91769  53.027  0.729  9.165 0.0000000000
58900  53.560  0.626  11.452 0.0000000000
57889  55.921  -0.848  14.304 0.0000000000
52939  44.130  -5.211  17.034 0.0000000000
53962  46.115  -4.221  15.949 0.0000000000
53932  44.485  -2.991  18.083 0.0000000000
50871  38.683  -7.638  29.508 0.0000000000
53667  45.869  -4.696  41.792 0.0000000000
99131  21.483  -17.061  51.777 0.0000000000
35741  22.724  -21.211  49.843 0.0000000000
38675  23.188  -18.111  52.726 0.0000000000
52962  42.224  -4.928  15.992 0.0000000000
52923  41.921  -4.994  17.679 0.0000000000
53899  41.169  -3.449  20.476 0.0000000000
55864  41.485  -2.423  22.667 0.0000000000
45234  37.036  -13.022  33.979 0.0000000000
46292  40.495  -11.421  38.429 0.0000000000
48586  40.624  -9.318  41.608 0.0000000000
99380  41.578  -14.406  43.752 0.0000000000
104841  41.788  -10.551  44.687 0.0000000000
37773  37.047  -18.019  43.821 0.0000000000
103620  38.340  -21.741  39.693 0.0000000000
38739  37.107  -16.704  40.532 0.0000000000
103899  34.727  -19.604  39.474 0.0000000000
103490  31.803  -22.774  39.155 0.0000000000
107501  28.245  -19.386  42.182 0.0000000000
36829  29.261  -20.719  40.459 0.0000000000
35809  29.070  -21.870  42.345 0.0000000000
34715  25.586  -22.326  43.372 0.0000000000
37759  24.195  -18.849  46.763 0.0000000000
39658  22.491  -17.084  48.934 0.0000000000
41780  33.801  -13.071  38.518 0.0000000000
93743  31.925  -13.073  39.918 0.0000000000
44072  33.654  -12.314  42.746 0.0000000000
93792  33.418  -10.402  47.661 0.0000000000
41688  34.351  -15.046  47.454 0.0000000000
89805  61.360  3.458  9.159 0.0000000000
89835  59.791  2.515  12.424 0.0000000000
56979  48.736  -1.610  11.251 0.0000000000
56967  51.358  -1.240  12.896 0.0000000000
56934  55.460  -1.782  16.432 0.0000000000
98351  49.513  -3.036  15.978 0.0000000000
55950  53.287  -2.325  16.952 0.0000000000
52850  38.033  -4.649  23.154 0.0000000000
92294  40.114  -2.250  24.525 0.0000000000
90408  43.047  -1.652  26.858 0.0000000000
49787  39.895  -8.569  32.305 0.0000000000
51799  41.957  -6.101  32.802 0.0000000000
53692  46.123  -4.208  38.247 0.0000000000
54759  45.285  -3.450  35.869 0.0000000000
98010  43.281  -3.130  32.783 0.0000000000
56772  45.473  -1.400  31.750 0.0000000000
104103  48.013  -1.326  30.774 0.0000000000
60015  57.337  1.509  -0.501 0.0000000000
104678  59.095  2.003  1.112 0.0000000000
62548  60.569  5.059  3.290 0.0000000000
38723  38.745  -18.393  45.019 0.0000000000
105339  24.164  -19.762  48.720 0.0000000000
34669  24.612  -22.231  47.316 0.0000000000
36767  24.048  -20.758  48.294 0.0000000000
56865  42.665  -1.298  22.570 0.0000000000
56864  43.473  -1.053  22.242 0.0000000000
40548  18.294  -16.646  58.749 0.0000000000
42861  35.930  -12.741  39.469 0.0000000000
44109  37.237  -13.017  40.126 0.0000000000
44084  37.083  -12.598  41.756 0.0000000000
40653  28.230  -16.088  47.586 0.0000000000
40669  30.464  -17.083  47.157 0.0000000000
40688  28.188  -17.329  45.583 0.0000000000
41753  30.770  -15.238  42.699 0.0000000000
41705  27.085  -15.088  46.603 0.0000000000
42788  28.897  -14.658  48.802 0.0000000000
103030  32.940  -22.041  43.347 0.0000000000
35777  32.559  -21.505  45.303 0.0000000000
59917  54.450  3.415  6.067 0.0000000000
90368  55.651  3.923  6.502 0.0000000000
103944  54.716  2.923  7.329 0.0000000000
57856  59.604  0.118  17.434 0.0000000000
58829  60.937  1.142  18.339 0.0000000000
55017  44.925  -3.658  13.994 0.0000000000
55016  46.365  -3.350  13.626 0.0000000000
110661  45.716  -4.157  14.879 0.0000000000
52796  38.194  -5.989  28.189 0.0000000000
53796  38.939  -4.816  28.273 0.0000000000
53820  39.355  -4.122  28.038 0.0000000000
53780  40.233  -4.263  29.588 0.0000000000
49694  43.017  -8.166  40.168 0.0000000000
49719  43.587  -8.607  38.650 0.0000000000
50719  45.072  -7.140  40.936 0.0000000000
59929  53.368  2.815  4.421 0.0000000000
92527  53.419  2.582  3.410 0.0000000000
59928  53.983  3.269  4.652 0.0000000000
60815  54.784  3.646  4.267 0.0000000000
60046  59.536  1.520  -3.548 0.0000000000
60032  59.272  1.021  -2.973 0.0000000000
58032  60.492  -0.177  -1.005 0.0000000000
59040  58.875  0.789  -1.691 0.0000000000
45106  35.198  -11.303  47.718 0.0000000000
94721  36.560  -12.514  47.600 0.0000000000
43990  36.377  -13.404  50.375 0.0000000000
33691  27.586  -23.500  44.496 0.0000000000
33679  29.516  -23.531  45.337 0.0000000000
33680  28.009  -24.148  45.046 0.0000000000
31879  26.825  -25.405  46.788 0.0000000000
31877  28.371  -25.729  46.061 0.0000000000
58932  51.260  1.261  6.697 0.0000000000
58913  52.678  0.986  7.977 0.0000000000
58914  51.900  0.488  8.025 0.0000000000
57910  51.308  -0.510  10.298 0.0000000000
57909  52.126  -0.120  10.077 0.0000000000
58894  53.052  0.189  11.991 0.0000000000
57900  54.261  -0.029  12.824 0.0000000000
97935  52.659  -0.409  12.495 0.0000000000
53933  43.360  -4.156  18.048 0.0000000000
54966  44.725  -3.718  17.469 0.0000000000
54946  43.675  -3.227  18.377 0.0000000000
59921  51.490  1.864  5.278 0.0000000000
39616  22.108  -17.570  53.187 0.0000000000
40584  20.621  -16.987  54.067 0.0000000000
107711  41.482  -5.006  16.071 0.0000000000
52941  42.477  -5.461  17.174 0.0000000000
52942  41.435  -5.515  17.261 0.0000000000
53901  39.642  -5.116  20.707 0.0000000000
53900  40.404  -4.260  20.341 0.0000000000
53887  40.821  -3.650  21.115 0.0000000000
94821  41.272  -2.979  21.345 0.0000000000
54893  40.762  -2.725  23.036 0.0000000000
44163  35.566  -13.586  34.259 0.0000000000
45180  39.331  -12.428  40.137 0.0000000000
45197  39.354  -12.319  38.396 0.0000000000
100604  40.493  -11.454  40.006 0.0000000000
47391  41.061  -10.106  40.190 0.0000000000
47383  40.944  -10.214  41.533 0.0000000000
94909  39.482  -14.216  45.671 0.0000000000
42816  39.858  -14.129  44.045 0.0000000000
42797  40.928  -14.800  45.130 0.0000000000
46224  42.042  -11.641  46.228 0.0000000000
96861  41.472  -8.920  44.888 0.0000000000
40684  35.020  -16.469  44.410 0.0000000000
95170  36.901  -17.027  42.023 0.0000000000
39700  35.212  -16.449  43.130 0.0000000000
39733  32.920  -17.953  41.227 0.0000000000
90939  35.486  -17.800  39.872 0.0000000000
90429  33.947  -18.991  39.720 0.0000000000
102982  33.681  -21.396  38.494 0.0000000000
102973  32.264  -19.830  38.952 0.0000000000
38742  27.500  -19.067  42.961 0.0000000000
100639  25.585  -19.140  43.309 0.0000000000
37799  27.852  -20.426  41.523 0.0000000000
36831  27.651  -21.060  41.490 0.0000000000
35820  29.164  -21.552  41.147 0.0000000000
35811  27.460  -21.692  41.942 0.0000000000
110150  27.092  -22.481  43.017 0.0000000000
34730  26.001  -22.092  42.669 0.0000000000
95469  23.346  -17.664  48.155 0.0000000000
41816  32.968  -14.858  36.604 0.0000000000
41805  32.482  -14.571  37.020 0.0000000000
42834  30.593  -12.706  43.187 0.0000000000
42854  31.881  -12.329  41.229 0.0000000000
42853  32.696  -11.761  40.796 0.0000000000
44053  32.756  -12.517  44.032 0.0000000000
45143  33.420  -11.997  44.877 0.0000000000
45133  32.104  -12.174  46.068 0.0000000000
42802  32.694  -14.777  48.341 0.0000000000
42786  33.024  -13.759  48.369 0.0000000000
41700  33.975  -15.029  45.950 0.0000000000
40667  35.369  -16.491  45.453 0.0000000000
90452  37.482  -22.491  39.978 0.0000000000
105712  24.329  -22.305  50.060 0.0000000000
108127  25.418  -22.960  49.467 0.0000000000
89837  58.710  5.276  7.356 0.0000000000
104010  60.353  4.571  9.169 0.0000000000
90315  61.126  4.472  8.862 0.0000000000
102856  61.793  3.479  10.090 0.0000000000
103906  62.846  2.980  10.407 0.0000000000
89824  55.352  2.190  10.659 0.0000000000
103512  56.800  2.592  11.059 0.0000000000
106736  57.631  1.773  12.200 0.0000000000
59868  63.017  2.378  14.584 0.0000000000
55990  49.486  -2.493  13.604 0.0000000000
105669  49.884  -2.051  13.148 0.0000000000
55988  51.198  -2.051  13.763 0.0000000000
96382  54.039  -1.752  14.677 0.0000000000
56941  53.506  -2.202  15.168 0.0000000000
54976  47.409  -3.588  16.384 0.0000000000
54989  47.795  -3.684  15.549 0.0000000000
54975  48.243  -3.297  16.365 0.0000000000
90538  37.453  -4.468  23.808 0.0000000000
55810  40.559  -2.439  27.180 0.0000000000
90426  39.799  -2.052  25.367 0.0000000000
55829  40.858  -1.900  26.563 0.0000000000
91083  41.324  -1.437  25.793 0.0000000000
90336  42.891  -1.993  27.773 0.0000000000
46343  37.755  -11.880  33.020 0.0000000000
47444  38.813  -10.824  33.132 0.0000000000
50807  42.628  -7.603  35.625 0.0000000000
49764  41.086  -8.664  34.166 0.0000000000
50829  41.937  -7.113  34.052 0.0000000000
50836  41.079  -7.258  32.727 0.0000000000
52733  42.835  -5.672  34.270 0.0000000000
53675  46.322  -4.275  40.165 0.0000000000
56722  45.966  -2.062  35.156 0.0000000000
54772  44.385  -3.431  34.442 0.0000000000
55761  45.113  -2.128  33.925 0.0000000000
55768  44.158  -2.119  32.683 0.0000000000
56758  46.317  -1.246  33.029 0.0000000000
105602  54.824  1.476  1.579 0.0000000000
60003  56.937  1.470  0.225 0.0000000000
98997  57.964  1.351  0.084 0.0000000000
97643  57.358  1.549  0.970 0.0000000000
61722  57.768  4.822  3.866 0.0000000000
62564  58.995  4.519  2.950 0.0000000000
62549  59.550  5.057  3.480 0.0000000000
63408  61.871  6.266  4.527 0.0000000000
59046  63.883  0.812  -2.964 0.0000000000
60876  62.899  1.907  1.351 0.0000000000
97663  63.870  2.759  2.713 0.0000000000
62559  62.885  3.725  3.682 0.0000000000
40623  35.875  -16.047  48.622 0.0000000000
41651  36.647  -15.300  50.444 0.0000000000
39656  37.133  -17.066  48.243 0.0000000000
34679  25.122  -22.742  45.982 0.0000000000
32748  26.715  -24.256  45.728 0.0000000000
33675  25.586  -23.340  46.430 0.0000000000
33668  25.559  -23.392  47.305 0.0000000000
32732  26.032  -23.987  47.688 0.0000000000
93477  49.545  -0.805  9.013 0.0000000000
57912  49.518  -1.117  9.671 0.0000000000
54912  42.182  -2.624  19.916 0.0000000000
54927  43.260  -2.619  18.945 0.0000000000
55875  43.239  -1.486  21.008 0.0000000000
56876  43.830  -1.143  21.524 0.0000000000
39602  19.466  -17.168  55.891 0.0000000000
39588  18.567  -16.873  57.742 0.0000000000
40552  19.272  -16.673  58.588 0.0000000000
52925  40.099  -5.320  18.169 0.0000000000
53889  39.379  -4.948  21.660 0.0000000000
44154  35.787  -13.834  35.736 0.0000000000
44138  36.727  -13.457  37.971 0.0000000000
92473  37.900  -12.991  39.936 0.0000000000
45171  39.508  -12.734  41.008 0.0000000000
41702  32.375  -15.756  47.434 0.0000000000
40700  34.446  -16.400  43.114 0.0000000000
40685  31.932  -16.182  44.920 0.0000000000
40703  31.629  -16.731  44.123 0.0000000000
38750  31.229  -18.086  41.938 0.0000000000
96991  24.606  -17.951  45.065 0.0000000000
40673  23.254  -16.935  44.982 0.0000000000
42835  30.202  -12.860  43.964 0.0000000000
44056  29.986  -13.231  45.461 0.0000000000
44042  30.628  -12.758  46.449 0.0000000000
105981  29.314  -13.364  48.178 0.0000000000
42803  31.750  -15.576  49.341 0.0000000000
91293  35.120  -23.549  41.614 0.0000000000
62532  56.524  4.566  4.887 0.0000000000
110073  57.797  5.149  6.607 0.0000000000
105452  56.331  4.269  6.646 0.0000000000
103050  57.704  4.003  8.778 0.0000000000
102935  58.736  3.953  9.664 0.0000000000
58882  57.783  0.657  13.397 0.0000000000
58880  59.714  0.957  14.020 0.0000000000
58866  60.966  0.908  16.004 0.0000000000
59829  61.928  1.615  17.490 0.0000000000
56010  46.756  -2.365  12.077 0.0000000000
55993  46.859  -2.870  12.902 0.0000000000
55992  47.842  -2.827  13.164 0.0000000000
54999  48.984  -3.073  14.635 0.0000000000
104988  49.537  -2.813  17.288 0.0000000000
53851  37.012  -3.705  25.974 0.0000000000
54865  37.676  -3.538  25.324 0.0000000000
53841  37.986  -3.681  27.001 0.0000000000
54839  39.631  -3.306  27.586 0.0000000000
97733  41.581  -2.739  28.942 0.0000000000
47418  41.449  -10.503  36.620 0.0000000000
99026  40.802  -10.439  35.069 0.0000000000
48616  42.684  -9.445  37.248 0.0000000000
49740  43.263  -7.916  36.899 0.0000000000
51759  44.598  -6.489  37.592 0.0000000000
92415  52.141  2.112  2.907 0.0000000000
59986  52.489  2.130  1.989 0.0000000000
92464  52.989  2.101  2.489 0.0000000000
59984  54.580  1.767  2.153 0.0000000000
59965  55.978  2.057  2.079 0.0000000000
102362  56.644  2.495  2.364 0.0000000000
59945  56.403  3.186  2.872 0.0000000000
61723  56.093  4.317  4.057 0.0000000000
60926  60.187  2.758  -4.285 0.0000000000
59062  61.284  0.785  -3.563 0.0000000000
94478  63.325  0.314  -2.188 0.0000000000
59021  64.917  0.732  -0.681 0.0000000000
58019  62.141  0.019  -1.036 0.0000000000
59009  62.310  1.075  -0.062 0.0000000000
60000  60.899  1.730  0.451 0.0000000000
45152  36.248  -11.693  43.731 0.0000000000
45151  37.015  -12.025  43.935 0.0000000000
44040  37.201  -12.260  45.891 0.0000000000
93616  38.054  -13.660  47.102 0.0000000000
96578  38.934  -14.320  47.411 0.0000000000
34697  31.019  -22.127  44.714 0.0000000000
35766  31.723  -21.907  46.412 0.0000000000
34678  30.983  -22.547  46.307 0.0000000000
33672  30.668  -23.341  46.533 0.0000000000
32738  28.959  -25.062  45.815 0.0000000000
32737  29.980  -24.773  45.964 0.0000000000
59919  53.074  2.395  6.133 0.0000000000
103071  54.165  2.549  7.236 0.0000000000
57943  53.424  1.954  7.287 0.0000000000
91344  53.532  1.347  8.618 0.0000000000
59887  54.780  1.543  11.179 0.0000000000
96972  51.758  -0.104  8.764 0.0000000000
58906  53.385  0.726  10.743 0.0000000000
58898  55.129  1.121  11.841 0.0000000000
58878  57.224  -0.056  14.029 0.0000000000
57887  57.577  -0.499  14.721 0.0000000000
57870  57.756  -0.885  16.366 0.0000000000
53964  44.453  -4.836  16.379 0.0000000000
53977  45.586  -4.338  15.432 0.0000000000
53963  45.263  -4.456  16.221 0.0000000000
54978  45.835  -3.895  16.644 0.0000000000
99188  46.279  -3.436  17.052 0.0000000000
55924  44.236  -2.433  18.720 0.0000000000
99086  45.230  -2.342  18.472 0.0000000000
55940  47.317  -2.811  17.839 0.0000000000
51825  39.177  -6.177  29.484 0.0000000000
52685  45.148  -6.130  41.967 0.0000000000
59969  51.311  1.982  2.968 0.0000000000
59931  51.523  1.998  4.380 0.0000000000
59930  52.244  2.238  4.800 0.0000000000
62619  57.532  4.556  -3.414 0.0000000000
61817  57.096  4.168  -2.791 0.0000000000
39636  21.876  -17.236  51.110 0.0000000000
37744  23.710  -19.885  49.794 0.0000000000
39634  23.419  -17.870  51.741 0.0000000000
37734  22.478  -19.800  51.045 0.0000000000
36752  21.902  -20.515  51.100 0.0000000000
40571  21.641  -17.178  55.469 0.0000000000
55003  44.302  -3.882  14.500 0.0000000000
53992  42.806  -3.911  14.695 0.0000000000
52960  43.974  -4.656  15.722 0.0000000000
52951  43.795  -5.199  16.627 0.0000000000
53951  42.996  -4.913  17.573 0.0000000000
53934  42.421  -4.319  18.221 0.0000000000
53936  40.588  -4.860  18.629 0.0000000000
53920  41.100  -4.095  19.088 0.0000000000
54929  41.634  -3.340  19.688 0.0000000000
54913  41.731  -2.748  20.523 0.0000000000
55863  42.146  -1.964  22.105 0.0000000000
56856  42.493  -1.289  23.418 0.0000000000
45232  38.385  -12.349  34.432 0.0000000000
44144  37.930  -13.071  36.255 0.0000000000
45214  39.290  -12.248  36.679 0.0000000000
46307  40.507  -11.389  36.665 0.0000000000
47404  41.676  -10.306  38.334 0.0000000000
48603  41.971  -9.153  39.781 0.0000000000
49695  41.535  -8.030  41.554 0.0000000000
44068  38.233  -13.213  43.321 0.0000000000
44082  39.731  -13.577  42.379 0.0000000000
45162  41.006  -12.853  42.073 0.0000000000
45127  42.367  -13.328  45.213 0.0000000000
45150  42.538  -12.944  43.709 0.0000000000
102044  41.446  -11.005  42.675 0.0000000000
48575  40.537  -9.525  42.861 0.0000000000
49680  40.555  -8.129  43.023 0.0000000000
51702  41.473  -6.639  43.771 0.0000000000
36783  38.867  -18.467  42.883 0.0000000000
103044  39.296  -18.771  40.556 0.0000000000
90384  38.174  -19.738  39.696 0.0000000000
103072  37.002  -20.800  39.593 0.0000000000
40713  35.436  -16.724  41.292 0.0000000000
102941  36.610  -18.057  39.069 0.0000000000
104090  35.706  -21.368  39.588 0.0000000000
103087  33.931  -22.232  39.077 0.0000000000
102990  32.982  -23.160  39.389 0.0000000000
103962  31.426  -21.807  42.804 0.0000000000
96005  28.182  -17.915  44.914 0.0000000000
38740  29.392  -18.368  43.533 0.0000000000
38751  30.148  -18.648  41.870 0.0000000000
37790  27.319  -19.887  41.877 0.0000000000
37797  29.605  -19.850  40.514 0.0000000000
91822  30.472  -19.701  39.658 0.0000000000
103086  30.290  -21.508  39.537 0.0000000000
103863  30.667  -21.813  41.843 0.0000000000
35798  30.667  -21.674  43.095 0.0000000000
35799  29.204  -22.177  43.426 0.0000000000
34700  28.124  -22.968  44.001 0.0000000000
34703  25.312  -22.514  44.225 0.0000000000
37775  24.725  -19.864  44.854 0.0000000000
107137  24.602  -21.634  44.306 0.0000000000
34689  24.614  -22.163  45.474 0.0000000000
36776  24.016  -20.062  47.093 0.0000000000
38701  23.883  -19.102  48.142 0.0000000000
39648  22.507  -17.361  49.591 0.0000000000
39644  21.490  -17.018  50.363 0.0000000000
98955  20.547  -16.880  51.726 0.0000000000
92631  33.525  -14.881  36.090 0.0000000000
42890  34.725  -13.775  37.669 0.0000000000
42851  34.677  -11.877  40.300 0.0000000000
41781  32.872  -13.123  39.044 0.0000000000
42852  33.718  -11.667  40.508 0.0000000000
44071  34.497  -12.234  42.748 0.0000000000
106647  34.769  -10.735  45.650 0.0000000000
46226  33.889  -9.633  47.429 0.0000000000
44014  34.340  -12.632  48.431 0.0000000000
44028  32.433  -12.616  47.973 0.0000000000
42784  34.040  -13.959  48.374 0.0000000000
41679  34.731  -15.017  48.193 0.0000000000
41687  35.082  -15.716  47.281 0.0000000000
38725  36.923  -17.778  45.147 0.0000000000
35752  23.969  -21.684  48.602 0.0000000000
32726  26.054  -23.961  48.604 0.0000000000
90347  58.988  5.167  8.001 0.0000000000
89825  55.599  2.851  9.258 0.0000000000
90845  57.340  3.250  10.315 0.0000000000
90719  60.620  3.258  11.622 0.0000000000
107473  60.560  1.800  13.651 0.0000000000
91014  63.204  3.446  12.164 0.0000000000
91811  63.628  3.617  11.164 0.0000000000
56997  48.838  -1.270  9.893 0.0000000000
56988  50.150  -1.134  11.086 0.0000000000
56020  48.148  -1.948  11.826 0.0000000000
56978  49.590  -1.417  11.561 0.0000000000
57903  51.124  -0.780  12.103 0.0000000000
57896  53.052  -0.821  13.178 0.0000000000
56939  56.491  -1.379  15.615 0.0000000000
56905  57.759  -1.125  17.645 0.0000000000
53975  47.061  -3.868  15.064 0.0000000000
95099  48.446  -3.454  14.935 0.0000000000
55964  50.157  -2.865  15.024 0.0000000000
54973  50.036  -2.893  16.615 0.0000000000
55953  50.859  -2.823  16.126 0.0000000000
55961  52.450  -2.496  15.746 0.0000000000
56922  54.769  -2.009  16.988 0.0000000000
96550  57.455  -1.421  18.450 0.0000000000
52860  38.542  -5.262  21.806 0.0000000000
53878  38.900  -4.621  22.606 0.0000000000
104373  38.275  -3.429  24.663 0.0000000000
89709  39.310  -3.229  23.772 0.0000000000
93563  39.998  -2.962  23.361 0.0000000000
55846  40.874  -1.823  24.208 0.0000000000
56846  41.472  -1.432  24.731 0.0000000000
89715  43.318  -1.475  25.878 0.0000000000
48649  39.615  -9.816  33.379 0.0000000000
49813  39.327  -8.004  31.041 0.0000000000
50846  39.692  -7.249  30.791 0.0000000000
52757  41.067  -5.832  31.121 0.0000000000
52693  45.682  -5.735  40.275 0.0000000000
52705  45.566  -5.506  38.481 0.0000000000
52717  45.212  -5.022  36.915 0.0000000000
54739  45.983  -3.741  37.311 0.0000000000
108305  44.326  -4.539  35.588 0.0000000000
53724  43.637  -4.584  34.449 0.0000000000
53748  42.674  -4.604  32.866 0.0000000000
53759  41.686  -4.521  31.216 0.0000000000
54807  41.954  -3.283  30.852 0.0000000000
55783  42.063  -2.780  30.348 0.0000000000
56786  43.806  -1.803  30.024 0.0000000000
58663  48.134  -0.226  32.693 0.0000000000
89727  46.355  -1.316  31.367 0.0000000000
89716  45.231  -1.625  29.870 0.0000000000
104109  46.385  -1.511  29.340 0.0000000000
106744  56.883  3.027  -1.872 0.0000000000
60902  57.227  2.185  -1.697 0.0000000000
60014  58.157  1.277  -0.810 0.0000000000
60001  60.051  1.821  0.385 0.0000000000
60859  61.183  2.258  1.678 0.0000000000
60841  58.117  2.679  2.648 0.0000000000
61761  59.946  2.746  2.395 0.0000000000
61743  61.398  3.279  2.987 0.0000000000
62538  62.607  4.750  3.881 0.0000000000
36807  39.988  -19.160  41.717 0.0000000000
36795  39.737  -18.974  42.985 0.0000000000
38695  23.750  -18.491  49.645 0.0000000000
37743  24.114  -19.585  49.366 0.0000000000
56844  43.284  -1.242  23.880 0.0000000000
56855  43.427  -1.053  23.011 0.0000000000
44111  35.669  -12.456  40.291 0.0000000000
44100  36.340  -12.658  41.087 0.0000000000
40672  26.738  -16.121  46.939 0.0000000000
40671  27.471  -16.573  46.407 0.0000000000
41706  26.625  -15.851  46.837 0.0000000000
40654  26.946  -15.660  47.229 0.0000000000
92867  32.191  -21.781  43.530 0.0000000000
103964  32.881  -21.578  44.307 0.0000000000
103255  54.906  3.481  6.594 0.0000000000
102946  54.380  2.997  6.749 0.0000000000
58808  60.142  0.490  18.493 0.0000000000
58793  60.415  0.398  19.544 0.0000000000
53988  45.817  -3.843  14.286 0.0000000000
52781  39.049  -5.696  29.169 0.0000000000
52795  38.726  -5.505  28.607 0.0000000000
52794  39.237  -4.999  29.057 0.0000000000
110506  39.333  -4.586  28.574 0.0000000000
53781  39.864  -4.837  29.608 0.0000000000
93608  43.293  -7.334  41.321 0.0000000000
50741  43.696  -7.774  40.656 0.0000000000
109718  43.785  -6.837  41.569 0.0000000000
91839  53.488  2.868  5.418 0.0000000000
59918  53.981  3.234  5.703 0.0000000000
60808  54.435  3.537  5.273 0.0000000000
60047  58.893  1.727  -3.193 0.0000000000
60909  58.198  2.007  -2.794 0.0000000000
60033  58.604  1.248  -2.375 0.0000000000
60034  57.855  1.679  -2.044 0.0000000000
44002  35.389  -13.444  48.883 0.0000000000
44001  36.049  -13.209  49.400 0.0000000000
43991  35.779  -13.674  50.134 0.0000000000
33692  26.647  -23.320  44.571 0.0000000000
33681  27.084  -23.986  45.066 0.0000000000
58918  51.574  0.969  7.349 0.0000000000
58919  50.764  0.799  7.215 0.0000000000
57906  51.995  -0.185  10.999 0.0000000000
94902  52.338  -0.175  11.804 0.0000000000
104812  51.664  -0.464  11.701 0.0000000000
108362  44.034  -3.816  17.876 0.0000000000
40585  19.903  -17.045  53.570 0.0000000000
53965  40.814  -4.671  15.743 0.0000000000
52954  40.850  -5.242  16.605 0.0000000000
52943  40.460  -5.360  17.441 0.0000000000
53888  40.254  -4.375  21.376 0.0000000000
53876  40.767  -3.622  21.905 0.0000000000
53862  40.367  -3.323  22.677 0.0000000000
45179  40.090  -12.232  40.485 0.0000000000
46279  39.980  -11.973  39.748 0.0000000000
110698  40.328  -11.901  40.201 0.0000000000
47392  40.952  -10.785  40.560 0.0000000000
46269  41.161  -11.322  41.211 0.0000000000
94671  40.423  -14.784  45.825 0.0000000000
42798  40.180  -14.408  44.960 0.0000000000
39699  35.974  -17.144  43.521 0.0000000000
95442  34.525  -15.924  43.821 0.0000000000
38760  32.792  -18.689  40.065 0.0000000000
109905  33.101  -19.494  39.345 0.0000000000
106587  31.501  -18.978  39.792 0.0000000000
36808  25.911  -20.524  42.681 0.0000000000
36820  26.414  -20.935  42.242 0.0000000000
35812  26.571  -21.646  42.271 0.0000000000
34729  26.788  -22.156  42.493 0.0000000000
36809  25.417  -20.849  43.181 0.0000000000
42846  31.469  -12.387  42.235 0.0000000000
42833  31.211  -12.506  42.744 0.0000000000
42832  31.863  -11.991  42.293 0.0000000000
44054  31.895  -12.671  44.624 0.0000000000
45144  32.689  -12.343  45.081 0.0000000000
41701  33.241  -15.154  46.244 0.0000000000
92094  34.226  -15.548  44.703 0.0000000000
40668  34.596  -15.744  45.541 0.0000000000
103393  36.783  -22.391  40.071 0.0000000000
34637  23.821  -22.278  50.831 0.0000000000
63411  58.937  5.553  5.923 0.0000000000
62531  57.932  5.255  5.874 0.0000000000
102934  60.931  4.110  9.944 0.0000000000
59885  56.465  1.898  11.564 0.0000000000
59875  57.755  1.369  12.659 0.0000000000
55989  50.241  -2.312  13.752 0.0000000000
56951  52.097  -2.012  14.184 0.0000000000
55974  51.470  -2.495  14.701 0.0000000000
54964  47.055  -3.253  17.122 0.0000000000
91172  36.910  -4.309  24.467 0.0000000000
94587  41.525  -2.590  28.085 0.0000000000
101776  41.416  -2.233  27.292 0.0000000000
105194  41.614  -1.737  26.638 0.0000000000
103375  42.076  -2.244  27.725 0.0000000000
96105  38.609  -11.808  33.923 0.0000000000
46334  38.386  -11.464  33.337 0.0000000000
46333  38.989  -11.191  33.809 0.0000000000
51776  42.747  -6.775  35.381 0.0000000000
93615  42.284  -7.270  34.917 0.0000000000
51782  42.511  -6.484  34.546 0.0000000000
51781  42.915  -5.945  35.099 0.0000000000
57671  46.929  -0.626  35.270 0.0000000000
56733  45.862  -1.881  34.317 0.0000000000
56744  46.367  -1.299  33.871 0.0000000000
56745  45.697  -1.656  33.489 0.0000000000
57680  47.594  -0.089  33.927 0.0000000000
95833  55.364  1.471  1.098 0.0000000000
60004  56.041  1.535  0.472 0.0000000000
92843  56.640  1.525  0.890 0.0000000000
59981  56.745  1.787  1.652 0.0000000000
62550  58.606  5.032  3.665 0.0000000000
62539  59.165  5.450  4.460 0.0000000000
59045  64.800  0.941  -2.957 0.0000000000
59033  65.549  0.505  -2.079 0.0000000000
101923  62.893  2.133  2.058 0.0000000000
60857  63.716  2.036  1.869 0.0000000000
61757  63.329  2.460  2.490 0.0000000000
61741  63.013  3.101  3.089 0.0000000000
39668  36.597  -17.100  47.446 0.0000000000
40637  36.413  -16.672  48.177 0.0000000000
104783  37.114  -17.466  47.363 0.0000000000
34680  24.642  -22.178  46.412 0.0000000000
34668  25.072  -22.812  46.872 0.0000000000
55889  42.594  -2.185  20.592 0.0000000000
39596  18.911  -17.115  56.700 0.0000000000
40547  18.741  -16.535  58.739 0.0000000000
40546  19.129  -16.847  59.044 0.0000000000
109794  35.308  -13.946  37.088 0.0000000000
42903  35.961  -13.738  37.292 0.0000000000
105341  37.846  -12.943  40.585 0.0000000000
44121  37.288  -13.080  39.358 0.0000000000
44108  38.595  -12.796  40.558 0.0000000000
109008  38.852  -12.906  41.157 0.0000000000
41720  32.499  -15.719  45.578 0.0000000000
41721  31.535  -16.660  46.676 0.0000000000
40687  29.823  -17.185  45.444 0.0000000000
40686  31.066  -16.717  45.393 0.0000000000
40704  30.804  -17.048  44.426 0.0000000000
39709  31.291  -17.390  43.260 0.0000000000
41722  29.246  -14.201  44.784 0.0000000000
41739  30.305  -14.462  43.633 0.0000000000
42819  29.609  -13.572  44.926 0.0000000000
98774  29.573  -13.084  47.068 0.0000000000
44030  28.518  -13.565  47.619 0.0000000000
41690  29.376  -15.933  49.062 0.0000000000
92109  29.865  -15.335  49.635 0.0000000000
41689  30.491  -16.188  49.656 0.0000000000
102875  34.281  -23.577  41.343 0.0000000000
103960  34.456  -22.450  44.282 0.0000000000
90541  56.143  4.347  5.812 0.0000000000
104033  56.099  3.755  7.836 0.0000000000
103070  56.265  4.054  7.214 0.0000000000
103097  56.965  3.974  8.390 0.0000000000
104026  57.549  3.664  9.399 0.0000000000
58875  59.849  0.578  14.783 0.0000000000
58867  59.981  0.398  15.612 0.0000000000
59818  61.475  1.261  18.391 0.0000000000
56011  45.559  -2.573  12.410 0.0000000000
110472  46.233  -2.616  12.447 0.0000000000
55015  47.264  -3.293  13.770 0.0000000000
55000  48.257  -3.132  14.066 0.0000000000
53843  36.422  -4.050  26.442 0.0000000000
53842  37.150  -3.791  26.765 0.0000000000
54856  37.746  -3.432  26.191 0.0000000000
53794  40.423  -3.721  29.144 0.0000000000
54822  40.045  -3.594  28.336 0.0000000000
54821  40.853  -3.113  28.474 0.0000000000
47410  42.175  -10.062  37.583 0.0000000000
47417  42.128  -10.083  36.821 0.0000000000
48611  42.419  -9.638  38.198 0.0000000000
50759  44.778  -7.784  39.656 0.0000000000
49731  43.587  -8.267  37.785 0.0000000000
104343  43.912  -7.768  37.833 0.0000000000
50782  43.777  -7.560  37.371 0.0000000000
51751  44.956  -6.823  38.370 0.0000000000
92510  52.903  2.271  3.198 0.0000000000
59967  54.221  2.706  2.912 0.0000000000
59966  55.128  2.303  2.448 0.0000000000
92032  55.803  2.871  2.699 0.0000000000
60814  55.387  4.088  4.386 0.0000000000
59063  60.180  0.941  -3.475 0.0000000000
59048  61.762  0.319  -2.783 0.0000000000
59047  62.854  0.469  -2.889 0.0000000000
59036  62.290  -0.025  -1.885 0.0000000000
92474  63.171  0.147  -1.354 0.0000000000
59037  61.143  -0.054  -1.872 0.0000000000
58033  59.549  -0.105  -1.031 0.0000000000
100165  61.290  0.048  -0.830 0.0000000000
58020  60.681  0.415  -0.395 0.0000000000
59010  61.318  1.126  0.016 0.0000000000
59011  60.402  1.293  0.132 0.0000000000
99024  36.019  -10.547  45.455 0.0000000000
45141  36.443  -11.325  44.659 0.0000000000
45130  36.463  -11.258  45.563 0.0000000000
44011  37.390  -13.304  47.893 0.0000000000
44024  37.237  -12.781  46.825 0.0000000000
44010  38.271  -13.959  48.199 0.0000000000
42771  39.042  -14.638  48.405 0.0000000000
98972  30.221  -22.441  44.544 0.0000000000
34687  30.575  -22.514  45.405 0.0000000000
34688  29.960  -22.871  45.200 0.0000000000
33673  30.061  -23.868  46.006 0.0000000000
32736  30.555  -24.249  46.618 0.0000000000
32747  27.517  -24.576  45.586 0.0000000000
32739  27.942  -25.134  45.894 0.0000000000
58930  53.033  1.928  6.866 0.0000000000
58929  53.493  2.373  6.781 0.0000000000
57927  52.995  1.026  8.464 0.0000000000
89804  53.819  1.332  9.360 0.0000000000
89812  54.372  1.678  9.780 0.0000000000
91571  53.919  1.212  10.225 0.0000000000
57929  51.061  -0.007  8.321 0.0000000000
58907  52.702  0.335  10.526 0.0000000000
58905  54.068  1.146  10.959 0.0000000000
58899  54.325  0.892  11.625 0.0000000000
58891  55.550  0.650  12.511 0.0000000000
58892  54.684  0.534  12.323 0.0000000000
57894  55.547  -0.403  13.634 0.0000000000
57893  56.376  -0.286  13.842 0.0000000000
57888  56.733  -0.710  14.499 0.0000000000
57879  57.855  -0.679  15.590 0.0000000000
57880  57.020  -0.979  15.219 0.0000000000
53949  44.597  -4.575  16.910 0.0000000000
53948  45.191  -3.957  16.889 0.0000000000
54965  45.638  -3.360  17.350 0.0000000000
55923  45.987  -2.488  18.148 0.0000000000
50880  38.466  -7.178  28.937 0.0000000000
51837  38.199  -6.711  28.419 0.0000000000
102256  39.055  -6.955  29.576 0.0000000000
59950  50.631  1.916  3.618 0.0000000000
59949  51.398  1.962  3.589 0.0000000000
59907  51.789  1.716  6.178 0.0000000000
59920  52.375  2.133  5.700 0.0000000000
39635  22.869  -17.479  51.415 0.0000000000
108206  22.310  -17.275  51.774 0.0000000000
109131  23.265  -17.921  52.241 0.0000000000
93559  22.039  -19.840  51.763 0.0000000000
94541  20.086  -17.090  56.130 0.0000000000
40573  20.017  -17.024  55.344 0.0000000000
40572  20.782  -17.113  55.861 0.0000000000
55018  44.070  -3.401  13.810 0.0000000000
55004  43.495  -3.658  14.285 0.0000000000
53979  42.461  -4.415  15.344 0.0000000000
94469  43.204  -4.385  15.313 0.0000000000
52961  43.084  -4.786  15.942 0.0000000000
52952  42.845  -5.274  16.622 0.0000000000
53935  41.474  -4.572  18.423 0.0000000000
93651  40.938  -3.898  19.758 0.0000000000
107005  41.620  -2.613  21.978 0.0000000000
55853  41.901  -1.686  23.004 0.0000000000
45246  36.623  -12.947  33.332 0.0000000000
45245  37.317  -12.533  33.469 0.0000000000
45233  37.603  -12.681  34.235 0.0000000000
94219  36.900  -13.528  37.149 0.0000000000
99320  37.152  -13.396  36.344 0.0000000000
100483  37.706  -13.245  36.957 0.0000000000
46301  39.941  -11.896  37.975 0.0000000000
45205  39.380  -12.320  37.528 0.0000000000
46308  39.992  -11.952  37.074 0.0000000000
45221  39.132  -12.142  35.971 0.0000000000
46300  40.541  -11.460  37.543 0.0000000000
47412  41.145  -11.010  37.960 0.0000000000
47405  40.972  -10.867  38.847 0.0000000000
48595  40.912  -9.906  40.957 0.0000000000
104192  41.459  -9.675  39.794 0.0000000000
98584  41.188  -9.328  40.627 0.0000000000
48594  41.908  -8.502  40.586 0.0000000000
48585  40.871  -8.663  41.483 0.0000000000
44052  37.716  -12.795  44.061 0.0000000000
44069  37.419  -12.554  43.238 0.0000000000
102332  40.807  -14.383  43.567 0.0000000000
44067  39.176  -13.694  43.355 0.0000000000
42831  40.162  -14.016  43.025 0.0000000000
44081  40.655  -13.570  42.461 0.0000000000
106657  41.501  -13.315  42.761 0.0000000000
46236  42.160  -11.328  45.106 0.0000000000
46245  42.453  -12.212  44.317 0.0000000000
46246  42.044  -11.338  44.151 0.0000000000
46254  42.240  -12.119  43.511 0.0000000000
101733  41.654  -11.208  43.353 0.0000000000
47374  41.168  -10.324  43.111 0.0000000000
48566  40.930  -9.573  43.492 0.0000000000
49668  41.198  -7.891  44.565 0.0000000000
50705  41.203  -7.375  43.227 0.0000000000
90527  37.981  -18.176  42.842 0.0000000000
103941  38.819  -18.406  41.814 0.0000000000
103229  38.024  -16.893  40.587 0.0000000000
103940  38.666  -17.376  39.391 0.0000000000
103900  38.106  -18.677  39.138 0.0000000000
102983  37.839  -17.744  38.941 0.0000000000
40701  33.387  -16.084  43.606 0.0000000000
40715  33.933  -16.643  42.533 0.0000000000
104030  35.193  -20.581  39.328 0.0000000000
108933  34.872  -21.862  39.482 0.0000000000
90380  33.063  -22.385  38.326 0.0000000000
102884  32.286  -22.806  41.640 0.0000000000
102825  31.269  -22.163  41.433 0.0000000000
38741  28.250  -18.989  43.190 0.0000000000
107653  28.914  -18.536  43.731 0.0000000000
38752  29.073  -18.972  42.535 0.0000000000
38755  26.477  -19.099  41.985 0.0000000000
37791  26.764  -20.017  42.248 0.0000000000
36830  28.465  -20.860  41.027 0.0000000000
37798  28.706  -20.197  41.123 0.0000000000
37805  30.013  -20.633  39.764 0.0000000000
104064  30.759  -20.574  39.131 0.0000000000
102991  30.017  -21.717  40.608 0.0000000000
35808  29.904  -21.754  42.001 0.0000000000
92466  29.846  -21.737  42.959 0.0000000000
34711  30.093  -22.042  43.696 0.0000000000
34714  26.371  -22.479  43.121 0.0000000000
34713  27.796  -22.559  43.327 0.0000000000
34701  27.091  -22.882  43.809 0.0000000000
34702  26.094  -22.812  43.945 0.0000000000
97037  24.821  -18.804  45.158 0.0000000000
38718  24.172  -18.194  46.611 0.0000000000
37767  24.471  -19.581  45.696 0.0000000000
36791  24.335  -20.563  45.502 0.0000000000
35790  24.356  -21.538  45.012 0.0000000000
108378  24.221  -20.074  46.033 0.0000000000
35779  24.312  -21.446  45.948 0.0000000000
94456  24.214  -19.585  46.500 0.0000000000
40624  22.813  -17.080  48.332 0.0000000000
38708  23.654  -18.300  47.936 0.0000000000
39657  23.045  -17.773  49.055 0.0000000000
40595  20.168  -16.732  50.815 0.0000000000
40594  20.974  -17.011  50.984 0.0000000000
41792  33.960  -13.632  37.804 0.0000000000
42905  34.216  -14.141  37.284 0.0000000000
41779  34.645  -13.301  38.262 0.0000000000
42862  35.046  -12.264  39.524 0.0000000000
42876  34.462  -12.617  38.979 0.0000000000
41782  32.231  -13.227  38.870 0.0000000000
41794  32.433  -13.703  38.066 0.0000000000
105277  32.673  -12.802  39.641 0.0000000000
44088  32.790  -11.801  41.982 0.0000000000
42844  33.226  -11.570  41.246 0.0000000000
44087  33.869  -11.964  41.926 0.0000000000
44102  34.256  -11.793  41.126 0.0000000000
45154  34.515  -11.994  43.620 0.0000000000
101284  34.334  -11.603  44.695 0.0000000000
46227  33.587  -10.300  47.189 0.0000000000
46248  33.883  -10.975  45.880 0.0000000000
45118  34.392  -10.361  48.069 0.0000000000
44029  30.469  -13.234  48.273 0.0000000000
45120  31.573  -12.407  47.356 0.0000000000
42800  34.007  -14.846  47.416 0.0000000000
42785  33.679  -13.773  48.366 0.0000000000
42772  34.331  -14.053  48.432 0.0000000000
38726  36.460  -17.470  44.419 0.0000000000
39685  36.220  -17.050  45.647 0.0000000000
89490  37.754  -18.151  44.338 0.0000000000
91598  39.307  -20.556  39.844 0.0000000000
35758  32.260  -21.559  47.118 0.0000000000
34666  32.218  -21.957  47.573 0.0000000000
36761  23.131  -20.788  49.592 0.0000000000
35753  23.549  -21.161  49.158 0.0000000000
99019  25.660  -23.365  49.107 0.0000000000
32725  26.332  -24.653  48.940 0.0000000000
62525  57.777  5.045  7.207 0.0000000000
102936  58.408  5.043  8.000 0.0000000000
90311  61.415  3.973  9.059 0.0000000000
103639  54.421  2.164  8.361 0.0000000000
90428  54.721  2.618  7.945 0.0000000000
91177  55.007  2.648  8.593 0.0000000000
103674  57.659  2.949  11.023 0.0000000000
89829  58.529  2.972  11.318 0.0000000000
104028  58.621  3.537  10.488 0.0000000000
91304  59.615  3.145  11.586 0.0000000000
59869  60.727  1.372  14.332 0.0000000000
89841  59.691  1.672  13.307 0.0000000000
96116  61.822  1.687  14.638 0.0000000000
90520  63.673  2.964  13.025 0.0000000000
103179  64.238  3.249  11.609 0.0000000000
56991  47.602  -1.428  10.287 0.0000000000
56998  48.132  -1.225  9.724 0.0000000000
56990  48.425  -1.461  10.443 0.0000000000
56989  49.375  -1.330  10.570 0.0000000000
56009  47.561  -2.430  12.341 0.0000000000
56961  50.526  -1.690  13.089 0.0000000000
56969  49.898  -1.584  12.453 0.0000000000
56968  50.669  -1.251  12.468 0.0000000000
56977  50.402  -1.098  11.827 0.0000000000
56960  52.241  -0.984  13.026 0.0000000000
56949  54.825  -1.699  15.184 0.0000000000
101194  55.677  -1.615  15.604 0.0000000000
56919  57.243  -1.227  16.935 0.0000000000
56933  56.340  -1.552  16.440 0.0000000000
53976  46.292  -4.089  15.090 0.0000000000
53961  46.864  -3.884  15.749 0.0000000000
54988  48.806  -3.270  15.692 0.0000000000
54987  49.465  -3.033  15.228 0.0000000000
54986  50.147  -2.928  15.708 0.0000000000
55936  53.474  -2.355  17.800 0.0000000000
55952  51.579  -2.605  16.477 0.0000000000
55951  52.415  -2.510  16.596 0.0000000000
99121  52.039  -2.580  16.108 0.0000000000
55960  53.276  -2.380  15.947 0.0000000000
52861  38.009  -5.195  22.289 0.0000000000
104089  38.794  -3.971  23.479 0.0000000000
90797  38.372  -3.081  25.499 0.0000000000
90496  39.140  -2.765  24.692 0.0000000000
89710  39.784  -2.701  24.004 0.0000000000
55855  40.475  -2.463  23.774 0.0000000000
90823  42.299  -1.539  26.274 0.0000000000
56837  42.336  -1.400  25.308 0.0000000000
48632  41.774  -9.458  35.541 0.0000000000
47432  40.292  -10.137  34.414 0.0000000000
48640  40.727  -9.397  34.218 0.0000000000
50831  40.438  -8.422  32.959 0.0000000000
48658  39.989  -9.139  33.020 0.0000000000
48672  39.480  -9.197  32.072 0.0000000000
49799  39.364  -8.574  31.576 0.0000000000
49798  39.768  -7.857  31.665 0.0000000000
51800  41.387  -6.462  32.344 0.0000000000
97571  40.294  -7.139  31.590 0.0000000000
51811  40.901  -6.471  31.617 0.0000000000
51817  40.362  -6.396  30.818 0.0000000000
51810  41.376  -5.954  31.751 0.0000000000
52674  45.465  -5.238  42.356 0.0000000000
52684  45.699  -5.881  41.412 0.0000000000
53684  46.355  -4.290  39.232 0.0000000000
53685  45.888  -4.933  39.741 0.0000000000
95572  45.861  -4.892  38.867 0.0000000000
52709  45.426  -5.309  37.715 0.0000000000
53699  45.681  -4.564  37.470 0.0000000000
55747  46.024  -2.170  36.073 0.0000000000
55737  45.766  -3.051  36.511 0.0000000000
54747  45.421  -4.121  36.530 0.0000000000
53712  44.765  -3.994  35.732 0.0000000000
53713  43.837  -4.841  35.192 0.0000000000
53723  44.266  -4.087  34.929 0.0000000000
54782  43.545  -3.501  33.383 0.0000000000
53747  42.927  -3.732  32.896 0.0000000000
52755  42.199  -4.816  32.011 0.0000000000
54799  42.207  -3.821  31.498 0.0000000000
54800  41.661  -3.825  30.909 0.0000000000
54790  42.738  -3.120  32.143 0.0000000000
56760  44.722  -1.665  32.234 0.0000000000
55775  43.149  -2.335  31.524 0.0000000000
55781  43.813  -1.856  30.944 0.0000000000
55782  42.930  -2.227  30.451 0.0000000000
56773  44.671  -1.660  31.321 0.0000000000
58653  48.175  0.208  33.337 0.0000000000
102898  49.489  1.045  33.153 0.0000000000
57714  47.858  -1.060  31.574 0.0000000000
103893  47.211  -1.305  31.104 0.0000000000
103892  46.566  -1.409  30.580 0.0000000000
91586  46.049  -1.546  29.962 0.0000000000
104105  44.956  -1.617  29.053 0.0000000000
104102  46.841  -1.432  29.924 0.0000000000
61807  56.598  3.865  -2.156 0.0000000000
59985  53.318  1.875  1.830 0.0000000000
60863  52.700  2.232  1.097 0.0000000000
60006  53.668  1.758  1.089 0.0000000000
60026  56.900  1.826  -0.929 0.0000000000
60025  57.625  1.576  -1.264 0.0000000000
95611  59.136  1.568  0.434 0.0000000000
60879  59.775  2.095  0.876 0.0000000000
60878  60.584  2.113  0.885 0.0000000000
60860  60.312  2.288  1.656 0.0000000000
59944  57.184  2.964  2.674 0.0000000000
62563  60.019  4.370  2.892 0.0000000000
61745  59.470  3.604  2.654 0.0000000000
62562  61.052  4.151  3.033 0.0000000000
62546  62.190  4.870  3.298 0.0000000000
62547  61.563  5.079  3.158 0.0000000000
60924  62.141  2.792  -4.873 0.0000000000
59007  64.367  0.856  0.110 0.0000000000
37765  39.105  -18.573  44.172 0.0000000000
105221  24.110  -19.974  47.844 0.0000000000
35759  24.256  -21.545  47.761 0.0000000000
34659  24.498  -22.272  48.208 0.0000000000
56877  42.888  -1.295  21.756 0.0000000000
42874  36.029  -13.162  38.754 0.0000000000
44122  36.636  -12.999  39.457 0.0000000000
44110  36.537  -12.841  40.257 0.0000000000
44099  37.309  -12.841  40.969 0.0000000000
108013  37.802  -12.833  41.679 0.0000000000
41704  29.871  -16.719  48.520 0.0000000000
40670  29.044  -16.802  46.853 0.0000000000
41723  27.820  -15.060  45.654 0.0000000000
42820  28.327  -14.175  45.956 0.0000000000
42805  27.619  -14.120  47.118 0.0000000000
42790  27.096  -14.961  47.316 0.0000000000
41691  28.000  -15.118  47.952 0.0000000000
103956  33.829  -21.916  43.955 0.0000000000
103875  33.529  -21.556  45.056 0.0000000000
36784  33.749  -20.655  46.839 0.0000000000
100200  55.111  3.938  5.504 0.0000000000
103945  55.418  3.534  7.229 0.0000000000
103946  55.833  3.312  8.491 0.0000000000
57877  59.265  -0.103  15.994 0.0000000000
58851  60.069  0.411  16.592 0.0000000000
58830  60.523  0.797  17.591 0.0000000000
58807  60.947  1.038  19.124 0.0000000000
106595  45.518  -3.299  13.502 0.0000000000
55002  46.730  -3.712  14.385 0.0000000000
52813  38.329  -5.177  27.851 0.0000000000
53821  38.563  -4.338  27.609 0.0000000000
53795  39.770  -4.306  28.923 0.0000000000
49706  42.611  -8.663  39.755 0.0000000000
49705  43.409  -8.503  39.414 0.0000000000
49693  43.997  -8.050  39.923 0.0000000000
50739  45.226  -7.242  40.177 0.0000000000
59947  53.786  3.059  3.747 0.0000000000
99558  54.302  3.267  3.687 0.0000000000
59050  59.753  0.501  -2.535 0.0000000000
59051  59.151  0.744  -2.276 0.0000000000
59039  59.400  0.340  -1.716 0.0000000000
58034  59.092  0.282  -1.169 0.0000000000
45117  35.500  -10.308  47.320 0.0000000000
44025  36.354  -11.560  46.652 0.0000000000
45105  35.836  -11.592  47.489 0.0000000000
95458  36.638  -13.144  48.640 0.0000000000
44000  37.599  -13.514  49.239 0.0000000000
33690  28.663  -23.484  44.650 0.0000000000
106031  28.802  -24.060  45.267 0.0000000000
58931  52.042  1.421  6.865 0.0000000000
107835  52.604  1.556  7.012 0.0000000000
58917  52.302  1.163  7.448 0.0000000000
57928  52.474  0.460  8.604 0.0000000000
104898  50.860  -0.674  9.654 0.0000000000
57919  51.573  -0.380  9.496 0.0000000000
58901  52.808  0.312  11.286 0.0000000000
58893  53.844  0.387  12.143 0.0000000000
57901  53.447  -0.218  12.629 0.0000000000
57895  54.715  -0.509  13.460 0.0000000000
53950  44.056  -4.877  17.546 0.0000000000
55904  45.148  -1.999  19.289 0.0000000000
40590  20.027  -16.896  52.554 0.0000000000
40588  21.114  -17.138  52.637 0.0000000000
40589  20.536  -17.072  53.292 0.0000000000
40583  21.353  -17.173  53.635 0.0000000000
52953  41.886  -5.378  16.633 0.0000000000
52924  40.979  -5.288  17.951 0.0000000000
52887  39.697  -5.061  19.694 0.0000000000
53921  40.374  -4.516  19.339 0.0000000000
54892  41.023  -2.914  22.259 0.0000000000
44162  36.390  -13.290  34.123 0.0000000000
45191  38.704  -12.647  38.788 0.0000000000
45198  38.761  -12.638  37.942 0.0000000000
45190  39.310  -12.320  39.271 0.0000000000
46293  39.885  -11.865  38.860 0.0000000000
46285  40.436  -11.420  39.286 0.0000000000
47398  40.846  -10.823  39.723 0.0000000000
42799  38.495  -13.626  45.322 0.0000000000
44051  38.628  -13.555  44.249 0.0000000000
42817  39.325  -13.959  44.855 0.0000000000
42815  40.882  -14.589  44.283 0.0000000000
47354  41.953  -10.614  45.860 0.0000000000
48556  41.483  -9.683  44.333 0.0000000000
109952  36.678  -17.668  43.358 0.0000000000
39707  36.144  -16.621  41.915 0.0000000000
39718  33.438  -17.285  41.879 0.0000000000
40727  34.532  -16.973  41.567 0.0000000000
39732  34.063  -17.867  40.753 0.0000000000
104031  33.432  -20.534  38.626 0.0000000000
90438  32.473  -21.603  38.155 0.0000000000
38753  27.681  -19.389  42.241 0.0000000000
37792  26.055  -19.681  42.647 0.0000000000
106412  26.394  -20.321  42.369 0.0000000000
91587  29.676  -21.254  40.247 0.0000000000
35821  28.351  -21.351  41.323 0.0000000000
35810  28.291  -21.816  41.956 0.0000000000
34727  28.393  -22.209  42.880 0.0000000000
34728  27.587  -22.192  42.543 0.0000000000
35800  25.372  -21.749  43.132 0.0000000000
39670  23.671  -17.744  47.266 0.0000000000
38707  23.900  -18.590  47.334 0.0000000000
41817  32.350  -14.791  36.439 0.0000000000
41804  33.091  -14.294  37.406 0.0000000000
42845  32.272  -11.834  41.590 0.0000000000
44073  32.682  -12.309  42.873 0.0000000000
45155  33.601  -12.270  43.769 0.0000000000
45132  32.969  -11.493  46.144 0.0000000000
45119  32.686  -11.427  47.182 0.0000000000
42801  33.603  -14.689  47.718 0.0000000000
93195  34.275  -15.259  46.407 0.0000000000
40652  34.788  -15.701  46.434 0.0000000000
39692  35.817  -16.977  44.727 0.0000000000
35740  23.475  -21.785  49.566 0.0000000000
93928  25.093  -22.637  49.939 0.0000000000
103096  58.941  4.333  8.888 0.0000000000
103913  61.134  4.310  9.181 0.0000000000
103907  61.394  3.858  9.397 0.0000000000
90675  62.356  3.027  10.047 0.0000000000
89815  54.979  2.250  9.790 0.0000000000
99046  55.677  2.643  10.005 0.0000000000
91622  56.038  2.271  11.053 0.0000000000
59884  57.458  2.235  11.665 0.0000000000
59880  58.433  2.206  12.167 0.0000000000
59857  62.704  1.759  15.928 0.0000000000
56980  47.872  -1.684  11.032 0.0000000000
55991  48.734  -2.661  13.390 0.0000000000
56007  49.262  -2.188  12.858 0.0000000000
94713  51.906  -1.547  13.514 0.0000000000
93667  52.645  -1.475  13.691 0.0000000000
56950  53.015  -1.967  14.525 0.0000000000
56940  54.107  -2.048  15.563 0.0000000000
54977  46.583  -3.749  16.475 0.0000000000
55934  55.149  -2.132  17.898 0.0000000000
106600  37.316  -5.020  23.205 0.0000000000
89706  38.193  -4.026  23.966 0.0000000000
55811  39.927  -2.729  27.172 0.0000000000
54864  39.098  -2.564  25.857 0.0000000000
55830  39.910  -2.181  26.411 0.0000000000
100901  40.421  -1.709  25.826 0.0000000000
91071  40.591  -1.653  25.047 0.0000000000
49751  42.506  -8.399  35.855 0.0000000000
49762  42.171  -8.030  35.180 0.0000000000
49776  41.414  -7.893  34.128 0.0000000000
108428  40.870  -7.878  32.975 0.0000000000
50837  40.400  -7.734  32.362 0.0000000000
50830  41.347  -7.529  33.425 0.0000000000
51790  41.724  -6.780  33.138 0.0000000000
51789  42.374  -6.153  33.549 0.0000000000
53666  46.257  -4.062  41.171 0.0000000000
54715  46.771  -3.564  40.643 0.0000000000
54726  46.786  -3.632  39.732 0.0000000000
102576  46.745  -3.568  38.825 0.0000000000
55748  45.525  -2.754  35.570 0.0000000000
54771  44.896  -3.289  35.079 0.0000000000
55755  45.358  -2.507  34.723 0.0000000000
55756  44.704  -2.794  34.254 0.0000000000
55763  43.824  -2.795  33.073 0.0000000000
55769  43.471  -2.549  32.359 0.0000000000
56746  44.860  -1.802  33.097 0.0000000000
56759  45.525  -1.471  32.631 0.0000000000
107307  54.596  1.539  0.914 0.0000000000
60016  56.485  1.648  -0.254 0.0000000000
60002  58.318  1.636  1.089 0.0000000000
60824  57.619  4.167  3.300 0.0000000000
61746  58.436  3.642  2.811 0.0000000000
61730  58.257  4.478  3.268 0.0000000000
63417  61.171  5.787  3.761 0.0000000000
63418  60.132  5.604  4.079 0.0000000000
59060  63.364  1.125  -3.782 0.0000000000
60043  62.829  1.590  -4.448 0.0000000000
59059  64.364  1.233  -3.944 0.0000000000
59997  63.785  1.468  0.895 0.0000000000
59980  64.550  2.031  1.346 0.0000000000
60839  64.423  2.927  2.794 0.0000000000
41663  35.205  -15.068  49.117 0.0000000000
41652  36.078  -14.708  50.631 0.0000000000
41662  36.072  -15.525  49.716 0.0000000000
40622  36.641  -16.463  49.028 0.0000000000
38716  38.372  -18.009  45.984 0.0000000000
33683  25.679  -23.242  45.590 0.0000000000
33682  26.342  -23.621  45.288 0.0000000000
33674  26.120  -23.811  46.022 0.0000000000
106930  26.448  -24.341  46.359 0.0000000000
32741  26.049  -23.923  46.810 0.0000000000
32740  26.409  -24.711  47.049 0.0000000000
31871  26.563  -25.528  47.592 0.0000000000
57930  50.125  -0.419  8.503 0.0000000000
57920  50.222  -0.827  9.316 0.0000000000
57911  50.347  -0.971  10.243 0.0000000000
54928  42.412  -2.948  19.249 0.0000000000
55906  42.924  -2.266  19.682 0.0000000000
55888  43.586  -1.700  20.222 0.0000000000
39611  19.364  -17.221  54.946 0.0000000000
39603  18.831  -17.422  55.493 0.0000000000
39595  19.685  -17.029  56.853 0.0000000000
39580  18.362  -16.589  58.517 0.0000000000
98645  18.866  -16.487  58.342 0.0000000000
40561  20.068  -16.968  57.744 0.0000000000
93592  19.900  -16.889  58.357 0.0000000000
44137  37.521  -13.228  37.750 0.0000000000
44131  36.668  -13.222  38.721 0.0000000000
44130  37.391  -13.157  38.558 0.0000000000
44120  38.011  -12.979  39.120 0.0000000000
45181  38.634  -12.691  39.648 0.0000000000
45170  40.612  -12.422  41.226 0.0000000000
41718  33.937  -15.675  44.119 0.0000000000
41719  33.249  -15.526  44.711 0.0000000000
41737  32.692  -15.874  44.439 0.0000000000
40702  32.473  -16.386  43.794 0.0000000000
39708  32.156  -16.884  43.194 0.0000000000
39719  32.278  -17.483  42.169 0.0000000000
38743  25.098  -18.484  43.616 0.0000000000
37774  25.256  -19.232  44.178 0.0000000000
38735  24.892  -18.446  44.435 0.0000000000
41738  30.963  -13.473  42.849 0.0000000000
42818  29.842  -12.858  43.760 0.0000000000
44055  30.816  -12.792  44.900 0.0000000000
42774  28.656  -13.730  48.474 0.0000000000
42773  29.595  -14.010  49.114 0.0000000000
42787  30.799  -14.784  49.548 0.0000000000
62541  57.379  4.862  4.837 0.0000000000
61710  57.147  4.780  5.937 0.0000000000
102945  56.823  4.585  6.541 0.0000000000
103098  57.055  4.649  7.271 0.0000000000
90444  57.307  4.560  7.920 0.0000000000
103026  60.038  4.318  9.834 0.0000000000
58889  57.140  0.899  12.903 0.0000000000
58881  58.802  0.772  13.704 0.0000000000
58849  61.867  1.578  16.494 0.0000000000
58850  61.097  1.279  16.968 0.0000000000
106640  61.758  1.659  17.155 0.0000000000
59842  62.299  1.662  16.764 0.0000000000
55977  49.045  -2.851  14.017 0.0000000000
55976  49.708  -2.750  14.404 0.0000000000
108803  47.686  -2.898  17.454 0.0000000000
98212  48.461  -2.864  17.012 0.0000000000
89705  37.115  -3.886  25.136 0.0000000000
54855  38.532  -3.146  26.464 0.0000000000
54840  38.888  -3.568  27.276 0.0000000000
55796  40.958  -2.714  27.746 0.0000000000
47425  40.478  -11.040  35.722 0.0000000000
46314  40.215  -10.779  34.899 0.0000000000
96261  41.062  -10.405  35.900 0.0000000000
48624  41.714  -9.975  36.064 0.0000000000
48623  42.312  -9.316  36.190 0.0000000000
48610  43.161  -9.101  38.065 0.0000000000
105034  43.149  -8.713  37.337 0.0000000000
49741  42.817  -8.617  36.627 0.0000000000
50794  42.866  -7.932  36.240 0.0000000000
109997  43.611  -7.254  36.781 0.0000000000
51768  43.730  -6.640  36.462 0.0000000000
59968  53.706  2.046  2.472 0.0000000000
59983  55.339  1.616  1.827 0.0000000000
60826  55.706  3.640  3.448 0.0000000000
60825  56.779  3.779  3.266 0.0000000000
60813  56.980  4.498  3.976 0.0000000000
60925  61.127  2.385  -4.465 0.0000000000
60045  60.190  1.839  -4.044 0.0000000000
101672  61.075  1.502  -4.099 0.0000000000
60044  61.897  1.322  -4.114 0.0000000000
59061  62.347  0.890  -3.659 0.0000000000
59035  64.278  0.575  -1.957 0.0000000000
59034  64.851  0.691  -1.404 0.0000000000
59022  64.022  0.393  -0.734 0.0000000000
58031  61.472  -0.118  -1.278 0.0000000000
59023  62.818  0.443  -0.628 0.0000000000
59998  62.725  1.540  0.595 0.0000000000
105076  62.198  1.941  0.984 0.0000000000
60877  61.461  2.051  0.967 0.0000000000
45163  36.116  -12.130  42.820 0.0000000000
104485  36.763  -12.128  43.239 0.0000000000
45129  37.241  -12.171  44.877 0.0000000000
44039  37.709  -12.924  45.382 0.0000000000
107378  37.865  -13.282  46.125 0.0000000000
44023  38.736  -13.982  46.378 0.0000000000
42783  39.698  -14.579  46.700 0.0000000000
41645  36.283  -14.103  51.047 0.0000000000
43982  37.446  -13.970  50.738 0.0000000000
42747  38.543  -14.598  49.965 0.0000000000
42758  39.018  -14.979  49.182 0.0000000000
40689  27.320  -16.911  45.239 0.0000000000
35778  31.694  -21.669  44.971 0.0000000000
34686  31.286  -22.052  45.607 0.0000000000
33678  30.224  -23.043  45.890 0.0000000000
33671  31.244  -22.974  46.876 0.0000000000
96142  31.164  -23.720  47.253 0.0000000000
32746  28.446  -24.604  45.544 0.0000000000
58942  53.672  2.809  6.237 0.0000000000
104035  53.941  2.686  6.783 0.0000000000
57942  53.772  2.347  7.164 0.0000000000
89810  53.817  2.109  7.588 0.0000000000
91231  53.922  1.848  8.155 0.0000000000
98884  52.929  1.500  7.410 0.0000000000
89820  54.554  1.968  9.073 0.0000000000
59891  54.558  1.703  10.458 0.0000000000
59886  55.598  1.735  11.386 0.0000000000
107072  51.137  0.513  7.738 0.0000000000
57918  52.317  0.060  9.308 0.0000000000
58910  52.691  0.345  9.827 0.0000000000
89809  53.275  0.745  9.978 0.0000000000
59882  55.996  1.296  12.076 0.0000000000
58890  56.414  0.768  12.709 0.0000000000
58877  58.104  0.131  14.221 0.0000000000
57886  58.383  -0.247  14.946 0.0000000000
58885  55.096  0.129  13.034 0.0000000000
57878  58.620  -0.336  15.609 0.0000000000
57868  59.217  -0.128  16.697 0.0000000000
57857  58.803  -0.453  17.171 0.0000000000
57844  59.119  -0.481  18.081 0.0000000000
53978  44.843  -4.525  15.619 0.0000000000
54945  45.285  -2.843  17.866 0.0000000000
108083  45.803  -2.802  17.768 0.0000000000
55941  46.400  -2.877  17.647 0.0000000000
51838  37.705  -6.602  27.801 0.0000000000
51826  38.685  -6.295  28.927 0.0000000000
96061  42.753  -6.079  42.857 0.0000000000
51713  43.848  -6.134  42.177 0.0000000000
53652  44.938  -4.412  43.390 0.0000000000
92509  52.171  2.174  3.849 0.0000000000
94383  52.923  2.522  5.145 0.0000000000
61816  57.792  3.783  -3.158 0.0000000000
60910  57.328  3.308  -2.475 0.0000000000
39643  22.513  -17.413  50.489 0.0000000000
37738  24.065  -19.094  49.943 0.0000000000
39642  23.581  -17.816  51.050 0.0000000000
37739  23.635  -19.180  50.714 0.0000000000
39625  22.156  -17.350  52.334 0.0000000000
36756  22.611  -20.472  50.271 0.0000000000
35731  22.793  -21.788  50.517 0.0000000000
40579  19.932  -17.037  54.468 0.0000000000
40578  20.722  -16.960  54.942 0.0000000000
39610  22.363  -17.418  54.210 0.0000000000
39615  23.078  -17.886  53.710 0.0000000000
37727  22.567  -19.239  52.468 0.0000000000
35721  22.472  -21.652  51.336 0.0000000000
55995  44.646  -3.003  13.264 0.0000000000
53990  44.420  -4.303  15.122 0.0000000000
53991  43.712  -4.147  14.936 0.0000000000
52940  43.518  -5.347  17.154 0.0000000000
53919  41.932  -3.734  18.862 0.0000000000
55877  41.971  -2.417  21.332 0.0000000000
45256  37.110  -12.509  32.538 0.0000000000
45244  37.964  -12.092  33.704 0.0000000000
46325  39.127  -11.763  34.569 0.0000000000
95112  36.159  -13.619  34.930 0.0000000000
44161  37.059  -13.195  34.779 0.0000000000
44143  38.263  -12.923  36.805 0.0000000000
45216  38.163  -12.837  35.665 0.0000000000
45223  37.932  -12.804  34.992 0.0000000000
45222  38.727  -12.411  35.293 0.0000000000
46316  39.317  -11.869  35.429 0.0000000000
46299  41.091  -11.013  37.112 0.0000000000
47411  41.671  -10.557  37.407 0.0000000000
47397  41.307  -10.236  39.321 0.0000000000
50742  42.635  -7.844  40.985 0.0000000000
50721  42.283  -7.406  41.806 0.0000000000
44070  36.911  -12.390  42.536 0.0000000000
94259  37.819  -12.874  42.429 0.0000000000
44083  38.384  -13.091  41.936 0.0000000000
98567  38.834  -13.406  42.565 0.0000000000
44097  39.107  -13.187  41.719 0.0000000000
44096  40.117  -13.162  41.772 0.0000000000
42814  41.543  -14.528  44.590 0.0000000000
42829  42.189  -14.136  44.119 0.0000000000
45140  42.557  -13.014  44.446 0.0000000000
44066  42.149  -13.738  43.393 0.0000000000
44080  42.112  -12.809  43.022 0.0000000000
109776  41.552  -12.585  42.485 0.0000000000
45169  41.390  -12.008  41.772 0.0000000000
46262  41.433  -11.153  41.967 0.0000000000
47375  40.985  -10.224  42.402 0.0000000000
48576  40.460  -9.335  42.377 0.0000000000
95835  41.133  -8.800  43.946 0.0000000000
48567  40.273  -8.826  43.035 0.0000000000
49681  40.394  -8.756  42.344 0.0000000000
50722  41.267  -7.693  42.427 0.0000000000
50704  42.024  -6.909  42.782 0.0000000000
90480  39.667  -19.168  40.380 0.0000000000
103939  38.904  -20.052  39.794 0.0000000000
90413  38.331  -17.999  41.141 0.0000000000
103153  38.894  -18.468  40.138 0.0000000000
104534  38.783  -19.533  39.858 0.0000000000
102984  37.920  -21.004  39.553 0.0000000000
40699  35.424  -16.565  42.043 0.0000000000
39717  36.269  -16.675  40.929 0.0000000000
39731  35.184  -17.208  40.755 0.0000000000
91875  35.958  -16.989  40.467 0.0000000000
38749  36.775  -17.003  39.856 0.0000000000
104062  36.846  -19.325  39.060 0.0000000000
89477  35.769  -22.672  40.262 0.0000000000
108866  34.870  -23.401  40.780 0.0000000000
89493  34.702  -22.740  40.067 0.0000000000
102989  33.632  -23.461  40.444 0.0000000000
39701  28.720  -17.985  44.693 0.0000000000
108229  28.451  -18.342  44.372 0.0000000000
39720  30.476  -17.990  42.919 0.0000000000
38761  30.975  -18.723  40.578 0.0000000000
37789  28.056  -19.930  41.688 0.0000000000
37788  28.804  -19.541  41.481 0.0000000000
38763  29.475  -19.252  41.264 0.0000000000
38762  30.231  -19.200  40.377 0.0000000000
104019  31.145  -19.664  39.197 0.0000000000
105868  31.527  -20.625  38.576 0.0000000000
104018  31.114  -21.798  38.576 0.0000000000
104288  30.686  -22.162  39.992 0.0000000000
35789  31.474  -21.734  43.942 0.0000000000
34698  30.756  -22.052  44.014 0.0000000000
110451  29.588  -22.418  44.111 0.0000000000
34712  28.506  -22.529  43.587 0.0000000000
92035  28.934  -22.740  44.103 0.0000000000
36798  25.137  -20.283  44.004 0.0000000000
36810  24.909  -21.280  43.766 0.0000000000
38727  24.487  -18.683  46.037 0.0000000000
36799  24.579  -20.867  44.548 0.0000000000
34704  24.685  -22.155  44.589 0.0000000000
33694  25.171  -22.667  45.093 0.0000000000
37753  24.020  -19.383  47.295 0.0000000000
38702  23.610  -18.412  48.691 0.0000000000
38694  24.110  -19.101  49.172 0.0000000000
109971  21.915  -17.062  49.837 0.0000000000
40596  19.710  -16.865  51.497 0.0000000000
39626  19.259  -17.165  52.996 0.0000000000
42916  34.423  -14.486  36.285 0.0000000000
95595  34.744  -14.211  36.967 0.0000000000
42906  33.842  -14.610  36.777 0.0000000000
109253  34.745  -13.998  37.309 0.0000000000
42889  35.366  -13.497  38.156 0.0000000000
42875  35.303  -12.894  38.789 0.0000000000
44101  35.350  -12.329  41.166 0.0000000000
41793  33.067  -13.541  38.229 0.0000000000
42864  33.172  -12.171  40.009 0.0000000000
41770  33.562  -12.617  39.290 0.0000000000
42863  34.171  -11.965  39.722 0.0000000000
44086  35.045  -12.347  42.166 0.0000000000
45153  35.359  -11.919  43.258 0.0000000000
45142  35.518  -11.218  44.669 0.0000000000
46247  35.394  -10.290  46.082 0.0000000000
46237  34.340  -9.986  46.697 0.0000000000
46225  34.867  -9.838  46.948 0.0000000000
44013  34.879  -12.190  48.215 0.0000000000
44003  34.735  -13.230  48.528 0.0000000000
44041  31.411  -12.545  45.784 0.0000000000
44027  33.071  -12.345  48.002 0.0000000000
44026  33.794  -12.260  48.309 0.0000000000
41664  34.790  -14.119  48.875 0.0000000000
41678  35.333  -15.680  48.105 0.0000000000
40638  35.855  -16.416  47.534 0.0000000000
39669  36.241  -16.932  46.727 0.0000000000
40651  35.520  -16.371  46.421 0.0000000000
97445  32.597  -21.387  46.411 0.0000000000
35765  32.908  -20.950  47.179 0.0000000000
36760  23.938  -20.363  49.142 0.0000000000
34649  24.324  -22.265  49.103 0.0000000000
34648  25.127  -22.773  48.814 0.0000000000
33663  25.586  -23.385  48.229 0.0000000000
32731  26.300  -24.665  48.063 0.0000000000
104034  55.231  3.150  7.889 0.0000000000
103675  56.424  3.144  9.779 0.0000000000
104011  59.800  3.766  10.693 0.0000000000
59874  58.673  1.468  12.948 0.0000000000
91611  62.068  2.416  13.613 0.0000000000
104972  61.128  2.615  12.767 0.0000000000
92879  61.031  3.081  12.029 0.0000000000
89843  62.132  3.325  11.828 0.0000000000
103908  62.032  3.406  10.905 0.0000000000
57921  48.758  -0.925  9.180 0.0000000000
56970  49.009  -1.808  12.100 0.0000000000
57902  51.884  -0.618  12.348 0.0000000000
57890  55.126  -0.927  14.113 0.0000000000
56959  53.511  -1.345  13.857 0.0000000000
110004  54.777  -1.410  14.546 0.0000000000
56948  56.233  -1.223  14.972 0.0000000000
56932  57.148  -1.200  15.999 0.0000000000
57858  58.060  -0.819  16.999 0.0000000000
104223  58.809  -0.819  18.786 0.0000000000
54974  49.065  -2.894  16.654 0.0000000000
55939  50.843  -2.527  17.016 0.0000000000
55963  50.838  -2.827  15.276 0.0000000000
55972  52.934  -2.367  15.258 0.0000000000
56907  55.924  -1.811  18.035 0.0000000000
56921  55.690  -1.776  17.199 0.0000000000
56920  56.493  -1.554  17.431 0.0000000000
93394  57.114  -1.384  17.732 0.0000000000
57833  58.974  -0.872  19.523 0.0000000000
54872  37.621  -3.937  24.540 0.0000000000
90506  38.728  -3.461  24.092 0.0000000000
53863  39.562  -3.733  23.072 0.0000000000
55854  41.221  -2.165  23.454 0.0000000000
56857  41.662  -1.517  23.839 0.0000000000
56845  42.362  -1.323  24.311 0.0000000000
47443  39.300  -10.444  33.649 0.0000000000
49777  40.522  -8.889  33.616 0.0000000000
48659  39.546  -9.574  32.648 0.0000000000
50856  39.079  -7.707  30.230 0.0000000000
109856  39.384  -7.110  30.149 0.0000000000
50870  39.606  -6.468  30.100 0.0000000000
52767  40.045  -5.864  30.214 0.0000000000
52766  40.574  -5.547  30.524 0.0000000000
51725  44.694  -6.736  41.493 0.0000000000
51734  45.483  -6.600  40.720 0.0000000000
51743  45.472  -6.430  39.759 0.0000000000
53676  45.852  -4.896  40.724 0.0000000000
52699  45.656  -5.618  39.321 0.0000000000
51750  45.396  -6.266  38.849 0.0000000000
51758  45.183  -6.030  38.041 0.0000000000
52710  44.891  -5.746  37.282 0.0000000000
52718  44.545  -5.455  36.535 0.0000000000
54738  46.524  -3.371  37.940 0.0000000000
56698  46.887  -1.717  37.392 0.0000000000
55725  46.255  -3.034  37.255 0.0000000000
53707  44.738  -4.712  36.182 0.0000000000
52726  43.520  -5.547  35.490 0.0000000000
52732  43.304  -5.256  34.769 0.0000000000
52740  42.794  -5.229  33.527 0.0000000000
54773  43.901  -3.874  34.095 0.0000000000
53734  43.209  -4.354  33.646 0.0000000000
52747  42.368  -5.459  32.793 0.0000000000
52756  41.575  -5.322  31.511 0.0000000000
52765  41.144  -5.058  30.830 0.0000000000
107171  40.092  -5.294  30.048 0.0000000000
52779  40.526  -4.702  30.174 0.0000000000
53779  40.740  -3.873  29.921 0.0000000000
54808  41.430  -3.400  30.275 0.0000000000
55776  42.432  -2.844  31.178 0.0000000000
55790  41.641  -2.856  29.720 0.0000000000
55789  42.381  -2.423  29.454 0.0000000000
98038  43.227  -2.063  29.537 0.0000000000
57691  47.585  -0.409  33.042 0.0000000000
92921  46.280  -1.229  32.203 0.0000000000
103891  49.318  0.307  32.267 0.0000000000
56771  47.073  -1.128  31.863 0.0000000000
56785  44.594  -1.680  30.430 0.0000000000
90486  44.508  -1.684  29.688 0.0000000000
55788  43.073  -2.077  28.737 0.0000000000
103638  43.760  -1.865  28.196 0.0000000000
105551  44.429  -1.695  28.463 0.0000000000
90304  44.418  -1.671  27.790 0.0000000000
103838  45.836  -1.514  28.670 0.0000000000
108339  44.391  -1.637  27.142 0.0000000000
108171  57.253  2.757  -2.096 0.0000000000
60024  58.314  1.228  -1.548 0.0000000000
59025  58.792  0.940  -1.080 0.0000000000
59013  58.887  1.173  -0.463 0.0000000000
59012  59.578  1.295  0.062 0.0000000000
59964  57.588  1.964  2.075 0.0000000000
60862  58.646  2.084  1.935 0.0000000000
60840  59.040  2.742  2.481 0.0000000000
60861  59.492  2.236  1.779 0.0000000000
61760  60.869  2.704  2.376 0.0000000000
61759  61.760  2.654  2.410 0.0000000000
61742  62.197  3.193  3.088 0.0000000000
62560  62.393  3.921  3.541 0.0000000000
63416  62.085  5.599  3.692 0.0000000000
63407  62.619  5.820  4.574 0.0000000000
34716  24.901  -22.042  43.787 0.0000000000
35722  21.958  -21.152  51.623 0.0000000000
35732  22.155  -21.208  50.630 0.0000000000
35776  33.441  -21.351  46.057 0.0000000000
35822  26.990  -21.218  41.885 0.0000000000
35826  28.991  -21.191  40.719 0.0000000000
36785  24.165  -20.558  46.475 0.0000000000
36796  39.625  -18.860  42.472 0.0000000000
36806  40.088  -19.270  42.230 0.0000000000
36819  27.024  -20.580  41.920 0.0000000000
36821  25.880  -21.371  42.603 0.0000000000
37726  23.147  -18.535  52.549 0.0000000000
37733  23.331  -18.963  51.791 0.0000000000
37772  39.413  -18.735  43.465 0.0000000000
38682  23.421  -18.331  52.070 0.0000000000
38688  23.692  -18.434  51.391 0.0000000000
38691  23.851  -18.458  50.576 0.0000000000
38724  38.134  -18.204  45.080 0.0000000000
38770  30.786  -19.102  39.701 0.0000000000
39573  19.455  -17.605  59.417 0.0000000000
39579  20.331  -17.269  58.191 0.0000000000
39581  17.659  -17.033  58.758 0.0000000000
39624  22.909  -17.545  52.040 0.0000000000
39667  37.760  -17.368  47.663 0.0000000000
39683  37.586  -17.731  46.753 0.0000000000
40553  18.808  -16.433  58.643 0.0000000000
40560  20.490  -17.210  57.903 0.0000000000
40562  19.211  -16.757  57.694 0.0000000000
40577  21.511  -17.070  54.533 0.0000000000
40609  37.047  -15.918  49.833 0.0000000000
40610  21.993  -16.710  49.180 0.0000000000
40714  34.800  -16.613  42.100 0.0000000000
41643  37.573  -14.707  50.744 0.0000000000
41644  36.798  -14.742  50.990 0.0000000000
41724  26.847  -16.096  45.827 0.0000000000
41761  32.035  -12.717  40.416 0.0000000000
42742  37.999  -14.400  50.403 0.0000000000
42743  36.924  -14.194  51.095 0.0000000000
42748  35.744  -14.031  50.550 0.0000000000
42789  27.653  -14.027  48.108 0.0000000000
42813  42.128  -14.164  44.957 0.0000000000
42830  41.249  -14.088  43.042 0.0000000000
42891  32.254  -14.015  37.686 0.0000000000
42904  35.266  -13.840  37.503 0.0000000000
43983  36.659  -13.657  50.973 0.0000000000
43984  36.092  -13.707  50.793 0.0000000000
43988  38.025  -13.866  50.118 0.0000000000
43989  37.218  -13.439  50.339 0.0000000000
44012  35.738  -12.574  48.280 0.0000000000
44050  42.368  -13.677  44.515 0.0000000000
44065  42.448  -13.548  43.954 0.0000000000
44074  31.786  -12.424  43.199 0.0000000000
44136  38.204  -12.944  37.484 0.0000000000
44145  36.282  -13.670  36.466 0.0000000000
44152  37.495  -13.157  35.598 0.0000000000
44153  36.649  -13.492  35.646 0.0000000000
45206  38.757  -12.618  37.116 0.0000000000
45215  38.621  -12.620  36.249 0.0000000000
46261  41.746  -11.877  42.668 0.0000000000
46278  40.728  -11.776  40.611 0.0000000000
46315  39.784  -11.715  36.112 0.0000000000
46324  39.584  -10.787  34.326 0.0000000000
47346  42.013  -10.731  46.664 0.0000000000
47366  41.515  -10.464  43.866 0.0000000000
47424  41.297  -9.894  35.330 0.0000000000
47431  40.982  -9.898  34.693 0.0000000000
47442  39.620  -10.053  33.988 0.0000000000
48604  41.914  -9.666  39.058 0.0000000000
48639  41.403  -9.247  34.824 0.0000000000
48648  40.070  -9.547  33.785 0.0000000000
49675  40.658  -8.088  43.615 0.0000000000
49688  40.724  -8.280  42.186 0.0000000000
49704  44.105  -8.123  39.047 0.0000000000
49718  44.042  -7.980  38.355 0.0000000000
49763  41.614  -8.368  34.720 0.0000000000
50720  44.261  -7.315  41.075 0.0000000000
50740  44.631  -7.685  40.456 0.0000000000
50772  44.639  -7.583  38.769 0.0000000000
50781  44.274  -7.296  37.899 0.0000000000
51714  42.082  -6.170  43.528 0.0000000000
51724  45.357  -6.597  41.352 0.0000000000
51760  44.039  -6.900  37.146 0.0000000000
51767  44.272  -6.177  36.863 0.0000000000
51801  40.778  -7.025  32.153 0.0000000000
52719  43.909  -5.883  36.162 0.0000000000
52725  44.129  -5.152  35.859 0.0000000000
52739  43.186  -5.033  34.114 0.0000000000
52748  41.827  -5.683  32.200 0.0000000000
53770  41.152  -4.193  30.589 0.0000000000
54781  44.137  -3.133  33.793 0.0000000000
54791  42.562  -4.014  32.273 0.0000000000
54838  40.357  -3.040  27.733 0.0000000000
55736  46.357  -2.357  36.894 0.0000000000
55762  44.423  -2.390  33.472 0.0000000000
55774  43.968  -1.970  31.843 0.0000000000
55949  53.962  -2.172  17.210 0.0000000000
55959  54.041  -2.145  16.438 0.0000000000
55962  51.661  -2.631  15.632 0.0000000000
55973  52.297  -2.417  14.983 0.0000000000
56784  45.556  -1.523  30.740 0.0000000000
56793  43.964  -1.822  29.087 0.0000000000
56904  58.305  -1.051  18.243 0.0000000000
56906  56.642  -1.624  18.222 0.0000000000
56958  54.352  -1.121  13.971 0.0000000000
57692  46.931  -0.744  33.456 0.0000000000
57704  47.674  -0.692  32.289 0.0000000000
57705  46.978  -0.920  32.634 0.0000000000
57845  58.408  -0.811  17.597 0.0000000000
57869  58.506  -0.515  16.333 0.0000000000
57935  53.366  1.492  7.893 0.0000000000
58010  59.929  0.683  -0.169 0.0000000000
58011  59.444  0.736  -0.382 0.0000000000
58021  59.783  0.077  -0.528 0.0000000000
58874  60.829  0.987  15.145 0.0000000000
58876  58.968  0.316  14.473 0.0000000000
58883  56.822  0.339  13.351 0.0000000000
58884  55.964  0.213  13.205 0.0000000000
59024  61.760  0.516  -0.515 0.0000000000
59038  60.151  0.078  -1.778 0.0000000000
59817  62.239  1.333  17.951 0.0000000000
59830  61.355  1.429  17.703 0.0000000000
59999  61.809  1.616  0.481 0.0000000000
60858  62.121  2.148  1.730 0.0000000000
61744  60.484  3.421  2.783 0.0000000000
62561  61.862  4.066  3.261 0.0000000000
90283  47.271  -1.379  30.448 0.0000000000
90881  56.230  2.688  10.489 0.0000000000
91176  43.915  -1.606  26.638 0.0000000000
91954  54.812  -1.886  16.021 0.0000000000
93640  39.403  -18.544  44.798 0.0000000000
93704  19.303  -16.592  58.434 0.0000000000
94824  40.957  -8.234  33.526 0.0000000000
95403  53.885  -0.665  13.313 0.0000000000
95616  21.748  -20.562  51.923 0.0000000000
95738  41.847  -7.702  34.626 0.0000000000
97250  35.581  -14.645  50.023 0.0000000000
98401  36.799  -13.213  49.699 0.0000000000
98479  22.828  -17.819  52.682 0.0000000000
99106  40.908  -10.852  36.423 0.0000000000
100052  24.179  -20.718  47.402 0.0000000000
102811  43.741  -1.746  27.401 0.0000000000
102848  48.492  -0.422  32.029 0.0000000000
103045  37.741  -16.917  39.343 0.0000000000
103046  38.406  -18.301  43.236 0.0000000000
103807  42.211  -1.845  27.108 0.0000000000
103808  54.294  2.350  7.748 0.0000000000
103831  37.340  -17.891  42.398 0.0000000000
103836  45.694  -1.581  29.379 0.0000000000
103971  48.699  0.327  32.810 0.0000000000
104076  45.065  -1.545  28.208 0.0000000000
104269  31.909  -21.642  45.752 0.0000000000
104718  45.723  -4.893  38.155 0.0000000000
104763  54.074  1.689  8.695 0.0000000000
105140  22.300  -17.343  55.025 0.0000000000
105550  55.451  -1.353  14.768 0.0000000000
107599  43.186  -7.218  36.149 0.0000000000
108507  35.078  -16.099  45.937 0.0000000000
108557  50.920  1.842  4.070 0.0000000000
108777  41.885  -10.586  45.276 0.0000000000
109753  48.951  -3.245  15.122 0.0000000000
110031  63.911  2.359  2.368 0.0000000000
110249  39.468  -13.683  42.845 0.0000000000
110687  39.752  -9.124  32.499 0.0000000000
