#!ascii label  , from subject sub-v2s15x29741_ses-1 vox2ras=TkReg
802
52487  17.754  -5.749  57.265 0.0000000000
40646  9.267  -15.657  46.913 0.0000000000
43957  10.606  -13.990  58.241 0.0000000000
47284  8.681  -10.382  53.574 0.0000000000
51638  8.589  -6.268  48.488 0.0000000000
48396  13.160  -8.734  58.610 0.0000000000
47279  13.422  -10.159  54.302 0.0000000000
49513  21.160  -8.373  57.842 0.0000000000
47257  16.562  -10.515  57.892 0.0000000000
42722  14.205  -14.488  57.848 0.0000000000
53503  8.311  -4.163  55.080 0.0000000000
49608  7.634  -8.201  52.221 0.0000000000
109996  8.524  -2.708  51.163 0.0000000000
95548  9.523  -18.685  56.368 0.0000000000
102202  8.854  -15.835  53.864 0.0000000000
45057  10.991  -13.544  54.651 0.0000000000
50581  11.053  -7.479  54.819 0.0000000000
45085  8.856  -13.091  50.692 0.0000000000
46200  10.626  -11.326  49.148 0.0000000000
49657  13.376  -8.741  46.770 0.0000000000
52654  9.163  -5.935  43.943 0.0000000000
51553  14.972  -7.066  58.820 0.0000000000
50569  15.008  -7.913  56.554 0.0000000000
51557  19.466  -6.202  58.606 0.0000000000
49526  18.932  -8.958  57.953 0.0000000000
50544  16.915  -7.476  59.171 0.0000000000
47248  14.666  -10.100  59.313 0.0000000000
55585  7.987  -2.161  53.360 0.0000000000
41622  10.426  -15.957  56.829 0.0000000000
42727  9.943  -15.072  55.585 0.0000000000
45049  11.164  -13.320  56.241 0.0000000000
50597  13.318  -7.596  53.055 0.0000000000
48445  12.724  -9.300  53.384 0.0000000000
42717  12.377  -15.089  59.450 0.0000000000
40563  12.850  -16.295  58.358 0.0000000000
40556  11.430  -16.455  58.039 0.0000000000
38648  10.696  -18.905  57.250 0.0000000000
43976  9.778  -13.747  53.078 0.0000000000
99617  9.106  -13.970  52.225 0.0000000000
46191  8.848  -11.450  52.101 0.0000000000
50630  8.549  -6.009  50.042 0.0000000000
48510  9.690  -9.296  50.376 0.0000000000
49626  10.126  -8.206  49.420 0.0000000000
48521  12.485  -9.659  48.475 0.0000000000
51635  11.790  -6.738  47.915 0.0000000000
104424  11.836  -10.922  58.398 0.0000000000
47260  11.579  -11.012  57.139 0.0000000000
48401  12.628  -8.930  57.690 0.0000000000
50589  14.426  -8.077  54.238 0.0000000000
49550  22.472  -8.997  56.173 0.0000000000
49584  20.745  -8.501  53.561 0.0000000000
49553  19.540  -8.533  55.764 0.0000000000
47271  17.327  -10.155  56.178 0.0000000000
45043  15.447  -12.699  58.085 0.0000000000
46157  13.768  -11.831  58.906 0.0000000000
49559  7.379  -8.354  55.393 0.0000000000
48465  7.282  -9.343  53.102 0.0000000000
51605  6.946  -6.917  53.603 0.0000000000
95641  7.591  -5.584  51.440 0.0000000000
97234  7.620  -4.860  49.253 0.0000000000
92418  19.948  -4.915  55.468 0.0000000000
45075  22.747  -12.957  52.805 0.0000000000
46167  25.602  -12.441  54.912 0.0000000000
49521  23.650  -8.268  57.292 0.0000000000
51554  21.873  -5.952  58.137 0.0000000000
37713  9.009  -19.830  55.564 0.0000000000
38681  8.717  -17.771  54.036 0.0000000000
40576  8.733  -16.557  54.903 0.0000000000
42732  9.521  -14.731  54.713 0.0000000000
46183  10.373  -11.812  53.053 0.0000000000
46171  12.137  -12.441  54.992 0.0000000000
47294  11.628  -11.113  53.431 0.0000000000
48431  9.560  -9.548  54.549 0.0000000000
51577  9.941  -5.779  56.179 0.0000000000
40592  9.407  -17.005  52.173 0.0000000000
41647  9.927  -15.826  50.537 0.0000000000
42753  9.132  -14.510  48.957 0.0000000000
47317  8.881  -10.807  51.346 0.0000000000
102515  9.351  -12.016  49.805 0.0000000000
108385  9.555  -13.489  47.352 0.0000000000
45111  12.429  -12.277  47.669 0.0000000000
46219  14.416  -11.058  47.196 0.0000000000
54629  9.735  -3.113  48.298 0.0000000000
54645  8.217  -4.196  47.234 0.0000000000
54661  8.158  -4.318  44.462 0.0000000000
51662  8.814  -6.685  46.053 0.0000000000
50679  12.021  -7.121  45.886 0.0000000000
51560  16.604  -6.213  57.978 0.0000000000
100905  16.087  -6.681  56.923 0.0000000000
52500  17.356  -5.414  56.040 0.0000000000
52479  18.175  -5.884  58.344 0.0000000000
51558  18.479  -6.465  58.764 0.0000000000
51559  17.253  -6.173  58.502 0.0000000000
51551  16.292  -6.852  59.085 0.0000000000
40664  9.667  -15.998  45.982 0.0000000000
42811  9.154  -15.452  45.419 0.0000000000
42721  11.008  -14.930  57.129 0.0000000000
42723  10.927  -14.674  56.279 0.0000000000
99100  10.983  -14.153  56.829 0.0000000000
49596  23.353  -9.004  52.824 0.0000000000
100062  10.897  -14.283  59.108 0.0000000000
41616  11.533  -15.817  59.466 0.0000000000
41617  10.785  -15.756  59.132 0.0000000000
40557  10.949  -16.454  57.349 0.0000000000
46184  9.663  -11.885  52.723 0.0000000000
45079  9.230  -12.377  52.236 0.0000000000
46185  9.163  -11.532  52.443 0.0000000000
51629  8.860  -6.281  49.433 0.0000000000
49627  9.318  -7.799  49.787 0.0000000000
51628  9.579  -6.551  49.001 0.0000000000
50645  11.361  -6.852  48.377 0.0000000000
51637  9.901  -6.592  48.325 0.0000000000
48397  12.423  -9.431  58.229 0.0000000000
48398  11.894  -9.984  57.920 0.0000000000
49519  12.696  -8.775  58.200 0.0000000000
50580  14.788  -7.982  55.240 0.0000000000
50596  14.381  -7.407  53.066 0.0000000000
49534  21.694  -8.744  56.551 0.0000000000
93742  21.197  -8.584  55.820 0.0000000000
49524  20.569  -8.637  57.433 0.0000000000
48394  17.482  -9.469  58.300 0.0000000000
48399  18.254  -9.138  57.280 0.0000000000
47261  17.334  -10.168  56.829 0.0000000000
46162  15.887  -11.887  57.959 0.0000000000
48391  13.732  -8.852  59.094 0.0000000000
46151  13.850  -10.991  58.966 0.0000000000
47250  13.442  -10.368  59.066 0.0000000000
46153  12.507  -11.359  58.836 0.0000000000
51580  7.752  -6.432  55.968 0.0000000000
50591  6.696  -7.595  54.373 0.0000000000
52535  7.535  -5.467  54.687 0.0000000000
102350  8.075  -2.889  52.326 0.0000000000
96144  7.618  -4.473  52.882 0.0000000000
53565  7.895  -4.518  50.946 0.0000000000
53564  7.679  -4.899  50.084 0.0000000000
54613  7.933  -4.398  50.168 0.0000000000
48403  24.539  -9.598  56.383 0.0000000000
38661  8.925  -18.829  56.145 0.0000000000
38667  9.006  -18.585  55.605 0.0000000000
39606  9.431  -17.135  55.330 0.0000000000
43967  10.136  -14.451  55.336 0.0000000000
42729  9.532  -14.798  55.176 0.0000000000
45058  10.466  -14.123  54.491 0.0000000000
45064  10.138  -14.105  53.775 0.0000000000
46177  11.080  -12.704  53.512 0.0000000000
47264  12.340  -10.491  56.720 0.0000000000
46166  12.467  -11.636  55.794 0.0000000000
47273  13.185  -10.809  55.319 0.0000000000
49589  11.983  -8.636  53.567 0.0000000000
47293  12.204  -10.368  53.461 0.0000000000
48429  11.365  -9.147  53.726 0.0000000000
47282  10.247  -9.960  53.894 0.0000000000
49575  10.453  -8.174  54.881 0.0000000000
49556  9.893  -7.820  55.654 0.0000000000
92978  10.485  -7.093  55.548 0.0000000000
95044  19.791  -8.630  53.999 0.0000000000
49599  20.427  -8.784  52.749 0.0000000000
42724  14.540  -14.561  57.140 0.0000000000
41624  14.386  -14.973  56.289 0.0000000000
42725  13.997  -15.110  57.285 0.0000000000
39590  12.186  -17.762  58.127 0.0000000000
39598  12.642  -17.628  57.272 0.0000000000
105469  10.178  -18.682  56.824 0.0000000000
37700  9.436  -19.805  56.726 0.0000000000
40582  8.564  -16.517  54.229 0.0000000000
39622  8.821  -17.721  53.261 0.0000000000
40587  8.802  -16.428  53.489 0.0000000000
43981  8.979  -13.610  51.473 0.0000000000
42741  9.220  -14.477  51.792 0.0000000000
101679  9.157  -14.275  50.804 0.0000000000
42752  9.834  -15.016  49.164 0.0000000000
43987  9.041  -13.876  49.912 0.0000000000
48481  7.610  -9.161  52.473 0.0000000000
48480  8.178  -9.733  52.005 0.0000000000
49607  8.116  -8.825  51.785 0.0000000000
101752  10.240  -9.736  49.804 0.0000000000
47324  9.623  -10.439  50.176 0.0000000000
46201  9.840  -11.333  49.720 0.0000000000
45101  8.952  -12.974  48.664 0.0000000000
45099  10.801  -12.077  48.684 0.0000000000
45113  10.491  -12.827  47.699 0.0000000000
45098  11.658  -12.066  48.289 0.0000000000
48534  12.915  -9.117  47.555 0.0000000000
47343  13.468  -10.453  47.863 0.0000000000
48533  13.617  -9.846  47.580 0.0000000000
54628  10.311  -3.112  47.547 0.0000000000
54630  8.472  -3.864  48.089 0.0000000000
110392  8.780  -3.760  46.775 0.0000000000
53647  8.895  -4.538  43.484 0.0000000000
52671  7.936  -5.292  44.071 0.0000000000
53613  7.605  -5.479  45.216 0.0000000000
51696  8.752  -6.254  44.530 0.0000000000
51661  9.909  -6.918  46.203 0.0000000000
51695  9.852  -6.332  44.635 0.0000000000
106604  14.008  -7.800  58.803 0.0000000000
50554  13.967  -7.879  58.407 0.0000000000
50560  15.526  -7.128  57.310 0.0000000000
50550  20.007  -7.334  58.483 0.0000000000
49514  20.393  -8.381  58.094 0.0000000000
50551  19.080  -7.347  58.693 0.0000000000
49517  17.758  -8.812  58.732 0.0000000000
48387  17.089  -9.137  59.008 0.0000000000
47251  16.113  -10.186  58.800 0.0000000000
95364  15.815  -8.984  59.380 0.0000000000
50546  15.054  -7.452  59.104 0.0000000000
56554  8.902  -1.684  54.635 0.0000000000
101086  8.055  -3.235  54.264 0.0000000000
56564  8.250  -1.229  53.583 0.0000000000
57507  7.925  -1.002  52.859 0.0000000000
56581  8.520  -1.544  51.335 0.0000000000
40566  10.589  -17.094  56.005 0.0000000000
40570  9.948  -16.669  55.675 0.0000000000
41627  10.303  -15.757  55.970 0.0000000000
42726  10.438  -14.422  55.690 0.0000000000
100231  11.105  -13.437  55.750 0.0000000000
48444  13.339  -9.478  53.722 0.0000000000
49588  12.770  -8.301  53.325 0.0000000000
50599  12.293  -7.709  53.621 0.0000000000
51596  11.860  -6.904  54.355 0.0000000000
96617  11.790  -6.009  54.887 0.0000000000
42720  13.194  -15.121  59.181 0.0000000000
41618  13.217  -15.835  58.940 0.0000000000
41619  12.607  -15.852  59.360 0.0000000000
40555  11.747  -16.426  59.250 0.0000000000
100573  11.739  -17.846  58.101 0.0000000000
38647  11.414  -18.715  57.647 0.0000000000
95962  11.240  -17.951  57.490 0.0000000000
39586  10.865  -18.121  56.887 0.0000000000
43974  9.579  -14.199  53.321 0.0000000000
104328  9.202  -15.220  53.533 0.0000000000
97024  9.215  -14.191  52.732 0.0000000000
43979  9.068  -13.173  51.984 0.0000000000
99878  8.933  -12.857  51.518 0.0000000000
105478  7.809  -6.930  51.049 0.0000000000
49615  8.683  -8.585  51.124 0.0000000000
50623  8.699  -7.786  50.488 0.0000000000
106173  9.816  -8.591  50.042 0.0000000000
48508  11.064  -9.584  49.389 0.0000000000
48522  11.823  -9.849  48.968 0.0000000000
101041  11.809  -9.111  49.002 0.0000000000
49641  12.157  -8.718  48.178 0.0000000000
107928  12.334  -7.320  47.401 0.0000000000
99786  10.726  -4.640  43.361 0.0000000000
52653  10.396  -5.869  44.115 0.0000000000
52667  12.235  -5.307  43.843 0.0000000000
45039  11.348  -12.480  58.482 0.0000000000
46160  11.266  -11.994  57.505 0.0000000000
47255  11.513  -10.675  57.947 0.0000000000
47259  11.828  -10.094  57.668 0.0000000000
47263  13.198  -9.758  56.506 0.0000000000
49538  14.289  -8.581  56.607 0.0000000000
49555  14.423  -8.602  55.732 0.0000000000
48428  13.788  -9.367  54.469 0.0000000000
49586  13.895  -7.918  53.475 0.0000000000
49566  22.954  -9.224  54.132 0.0000000000
97897  22.930  -8.759  53.269 0.0000000000
104842  21.790  -8.761  54.623 0.0000000000
49537  18.960  -8.756  57.098 0.0000000000
48404  18.320  -8.987  56.302 0.0000000000
48426  17.416  -9.470  54.542 0.0000000000
43961  15.527  -13.316  57.282 0.0000000000
97960  14.915  -13.380  58.178 0.0000000000
46155  15.151  -11.273  58.538 0.0000000000
45038  14.548  -12.562  58.576 0.0000000000
43958  14.178  -13.435  58.623 0.0000000000
45036  12.831  -12.736  59.068 0.0000000000
45037  11.823  -12.700  59.022 0.0000000000
48433  7.443  -9.461  54.448 0.0000000000
47298  7.687  -9.949  53.131 0.0000000000
48434  6.834  -9.010  54.376 0.0000000000
49601  6.693  -8.035  53.436 0.0000000000
50609  7.214  -7.670  52.712 0.0000000000
110652  7.488  -4.577  53.866 0.0000000000
52560  7.396  -5.514  52.347 0.0000000000
51619  7.588  -6.339  51.373 0.0000000000
50625  8.092  -6.117  50.578 0.0000000000
51625  7.910  -5.471  49.713 0.0000000000
52618  7.730  -5.523  48.335 0.0000000000
52499  18.569  -5.196  55.973 0.0000000000
46189  21.694  -11.974  52.759 0.0000000000
47285  27.554  -10.914  53.714 0.0000000000
48422  27.268  -10.399  54.699 0.0000000000
93909  26.455  -12.749  54.026 0.0000000000
45060  23.519  -13.231  54.412 0.0000000000
45061  20.896  -12.414  55.614 0.0000000000
47275  23.840  -9.908  54.760 0.0000000000
49533  23.052  -8.939  56.787 0.0000000000
49522  22.747  -8.367  57.448 0.0000000000
51564  22.575  -6.353  58.082 0.0000000000
50548  21.814  -6.847  58.207 0.0000000000
52476  21.080  -5.810  58.160 0.0000000000
52485  19.796  -5.632  57.406 0.0000000000
39614  8.621  -17.200  54.466 0.0000000000
98166  8.728  -15.841  54.542 0.0000000000
40575  9.113  -16.147  55.459 0.0000000000
41633  9.093  -15.158  54.821 0.0000000000
42733  9.467  -14.752  54.120 0.0000000000
43973  9.775  -14.464  53.982 0.0000000000
45072  10.158  -13.067  52.973 0.0000000000
47296  9.576  -10.968  53.174 0.0000000000
45044  11.508  -12.326  57.060 0.0000000000
45048  11.445  -12.697  56.378 0.0000000000
45056  11.403  -12.930  55.465 0.0000000000
109322  12.653  -10.641  53.718 0.0000000000
47281  12.386  -11.165  53.872 0.0000000000
46176  11.886  -12.044  53.956 0.0000000000
46182  11.193  -11.806  53.283 0.0000000000
47283  9.468  -10.284  53.863 0.0000000000
48432  8.448  -9.760  54.397 0.0000000000
48415  8.779  -9.129  55.198 0.0000000000
50570  8.751  -7.008  56.285 0.0000000000
53492  9.374  -4.626  55.820 0.0000000000
53500  10.474  -4.780  55.199 0.0000000000
53501  9.912  -4.347  55.524 0.0000000000
54572  9.463  -3.613  55.044 0.0000000000
98674  13.767  -16.418  55.257 0.0000000000
94371  12.977  -16.518  57.084 0.0000000000
41641  9.442  -15.391  52.205 0.0000000000
41640  9.709  -16.184  51.576 0.0000000000
42778  8.519  -14.801  47.493 0.0000000000
47305  8.476  -10.587  52.573 0.0000000000
46194  8.889  -11.515  51.624 0.0000000000
100013  8.926  -12.290  51.208 0.0000000000
48497  9.021  -10.018  50.888 0.0000000000
47316  9.195  -10.868  50.783 0.0000000000
45084  8.990  -12.380  50.323 0.0000000000
45102  8.735  -13.379  49.003 0.0000000000
44007  8.697  -13.760  48.386 0.0000000000
98406  8.363  -14.786  46.738 0.0000000000
102531  9.911  -13.814  46.402 0.0000000000
46211  12.483  -11.360  48.315 0.0000000000
46221  13.112  -11.597  47.881 0.0000000000
91329  9.215  -1.285  50.567 0.0000000000
91552  10.094  -0.959  49.951 0.0000000000
55606  8.886  -2.591  50.365 0.0000000000
54622  7.933  -4.374  48.772 0.0000000000
53588  7.772  -4.694  47.849 0.0000000000
94886  7.643  -5.309  47.610 0.0000000000
53612  7.750  -4.986  45.689 0.0000000000
52624  7.857  -5.816  46.633 0.0000000000
51650  8.980  -6.502  47.536 0.0000000000
51649  10.195  -6.674  47.336 0.0000000000
51648  11.411  -6.766  47.341 0.0000000000
50666  12.708  -7.518  46.783 0.0000000000
51671  13.229  -7.157  45.467 0.0000000000
52488  17.011  -5.930  57.187 0.0000000000
106359  17.343  -5.695  56.633 0.0000000000
52480  17.333  -5.882  57.951 0.0000000000
107178  16.611  -6.487  58.636 0.0000000000
40645  10.381  -16.014  47.140 0.0000000000
41697  8.936  -15.561  45.991 0.0000000000
43960  11.103  -13.379  57.128 0.0000000000
49580  23.696  -9.613  53.042 0.0000000000
49595  23.647  -9.501  52.736 0.0000000000
42719  10.731  -15.009  58.404 0.0000000000
41620  10.888  -15.675  57.613 0.0000000000
94645  8.951  -10.881  52.941 0.0000000000
50646  10.497  -6.685  48.668 0.0000000000
93853  21.238  -8.657  57.206 0.0000000000
47256  17.147  -10.019  57.676 0.0000000000
48400  17.690  -9.583  57.459 0.0000000000
95219  17.107  -10.842  57.089 0.0000000000
96680  16.559  -11.310  57.497 0.0000000000
48392  13.105  -9.520  58.890 0.0000000000
46158  12.626  -10.369  58.672 0.0000000000
53494  8.329  -4.886  55.334 0.0000000000
52520  7.264  -6.166  55.105 0.0000000000
98680  7.873  -4.775  54.796 0.0000000000
55598  8.115  -2.094  52.107 0.0000000000
54603  8.230  -3.500  51.315 0.0000000000
55607  8.354  -3.597  50.332 0.0000000000
38662  9.347  -18.243  55.677 0.0000000000
39599  10.011  -17.769  55.682 0.0000000000
43970  10.635  -14.059  55.398 0.0000000000
50590  11.636  -7.819  54.064 0.0000000000
49574  11.152  -8.384  54.193 0.0000000000
48430  10.517  -9.139  54.290 0.0000000000
109931  10.474  -7.631  55.268 0.0000000000
38646  11.910  -18.587  57.967 0.0000000000
38654  9.767  -19.304  56.933 0.0000000000
99694  9.135  -19.261  56.413 0.0000000000
109207  8.945  -13.699  50.748 0.0000000000
47323  10.442  -10.475  49.532 0.0000000000
45087  9.806  -12.207  49.168 0.0000000000
46212  11.516  -11.351  48.690 0.0000000000
94189  13.594  -9.356  47.075 0.0000000000
56608  10.786  -1.799  47.323 0.0000000000
55634  10.700  -2.714  47.119 0.0000000000
54652  9.805  -3.275  46.797 0.0000000000
52670  8.547  -5.342  43.750 0.0000000000
53648  8.193  -4.671  43.869 0.0000000000
52655  8.185  -5.836  44.057 0.0000000000
50553  14.499  -7.409  58.711 0.0000000000
51567  15.205  -6.981  58.276 0.0000000000
51575  16.314  -6.320  56.155 0.0000000000
51556  20.514  -6.289  58.435 0.0000000000
50543  17.721  -6.973  59.049 0.0000000000
50552  18.339  -7.396  58.924 0.0000000000
49507  17.775  -7.899  59.076 0.0000000000
49508  17.212  -8.371  59.125 0.0000000000
48388  16.343  -9.428  59.148 0.0000000000
49509  16.428  -8.480  59.250 0.0000000000
51561  15.840  -6.687  58.553 0.0000000000
51552  15.540  -6.964  59.067 0.0000000000
50547  14.405  -7.594  58.792 0.0000000000
56559  8.721  -0.836  54.404 0.0000000000
57503  8.084  -0.303  53.258 0.0000000000
57506  8.168  -0.519  52.547 0.0000000000
56573  8.025  -1.182  52.300 0.0000000000
57512  8.379  -0.586  51.726 0.0000000000
40565  10.711  -16.537  56.584 0.0000000000
41623  10.368  -16.264  56.132 0.0000000000
43964  11.012  -13.765  56.281 0.0000000000
43966  10.634  -13.966  55.684 0.0000000000
49587  13.281  -8.647  53.450 0.0000000000
50598  12.876  -7.400  53.078 0.0000000000
51603  12.406  -6.792  53.417 0.0000000000
51595  12.158  -6.034  54.249 0.0000000000
42716  12.902  -14.322  59.187 0.0000000000
40549  10.963  -16.193  59.235 0.0000000000
109441  11.681  -16.783  58.418 0.0000000000
39584  11.519  -17.062  57.799 0.0000000000
40558  10.938  -17.229  56.603 0.0000000000
43977  9.499  -13.366  52.635 0.0000000000
45082  8.948  -12.265  51.838 0.0000000000
50624  8.288  -6.959  50.559 0.0000000000
48509  10.440  -8.975  49.865 0.0000000000
49625  10.953  -8.644  49.225 0.0000000000
49642  11.385  -8.166  48.504 0.0000000000
50644  12.021  -7.452  48.081 0.0000000000
49649  12.379  -8.267  47.573 0.0000000000
53646  9.848  -4.166  43.210 0.0000000000
52668  11.095  -5.283  43.744 0.0000000000
53645  11.734  -4.633  43.390 0.0000000000
46159  11.260  -11.571  58.085 0.0000000000
48402  12.113  -9.322  57.961 0.0000000000
48407  12.351  -9.665  57.427 0.0000000000
49527  14.199  -8.208  57.510 0.0000000000
49572  14.300  -8.716  54.723 0.0000000000
106462  14.082  -9.169  55.232 0.0000000000
49573  13.779  -8.722  53.939 0.0000000000
49567  22.450  -9.069  55.011 0.0000000000
49552  20.437  -8.537  55.511 0.0000000000
49568  21.149  -8.755  55.058 0.0000000000
49525  19.768  -8.735  57.739 0.0000000000
48405  17.715  -9.514  56.632 0.0000000000
97378  17.689  -9.512  55.973 0.0000000000
48412  18.135  -9.316  55.377 0.0000000000
48413  17.251  -9.805  55.473 0.0000000000
47272  17.433  -11.073  55.751 0.0000000000
46170  17.636  -11.925  56.018 0.0000000000
45042  16.131  -12.564  57.419 0.0000000000
43962  14.834  -14.000  57.597 0.0000000000
48389  15.481  -9.676  59.331 0.0000000000
47252  15.303  -10.513  58.947 0.0000000000
46156  14.451  -11.568  58.727 0.0000000000
45035  13.661  -12.700  58.887 0.0000000000
43954  13.325  -13.546  59.008 0.0000000000
96311  13.069  -11.972  58.987 0.0000000000
46154  11.768  -11.793  58.681 0.0000000000
99405  12.448  -12.079  58.961 0.0000000000
48417  7.228  -9.001  55.113 0.0000000000
51597  6.841  -6.958  54.077 0.0000000000
49591  6.529  -8.267  54.046 0.0000000000
50600  6.639  -7.534  53.792 0.0000000000
50610  7.022  -7.211  53.221 0.0000000000
54589  7.853  -3.086  53.745 0.0000000000
95622  7.685  -3.900  54.139 0.0000000000
95253  7.643  -3.798  53.652 0.0000000000
52576  7.694  -4.861  51.711 0.0000000000
51613  7.265  -6.152  52.022 0.0000000000
52592  7.868  -5.414  50.491 0.0000000000
52591  7.622  -5.118  49.552 0.0000000000
52604  7.569  -5.215  48.956 0.0000000000
52498  19.403  -5.409  56.184 0.0000000000
52514  19.182  -4.700  55.433 0.0000000000
46187  23.957  -13.121  50.600 0.0000000000
47301  25.106  -12.198  50.739 0.0000000000
46188  22.809  -12.673  51.431 0.0000000000
47265  26.515  -10.651  55.086 0.0000000000
108682  26.325  -11.668  54.833 0.0000000000
47274  26.920  -11.499  54.269 0.0000000000
46179  25.607  -13.402  53.908 0.0000000000
47276  22.664  -11.015  55.939 0.0000000000
47277  22.033  -11.773  55.304 0.0000000000
49532  24.006  -9.050  56.862 0.0000000000
97437  22.356  -8.819  56.939 0.0000000000
107838  23.249  -6.052  57.901 0.0000000000
51555  21.278  -6.315  58.293 0.0000000000
52497  20.309  -5.511  56.439 0.0000000000
52484  20.765  -5.623  57.679 0.0000000000
37714  8.954  -18.965  55.215 0.0000000000
39607  9.230  -17.615  54.994 0.0000000000
38674  9.102  -18.074  54.728 0.0000000000
97449  9.774  -15.850  55.778 0.0000000000
46178  10.333  -12.634  52.983 0.0000000000
46164  11.332  -11.288  57.643 0.0000000000
45045  11.307  -12.935  57.036 0.0000000000
98646  11.570  -11.833  57.080 0.0000000000
96350  11.811  -12.045  56.132 0.0000000000
47292  12.929  -10.141  53.588 0.0000000000
109507  12.501  -9.839  53.418 0.0000000000
51587  9.729  -6.860  56.086 0.0000000000
50582  9.169  -7.628  56.075 0.0000000000
51578  9.239  -6.000  56.326 0.0000000000
51579  8.416  -6.246  56.222 0.0000000000
52503  9.602  -5.097  56.156 0.0000000000
52517  10.926  -5.535  55.336 0.0000000000
49583  21.688  -8.409  53.791 0.0000000000
96039  22.251  -8.466  53.167 0.0000000000
108888  21.509  -8.452  53.305 0.0000000000
41625  13.654  -15.735  56.642 0.0000000000
41629  13.987  -15.777  55.687 0.0000000000
41621  13.324  -15.718  57.720 0.0000000000
100507  9.269  -20.212  56.162 0.0000000000
36739  9.456  -20.849  55.608 0.0000000000
39633  8.911  -17.068  52.964 0.0000000000
39632  9.137  -17.723  52.489 0.0000000000
94532  9.489  -17.597  51.906 0.0000000000
42739  9.249  -14.686  52.830 0.0000000000
41637  9.111  -15.626  53.171 0.0000000000
41648  9.524  -15.224  50.952 0.0000000000
40607  10.026  -16.331  50.973 0.0000000000
42763  9.323  -14.933  48.314 0.0000000000
48464  7.949  -9.853  52.582 0.0000000000
47311  8.527  -10.586  51.981 0.0000000000
104971  9.071  -9.156  50.886 0.0000000000
46197  9.305  -11.455  50.303 0.0000000000
45089  8.806  -13.244  49.668 0.0000000000
45088  8.985  -12.699  49.437 0.0000000000
109834  8.955  -13.384  48.018 0.0000000000
44020  8.659  -14.267  47.527 0.0000000000
44036  8.843  -14.364  46.650 0.0000000000
45112  11.378  -12.610  47.676 0.0000000000
44018  11.782  -13.018  46.882 0.0000000000
47334  12.122  -10.530  48.681 0.0000000000
47333  12.869  -10.464  48.283 0.0000000000
46220  13.735  -11.204  47.602 0.0000000000
46210  13.192  -11.024  48.060 0.0000000000
46233  14.136  -11.813  46.860 0.0000000000
91442  10.406  -1.325  48.623 0.0000000000
55614  10.146  -2.202  49.035 0.0000000000
56586  9.555  -1.982  49.859 0.0000000000
55615  9.196  -2.895  49.314 0.0000000000
55616  8.468  -3.632  49.517 0.0000000000
105846  8.674  -3.552  48.780 0.0000000000
54681  8.204  -4.121  43.991 0.0000000000
54672  8.420  -3.489  44.281 0.0000000000
54660  8.668  -3.698  45.086 0.0000000000
54653  8.844  -3.829  46.024 0.0000000000
53611  8.223  -4.419  45.349 0.0000000000
51676  8.243  -6.301  45.281 0.0000000000
51677  7.707  -5.921  45.651 0.0000000000
51663  8.113  -6.281  46.071 0.0000000000
94311  8.449  -6.371  46.749 0.0000000000
95592  9.206  -6.713  46.690 0.0000000000
51660  11.140  -7.055  46.156 0.0000000000
50667  12.099  -7.134  46.696 0.0000000000
52652  11.601  -5.846  44.311 0.0000000000
51566  15.936  -6.608  57.700 0.0000000000
51565  16.468  -6.331  57.025 0.0000000000
52501  16.825  -5.874  56.410 0.0000000000
52516  16.861  -5.674  55.709 0.0000000000
52478  19.227  -5.812  58.282 0.0000000000
108095  18.860  -5.990  58.610 0.0000000000
51549  17.736  -6.362  58.773 0.0000000000
51550  17.091  -6.642  59.014 0.0000000000
41714  9.443  -15.958  45.221 0.0000000000
42810  9.521  -14.918  45.205 0.0000000000
98339  10.851  -15.333  56.704 0.0000000000
99504  11.861  -14.250  59.367 0.0000000000
42718  11.283  -15.033  59.378 0.0000000000
40550  10.799  -16.047  58.536 0.0000000000
45073  9.617  -12.666  52.528 0.0000000000
50629  8.930  -6.839  50.065 0.0000000000
110374  9.362  -6.821  49.568 0.0000000000
50628  9.994  -7.097  49.307 0.0000000000
49643  10.684  -7.628  48.883 0.0000000000
51636  11.040  -6.673  48.178 0.0000000000
47254  11.978  -10.197  58.198 0.0000000000
50579  15.291  -7.356  55.624 0.0000000000
99213  15.063  -7.292  54.633 0.0000000000
92597  14.603  -7.614  53.792 0.0000000000
50595  15.161  -7.114  53.618 0.0000000000
49551  21.817  -8.824  55.554 0.0000000000
49535  20.764  -8.599  56.513 0.0000000000
110601  20.125  -8.428  56.113 0.0000000000
48393  18.164  -9.199  58.115 0.0000000000
46161  16.634  -12.043  57.335 0.0000000000
48390  14.554  -9.247  59.395 0.0000000000
99590  13.880  -9.760  59.239 0.0000000000
46152  13.195  -11.129  58.985 0.0000000000
50584  7.288  -7.708  55.495 0.0000000000
49560  6.813  -8.314  54.924 0.0000000000
51588  7.285  -6.856  55.508 0.0000000000
51589  6.948  -6.867  54.759 0.0000000000
52536  7.208  -6.202  54.448 0.0000000000
99639  7.951  -2.058  52.878 0.0000000000
54596  7.785  -3.127  53.052 0.0000000000
53553  7.940  -3.916  52.036 0.0000000000
109245  7.776  -5.044  50.870 0.0000000000
45065  24.815  -14.050  51.514 0.0000000000
47266  25.471  -11.032  55.487 0.0000000000
48411  24.603  -9.952  56.074 0.0000000000
49531  24.918  -8.892  56.802 0.0000000000
49520  24.414  -8.323  57.122 0.0000000000
52483  21.680  -5.686  57.805 0.0000000000
38666  8.787  -19.167  56.019 0.0000000000
43971  9.973  -14.481  54.838 0.0000000000
107680  10.547  -13.491  53.590 0.0000000000
46175  12.686  -11.666  54.632 0.0000000000
48446  12.013  -9.548  53.451 0.0000000000
48447  11.204  -10.028  53.566 0.0000000000
49576  9.726  -8.712  55.121 0.0000000000
51586  10.387  -6.333  55.840 0.0000000000
49585  19.772  -8.765  53.175 0.0000000000
40564  12.471  -16.938  57.967 0.0000000000
37693  10.353  -19.684  57.428 0.0000000000
37707  9.095  -19.693  56.296 0.0000000000
39623  8.560  -17.121  53.786 0.0000000000
40593  9.235  -16.297  52.623 0.0000000000
42745  9.881  -15.328  49.970 0.0000000000
42746  9.547  -14.719  49.917 0.0000000000
98964  8.567  -10.169  51.524 0.0000000000
45100  9.838  -12.757  48.250 0.0000000000
107890  10.911  -12.448  48.205 0.0000000000
48520  13.159  -9.891  48.047 0.0000000000
47342  14.056  -10.446  47.428 0.0000000000
55620  10.714  -2.567  48.007 0.0000000000
54644  9.260  -3.490  47.489 0.0000000000
94856  7.963  -4.800  44.237 0.0000000000
53623  7.747  -4.970  44.761 0.0000000000
105588  7.790  -5.216  44.416 0.0000000000
51697  7.976  -6.036  44.510 0.0000000000
51675  9.328  -6.630  45.340 0.0000000000
51674  10.460  -6.713  45.427 0.0000000000
51673  11.547  -6.747  45.420 0.0000000000
49512  13.808  -8.110  58.825 0.0000000000
49518  13.502  -8.312  58.564 0.0000000000
50561  14.737  -7.519  57.880 0.0000000000
51576  15.774  -7.074  56.338 0.0000000000
50549  20.998  -7.403  58.283 0.0000000000
49515  19.512  -8.420  58.254 0.0000000000
49516  18.550  -8.394  58.576 0.0000000000
48395  16.808  -9.811  58.537 0.0000000000
50545  15.932  -7.514  59.218 0.0000000000
49510  15.482  -8.247  59.317 0.0000000000
99048  15.183  -8.883  59.457 0.0000000000
49511  14.505  -8.239  59.206 0.0000000000
54573  8.966  -3.440  54.960 0.0000000000
54574  8.432  -3.421  54.745 0.0000000000
55576  8.454  -2.531  54.367 0.0000000000
55581  8.172  -2.360  53.874 0.0000000000
57501  8.000  -0.103  53.727 0.0000000000
56568  8.026  -0.962  53.176 0.0000000000
109943  8.005  -1.458  53.092 0.0000000000
56574  7.979  -1.374  52.844 0.0000000000
39591  10.465  -18.061  56.275 0.0000000000
41626  10.599  -15.277  55.993 0.0000000000
96709  13.716  -14.261  58.682 0.0000000000
98682  13.489  -15.005  58.112 0.0000000000
40554  12.672  -16.289  59.098 0.0000000000
99783  12.269  -16.643  58.568 0.0000000000
39583  12.097  -17.151  58.116 0.0000000000
39585  11.192  -17.134  57.249 0.0000000000
41635  9.153  -15.264  54.097 0.0000000000
42736  9.389  -14.657  53.485 0.0000000000
50617  8.115  -7.772  51.306 0.0000000000
48496  9.264  -8.551  50.502 0.0000000000
47322  11.298  -10.507  49.076 0.0000000000
49658  12.811  -8.162  47.064 0.0000000000
52669  9.780  -5.207  43.551 0.0000000000
40629  10.131  -15.499  48.030 0.0000000000
43959  10.984  -13.116  58.100 0.0000000000
45040  11.124  -12.483  57.696 0.0000000000
104652  11.557  -10.550  57.767 0.0000000000
48414  13.702  -9.821  55.305 0.0000000000
49528  13.213  -8.350  58.036 0.0000000000
49539  13.655  -8.887  57.090 0.0000000000
48406  13.941  -9.198  56.099 0.0000000000
48439  23.244  -9.714  53.820 0.0000000000
49581  23.370  -9.139  53.239 0.0000000000
49582  22.406  -8.648  53.903 0.0000000000
110042  21.165  -8.496  54.301 0.0000000000
48425  18.481  -9.164  54.524 0.0000000000
49536  19.866  -8.646  56.846 0.0000000000
102108  19.020  -8.604  56.294 0.0000000000
49554  18.779  -8.802  55.752 0.0000000000
96870  15.875  -13.497  56.279 0.0000000000
43963  14.439  -13.935  58.240 0.0000000000
47258  15.869  -10.925  58.190 0.0000000000
46163  15.107  -12.025  58.373 0.0000000000
47253  14.511  -10.781  58.974 0.0000000000
43955  12.335  -13.510  59.209 0.0000000000
43956  11.088  -13.423  59.042 0.0000000000
47297  8.263  -10.333  53.188 0.0000000000
48448  7.815  -9.947  53.764 0.0000000000
48449  7.164  -9.499  53.734 0.0000000000
49590  6.797  -8.817  53.598 0.0000000000
49600  7.084  -8.590  52.959 0.0000000000
53513  7.642  -4.671  54.390 0.0000000000
52547  7.431  -5.406  54.146 0.0000000000
52548  7.202  -6.262  53.761 0.0000000000
102086  7.353  -5.446  53.337 0.0000000000
51604  7.197  -6.365  52.929 0.0000000000
100719  7.250  -6.800  52.339 0.0000000000
50618  7.528  -7.254  51.803 0.0000000000
51630  8.006  -5.735  49.074 0.0000000000
96135  17.927  -5.491  56.446 0.0000000000
47287  23.650  -10.045  53.091 0.0000000000
45059  24.647  -13.955  53.102 0.0000000000
45066  23.539  -13.684  53.247 0.0000000000
45050  23.249  -12.462  55.639 0.0000000000
45067  22.524  -13.055  54.123 0.0000000000
47289  21.129  -12.087  54.001 0.0000000000
47288  21.861  -10.911  53.675 0.0000000000
49549  23.293  -9.663  55.979 0.0000000000
49523  21.893  -8.470  57.490 0.0000000000
50556  24.212  -7.383  57.269 0.0000000000
50557  23.288  -7.153  57.652 0.0000000000
50558  22.369  -7.569  57.982 0.0000000000
50559  21.681  -7.840  58.069 0.0000000000
52477  20.184  -5.783  58.239 0.0000000000
52486  18.699  -5.660  57.089 0.0000000000
41630  9.236  -15.397  55.398 0.0000000000
105206  8.814  -15.791  55.115 0.0000000000
45063  11.560  -12.834  54.387 0.0000000000
47280  12.943  -10.812  54.214 0.0000000000
47295  10.515  -10.865  53.402 0.0000000000
48416  7.864  -9.263  55.042 0.0000000000
49558  7.996  -8.608  55.557 0.0000000000
49557  9.019  -8.333  55.715 0.0000000000
50583  8.367  -7.826  56.050 0.0000000000
49540  7.744  -7.954  55.779 0.0000000000
50571  7.850  -7.198  56.085 0.0000000000
52505  8.186  -5.608  55.843 0.0000000000
53493  8.855  -4.361  55.539 0.0000000000
51585  11.156  -6.376  55.303 0.0000000000
52518  10.446  -5.645  55.805 0.0000000000
99814  10.183  -4.934  55.750 0.0000000000
109411  10.002  -5.081  56.035 0.0000000000
52502  9.790  -4.674  55.821 0.0000000000
54565  9.246  -4.060  55.393 0.0000000000
55574  9.181  -2.720  54.688 0.0000000000
95487  17.947  -5.095  55.844 0.0000000000
49597  22.911  -8.710  52.820 0.0000000000
49606  22.322  -8.905  52.246 0.0000000000
49598  21.319  -8.689  52.664 0.0000000000
40569  13.070  -17.265  56.224 0.0000000000
38687  9.100  -18.345  52.833 0.0000000000
40601  9.836  -16.949  51.518 0.0000000000
41658  10.069  -15.492  49.623 0.0000000000
92988  8.415  -15.165  46.747 0.0000000000
48498  8.567  -9.442  51.391 0.0000000000
46198  9.052  -11.567  50.989 0.0000000000
43993  8.730  -13.909  48.952 0.0000000000
42764  8.775  -14.477  48.204 0.0000000000
42793  8.540  -15.035  46.007 0.0000000000
44035  9.360  -14.464  45.868 0.0000000000
45124  12.704  -12.794  46.534 0.0000000000
104595  8.715  -0.585  51.114 0.0000000000
93386  7.993  -4.260  49.558 0.0000000000
94082  7.490  -4.998  48.432 0.0000000000
51651  8.061  -5.998  47.570 0.0000000000
54654  8.286  -4.403  46.258 0.0000000000
96633  7.680  -5.483  45.982 0.0000000000
53603  7.729  -4.990  46.777 0.0000000000
108740  10.655  -6.895  46.681 0.0000000000
109105  11.983  -6.827  47.419 0.0000000000
51694  11.002  -6.338  44.780 0.0000000000
50678  12.801  -7.383  46.061 0.0000000000
45052  21.288  -12.316  55.999 0.0000000000
45053  21.021  -12.253  55.882 0.0000000000
45068  21.482  -12.507  54.733 0.0000000000
45069  21.078  -12.438  55.248 0.0000000000
45074  23.841  -13.653  51.795 0.0000000000
45076  21.589  -12.387  53.648 0.0000000000
46172  24.576  -13.117  54.762 0.0000000000
46173  21.053  -12.384  55.250 0.0000000000
46180  21.093  -12.223  54.335 0.0000000000
47249  14.089  -10.416  59.176 0.0000000000
47269  21.379  -12.298  55.947 0.0000000000
47270  21.178  -12.310  55.849 0.0000000000
48461  19.836  -9.139  52.391 0.0000000000
50585  6.894  -7.502  55.056 0.0000000000
52504  8.959  -5.282  56.218 0.0000000000
52519  7.750  -5.551  55.177 0.0000000000
52642  7.676  -5.823  44.891 0.0000000000
52656  7.816  -5.623  44.396 0.0000000000
53502  8.770  -3.879  55.201 0.0000000000
53624  7.672  -5.406  44.687 0.0000000000
54581  7.907  -4.020  54.604 0.0000000000
55573  9.621  -2.856  54.685 0.0000000000
55575  8.740  -2.590  54.598 0.0000000000
56555  8.678  -1.754  54.424 0.0000000000
56560  8.573  -1.132  54.141 0.0000000000
58478  8.118  0.840  53.746 0.0000000000
100051  8.455  -1.820  54.126 0.0000000000
104590  22.077  -11.893  56.080 0.0000000000
106073  8.813  -4.889  55.870 0.0000000000
107637  21.266  -12.189  53.664 0.0000000000
109448  7.591  -6.147  55.541 0.0000000000
