#!ascii label  , from subject sub-v2s15x29754_ses-1 vox2ras=TkReg
885
9042  37.379  -50.251  -9.815 0.3000000119
11326  31.924  -45.892  -12.882 0.6000000238
10801  30.028  -48.353  -16.230 0.6999999881
93006  29.298  -48.084  -16.197 0.6999999881
9043  36.697  -50.490  -9.392 0.4000000060
106322  34.802  -46.200  -8.593 0.4000000060
10135  38.269  -48.338  -9.729 0.5000000000
102018  38.819  -48.773  -10.313 0.5000000000
11325  32.718  -46.156  -12.826 0.6999999881
11341  31.334  -46.233  -13.859 0.6999999881
11360  31.867  -47.264  -14.428 0.5000000000
10206  30.680  -48.701  -16.019 0.6000000238
10201  29.859  -48.739  -16.033 0.6000000238
93313  30.948  -47.137  -16.494 0.6999999881
11981  30.455  -46.000  -16.544 0.6999999881
10123  36.711  -49.023  -8.771 0.5000000000
11265  35.455  -46.354  -8.435 0.4000000060
10136  37.534  -48.804  -9.368 0.6000000238
11863  33.962  -45.729  -9.899 0.4000000060
102073  33.889  -45.644  -10.652 0.5000000000
10705  37.699  -47.704  -9.220 0.6000000238
11878  33.353  -45.750  -10.436 0.6000000238
11917  33.000  -45.844  -12.054 0.6000000238
100663  38.378  -47.451  -9.606 0.6000000238
11339  33.144  -46.645  -13.544 0.6000000238
10777  31.349  -48.241  -15.200 0.6000000238
105514  31.399  -48.722  -16.007 0.6000000238
11980  32.024  -46.475  -16.654 0.6999999881
10800  30.998  -48.273  -16.259 0.6999999881
11990  31.924  -45.285  -16.866 0.6999999881
107152  31.293  -45.901  -16.615 0.6999999881
12529  30.060  -45.068  -16.610 0.6999999881
12545  32.250  -44.475  -17.325 0.6999999881
12546  31.363  -44.351  -17.112 0.6999999881
13076  32.619  -43.237  -17.733 0.6999999881
93899  36.676  -48.033  -8.483 0.5000000000
10690  36.380  -47.266  -8.309 0.5000000000
10691  35.557  -47.074  -7.907 0.5000000000
11283  34.437  -45.923  -9.108 0.4000000060
10689  37.035  -47.403  -8.668 0.5000000000
11877  34.635  -45.507  -10.505 0.5000000000
11916  33.804  -45.779  -12.017 0.6000000238
11295  38.472  -45.989  -9.642 0.6000000238
10704  38.078  -46.741  -9.404 0.5000000000
11859  37.966  -45.384  -9.793 0.5000000000
10776  32.292  -48.065  -14.935 0.6000000238
10758  32.738  -47.274  -14.247 0.6999999881
11389  33.058  -47.387  -16.984 0.6000000238
10205  32.298  -48.613  -16.071 0.6000000238
11989  32.809  -46.156  -17.185 0.6000000238
11390  31.939  -47.712  -16.443 0.6000000238
12544  33.092  -44.781  -17.810 0.6000000238
100761  32.706  -45.261  -17.390 0.6999999881
13077  30.819  -43.623  -17.351 0.6999999881
13075  33.347  -44.075  -18.343 0.6000000238
99857  31.819  -43.601  -17.411 0.6999999881
105722  31.924  -42.839  -17.514 0.6999999881
98509  32.651  -43.968  -17.644 0.6999999881
11282  35.281  -45.847  -8.956 0.4000000060
11263  36.769  -46.755  -8.633 0.5000000000
11850  36.058  -45.952  -8.846 0.4000000060
11896  35.126  -45.364  -11.249 0.5000000000
11897  34.230  -45.585  -11.265 0.6000000238
11281  36.830  -46.145  -8.979 0.4000000060
11324  33.481  -46.208  -12.788 0.6000000238
11280  37.665  -46.044  -9.361 0.4000000060
91350  36.524  -45.303  -9.854 0.4000000060
97657  37.162  -45.564  -9.514 0.4000000060
12441  37.375  -44.678  -10.898 0.4000000060
10757  33.545  -47.294  -14.185 0.6999999881
10192  32.720  -48.348  -15.341 0.6000000238
10199  32.901  -48.568  -15.793 0.6000000238
11988  33.646  -46.060  -17.941 0.6000000238
10799  32.767  -48.264  -16.414 0.6000000238
12554  33.958  -45.428  -18.647 0.6000000238
13661  31.143  -42.925  -17.510 0.6999999881
13659  32.502  -42.300  -17.716 0.6999999881
13090  33.291  -42.891  -18.330 0.6000000238
13673  33.147  -42.025  -18.127 0.6000000238
11861  35.857  -45.574  -9.447 0.4000000060
11876  35.671  -45.307  -10.355 0.4000000060
11323  34.281  -46.179  -12.822 0.6999999881
11875  36.601  -44.945  -10.611 0.4000000060
10756  34.366  -47.394  -14.212 0.8000000119
10191  33.422  -48.351  -15.312 0.6999999881
10204  33.522  -48.484  -16.286 0.6000000238
92920  33.657  -47.045  -17.696 0.5000000000
10798  33.952  -48.205  -16.999 0.6000000238
101788  30.638  -42.243  -17.556 0.6999999881
13097  34.632  -43.595  -19.889 0.6000000238
13089  33.948  -43.850  -19.175 0.6000000238
14242  31.947  -41.507  -17.597 0.8000000119
98586  33.866  -42.931  -19.095 0.6000000238
11914  35.629  -45.405  -12.193 0.5000000000
11915  34.674  -45.644  -12.060 0.6000000238
11895  36.016  -45.011  -11.265 0.5000000000
11913  36.924  -45.218  -12.729 0.6999999881
12472  36.457  -44.908  -11.976 0.4000000060
10190  34.214  -48.427  -15.395 0.6999999881
10198  33.692  -48.576  -15.797 0.6999999881
11400  34.567  -47.451  -18.368 0.6000000238
11397  34.363  -47.850  -17.703 0.6000000238
12553  35.145  -46.289  -19.660 0.6000000238
14243  31.024  -41.512  -17.642 0.6000000238
94554  34.201  -44.870  -19.169 0.6000000238
14256  32.782  -41.469  -17.841 0.6999999881
14844  32.341  -40.791  -17.698 0.6999999881
13681  34.136  -42.411  -19.416 0.6999999881
14262  33.821  -41.540  -19.078 0.6999999881
14255  33.334  -41.427  -18.337 0.6999999881
11321  35.989  -46.165  -13.205 0.5000000000
11322  35.146  -46.113  -12.982 0.6000000238
100686  34.764  -46.767  -13.631 0.6000000238
102640  37.234  -46.787  -13.955 0.6999999881
90809  36.724  -46.103  -13.367 0.6000000238
11359  37.540  -47.787  -14.711 0.6999999881
11932  37.417  -45.850  -13.433 0.6999999881
96025  34.769  -48.117  -14.867 0.6999999881
10197  34.403  -48.601  -16.087 0.6999999881
11399  35.474  -47.695  -18.930 0.5000000000
10804  34.911  -48.208  -17.553 0.6000000238
14846  30.514  -40.749  -17.810 0.5000000000
13096  36.059  -45.060  -20.699 0.6000000238
11993  35.705  -47.288  -19.459 0.6000000238
14845  31.442  -40.776  -17.686 0.6000000238
14859  30.901  -40.024  -17.940 0.5000000000
13100  35.597  -43.658  -20.745 0.6000000238
13088  34.955  -45.050  -19.975 0.6000000238
14858  32.823  -40.185  -17.845 0.6000000238
15446  31.892  -40.050  -17.659 0.5000000000
16027  31.923  -38.505  -17.726 0.5000000000
14265  35.209  -42.423  -20.595 0.6999999881
13680  34.703  -42.706  -20.067 0.6999999881
97796  34.144  -40.904  -19.529 0.6999999881
14857  33.508  -40.615  -18.541 0.6999999881
15455  33.277  -39.569  -18.195 0.5000000000
96488  34.811  -41.317  -20.381 0.6999999881
14869  33.914  -39.913  -19.180 0.6000000238
102246  35.227  -47.550  -14.331 0.6000000238
11336  36.554  -47.119  -14.095 0.6999999881
10755  35.989  -47.614  -14.473 0.6000000238
96361  37.354  -48.113  -15.321 0.6999999881
10189  35.018  -48.461  -15.650 0.6999999881
10196  35.151  -48.485  -16.353 0.6999999881
11396  35.206  -48.005  -18.299 0.6000000238
15458  30.381  -39.310  -18.335 0.4000000060
11996  36.465  -47.264  -19.991 0.5000000000
16666  31.576  -37.643  -17.902 0.4000000060
14264  35.868  -42.017  -21.299 0.6000000238
93541  32.915  -38.642  -17.930 0.5000000000
15456  32.390  -39.357  -17.738 0.5000000000
98380  33.712  -38.818  -18.883 0.5000000000
16025  33.300  -37.932  -18.379 0.4000000060
14868  34.498  -40.287  -20.121 0.6999999881
15467  34.298  -39.303  -19.897 0.6000000238
10772  36.681  -48.052  -14.942 0.6000000238
10788  36.480  -48.138  -15.676 0.6999999881
10773  35.732  -48.171  -15.161 0.6999999881
10787  37.570  -47.962  -15.686 0.6999999881
10795  36.424  -48.007  -16.043 0.6999999881
10789  35.644  -48.348  -15.881 0.6000000238
92523  35.404  -48.072  -17.820 0.6000000238
12559  37.361  -46.104  -20.741 0.6000000238
12556  37.202  -46.960  -20.258 0.5000000000
12557  36.372  -46.384  -20.373 0.6000000238
13685  36.472  -43.426  -21.380 0.6000000238
16026  32.500  -37.781  -17.829 0.5000000000
16665  32.146  -36.909  -17.779 0.4000000060
16664  33.005  -37.099  -18.153 0.4000000060
94153  34.809  -39.659  -20.754 0.6000000238
98379  34.574  -38.746  -20.618 0.5000000000
10796  35.724  -48.207  -16.324 0.6000000238
11979  35.714  -46.333  -16.613 0.6999999881
92997  35.812  -47.754  -17.737 0.6000000238
11968  35.924  -46.218  -16.117 0.6999999881
106907  36.121  -47.624  -18.694 0.5000000000
13098  38.136  -44.625  -21.268 0.6000000238
12558  37.967  -45.529  -20.978 0.6000000238
13099  37.433  -44.893  -21.254 0.6000000238
13688  37.111  -43.062  -21.727 0.5000000000
14871  36.105  -41.103  -21.680 0.6000000238
15469  35.531  -39.999  -21.509 0.6000000238
12543  35.828  -45.487  -17.789 0.6999999881
11987  35.881  -46.673  -17.677 0.6999999881
12551  37.485  -46.226  -20.071 0.6000000238
12555  37.445  -46.309  -20.440 0.5000000000
13686  38.723  -42.604  -22.081 0.6000000238
14874  37.307  -41.275  -22.403 0.6000000238
15472  36.351  -40.068  -22.212 0.6000000238
15474  35.045  -39.009  -21.341 0.5000000000
12454  39.480  -44.773  -11.273 0.5000000000
12470  38.321  -44.551  -12.161 0.5000000000
92380  40.015  -44.539  -12.504 0.5000000000
109729  39.335  -44.513  -12.065 0.5000000000
11912  38.262  -45.321  -13.435 0.6999999881
11950  39.661  -46.303  -14.607 0.6999999881
11931  39.190  -45.161  -13.725 0.5000000000
12481  39.660  -44.570  -12.980 0.5000000000
11335  37.948  -46.751  -14.173 0.6999999881
11951  38.813  -46.549  -14.342 0.6999999881
10771  38.133  -48.083  -15.377 0.6999999881
9605  37.979  -49.962  -10.158 0.3000000119
11391  29.824  -47.202  -16.447 0.6999999881
11361  30.925  -47.398  -14.709 0.6000000238
12528  30.959  -45.068  -16.677 0.6999999881
98819  29.986  -43.642  -17.272 0.6999999881
12471  37.338  -44.645  -11.835 0.6000000238
15457  31.333  -39.275  -17.921 0.5000000000
16028  30.764  -38.416  -18.334 0.5000000000
16036  34.181  -38.387  -19.806 0.5000000000
11395  35.740  -47.795  -18.596 0.5000000000
95309  35.841  -47.239  -16.604 0.6999999881
11991  37.382  -47.029  -20.046 0.5000000000
14268  37.160  -42.290  -22.028 0.6000000238
11992  36.548  -47.145  -19.170 0.6000000238
13687  38.155  -43.196  -21.900 0.6000000238
12552  36.726  -46.061  -19.173 0.5000000000
11374  40.046  -47.425  -16.007 0.6000000238
13060  40.471  -44.489  -16.646 0.6000000238
13049  39.879  -43.483  -15.965 0.4000000060
11978  39.978  -46.551  -16.546 0.5000000000
10769  39.398  -47.680  -15.697 0.6000000238
11879  31.953  -45.692  -10.692 0.5000000000
99542  40.603  -43.327  -16.469 0.4000000060
11899  32.326  -45.648  -11.399 0.5000000000
11900  31.414  -45.516  -11.218 0.5000000000
11977  40.840  -46.384  -16.800 0.5000000000
106827  39.445  -41.948  -15.328 0.4000000060
105375  32.331  -45.743  -12.212 0.5000000000
11933  31.034  -45.428  -12.905 0.5000000000
13061  39.681  -44.529  -16.197 0.6000000238
11918  31.623  -45.483  -12.063 0.5000000000
11386  39.927  -47.257  -16.302 0.5000000000
10770  38.821  -47.933  -15.514 0.6000000238
14811  38.360  -40.360  -14.314 0.4000000060
14810  38.959  -40.550  -14.758 0.4000000060
13050  39.053  -43.629  -15.470 0.4000000060
11903  29.222  -45.575  -11.935 0.5000000000
12526  39.560  -45.461  -16.356 0.5000000000
11919  30.144  -45.225  -12.869 0.5000000000
108371  28.724  -45.800  -13.734 0.5000000000
11387  39.337  -47.110  -16.336 0.6000000238
11375  38.869  -47.691  -16.097 0.6000000238
11358  38.497  -47.715  -14.841 0.6000000238
102891  30.473  -48.348  -15.346 0.5000000000
11953  28.759  -46.376  -14.385 0.5000000000
11936  28.063  -46.190  -13.967 0.4000000060
98688  38.002  -45.814  -15.703 0.5000000000
12511  38.143  -45.033  -15.577 0.5000000000
11966  37.302  -46.462  -15.796 0.6000000238
11376  38.043  -47.651  -16.043 0.6000000238
11967  36.482  -46.628  -15.994 0.6000000238
11377  37.076  -47.643  -16.011 0.6000000238
13623  38.735  -42.054  -14.816 0.4000000060
14211  38.274  -41.236  -14.397 0.4000000060
10780  28.886  -47.971  -15.692 0.5000000000
11364  28.119  -47.026  -15.020 0.5000000000
11344  26.821  -46.464  -13.682 0.4000000060
10779  29.310  -48.300  -15.566 0.6000000238
11922  27.676  -45.967  -13.209 0.4000000060
13051  37.802  -44.240  -15.163 0.6000000238
104687  36.372  -44.370  -15.139 0.6000000238
12496  35.876  -44.327  -15.380 0.6000000238
13052  35.473  -44.217  -15.927 0.6000000238
15418  38.038  -39.712  -13.982 0.4000000060
11379  28.320  -47.480  -15.710 0.5000000000
11365  27.164  -46.539  -14.561 0.4000000060
11366  26.334  -46.412  -14.078 0.4000000060
13624  37.449  -42.766  -14.518 0.6000000238
100289  38.333  -42.928  -14.833 0.4000000060
13626  35.959  -42.864  -14.786 0.6000000238
107932  38.325  -43.725  -15.148 0.6000000238
13034  36.866  -43.945  -14.826 0.5000000000
13036  35.722  -43.490  -15.292 0.6000000238
13636  35.528  -42.603  -15.436 0.5000000000
12513  35.630  -45.175  -15.911 0.6000000238
15409  37.572  -38.982  -13.705 0.4000000060
11393  28.298  -47.249  -16.076 0.6000000238
11984  27.915  -46.329  -16.100 0.5000000000
11381  26.840  -46.431  -14.876 0.5000000000
108045  25.806  -46.497  -13.567 0.5000000000
14213  36.408  -41.699  -14.272 0.4000000060
14212  37.221  -41.505  -14.132 0.4000000060
93756  35.583  -41.198  -14.861 0.5000000000
14224  35.512  -41.805  -15.284 0.5000000000
100776  35.343  -41.994  -16.067 0.5000000000
100835  35.393  -43.383  -15.958 0.6000000238
13658  35.561  -43.250  -17.457 0.6000000238
12527  35.495  -45.204  -16.663 0.6000000238
15991  35.827  -38.608  -13.951 0.4000000060
15410  37.114  -39.743  -13.647 0.4000000060
99653  35.978  -37.922  -13.841 0.4000000060
15990  36.296  -38.403  -13.650 0.4000000060
12547  30.472  -44.293  -16.984 0.6000000238
15997  35.583  -38.777  -14.461 0.4000000060
14803  36.650  -40.279  -13.761 0.4000000060
12531  28.244  -45.099  -16.394 0.6000000238
12514  27.077  -45.137  -15.735 0.5000000000
11970  26.475  -45.767  -15.160 0.4000000060
14813  35.635  -40.320  -14.550 0.4000000060
14214  35.838  -41.956  -14.696 0.5000000000
100611  35.384  -42.225  -17.036 0.5000000000
13074  35.427  -44.014  -16.866 0.6000000238
13087  35.894  -44.492  -18.071 0.6000000238
17310  35.528  -36.460  -14.782 0.4000000060
12548  29.646  -44.285  -16.852 0.6000000238
12530  29.151  -45.106  -16.563 0.6000000238
100301  27.607  -45.504  -16.058 0.5000000000
12516  25.870  -45.061  -14.904 0.5000000000
16003  35.399  -38.983  -15.156 0.4000000060
14825  35.399  -39.832  -15.354 0.4000000060
109352  35.429  -40.630  -15.256 0.5000000000
14843  35.510  -40.661  -17.238 0.5000000000
96445  35.946  -42.640  -18.192 0.5000000000
16632  35.893  -37.217  -13.940 0.4000000060
108421  29.304  -43.661  -17.135 0.6000000238
13063  28.060  -43.936  -16.648 0.5000000000
13064  27.313  -43.678  -16.470 0.5000000000
14834  35.343  -40.462  -16.166 0.5000000000
14254  36.185  -41.659  -18.485 0.4000000060
106989  36.723  -42.601  -19.159 0.4000000060
13670  37.159  -43.969  -19.609 0.6000000238
100369  37.716  -45.493  -20.455 0.4000000060
18014  35.548  -35.576  -15.079 0.4000000060
16637  35.467  -37.327  -14.869 0.4000000060
13662  30.287  -42.971  -17.483 0.6000000238
92611  35.369  -37.556  -15.595 0.4000000060
95164  29.460  -43.034  -17.390 0.5000000000
13079  27.667  -43.069  -16.910 0.5000000000
109061  26.736  -43.503  -16.266 0.4000000060
102344  28.871  -42.330  -17.463 0.4000000060
15454  35.696  -39.043  -17.638 0.5000000000
14856  35.918  -40.048  -18.045 0.5000000000
14253  36.921  -41.849  -19.398 0.4000000060
13678  38.359  -43.084  -21.107 0.4000000060
101394  37.173  -40.238  -19.850 0.5000000000
14244  30.135  -41.511  -17.659 0.5000000000
101757  29.766  -42.273  -17.536 0.6000000238
14847  29.641  -40.739  -17.867 0.4000000060
14259  38.498  -42.327  -21.291 0.5000000000
13094  38.269  -43.950  -21.315 0.5000000000
15466  37.173  -39.444  -19.993 0.5000000000
15453  36.573  -40.007  -19.083 0.5000000000
14866  37.810  -41.208  -20.473 0.5000000000
18017  35.507  -35.490  -16.019 0.4000000060
13683  38.438  -42.978  -21.779 0.4000000060
14263  39.041  -42.287  -21.969 0.5000000000
15465  37.855  -40.340  -20.640 0.5000000000
15468  37.862  -39.520  -20.863 0.5000000000
14860  30.028  -40.047  -18.181 0.4000000060
14877  38.588  -41.020  -22.801 0.4000000060
15476  38.919  -40.175  -23.385 0.4000000060
14270  38.621  -41.910  -22.383 0.5000000000
14269  39.052  -41.313  -22.502 0.5000000000
14873  39.123  -41.353  -22.265 0.5000000000
103278  38.698  -40.438  -21.575 0.5000000000
16044  39.456  -39.382  -22.710 0.5000000000
15475  39.548  -39.933  -23.141 0.4000000060
11362  29.865  -47.796  -14.988 0.5000000000
11392  28.929  -47.301  -16.284 0.6000000238
11342  30.471  -46.517  -14.349 0.6000000238
11982  29.487  -46.105  -16.505 0.6000000238
101191  32.667  -45.774  -10.577 0.5000000000
13086  36.880  -45.016  -19.323 0.6000000238
11935  29.402  -45.580  -13.576 0.5000000000
11934  30.379  -45.677  -13.684 0.5000000000
11952  29.674  -46.386  -14.406 0.5000000000
11343  27.378  -46.456  -14.146 0.4000000060
11345  26.249  -46.559  -13.322 0.4000000060
13625  36.675  -43.046  -14.571 0.6000000238
11394  27.928  -46.969  -15.773 0.6000000238
14804  36.017  -40.319  -13.991 0.4000000060
11983  28.581  -46.243  -16.371 0.6000000238
11969  27.328  -46.272  -15.592 0.5000000000
11367  25.663  -46.243  -13.992 0.5000000000
11346  25.207  -46.482  -13.473 0.5000000000
104904  26.011  -45.696  -14.771 0.5000000000
13062  28.849  -44.177  -16.746 0.5000000000
12532  27.570  -44.565  -16.226 0.5000000000
97572  35.828  -40.903  -18.036 0.5000000000
12515  26.377  -44.646  -15.470 0.5000000000
92407  35.399  -39.078  -16.580 0.5000000000
13679  37.680  -43.213  -20.296 0.3000000119
14878  39.425  -40.247  -23.188 0.4000000060
98405  34.380  -58.098  -7.349 0.3000000119
92667  34.427  -57.767  -8.223 0.3000000119
5690  34.341  -57.099  -7.529 0.3000000119
6145  34.691  -56.499  -9.401 0.3000000119
5291  34.502  -57.550  -9.087 0.3000000119
104646  35.317  -55.730  -9.194 0.3000000119
6144  35.172  -55.926  -10.172 0.3000000119
94459  35.859  -55.343  -9.909 0.3000000119
104982  38.646  -55.859  -9.214 0.3000000119
6553  36.036  -55.300  -9.017 0.3000000119
6561  37.383  -54.928  -10.326 0.3000000119
6562  36.509  -55.018  -10.656 0.3000000119
6551  37.623  -55.296  -9.224 0.3000000119
90762  39.913  -56.186  -10.759 0.3000000119
93632  38.350  -55.369  -10.009 0.3000000119
7024  38.216  -54.890  -11.233 0.4000000060
7033  37.887  -54.618  -12.746 0.4000000060
7043  42.022  -55.367  -12.727 0.3000000119
6584  41.209  -55.843  -12.580 0.4000000060
6585  40.260  -55.301  -12.854 0.4000000060
7032  38.732  -54.768  -12.548 0.4000000060
7042  42.490  -55.160  -12.279 0.3000000119
7044  39.246  -54.638  -13.385 0.4000000060
7529  43.304  -53.343  -12.476 0.4000000060
7539  42.767  -54.124  -12.621 0.4000000060
7045  38.372  -54.327  -13.723 0.4000000060
98384  39.728  -54.085  -14.262 0.3000000119
7552  42.372  -53.840  -13.858 0.4000000060
6594  41.381  -55.256  -13.162 0.3000000119
6595  40.586  -54.988  -13.622 0.4000000060
95054  43.308  -52.996  -13.675 0.4000000060
7558  41.289  -53.561  -14.421 0.5000000000
94333  40.213  -54.319  -14.178 0.4000000060
10149  38.919  -47.813  -10.073 0.5000000000
8527  45.155  -51.454  -13.748 0.4000000060
7060  39.659  -54.417  -13.929 0.4000000060
9056  38.448  -50.425  -10.598 0.3000000119
105739  39.352  -49.303  -10.754 0.4000000060
8529  40.492  -51.962  -12.654 0.3000000119
11285  32.636  -46.303  -9.260 0.4000000060
108319  31.908  -46.390  -9.226 0.4000000060
12440  38.178  -44.832  -10.546 0.4000000060
12439  38.952  -44.897  -10.721 0.4000000060
11873  38.743  -45.366  -10.179 0.4000000060
7551  42.596  -53.191  -14.509 0.4000000060
7066  41.854  -54.150  -14.046 0.3000000119
7067  41.278  -54.070  -14.310 0.5000000000
11872  39.567  -45.384  -10.629 0.4000000060
11294  39.231  -46.066  -10.049 0.4000000060
8536  44.368  -52.037  -14.823 0.4000000060
9604  38.636  -49.640  -10.450 0.4000000060
10148  39.757  -48.210  -10.662 0.5000000000
8044  40.108  -53.575  -13.856 0.5000000000
10160  40.581  -48.615  -11.335 0.4000000060
9055  39.128  -50.127  -10.876 0.4000000060
8031  39.799  -52.843  -12.857 0.3000000119
9615  39.753  -49.824  -11.274 0.4000000060
11880  31.314  -45.796  -10.418 0.4000000060
8045  43.692  -52.346  -15.698 0.4000000060
7557  42.049  -53.403  -14.692 0.4000000060
11293  39.952  -46.236  -10.485 0.5000000000
8046  43.179  -52.325  -15.842 0.4000000060
8047  41.886  -53.184  -14.794 0.4000000060
10716  40.260  -47.152  -10.673 0.5000000000
8545  44.715  -51.422  -16.409 0.4000000060
8546  44.107  -51.731  -16.455 0.4000000060
8543  42.801  -52.396  -15.549 0.4000000060
9094  42.900  -51.704  -15.304 0.5000000000
8538  41.664  -52.212  -14.076 0.5000000000
106548  40.289  -45.678  -10.799 0.4000000060
10733  40.896  -47.188  -11.169 0.5000000000
9096  45.261  -50.885  -16.680 0.4000000060
9089  41.936  -51.462  -13.563 0.5000000000
94311  40.993  -47.899  -11.370 0.4000000060
9066  41.116  -50.076  -11.991 0.4000000060
9067  40.315  -50.368  -11.678 0.4000000060
9613  41.279  -49.179  -11.758 0.4000000060
11871  40.198  -45.105  -11.249 0.4000000060
12469  40.647  -44.617  -12.575 0.3000000119
109003  43.427  -51.623  -15.937 0.4000000060
11894  41.415  -45.607  -11.625 0.4000000060
11329  25.596  -46.812  -12.991 0.4000000060
10194  46.991  -49.235  -17.161 0.4000000060
9643  45.166  -50.739  -16.686 0.4000000060
9088  42.550  -50.966  -13.761 0.5000000000
9634  42.962  -50.156  -13.405 0.5000000000
11308  42.051  -45.993  -11.756 0.5000000000
96125  42.008  -46.737  -11.729 0.4000000060
10195  46.204  -49.720  -16.858 0.4000000060
9078  41.766  -50.705  -12.764 0.4000000060
98397  41.438  -48.342  -11.647 0.4000000060
10172  42.018  -48.799  -12.154 0.4000000060
10159  42.065  -48.066  -11.921 0.4000000060
12494  40.042  -44.884  -13.958 0.4000000060
12453  40.909  -44.971  -11.883 0.3000000119
9638  44.640  -50.410  -15.905 0.4000000060
9639  43.985  -50.267  -14.796 0.4000000060
11893  41.770  -45.283  -12.178 0.3000000119
10187  45.713  -48.873  -15.509 0.4000000060
10181  45.125  -48.439  -14.340 0.4000000060
9633  43.570  -49.628  -13.623 0.4000000060
9077  42.420  -50.168  -12.918 0.5000000000
10767  46.810  -48.329  -16.429 0.4000000060
10768  46.194  -47.715  -15.046 0.4000000060
10170  43.388  -48.627  -12.961 0.4000000060
10171  42.689  -48.195  -12.429 0.4000000060
10731  42.358  -47.406  -11.998 0.4000000060
10183  43.953  -48.831  -13.503 0.4000000060
6175  33.776  -56.563  -14.412 0.3000000119
6153  40.650  -57.294  -10.233 0.3000000119
6169  41.740  -56.580  -11.609 0.3000000119
9086  45.829  -50.987  -14.542 0.4000000060
8540  45.005  -51.623  -15.540 0.4000000060
9090  46.320  -50.734  -15.657 0.4000000060
9640  47.448  -49.272  -17.168 0.4000000060
12479  41.115  -44.568  -13.354 0.3000000119
10784  47.490  -48.350  -17.035 0.4000000060
12493  40.928  -44.762  -14.229 0.4000000060
100819  41.762  -44.648  -13.315 0.4000000060
12467  42.195  -44.908  -12.852 0.4000000060
11355  46.879  -46.959  -15.589 0.4000000060
10752  45.451  -47.891  -14.385 0.4000000060
10753  44.783  -47.632  -13.660 0.4000000060
10741  44.218  -47.109  -13.131 0.4000000060
11319  43.276  -46.374  -12.496 0.3000000119
11911  42.638  -45.655  -12.395 0.4000000060
11356  46.014  -46.459  -14.522 0.4000000060
11949  40.455  -45.996  -14.987 0.4000000060
108108  34.600  -58.318  -8.825 0.3000000119
6134  34.838  -56.040  -8.478 0.3000000119
5737  33.709  -57.525  -14.002 0.3000000119
6598  34.382  -56.048  -14.227 0.3000000119
6552  36.638  -55.068  -9.646 0.3000000119
6550  39.497  -56.309  -9.791 0.3000000119
7025  37.251  -54.783  -11.587 0.4000000060
6570  40.171  -55.867  -11.691 0.3000000119
6569  41.021  -56.425  -11.858 0.3000000119
6571  39.234  -55.332  -11.463 0.4000000060
106577  42.070  -56.554  -11.410 0.3000000119
8028  44.452  -51.924  -12.908 0.4000000060
8544  42.154  -52.718  -14.935 0.4000000060
8539  41.036  -52.477  -13.552 0.5000000000
9079  40.854  -50.961  -12.291 0.3000000119
8043  40.808  -53.302  -14.050 0.5000000000
9636  46.823  -50.283  -16.271 0.4000000060
9623  42.731  -49.326  -12.768 0.4000000060
10742  42.989  -47.259  -12.407 0.4000000060
11976  41.672  -45.989  -17.227 0.4000000060
102222  41.056  -46.517  -16.607 0.4000000060
12542  41.829  -45.204  -17.596 0.4000000060
12525  40.322  -45.627  -16.731 0.5000000000
11373  40.684  -46.813  -15.936 0.4000000060
13655  46.153  -41.814  -17.535 0.3000000119
14236  46.561  -41.642  -18.635 0.3000000119
107035  42.748  -40.454  -18.501 0.3000000119
14240  41.741  -41.374  -17.450 0.3000000119
14824  40.596  -40.509  -16.382 0.3000000119
14210  39.216  -41.240  -15.038 0.3000000119
106596  45.854  -41.375  -19.303 0.3000000119
14853  43.875  -39.835  -19.082 0.3000000119
14841  42.813  -39.470  -18.456 0.3000000119
13644  45.679  -42.228  -16.586 0.3000000119
106195  45.293  -41.625  -17.130 0.3000000119
93622  39.765  -40.181  -15.587 0.3000000119
106818  44.438  -40.299  -19.132 0.3000000119
15443  42.836  -38.514  -18.194 0.3000000119
95011  41.015  -39.411  -16.821 0.3000000119
14840  43.930  -39.363  -17.939 0.3000000119
15441  43.869  -39.480  -18.574 0.3000000119
16012  41.827  -37.667  -17.407 0.3000000119
16019  43.076  -37.982  -17.676 0.3000000119
16658  42.303  -37.393  -17.365 0.3000000119
14830  44.294  -40.335  -17.427 0.3000000119
15426  40.100  -38.590  -15.923 0.3000000119
97043  39.393  -38.294  -15.066 0.3000000119
15989  37.095  -38.270  -13.540 0.3000000119
15435  43.369  -38.692  -17.509 0.3000000119
15437  41.069  -38.180  -16.864 0.3000000119
16629  38.428  -37.413  -13.907 0.3000000119
16649  42.278  -37.027  -17.008 0.3000000119
16001  40.859  -37.369  -16.510 0.3000000119
15995  39.666  -37.367  -15.178 0.3000000119
17309  38.844  -36.808  -14.058 0.3000000119
17303  36.350  -36.570  -13.711 0.3000000119
16630  37.570  -37.469  -13.612 0.3000000119
18759  35.889  -34.881  -14.593 0.3000000119
106860  36.395  -33.122  -15.928 0.3000000119
18765  36.078  -33.891  -15.953 0.3000000119
18766  35.794  -34.744  -16.512 0.3000000119
12524  41.114  -45.590  -17.180 0.4000000060
105815  39.973  -41.309  -15.726 0.3000000119
15417  38.505  -38.804  -14.238 0.3000000119
11975  42.332  -45.733  -17.369 0.5000000000
14237  45.657  -41.281  -18.189 0.3000000119
14842  42.210  -39.125  -17.885 0.3000000119
100918  42.198  -40.346  -17.903 0.3000000119
14229  41.095  -41.397  -16.768 0.3000000119
13647  40.814  -42.350  -16.526 0.3000000119
14854  43.284  -39.148  -18.533 0.3000000119
14839  44.481  -40.039  -18.373 0.3000000119
15425  40.473  -39.394  -16.341 0.3000000119
15452  43.131  -38.450  -18.133 0.3000000119
16641  41.149  -36.630  -16.220 0.3000000119
17308  39.662  -36.491  -14.588 0.3000000119
16639  42.406  -37.088  -16.789 0.3000000119
17301  38.152  -36.767  -13.711 0.3000000119
11930  42.853  -45.144  -13.051 0.3000000119
11910  43.441  -45.666  -12.905 0.4000000060
12505  45.239  -44.584  -15.753 0.4000000060
12490  44.524  -44.706  -14.983 0.4000000060
12478  42.482  -44.679  -13.704 0.3000000119
107355  44.660  -44.323  -16.353 0.4000000060
12521  45.187  -44.132  -16.804 0.3000000119
12477  43.111  -44.641  -14.427 0.4000000060
12506  44.127  -44.443  -15.950 0.4000000060
96404  43.556  -44.667  -18.350 0.3000000119
12491  42.966  -44.586  -15.204 0.3000000119
97672  43.643  -44.569  -15.094 0.4000000060
12522  43.193  -45.170  -17.717 0.4000000060
12509  42.023  -45.273  -15.744 0.3000000119
106877  42.576  -45.533  -16.831 0.4000000060
11974  42.662  -45.475  -17.733 0.4000000060
12492  42.339  -44.632  -14.815 0.3000000119
106740  41.426  -46.131  -16.058 0.3000000119
109194  41.079  -45.668  -15.306 0.3000000119
91880  41.668  -44.589  -14.066 0.3000000119
12523  42.895  -45.411  -17.206 0.4000000060
11947  43.983  -44.875  -14.241 0.4000000060
7530  43.016  -53.865  -11.813 0.3000000119
11334  44.667  -46.565  -13.440 0.3000000119
7023  41.432  -55.502  -10.239 0.3000000119
7521  41.925  -54.890  -10.768 0.3000000119
7520  42.575  -54.600  -11.402 0.3000000119
8029  43.789  -52.622  -12.617 0.3000000119
11928  44.270  -45.633  -13.507 0.3000000119
11333  45.404  -46.988  -14.035 0.3000000119
96132  42.091  -52.560  -10.928 0.3000000119
8518  43.383  -52.109  -11.424 0.3000000119
8021  42.885  -52.791  -11.288 0.3000000119
8517  43.957  -52.124  -11.875 0.3000000119
12489  45.321  -44.965  -14.910 0.3000000119
9053  42.070  -50.944  -10.599 0.3000000119
8505  43.199  -51.170  -11.141 0.3000000119
9052  42.704  -50.381  -10.758 0.3000000119
8516  44.421  -51.429  -11.872 0.3000000119
9065  44.026  -50.908  -11.433 0.3000000119
9076  45.066  -51.142  -12.366 0.3000000119
9051  43.442  -50.282  -11.091 0.3000000119
9612  44.201  -50.113  -11.386 0.3000000119
9063  45.357  -50.374  -12.114 0.3000000119
9611  44.919  -49.940  -11.672 0.3000000119
9631  46.777  -50.087  -14.439 0.3000000119
9635  47.383  -49.699  -16.661 0.3000000119
10794  47.807  -48.729  -17.319 0.3000000119
9602  42.790  -49.606  -10.624 0.3000000119
9621  46.578  -49.580  -13.053 0.3000000119
9622  45.977  -49.983  -12.512 0.3000000119
9630  47.395  -49.658  -15.068 0.3000000119
11962  46.258  -45.208  -15.358 0.3000000119
10158  44.829  -48.525  -11.298 0.3000000119
10146  43.973  -48.534  -10.837 0.3000000119
104804  45.097  -49.267  -11.598 0.3000000119
9610  45.558  -49.617  -11.967 0.3000000119
10180  47.191  -49.196  -13.637 0.3000000119
10202  48.200  -48.607  -17.208 0.3000000119
11372  47.777  -47.151  -16.718 0.3000000119
12504  47.248  -45.252  -16.171 0.3000000119
12520  46.460  -44.503  -16.517 0.3000000119
11318  43.982  -46.335  -12.926 0.3000000119
10156  46.436  -48.204  -12.302 0.3000000119
10179  47.496  -48.140  -13.336 0.3000000119
10184  48.529  -48.378  -15.741 0.3000000119
11371  48.538  -47.597  -17.412 0.3000000119
8020  43.421  -52.934  -11.732 0.3000000119
8012  42.216  -53.586  -11.034 0.3000000119
5704  34.478  -56.824  -8.401 0.3000000119
6162  40.850  -57.089  -11.092 0.3000000119
6582  42.223  -55.990  -11.863 0.3000000119
6583  41.885  -56.050  -12.157 0.3000000119
7030  42.442  -55.527  -11.600 0.3000000119
7031  39.537  -55.166  -12.400 0.4000000060
7057  42.214  -54.588  -13.268 0.4000000060
7058  41.591  -54.654  -13.707 0.3000000119
7059  40.897  -54.544  -14.065 0.4000000060
7553  40.544  -53.992  -14.395 0.5000000000
7554  38.989  -54.132  -14.082 0.3000000119
7556  42.479  -52.518  -14.946 0.4000000060
8030  40.438  -52.817  -13.357 0.5000000000
8040  43.811  -52.491  -14.123 0.4000000060
8041  43.059  -52.607  -15.014 0.4000000060
8042  41.465  -52.871  -14.437 0.5000000000
8048  43.701  -52.063  -16.353 0.4000000060
8506  42.565  -51.887  -11.019 0.3000000119
8528  41.341  -51.634  -13.035 0.5000000000
8530  39.810  -51.957  -12.117 0.3000000119
8537  42.290  -51.922  -14.598 0.5000000000
8541  44.264  -52.023  -16.193 0.4000000060
8542  43.340  -52.118  -16.173 0.4000000060
8547  43.825  -51.800  -16.448 0.4000000060
9064  44.723  -50.696  -11.746 0.3000000119
9068  39.571  -50.616  -11.402 0.4000000060
9074  46.258  -50.314  -13.507 0.3000000119
9075  45.687  -50.723  -12.965 0.3000000119
9085  46.347  -50.543  -14.439 0.3000000119
9087  43.340  -50.769  -14.616 0.5000000000
9091  45.599  -51.163  -16.237 0.4000000060
9092  44.514  -51.273  -16.486 0.4000000060
9093  43.873  -51.100  -15.997 0.4000000060
9095  46.036  -50.542  -16.666 0.4000000060
9590  38.154  -49.213  -9.925 0.5000000000
9591  37.564  -49.572  -9.652 0.5000000000
9592  37.033  -49.765  -9.334 0.4000000060
9600  44.438  -49.340  -11.306 0.3000000119
9601  43.632  -49.422  -10.929 0.3000000119
9614  40.474  -49.536  -11.518 0.4000000060
9624  41.871  -49.680  -12.392 0.4000000060
9632  44.309  -49.475  -14.321 0.4000000060
9637  45.439  -50.047  -16.446 0.4000000060
9641  46.642  -49.888  -16.994 0.4000000060
9642  45.822  -50.378  -16.718 0.4000000060
10122  37.158  -48.227  -8.861 0.5000000000
10157  45.665  -48.622  -11.793 0.3000000119
10161  39.951  -49.111  -11.135 0.4000000060
10168  46.848  -48.713  -12.782 0.3000000119
10169  46.190  -49.171  -12.326 0.3000000119
10182  44.555  -48.596  -13.866 0.4000000060
10185  47.929  -49.168  -15.520 0.3000000119
10186  46.395  -48.927  -16.501 0.4000000060
10188  45.003  -49.301  -14.989 0.4000000060
10193  47.959  -49.257  -16.788 0.3000000119
10200  31.912  -48.564  -15.713 0.6000000238
10203  34.609  -48.392  -16.757 0.6999999881
10717  39.502  -47.035  -10.265 0.5000000000
10718  38.806  -46.803  -9.767 0.4000000060
10732  41.602  -47.437  -11.580 0.4000000060
10754  43.963  -47.951  -13.186 0.4000000060
10774  33.909  -47.972  -14.751 0.6999999881
10775  33.108  -47.935  -14.782 0.6000000238
10778  29.800  -48.597  -15.734 0.5000000000
10782  48.909  -47.918  -16.657 0.3000000119
10783  48.086  -48.226  -17.389 0.4000000060
10785  39.478  -47.638  -16.084 0.6000000238
10786  38.502  -48.012  -15.818 0.6000000238
10790  30.697  -48.698  -15.875 0.6000000238
10791  29.321  -48.538  -15.946 0.6000000238
10793  48.334  -48.173  -17.329 0.3000000119
10797  35.242  -48.266  -17.000 0.6000000238
10802  29.397  -48.562  -16.025 0.6999999881
10803  28.846  -48.093  -15.990 0.5000000000
11248  34.701  -46.660  -7.983 0.4000000060
11264  36.187  -46.544  -8.490 0.4000000060
11309  41.378  -46.399  -11.375 0.5000000000
11310  40.656  -46.351  -10.860 0.5000000000
11320  42.602  -46.577  -12.079 0.4000000060
11337  35.618  -46.871  -13.798 0.6000000238
11338  33.934  -46.708  -13.542 0.6000000238
11340  32.320  -46.538  -13.644 0.6999999881
11357  39.969  -47.172  -15.427 0.6000000238
11363  29.015  -47.561  -15.102 0.6000000238
11378  36.257  -47.519  -16.300 0.6999999881
11380  27.703  -46.841  -15.296 0.4000000060
11384  48.916  -46.820  -17.690 0.3000000119
11385  40.456  -46.962  -16.396 0.4000000060
11388  35.654  -48.001  -16.805 0.6000000238
11398  36.197  -47.361  -19.317 0.5000000000
11860  36.508  -45.688  -9.294 0.4000000060
11862  34.974  -45.602  -9.683 0.4000000060
11864  33.025  -45.955  -9.886 0.4000000060
11865  32.098  -46.019  -9.957 0.4000000060
11874  37.320  -45.046  -10.147 0.4000000060
11898  33.311  -45.709  -11.186 0.6000000238
11920  29.321  -45.356  -12.726 0.5000000000
11927  45.272  -45.997  -13.843 0.3000000119
11929  43.393  -45.034  -13.567 0.4000000060
11944  46.498  -45.969  -14.929 0.4000000060
11945  45.716  -45.605  -14.550 0.3000000119
11946  44.840  -45.260  -14.288 0.3000000119
11948  41.591  -44.912  -14.995 0.3000000119
11954  26.137  -46.109  -14.568 0.4000000060
11961  47.223  -45.974  -15.689 0.4000000060
11963  41.922  -45.958  -16.741 0.3000000119
11964  38.929  -45.933  -16.116 0.5000000000
11965  38.458  -46.874  -16.169 0.6000000238
11986  42.378  -45.475  -17.739 0.4000000060
11994  34.733  -46.865  -18.960 0.6000000238
11995  36.958  -47.348  -19.973 0.5000000000
12455  38.723  -44.618  -11.291 0.4000000060
12456  38.003  -44.555  -11.286 0.5000000000
12468  41.404  -44.742  -12.679 0.3000000119
12480  40.388  -44.580  -13.244 0.3000000119
12482  38.953  -44.637  -12.806 0.5000000000
12495  37.169  -44.965  -15.353 0.6000000238
12507  43.165  -44.706  -16.100 0.4000000060
12508  42.529  -44.999  -15.913 0.4000000060
12510  38.796  -44.591  -15.680 0.5000000000
12512  36.214  -45.360  -15.583 0.6000000238
12533  26.907  -44.182  -15.994 0.5000000000
13033  37.566  -43.440  -14.748 0.6000000238
13035  36.184  -43.662  -14.896 0.5000000000
13059  41.183  -44.287  -17.087 0.3000000119
13078  28.589  -43.232  -17.154 0.4000000060
13095  38.157  -44.723  -20.896 0.5000000000
13635  39.250  -42.727  -15.333 0.4000000060
13643  46.584  -42.325  -16.831 0.3000000119
13648  35.351  -42.853  -16.467 0.6000000238
13649  26.932  -42.973  -16.620 0.4000000060
13654  47.096  -42.058  -17.884 0.3000000119
13660  31.519  -42.221  -17.552 0.6999999881
13671  36.197  -43.788  -18.461 0.6000000238
13672  33.588  -42.170  -18.708 0.6000000238
13682  38.886  -42.540  -22.086 0.4000000060
13684  37.825  -44.048  -21.575 0.6000000238
14201  36.554  -40.940  -13.982 0.4000000060
14230  40.509  -41.581  -16.249 0.3000000119
14231  35.357  -41.342  -16.600 0.5000000000
14238  44.915  -40.873  -17.746 0.3000000119
14241  35.619  -41.522  -17.575 0.5000000000
14260  37.772  -42.119  -20.345 0.5000000000
14261  34.420  -41.834  -19.824 0.6999999881
14266  39.005  -42.123  -22.124 0.5000000000
14267  38.094  -42.425  -22.271 0.5000000000
14812  35.925  -41.081  -14.332 0.4000000060
14833  41.449  -40.141  -17.221 0.3000000119
14838  45.114  -40.715  -18.849 0.3000000119
14855  36.396  -40.849  -18.764 0.4000000060
14867  37.045  -40.992  -19.632 0.5000000000
14870  38.586  -41.389  -21.398 0.5000000000
14872  35.211  -40.680  -20.905 0.6000000238
14875  39.312  -40.673  -22.869 0.4000000060
14876  39.243  -40.727  -22.981 0.4000000060
15411  36.309  -39.668  -13.724 0.4000000060
15412  35.792  -39.483  -14.063 0.4000000060
15416  39.034  -39.542  -14.779 0.3000000119
15419  35.527  -39.493  -14.661 0.4000000060
15436  41.587  -38.687  -17.419 0.3000000119
15438  35.360  -39.680  -16.169 0.5000000000
15442  43.420  -38.741  -18.090 0.3000000119
15444  42.243  -38.142  -17.758 0.3000000119
15445  35.436  -39.824  -16.990 0.5000000000
15451  43.422  -39.124  -18.443 0.3000000119
15470  39.332  -40.299  -22.490 0.5000000000
15477  37.560  -40.246  -22.876 0.5000000000
15988  38.020  -38.174  -13.768 0.3000000119
15996  38.876  -37.907  -14.413 0.3000000119
16002  40.232  -37.387  -15.889 0.3000000119
16011  42.612  -37.445  -17.261 0.3000000119
16013  41.710  -37.040  -16.956 0.3000000119
16020  42.753  -37.881  -17.708 0.3000000119
16043  37.334  -38.830  -20.359 0.5000000000
16631  36.570  -37.491  -13.616 0.3000000119
16635  39.839  -36.814  -15.131 0.3000000119
16636  39.213  -37.174  -14.513 0.3000000119
16642  40.408  -36.702  -15.666 0.3000000119
17304  35.823  -36.458  -14.123 0.4000000060
17315  35.409  -36.258  -15.609 0.4000000060
18004  36.218  -35.791  -13.852 0.3000000119
18012  35.798  -35.693  -14.357 0.3000000119
18761  35.734  -34.764  -15.465 0.4000000060
90726  46.144  -42.659  -15.930 0.3000000119
91416  43.333  -47.828  -12.721 0.4000000060
91834  42.736  -54.711  -11.868 0.3000000119
92642  39.275  -47.503  -15.028 0.6000000238
92728  44.112  -44.384  -17.108 0.3000000119
93052  38.847  -54.174  -14.002 0.4000000060
93128  38.223  -43.910  -21.463 0.6000000238
93270  35.409  -38.154  -15.007 0.4000000060
93600  42.897  -53.547  -11.506 0.3000000119
94317  36.920  -42.269  -14.320 0.6000000238
94520  28.641  -45.606  -13.255 0.5000000000
94763  35.321  -36.920  -16.076 0.4000000060
94946  31.642  -48.577  -16.111 0.6000000238
95473  43.655  -47.120  -12.745 0.4000000060
95538  35.394  -36.902  -15.357 0.4000000060
95717  36.692  -39.034  -13.567 0.4000000060
96274  40.094  -44.655  -11.891 0.4000000060
97451  36.168  -39.235  -18.543 0.5000000000
97711  42.934  -53.521  -13.405 0.4000000060
98156  35.381  -41.246  -15.663 0.5000000000
98807  40.831  -45.628  -11.239 0.4000000060
99034  37.471  -40.577  -13.919 0.4000000060
99700  37.817  -42.140  -14.432 0.4000000060
100789  36.304  -42.365  -14.492 0.6000000238
100985  36.067  -39.054  -13.701 0.4000000060
101031  35.669  -37.866  -14.315 0.4000000060
101759  36.779  -55.213  -8.870 0.3000000119
101857  43.511  -44.766  -16.803 0.4000000060
101914  33.027  -40.870  -17.951 0.6999999881
102297  37.362  -46.738  -8.993 0.4000000060
102769  43.854  -51.581  -11.542 0.3000000119
103022  36.319  -45.514  -12.697 0.6000000238
103786  40.496  -47.867  -11.040 0.5000000000
103852  36.754  -44.752  -11.295 0.4000000060
104607  36.844  -39.697  -19.531 0.5000000000
106117  39.038  -47.953  -15.899 0.6000000238
106481  39.013  -55.513  -10.578 0.3000000119
106767  47.634  -48.876  -14.246 0.3000000119
107178  36.213  -40.567  -21.931 0.6000000238
107474  37.595  -44.924  -12.798 0.6999999881
108155  41.667  -53.628  -14.503 0.5000000000
109461  37.210  -49.313  -9.306 0.6000000238
109613  35.663  -37.057  -14.368 0.4000000060
