#!ascii label  , from subject sub-v2s15x29757_ses-1 vox2ras=TkReg
864
53910  -11.521  -24.248  64.443 0.0000000000
154778  -42.778  -14.034  56.272 0.0000000000
76689  -41.117  -4.383  51.310 0.0000000000
76794  -50.900  -4.627  44.564 0.0000000000
60877  -39.769  -18.849  57.054 0.0000000000
75694  -45.714  -4.875  47.342 0.0000000000
75825  -53.417  -4.855  36.808 0.0000000000
79971  -54.877  -0.706  36.450 0.0000000000
64384  -45.965  -15.026  55.655 0.0000000000
133747  -45.688  -9.087  53.993 0.0000000000
71045  -42.300  -8.873  53.920 0.0000000000
57594  -14.177  -21.600  66.707 0.0000000000
57612  -19.340  -21.724  65.602 0.0000000000
57652  -24.521  -21.761  64.844 0.0000000000
55183  -29.284  -24.050  61.790 0.0000000000
54015  -33.137  -24.783  60.695 0.0000000000
56377  -37.223  -21.487  60.962 0.0000000000
59876  -43.319  -19.502  58.791 0.0000000000
74573  -44.387  -6.845  49.666 0.0000000000
79981  -56.936  -0.199  35.482 0.0000000000
66686  -43.893  -13.991  57.245 0.0000000000
68977  -44.005  -11.403  56.549 0.0000000000
146259  -42.848  -11.859  55.465 0.0000000000
57643  -14.830  -21.797  64.218 0.0000000000
57597  -17.106  -21.673  66.170 0.0000000000
145099  -33.407  -21.848  58.997 0.0000000000
56389  -34.929  -22.777  60.434 0.0000000000
58849  -35.505  -20.439  60.168 0.0000000000
140732  -41.607  -16.815  56.377 0.0000000000
61910  -41.430  -17.211  59.753 0.0000000000
64362  -42.881  -16.040  58.930 0.0000000000
60880  -45.114  -17.751  57.781 0.0000000000
74525  -43.484  -5.583  54.524 0.0000000000
72230  -43.542  -7.593  51.329 0.0000000000
75641  -43.426  -4.449  52.235 0.0000000000
75725  -47.608  -5.203  45.528 0.0000000000
136027  -48.122  -4.656  49.134 0.0000000000
75680  -51.354  -6.138  47.963 0.0000000000
73509  -53.760  -7.818  45.595 0.0000000000
76860  -55.714  -3.246  38.372 0.0000000000
74732  -54.781  -5.810  38.893 0.0000000000
58870  -37.135  -20.125  57.338 0.0000000000
75753  -47.091  -5.838  42.758 0.0000000000
78917  -53.801  -1.730  37.302 0.0000000000
153365  -56.338  -3.158  37.002 0.0000000000
78948  -55.921  -2.810  33.515 0.0000000000
63211  -45.922  -16.246  52.769 0.0000000000
67933  -46.582  -12.357  54.176 0.0000000000
72169  -44.160  -8.249  55.531 0.0000000000
55116  -13.548  -23.668  65.646 0.0000000000
55145  -19.826  -23.589  64.010 0.0000000000
57631  -21.898  -21.673  65.077 0.0000000000
55147  -22.709  -22.798  64.018 0.0000000000
131526  -25.633  -23.409  63.999 0.0000000000
52817  -27.565  -25.085  63.041 0.0000000000
51760  -29.922  -26.417  61.938 0.0000000000
53989  -31.220  -25.034  61.234 0.0000000000
52865  -33.801  -25.763  60.391 0.0000000000
60857  -38.772  -18.774  60.670 0.0000000000
58850  -40.544  -20.872  59.876 0.0000000000
56449  -40.865  -21.753  56.976 0.0000000000
58903  -43.152  -19.945  56.122 0.0000000000
60900  -44.308  -18.599  54.808 0.0000000000
76709  -45.878  -3.985  50.487 0.0000000000
74694  -53.057  -6.231  40.218 0.0000000000
75746  -53.171  -5.118  43.413 0.0000000000
53898  -11.864  -23.752  65.251 0.0000000000
66704  -43.012  -13.644  56.664 0.0000000000
67901  -43.278  -12.824  56.683 0.0000000000
132686  -42.673  -12.891  55.419 0.0000000000
58857  -33.285  -20.709  58.277 0.0000000000
58847  -34.301  -20.832  59.381 0.0000000000
59869  -34.648  -20.118  58.421 0.0000000000
64391  -42.258  -15.393  56.015 0.0000000000
64381  -42.296  -15.797  57.776 0.0000000000
65484  -43.043  -14.896  57.690 0.0000000000
64373  -43.498  -15.303  58.097 0.0000000000
152251  -43.090  -4.507  53.134 0.0000000000
145953  -42.492  -3.932  52.372 0.0000000000
76792  -48.965  -5.061  44.943 0.0000000000
76754  -49.972  -4.583  47.393 0.0000000000
76769  -51.589  -4.689  46.149 0.0000000000
153051  -53.071  -7.205  46.414 0.0000000000
76786  -52.583  -5.016  45.405 0.0000000000
76844  -57.417  -4.471  38.809 0.0000000000
76828  -57.138  -4.558  39.252 0.0000000000
156628  -57.987  -6.109  39.045 0.0000000000
79969  -52.760  -1.708  35.411 0.0000000000
79964  -54.182  -1.171  36.839 0.0000000000
78910  -55.119  -2.029  37.943 0.0000000000
78919  -55.406  -1.671  37.346 0.0000000000
76885  -55.931  -3.498  35.873 0.0000000000
78929  -55.763  -1.395  36.573 0.0000000000
78949  -56.556  -1.772  34.483 0.0000000000
135196  -46.014  -15.640  54.240 0.0000000000
65532  -46.540  -14.519  53.521 0.0000000000
66725  -46.182  -13.671  54.999 0.0000000000
70011  -43.502  -9.719  55.422 0.0000000000
70000  -44.453  -9.958  55.720 0.0000000000
71034  -43.075  -8.802  54.964 0.0000000000
73394  -42.860  -7.183  54.957 0.0000000000
150506  -41.645  -7.822  53.440 0.0000000000
55117  -14.357  -23.477  66.013 0.0000000000
55108  -15.582  -22.176  66.703 0.0000000000
56314  -17.983  -21.684  66.076 0.0000000000
57668  -23.999  -21.424  63.205 0.0000000000
57651  -23.067  -21.582  64.748 0.0000000000
55135  -22.228  -22.487  64.674 0.0000000000
56350  -23.951  -22.006  65.177 0.0000000000
130788  -24.163  -23.036  63.870 0.0000000000
56337  -25.234  -22.150  64.845 0.0000000000
53952  -28.906  -24.780  63.383 0.0000000000
52834  -28.316  -25.759  62.463 0.0000000000
53954  -29.980  -25.092  62.903 0.0000000000
54038  -32.633  -24.324  59.522 0.0000000000
54036  -31.184  -24.513  59.065 0.0000000000
130890  -32.569  -25.309  61.150 0.0000000000
51763  -32.163  -26.125  61.575 0.0000000000
137252  -33.050  -25.988  61.206 0.0000000000
51777  -33.178  -26.123  60.842 0.0000000000
52850  -33.433  -25.689  60.985 0.0000000000
56391  -36.428  -22.088  60.700 0.0000000000
53994  -35.438  -23.808  60.232 0.0000000000
55219  -37.126  -23.046  59.766 0.0000000000
151315  -38.015  -22.635  59.379 0.0000000000
59872  -37.555  -19.360  59.402 0.0000000000
59874  -39.003  -18.792  58.560 0.0000000000
60868  -42.375  -18.294  60.184 0.0000000000
59854  -41.024  -18.964  60.720 0.0000000000
58852  -41.751  -20.343  59.486 0.0000000000
57737  -41.104  -21.185  58.687 0.0000000000
57754  -42.097  -20.758  57.803 0.0000000000
58872  -43.230  -19.929  57.664 0.0000000000
63146  -45.762  -16.527  56.363 0.0000000000
152909  -44.882  -18.303  55.649 0.0000000000
61990  -45.525  -17.050  54.904 0.0000000000
62007  -44.777  -17.534  53.526 0.0000000000
57623  -13.744  -21.558  65.302 0.0000000000
57593  -13.466  -21.505  66.918 0.0000000000
56309  -13.101  -22.062  67.388 0.0000000000
69055  -46.385  -11.739  53.102 0.0000000000
70046  -45.253  -10.933  52.356 0.0000000000
72244  -43.499  -7.787  50.213 0.0000000000
142893  -44.765  -4.499  48.356 0.0000000000
76721  -45.018  -3.775  49.666 0.0000000000
144812  -46.002  -4.026  49.020 0.0000000000
73454  -49.986  -6.927  48.797 0.0000000000
141797  -48.276  -5.955  49.603 0.0000000000
131050  -55.862  -5.743  40.463 0.0000000000
74716  -53.521  -6.366  39.464 0.0000000000
130674  -54.462  -6.152  41.235 0.0000000000
75772  -53.457  -5.750  41.840 0.0000000000
75761  -54.845  -6.202  42.310 0.0000000000
74659  -54.839  -6.796  43.333 0.0000000000
142750  -55.036  -0.416  35.097 0.0000000000
79973  -56.345  -0.289  35.982 0.0000000000
81104  -56.157  -0.081  35.546 0.0000000000
81105  -57.097  0.063  35.335 0.0000000000
65497  -45.521  -14.563  56.380 0.0000000000
66724  -45.735  -13.093  55.724 0.0000000000
146675  -44.355  -12.784  56.900 0.0000000000
67917  -43.553  -11.366  56.285 0.0000000000
140204  -42.871  -10.482  54.698 0.0000000000
134189  -14.936  -21.411  65.871 0.0000000000
57595  -15.591  -21.723  66.523 0.0000000000
57628  -18.977  -21.438  65.307 0.0000000000
56425  -33.407  -22.869  59.311 0.0000000000
55216  -34.157  -24.185  60.425 0.0000000000
154644  -33.998  -22.201  59.761 0.0000000000
135271  -35.268  -21.755  60.482 0.0000000000
58840  -36.437  -20.652  60.947 0.0000000000
61955  -40.762  -17.889  56.781 0.0000000000
61922  -40.254  -17.768  58.682 0.0000000000
61941  -41.387  -16.823  58.117 0.0000000000
63089  -42.076  -16.839  59.628 0.0000000000
61912  -43.486  -17.172  59.361 0.0000000000
60874  -44.587  -18.263  58.291 0.0000000000
63108  -44.125  -16.682  58.772 0.0000000000
64375  -45.138  -15.953  57.581 0.0000000000
57642  -13.952  -21.871  64.265 0.0000000000
72201  -44.835  -7.047  54.040 0.0000000000
140449  -44.810  -9.053  52.884 0.0000000000
144765  -44.279  -6.248  53.754 0.0000000000
74549  -43.692  -5.655  51.846 0.0000000000
74560  -43.802  -5.848  50.829 0.0000000000
75712  -46.877  -5.159  46.167 0.0000000000
76751  -47.345  -4.454  47.936 0.0000000000
76766  -48.026  -4.563  47.258 0.0000000000
75678  -49.736  -5.252  48.600 0.0000000000
76859  -54.888  -3.635  38.121 0.0000000000
74743  -54.317  -5.726  38.084 0.0000000000
75806  -55.704  -5.056  39.068 0.0000000000
75797  -56.291  -5.175  39.765 0.0000000000
65519  -42.464  -14.617  54.610 0.0000000000
64397  -42.029  -15.881  55.134 0.0000000000
137876  -42.169  -4.199  50.121 0.0000000000
149374  -45.275  -5.864  45.367 0.0000000000
131149  -46.277  -5.713  44.690 0.0000000000
75732  -47.806  -5.434  44.146 0.0000000000
75743  -48.467  -5.411  43.422 0.0000000000
76874  -53.440  -3.662  37.087 0.0000000000
77866  -55.037  -2.523  38.109 0.0000000000
77867  -55.802  -2.641  38.160 0.0000000000
75815  -57.430  -4.559  37.684 0.0000000000
78940  -56.453  -1.056  35.828 0.0000000000
77906  -55.462  -3.462  33.843 0.0000000000
64417  -46.631  -15.223  52.332 0.0000000000
67941  -46.708  -12.870  53.188 0.0000000000
70024  -46.147  -10.533  53.903 0.0000000000
68998  -45.334  -11.144  55.713 0.0000000000
70001  -45.382  -9.873  55.223 0.0000000000
72187  -45.098  -8.088  54.763 0.0000000000
73396  -44.298  -6.947  55.001 0.0000000000
74524  -42.591  -5.635  54.414 0.0000000000
67939  -42.626  -12.334  53.382 0.0000000000
69035  -42.598  -11.607  53.079 0.0000000000
157087  -41.445  -8.620  52.569 0.0000000000
53899  -12.784  -23.719  65.357 0.0000000000
138757  -13.341  -24.096  64.744 0.0000000000
55175  -19.890  -23.702  62.081 0.0000000000
150496  -18.890  -21.379  63.725 0.0000000000
57648  -20.143  -21.344  64.468 0.0000000000
57613  -20.843  -21.818  65.323 0.0000000000
140489  -20.728  -23.335  63.674 0.0000000000
53969  -25.634  -23.982  61.869 0.0000000000
53970  -26.371  -24.581  61.920 0.0000000000
55199  -29.368  -24.068  60.775 0.0000000000
54013  -30.723  -24.667  59.931 0.0000000000
142801  -30.595  -24.870  61.891 0.0000000000
52835  -31.062  -25.870  62.377 0.0000000000
51774  -31.421  -26.532  61.396 0.0000000000
149989  -34.453  -24.959  60.575 0.0000000000
131059  -35.858  -19.821  59.016 0.0000000000
132624  -37.075  -19.694  60.769 0.0000000000
58831  -37.640  -20.231  61.342 0.0000000000
60865  -39.509  -18.218  60.190 0.0000000000
58834  -39.601  -19.652  60.979 0.0000000000
57704  -39.092  -21.156  60.551 0.0000000000
56412  -39.904  -21.600  59.130 0.0000000000
56447  -39.629  -22.511  57.643 0.0000000000
58919  -42.318  -20.171  54.752 0.0000000000
59900  -44.188  -19.191  56.541 0.0000000000
59922  -43.795  -19.196  55.229 0.0000000000
152515  -43.087  -19.199  53.853 0.0000000000
134112  -43.694  -18.447  53.312 0.0000000000
55115  -12.290  -23.431  66.139 0.0000000000
131864  -43.447  -3.630  51.046 0.0000000000
76708  -44.985  -3.990  50.852 0.0000000000
75651  -45.466  -4.597  50.588 0.0000000000
76722  -46.845  -4.283  49.623 0.0000000000
74563  -46.905  -5.532  50.104 0.0000000000
73450  -46.078  -7.190  49.330 0.0000000000
75767  -48.521  -5.655  41.654 0.0000000000
75745  -50.543  -5.135  42.794 0.0000000000
74731  -53.806  -6.271  38.662 0.0000000000
74715  -52.511  -6.386  39.290 0.0000000000
75781  -51.572  -5.565  41.133 0.0000000000
75757  -52.166  -5.113  42.565 0.0000000000
76804  -52.554  -4.836  43.676 0.0000000000
74657  -53.789  -5.998  44.165 0.0000000000
156640  -42.920  -13.002  56.318 0.0000000000
66723  -42.697  -13.603  55.954 0.0000000000
58867  -33.373  -20.440  57.615 0.0000000000
58868  -33.948  -20.307  58.197 0.0000000000
59883  -34.441  -20.116  57.713 0.0000000000
65507  -42.537  -14.462  55.655 0.0000000000
64382  -42.527  -15.305  57.189 0.0000000000
65494  -42.778  -14.532  56.750 0.0000000000
65495  -43.155  -14.218  57.164 0.0000000000
75640  -41.231  -4.461  52.104 0.0000000000
76675  -41.947  -4.155  52.719 0.0000000000
76690  -41.886  -3.943  51.757 0.0000000000
76793  -49.864  -4.800  44.819 0.0000000000
76784  -50.593  -4.571  45.672 0.0000000000
141096  -51.450  -4.575  45.321 0.0000000000
76770  -52.232  -4.909  45.927 0.0000000000
76795  -51.949  -4.617  44.777 0.0000000000
76862  -57.629  -4.597  38.290 0.0000000000
75807  -57.900  -5.340  38.619 0.0000000000
79965  -55.104  -1.102  36.895 0.0000000000
78918  -54.615  -1.595  37.478 0.0000000000
64393  -45.912  -15.533  55.281 0.0000000000
65509  -46.070  -14.906  54.867 0.0000000000
157412  -46.067  -14.436  55.099 0.0000000000
70022  -42.729  -9.739  54.345 0.0000000000
72184  -42.730  -8.095  54.683 0.0000000000
56310  -14.070  -21.725  66.947 0.0000000000
56311  -14.951  -21.755  66.692 0.0000000000
56315  -18.675  -21.715  65.942 0.0000000000
55122  -18.543  -22.610  65.761 0.0000000000
155643  -24.513  -21.522  64.119 0.0000000000
141623  -23.795  -21.517  64.468 0.0000000000
57633  -23.661  -21.820  65.035 0.0000000000
57634  -24.577  -21.973  65.067 0.0000000000
154782  -24.336  -22.465  64.749 0.0000000000
152849  -25.040  -21.904  64.895 0.0000000000
55182  -28.714  -23.693  62.183 0.0000000000
55168  -28.680  -24.087  63.187 0.0000000000
55169  -29.221  -24.227  62.622 0.0000000000
53953  -29.419  -24.707  63.062 0.0000000000
53971  -29.883  -24.649  62.456 0.0000000000
145303  -32.167  -24.686  59.939 0.0000000000
53991  -33.107  -25.593  61.126 0.0000000000
53992  -33.718  -25.079  60.878 0.0000000000
55203  -36.705  -22.683  60.361 0.0000000000
154041  -37.111  -22.108  60.599 0.0000000000
142101  -37.780  -21.852  60.517 0.0000000000
59887  -39.189  -19.103  57.548 0.0000000000
137030  -39.674  -18.498  58.051 0.0000000000
59864  -42.986  -19.163  59.658 0.0000000000
154219  -42.460  -19.109  60.084 0.0000000000
59875  -42.714  -19.770  59.162 0.0000000000
146605  -41.929  -20.589  58.682 0.0000000000
58860  -42.657  -20.029  58.657 0.0000000000
143262  -42.655  -20.285  58.093 0.0000000000
58861  -43.126  -19.857  58.239 0.0000000000
64392  -45.876  -15.812  56.003 0.0000000000
61974  -45.671  -17.019  55.796 0.0000000000
63162  -45.818  -16.205  55.608 0.0000000000
156701  -45.742  -16.446  55.181 0.0000000000
136526  -14.385  -21.439  66.144 0.0000000000
57606  -13.601  -21.433  66.323 0.0000000000
56306  -13.774  -21.590  66.929 0.0000000000
70023  -45.864  -10.033  53.765 0.0000000000
69054  -46.025  -11.355  52.833 0.0000000000
71059  -45.549  -9.552  53.450 0.0000000000
73439  -43.782  -6.788  50.067 0.0000000000
72258  -43.924  -8.479  49.359 0.0000000000
73448  -44.084  -7.513  49.471 0.0000000000
72259  -44.836  -8.183  48.821 0.0000000000
75693  -44.757  -5.061  47.511 0.0000000000
76737  -45.256  -4.078  49.002 0.0000000000
76749  -45.473  -4.472  48.194 0.0000000000
74696  -55.919  -5.998  41.032 0.0000000000
141853  -55.395  -6.068  41.031 0.0000000000
75773  -54.285  -5.991  42.243 0.0000000000
65496  -44.676  -14.173  56.966 0.0000000000
66707  -45.099  -13.507  56.519 0.0000000000
66706  -44.127  -13.407  57.073 0.0000000000
67916  -43.079  -12.279  56.347 0.0000000000
67902  -43.585  -12.062  56.703 0.0000000000
68995  -43.158  -10.862  55.532 0.0000000000
69018  -42.687  -11.487  54.296 0.0000000000
132355  -18.548  -21.320  64.541 0.0000000000
57735  -32.991  -21.234  58.444 0.0000000000
58848  -34.851  -20.677  59.798 0.0000000000
57720  -34.560  -21.325  59.939 0.0000000000
57700  -35.300  -20.939  60.379 0.0000000000
57701  -35.909  -21.134  60.772 0.0000000000
58839  -35.893  -20.645  60.606 0.0000000000
61956  -41.284  -17.214  57.053 0.0000000000
63145  -41.757  -16.463  57.404 0.0000000000
64371  -42.636  -15.873  58.529 0.0000000000
63106  -42.345  -16.272  59.140 0.0000000000
63090  -42.734  -16.544  59.408 0.0000000000
63107  -43.288  -16.365  59.112 0.0000000000
61924  -44.250  -17.556  58.839 0.0000000000
64363  -43.436  -15.907  58.673 0.0000000000
65485  -43.521  -14.519  57.453 0.0000000000
64374  -44.307  -15.154  57.740 0.0000000000
65486  -44.291  -14.515  57.386 0.0000000000
65487  -45.136  -15.078  57.085 0.0000000000
57624  -14.551  -21.523  65.214 0.0000000000
74526  -44.276  -6.376  54.455 0.0000000000
74538  -43.881  -5.555  53.949 0.0000000000
74537  -43.504  -4.998  53.121 0.0000000000
75649  -43.823  -4.925  51.518 0.0000000000
76781  -47.798  -4.833  46.374 0.0000000000
76765  -47.324  -4.719  46.955 0.0000000000
150135  -48.479  -4.635  46.673 0.0000000000
155949  -50.755  -4.801  47.498 0.0000000000
76741  -50.304  -4.894  48.099 0.0000000000
75679  -50.546  -5.714  48.325 0.0000000000
157913  -50.443  -6.271  48.531 0.0000000000
73484  -52.257  -7.484  47.471 0.0000000000
75805  -55.424  -4.341  38.483 0.0000000000
76842  -56.327  -4.056  38.785 0.0000000000
75785  -56.440  -5.667  40.387 0.0000000000
64398  -42.310  -15.250  54.946 0.0000000000
132614  -46.002  -5.576  45.512 0.0000000000
74667  -46.485  -6.086  42.662 0.0000000000
75742  -47.449  -5.626  43.357 0.0000000000
75733  -48.514  -5.289  44.306 0.0000000000
150922  -53.368  -1.613  36.700 0.0000000000
78916  -53.003  -2.178  36.796 0.0000000000
77875  -52.712  -2.963  36.751 0.0000000000
77876  -53.540  -2.427  37.347 0.0000000000
77865  -54.226  -2.994  37.743 0.0000000000
78909  -54.374  -2.036  37.814 0.0000000000
77877  -55.807  -2.402  37.691 0.0000000000
77868  -56.424  -3.089  37.976 0.0000000000
76875  -56.798  -3.889  37.362 0.0000000000
75826  -56.952  -4.861  36.818 0.0000000000
154468  -55.725  -3.326  35.315 0.0000000000
133731  -55.986  -2.490  34.711 0.0000000000
152577  -45.326  -16.735  52.049 0.0000000000
63229  -46.219  -16.061  51.742 0.0000000000
63212  -46.357  -15.687  52.538 0.0000000000
66737  -46.523  -13.321  54.292 0.0000000000
66748  -46.728  -13.463  53.275 0.0000000000
66738  -46.688  -13.010  53.671 0.0000000000
69036  -46.368  -11.438  53.566 0.0000000000
146207  -46.229  -10.850  54.286 0.0000000000
68978  -44.643  -11.612  56.352 0.0000000000
67918  -45.576  -12.089  55.694 0.0000000000
68997  -44.436  -10.854  56.109 0.0000000000
71021  -44.316  -9.052  55.571 0.0000000000
71022  -45.004  -9.130  55.340 0.0000000000
71036  -45.547  -9.307  54.752 0.0000000000
72170  -44.764  -8.404  55.278 0.0000000000
72186  -44.583  -7.664  55.147 0.0000000000
73385  -44.096  -7.467  55.357 0.0000000000
73406  -41.624  -7.178  53.625 0.0000000000
73407  -42.281  -6.637  54.435 0.0000000000
53901  -14.986  -24.032  65.306 0.0000000000
57596  -16.289  -21.690  66.344 0.0000000000
56313  -16.708  -21.810  66.420 0.0000000000
53949  -19.226  -24.005  63.420 0.0000000000
53967  -19.314  -23.925  62.456 0.0000000000
55160  -19.913  -23.746  63.065 0.0000000000
139302  -19.561  -21.362  63.534 0.0000000000
57647  -19.351  -21.334  64.567 0.0000000000
57630  -21.179  -21.691  65.131 0.0000000000
56333  -21.122  -22.275  65.122 0.0000000000
56322  -21.605  -21.798  65.245 0.0000000000
55146  -21.755  -23.023  63.786 0.0000000000
136732  -21.329  -23.395  63.032 0.0000000000
55163  -22.255  -23.304  62.888 0.0000000000
55162  -21.377  -23.469  62.160 0.0000000000
55165  -24.799  -23.436  63.358 0.0000000000
55164  -23.983  -23.391  62.642 0.0000000000
55180  -24.736  -23.616  62.022 0.0000000000
55166  -25.533  -23.759  62.935 0.0000000000
53934  -27.768  -24.574  63.590 0.0000000000
53933  -27.091  -24.040  63.929 0.0000000000
53951  -26.942  -24.582  63.072 0.0000000000
52832  -27.122  -25.174  62.087 0.0000000000
137813  -27.745  -25.440  62.548 0.0000000000
51759  -29.061  -26.185  62.266 0.0000000000
51772  -29.235  -26.540  61.283 0.0000000000
132109  -29.404  -26.716  60.398 0.0000000000
51773  -30.055  -26.765  61.051 0.0000000000
54014  -31.698  -24.929  60.580 0.0000000000
53988  -30.295  -24.561  60.791 0.0000000000
53973  -31.276  -25.591  62.099 0.0000000000
51762  -31.781  -26.275  61.696 0.0000000000
51775  -31.976  -26.468  61.274 0.0000000000
50803  -31.480  -26.726  60.760 0.0000000000
51791  -33.260  -26.256  59.929 0.0000000000
55200  -34.574  -23.791  60.336 0.0000000000
53993  -34.233  -24.723  60.636 0.0000000000
142536  -34.739  -24.288  60.336 0.0000000000
58869  -36.051  -20.142  57.309 0.0000000000
59884  -36.386  -19.846  58.257 0.0000000000
59862  -38.083  -19.024  60.079 0.0000000000
132971  -37.871  -19.263  60.784 0.0000000000
59850  -37.667  -19.684  61.157 0.0000000000
59851  -38.378  -19.300  61.135 0.0000000000
61909  -40.749  -17.445  59.686 0.0000000000
61908  -40.048  -17.827  59.705 0.0000000000
60866  -40.314  -17.998  60.258 0.0000000000
137852  -40.543  -19.738  60.649 0.0000000000
59853  -40.047  -18.923  60.852 0.0000000000
58841  -40.111  -20.425  60.528 0.0000000000
58833  -39.180  -20.499  60.941 0.0000000000
57705  -39.738  -21.025  60.299 0.0000000000
56393  -39.318  -21.407  60.082 0.0000000000
57721  -39.891  -21.332  59.700 0.0000000000
56429  -40.852  -21.635  57.896 0.0000000000
56428  -40.357  -21.623  58.593 0.0000000000
56448  -40.244  -22.161  57.314 0.0000000000
58886  -42.621  -20.403  56.518 0.0000000000
58902  -42.513  -20.326  55.638 0.0000000000
60879  -44.876  -18.449  57.465 0.0000000000
59889  -44.349  -18.980  57.807 0.0000000000
60892  -44.312  -18.898  55.779 0.0000000000
59921  -43.456  -19.205  54.526 0.0000000000
60910  -43.633  -18.762  53.914 0.0000000000
59937  -43.068  -18.901  53.166 0.0000000000
60911  -44.265  -18.218  53.843 0.0000000000
62026  -45.328  -16.887  53.105 0.0000000000
62025  -44.661  -17.361  52.631 0.0000000000
55106  -13.621  -22.797  66.677 0.0000000000
55105  -12.741  -22.778  66.895 0.0000000000
152617  -13.012  -23.364  66.153 0.0000000000
72231  -43.963  -8.348  52.122 0.0000000000
71070  -44.149  -9.549  51.682 0.0000000000
76734  -42.676  -4.409  49.321 0.0000000000
130722  -43.273  -3.815  50.190 0.0000000000
77753  -45.557  -3.708  50.099 0.0000000000
77752  -44.811  -3.681  50.306 0.0000000000
77743  -45.340  -3.835  50.513 0.0000000000
76739  -47.778  -4.424  48.766 0.0000000000
76738  -46.891  -4.185  49.051 0.0000000000
76723  -47.511  -4.688  49.517 0.0000000000
74576  -47.500  -6.117  49.831 0.0000000000
73451  -47.231  -7.054  49.414 0.0000000000
74575  -46.504  -6.366  49.796 0.0000000000
73467  -46.556  -7.719  48.817 0.0000000000
150977  -48.863  -5.458  42.449 0.0000000000
75755  -49.718  -5.376  42.186 0.0000000000
74714  -51.466  -6.279  39.498 0.0000000000
74693  -52.013  -6.037  40.272 0.0000000000
74692  -51.039  -5.862  40.283 0.0000000000
75758  -53.072  -5.281  42.686 0.0000000000
75771  -52.420  -5.412  41.883 0.0000000000
76810  -52.607  -4.952  43.108 0.0000000000
76809  -51.948  -4.868  43.139 0.0000000000
75735  -53.085  -5.042  44.104 0.0000000000
75747  -53.650  -5.567  43.700 0.0000000000
66705  -43.424  -13.596  57.010 0.0000000000
57719  -33.755  -21.179  59.134 0.0000000000
58858  -33.933  -20.680  58.829 0.0000000000
58859  -34.546  -20.414  59.030 0.0000000000
59870  -35.141  -20.011  59.009 0.0000000000
64390  -42.003  -15.992  56.734 0.0000000000
146795  -42.764  -15.427  57.973 0.0000000000
64372  -43.052  -15.536  58.392 0.0000000000
75622  -42.811  -4.917  54.087 0.0000000000
75631  -43.278  -4.971  53.871 0.0000000000
150696  -42.878  -4.571  53.621 0.0000000000
76677  -43.027  -4.040  52.396 0.0000000000
76782  -48.516  -4.875  45.790 0.0000000000
76767  -49.231  -4.567  46.565 0.0000000000
76783  -49.521  -4.685  45.687 0.0000000000
76768  -50.806  -4.626  46.764 0.0000000000
76755  -51.381  -4.919  47.062 0.0000000000
74596  -52.072  -6.592  47.557 0.0000000000
75713  -52.007  -5.178  46.553 0.0000000000
74631  -52.841  -6.359  46.195 0.0000000000
74632  -53.419  -6.864  45.714 0.0000000000
76843  -56.938  -4.005  38.797 0.0000000000
75799  -57.505  -5.268  39.428 0.0000000000
79970  -53.465  -1.279  36.062 0.0000000000
157180  -56.002  -2.474  36.783 0.0000000000
77889  -55.839  -2.479  36.054 0.0000000000
79989  -57.413  -0.597  35.143 0.0000000000
77919  -56.047  -3.084  32.414 0.0000000000
63197  -45.744  -16.406  53.575 0.0000000000
64408  -46.331  -15.149  53.714 0.0000000000
65520  -46.329  -14.688  54.153 0.0000000000
135220  -46.313  -14.205  54.485 0.0000000000
67919  -46.277  -12.674  54.948 0.0000000000
68996  -44.011  -10.694  56.134 0.0000000000
69999  -43.987  -9.816  55.824 0.0000000000
71020  -43.946  -9.073  55.635 0.0000000000
72185  -43.496  -7.867  55.280 0.0000000000
72200  -42.104  -7.768  54.061 0.0000000000
55118  -15.251  -23.235  66.160 0.0000000000
56323  -22.293  -21.823  65.162 0.0000000000
56335  -23.017  -21.857  65.066 0.0000000000
56349  -23.050  -22.207  64.975 0.0000000000
55148  -23.600  -22.617  64.466 0.0000000000
137769  -23.309  -23.150  63.315 0.0000000000
55149  -24.948  -22.849  64.426 0.0000000000
52805  -28.426  -24.863  63.495 0.0000000000
52818  -28.149  -25.267  63.224 0.0000000000
52819  -28.955  -25.468  63.179 0.0000000000
52820  -29.613  -25.223  63.118 0.0000000000
52821  -30.291  -25.562  62.718 0.0000000000
54037  -31.885  -24.199  58.585 0.0000000000
53990  -32.020  -25.663  61.657 0.0000000000
51776  -32.596  -26.268  61.149 0.0000000000
52851  -33.978  -25.292  60.800 0.0000000000
56390  -35.630  -22.447  60.570 0.0000000000
55201  -35.188  -23.378  60.395 0.0000000000
55202  -35.933  -23.002  60.506 0.0000000000
55218  -36.262  -23.397  60.085 0.0000000000
144712  -37.484  -23.294  58.935 0.0000000000
55234  -38.257  -22.982  58.529 0.0000000000
59897  -38.089  -19.877  57.243 0.0000000000
59885  -37.513  -19.628  58.369 0.0000000000
59886  -38.499  -19.361  57.956 0.0000000000
59873  -38.265  -19.110  59.023 0.0000000000
60864  -38.824  -18.545  59.752 0.0000000000
60867  -41.777  -17.489  60.104 0.0000000000
60859  -41.020  -17.654  60.265 0.0000000000
59855  -41.886  -19.033  60.375 0.0000000000
58842  -41.429  -19.896  60.226 0.0000000000
58851  -41.181  -20.523  59.800 0.0000000000
57736  -40.532  -21.234  59.245 0.0000000000
57722  -41.204  -20.807  59.313 0.0000000000
155850  -41.537  -21.115  58.136 0.0000000000
58871  -42.673  -20.377  57.351 0.0000000000
58887  -43.231  -19.993  56.918 0.0000000000
63128  -45.579  -16.699  57.169 0.0000000000
60887  -45.284  -17.880  57.039 0.0000000000
61957  -45.597  -17.253  56.681 0.0000000000
60901  -45.277  -17.714  55.382 0.0000000000
61989  -44.951  -17.784  54.520 0.0000000000
63179  -45.789  -16.272  54.378 0.0000000000
57622  -12.912  -21.539  65.485 0.0000000000
136525  -12.746  -21.381  66.645 0.0000000000
146904  -13.774  -21.987  67.222 0.0000000000
71069  -43.503  -8.633  50.934 0.0000000000
71079  -43.538  -8.821  50.080 0.0000000000
76748  -43.914  -4.794  48.223 0.0000000000
76735  -43.607  -4.272  49.180 0.0000000000
76736  -44.470  -4.163  49.027 0.0000000000
148637  -45.637  -3.837  49.568 0.0000000000
77754  -46.215  -3.910  49.786 0.0000000000
75665  -49.311  -5.627  49.025 0.0000000000
75664  -48.422  -5.243  49.375 0.0000000000
75796  -55.346  -5.708  39.710 0.0000000000
74717  -54.428  -6.192  39.570 0.0000000000
75784  -54.989  -6.043  40.434 0.0000000000
74695  -54.039  -6.303  40.292 0.0000000000
75783  -53.566  -6.113  40.930 0.0000000000
75782  -52.652  -5.802  41.055 0.0000000000
155813  -53.680  -5.626  42.546 0.0000000000
75760  -54.390  -6.017  42.716 0.0000000000
75748  -54.173  -5.910  43.157 0.0000000000
81098  -55.489  -0.349  35.989 0.0000000000
79972  -55.778  -0.653  36.432 0.0000000000
152305  -56.660  -0.068  35.725 0.0000000000
81112  -56.229  -0.005  34.545 0.0000000000
79982  -57.736  -0.099  35.032 0.0000000000
153581  -45.738  -15.337  56.366 0.0000000000
65508  -45.858  -14.092  55.715 0.0000000000
67904  -44.924  -12.499  56.437 0.0000000000
67903  -44.121  -12.084  56.805 0.0000000000
135823  -43.700  -12.718  56.947 0.0000000000
157587  -43.783  -10.516  55.973 0.0000000000
57607  -14.989  -21.613  66.455 0.0000000000
57608  -15.779  -21.496  66.171 0.0000000000
57610  -17.630  -21.504  65.867 0.0000000000
57611  -18.469  -21.563  65.780 0.0000000000
55198  -28.627  -23.592  61.108 0.0000000000
55232  -32.755  -23.643  58.791 0.0000000000
55215  -33.417  -24.022  59.761 0.0000000000
136310  -33.762  -24.379  60.458 0.0000000000
56408  -33.903  -23.436  60.071 0.0000000000
55217  -34.359  -23.083  60.255 0.0000000000
56409  -34.623  -22.195  60.213 0.0000000000
146434  -35.966  -21.714  60.752 0.0000000000
57702  -36.503  -21.279  60.957 0.0000000000
60878  -40.275  -18.210  57.451 0.0000000000
61940  -40.813  -17.505  57.792 0.0000000000
149429  -40.969  -17.146  58.856 0.0000000000
157309  -41.213  -17.110  59.431 0.0000000000
63126  -41.985  -16.203  58.453 0.0000000000
61923  -41.634  -16.717  59.157 0.0000000000
61911  -42.592  -17.311  59.832 0.0000000000
60869  -43.248  -18.159  59.672 0.0000000000
150425  -43.618  -18.888  59.204 0.0000000000
59877  -44.054  -18.971  58.581 0.0000000000
60873  -43.968  -18.211  59.062 0.0000000000
61925  -44.710  -17.448  58.363 0.0000000000
63127  -45.066  -16.855  57.987 0.0000000000
64364  -44.301  -15.917  58.243 0.0000000000
61942  -45.421  -17.329  57.358 0.0000000000
64383  -45.664  -15.954  56.783 0.0000000000
72202  -45.300  -8.094  54.231 0.0000000000
156869  -45.426  -8.725  53.729 0.0000000000
72216  -44.809  -8.009  53.422 0.0000000000
146114  -44.006  -7.089  52.696 0.0000000000
73419  -43.777  -5.941  52.808 0.0000000000
73427  -43.637  -6.684  51.788 0.0000000000
73438  -43.579  -6.796  50.871 0.0000000000
141647  -45.937  -5.267  46.492 0.0000000000
76750  -46.361  -4.435  48.116 0.0000000000
76764  -46.588  -4.775  47.141 0.0000000000
76740  -48.560  -4.617  48.636 0.0000000000
145486  -48.906  -4.502  47.518 0.0000000000
76753  -49.371  -4.689  48.300 0.0000000000
76724  -48.944  -4.937  48.921 0.0000000000
75666  -50.012  -5.998  48.737 0.0000000000
76858  -54.098  -4.275  37.495 0.0000000000
75814  -53.897  -5.367  37.397 0.0000000000
142578  -54.651  -4.876  37.925 0.0000000000
155838  -54.994  -5.226  38.426 0.0000000000
155441  -56.382  -4.631  39.270 0.0000000000
66736  -42.580  -13.866  54.926 0.0000000000
60885  -40.266  -18.516  56.480 0.0000000000
137791  -41.137  -17.548  56.114 0.0000000000
61973  -41.389  -17.077  55.440 0.0000000000
63161  -41.855  -16.317  55.711 0.0000000000
75663  -40.561  -5.040  49.610 0.0000000000
76719  -41.268  -4.557  49.924 0.0000000000
75676  -42.134  -5.000  48.598 0.0000000000
75677  -43.053  -4.726  48.590 0.0000000000
148585  -45.214  -5.343  46.765 0.0000000000
75711  -45.247  -5.630  46.032 0.0000000000
75724  -46.852  -5.471  45.140 0.0000000000
132620  -46.922  -5.633  44.178 0.0000000000
150043  -47.459  -5.416  44.777 0.0000000000
75726  -48.140  -5.254  44.916 0.0000000000
75734  -49.253  -5.160  44.123 0.0000000000
76801  -50.088  -4.925  44.043 0.0000000000
77858  -56.456  -3.364  38.370 0.0000000000
76861  -57.126  -3.834  38.305 0.0000000000
75816  -57.842  -5.468  37.908 0.0000000000
76886  -56.359  -4.243  36.349 0.0000000000
78939  -55.894  -2.152  35.702 0.0000000000
65543  -46.664  -14.764  52.872 0.0000000000
65533  -46.763  -14.061  53.077 0.0000000000
66760  -46.793  -13.513  52.792 0.0000000000
67951  -46.548  -12.240  53.167 0.0000000000
68999  -46.206  -11.563  54.834 0.0000000000
142227  -45.119  -10.451  55.642 0.0000000000
70002  -45.799  -10.614  55.048 0.0000000000
70012  -45.902  -10.080  54.524 0.0000000000
71046  -45.822  -9.600  54.185 0.0000000000
130634  -45.499  -8.782  54.425 0.0000000000
73408  -44.820  -7.318  54.596 0.0000000000
74511  -43.835  -6.301  54.943 0.0000000000
73395  -43.627  -6.947  55.193 0.0000000000
74510  -43.115  -6.245  54.977 0.0000000000
75639  -40.673  -4.948  51.354 0.0000000000
66746  -42.606  -13.351  54.138 0.0000000000
67932  -42.620  -12.489  54.328 0.0000000000
141587  -42.588  -10.686  53.655 0.0000000000
141125  -42.296  -9.917  53.221 0.0000000000
71057  -41.813  -9.203  52.860 0.0000000000
76704  -40.707  -4.791  50.488 0.0000000000
53911  -12.514  -24.111  64.538 0.0000000000
132766  -13.035  -24.365  64.024 0.0000000000
156870  -15.623  -21.869  66.677 0.0000000000
57629  -19.840  -21.490  65.152 0.0000000000
140528  -20.350  -21.728  65.281 0.0000000000
55133  -20.478  -22.946  64.549 0.0000000000
56334  -21.909  -22.147  65.189 0.0000000000
55161  -20.597  -23.553  62.606 0.0000000000
55179  -23.094  -23.397  62.175 0.0000000000
55136  -25.677  -22.668  64.525 0.0000000000
53932  -26.366  -23.917  63.570 0.0000000000
53950  -26.186  -24.193  62.713 0.0000000000
51758  -28.334  -26.211  61.365 0.0000000000
154595  -30.636  -24.246  58.394 0.0000000000
54012  -29.713  -24.250  59.756 0.0000000000
146869  -29.894  -24.401  61.546 0.0000000000
53972  -30.522  -25.323  62.468 0.0000000000
51747  -30.598  -26.117  62.323 0.0000000000
52836  -31.691  -26.022  62.008 0.0000000000
51761  -31.327  -26.231  61.967 0.0000000000
148925  -30.739  -26.543  61.609 0.0000000000
50802  -30.805  -26.815  60.844 0.0000000000
52866  -34.427  -25.273  60.324 0.0000000000
153394  -35.306  -19.926  58.140 0.0000000000
131203  -35.742  -20.021  59.775 0.0000000000
59871  -36.708  -19.633  59.280 0.0000000000
59849  -36.281  -20.159  60.593 0.0000000000
57684  -37.070  -20.771  61.226 0.0000000000
57685  -37.786  -20.907  61.248 0.0000000000
60872  -39.530  -18.205  59.181 0.0000000000
140636  -40.557  -18.262  60.597 0.0000000000
60858  -39.696  -18.534  60.626 0.0000000000
59852  -39.148  -19.000  61.090 0.0000000000
59843  -38.768  -19.692  61.277 0.0000000000
57686  -38.508  -21.025  60.978 0.0000000000
57703  -37.978  -21.401  60.887 0.0000000000
153093  -38.288  -22.086  59.913 0.0000000000
154413  -38.583  -22.235  59.441 0.0000000000
56426  -38.793  -22.445  58.928 0.0000000000
56427  -39.583  -22.125  58.557 0.0000000000
59888  -43.714  -19.481  58.056 0.0000000000
59899  -43.877  -19.477  57.243 0.0000000000
137156  -43.644  -19.627  56.546 0.0000000000
60886  -44.831  -18.527  56.568 0.0000000000
59911  -43.715  -19.452  55.896 0.0000000000
58920  -43.101  -19.718  55.195 0.0000000000
60920  -43.446  -18.328  52.636 0.0000000000
60921  -44.108  -17.943  53.029 0.0000000000
71058  -45.032  -10.022  52.594 0.0000000000
76706  -42.514  -3.732  50.969 0.0000000000
76691  -42.844  -3.728  51.738 0.0000000000
76692  -43.499  -3.895  51.634 0.0000000000
150625  -44.052  -3.657  50.490 0.0000000000
76707  -44.338  -3.802  50.919 0.0000000000
75642  -44.014  -4.129  51.347 0.0000000000
75650  -44.399  -4.781  50.955 0.0000000000
74561  -44.524  -5.890  50.215 0.0000000000
76710  -46.407  -4.083  50.097 0.0000000000
75653  -47.485  -5.184  49.828 0.0000000000
75652  -46.520  -4.653  50.245 0.0000000000
74562  -45.917  -5.576  50.186 0.0000000000
74574  -45.286  -6.546  49.668 0.0000000000
73449  -45.007  -7.352  49.248 0.0000000000
75754  -47.857  -5.655  42.452 0.0000000000
75744  -49.661  -5.230  43.220 0.0000000000
76802  -50.709  -4.866  43.584 0.0000000000
74742  -53.473  -6.115  37.700 0.0000000000
74730  -52.763  -6.413  38.237 0.0000000000
154064  -53.145  -6.423  38.878 0.0000000000
74691  -50.204  -5.855  40.274 0.0000000000
75780  -50.582  -5.587  40.932 0.0000000000
75770  -51.664  -5.286  41.960 0.0000000000
132768  -50.512  -5.298  42.107 0.0000000000
75756  -51.298  -5.121  42.493 0.0000000000
76808  -51.258  -4.880  43.160 0.0000000000
76803  -51.722  -4.693  43.879 0.0000000000
76796  -52.533  -4.781  44.400 0.0000000000
74645  -53.601  -6.257  44.850 0.0000000000
151890  -53.830  -7.089  45.089 0.0000000000
154739  -54.507  -6.751  43.802 0.0000000000
74646  -54.159  -6.733  44.345 0.0000000000
72352  -54.412  -8.460  44.508 0.0000000000
51746  -29.769  -25.851  62.724 0.0000000000
55109  -16.421  -22.256  66.492 0.0000000000
56336  -24.825  -22.197  64.940 0.0000000000
56392  -38.603  -21.563  60.373 0.0000000000
56410  -37.497  -22.402  60.125 0.0000000000
56411  -39.138  -21.837  59.521 0.0000000000
58830  -36.985  -20.138  61.143 0.0000000000
58832  -38.328  -20.349  61.303 0.0000000000
59842  -38.141  -19.798  61.341 0.0000000000
59860  -36.496  -19.768  60.096 0.0000000000
59861  -37.280  -19.442  60.165 0.0000000000
59863  -42.274  -19.724  59.763 0.0000000000
60860  -41.420  -18.177  60.504 0.0000000000
60893  -45.345  -17.811  56.209 0.0000000000
62008  -45.413  -17.019  54.017 0.0000000000
63180  -45.901  -15.880  54.915 0.0000000000
63198  -46.125  -15.799  53.484 0.0000000000
64399  -46.050  -15.292  54.548 0.0000000000
66747  -46.592  -13.912  53.762 0.0000000000
67940  -46.582  -12.215  53.582 0.0000000000
69019  -46.510  -11.520  53.988 0.0000000000
70033  -45.758  -10.465  53.161 0.0000000000
70034  -46.122  -10.935  53.452 0.0000000000
71035  -43.717  -8.711  55.434 0.0000000000
72215  -41.719  -8.390  53.270 0.0000000000
72338  -54.016  -8.316  45.152 0.0000000000
73453  -49.454  -6.849  49.090 0.0000000000
73523  -54.197  -7.704  44.849 0.0000000000
73542  -55.225  -7.522  43.214 0.0000000000
74578  -49.696  -6.394  48.948 0.0000000000
74588  -50.922  -6.560  48.349 0.0000000000
74612  -52.708  -6.941  46.996 0.0000000000
74658  -54.270  -6.230  43.585 0.0000000000
75695  -51.022  -5.252  47.757 0.0000000000
75696  -51.711  -5.631  47.301 0.0000000000
75697  -52.317  -6.006  46.767 0.0000000000
75714  -52.511  -5.429  46.009 0.0000000000
75727  -53.019  -5.705  45.326 0.0000000000
75736  -53.321  -5.525  44.470 0.0000000000
75759  -53.810  -5.568  42.998 0.0000000000
75769  -50.934  -5.364  41.664 0.0000000000
76676  -42.661  -4.235  53.018 0.0000000000
76705  -41.547  -4.191  50.785 0.0000000000
76720  -44.233  -3.752  49.840 0.0000000000
76752  -48.276  -4.449  48.120 0.0000000000
76785  -52.129  -4.717  45.445 0.0000000000
76827  -56.754  -4.520  39.268 0.0000000000
77744  -45.945  -3.845  50.266 0.0000000000
135010  -46.435  -15.317  53.004 0.0000000000
137870  -45.242  -8.693  54.939 0.0000000000
138275  -52.875  -5.055  44.792 0.0000000000
138589  -42.269  -20.133  59.125 0.0000000000
141425  -40.821  -20.389  60.218 0.0000000000
143484  -52.502  -4.795  44.983 0.0000000000
149800  -41.852  -4.575  49.403 0.0000000000
150225  -47.394  -4.438  49.232 0.0000000000
150919  -46.956  -4.515  49.882 0.0000000000
151363  -35.122  -20.309  59.572 0.0000000000
151701  -22.537  -22.029  65.202 0.0000000000
152141  -40.150  -22.043  57.999 0.0000000000
153150  -50.042  -4.542  46.431 0.0000000000
154982  -48.810  -4.520  48.222 0.0000000000
155029  -36.153  -19.792  59.575 0.0000000000
155749  -46.342  -11.053  53.867 0.0000000000
156225  -44.913  -18.143  55.093 0.0000000000
156381  -18.498  -21.852  66.111 0.0000000000
157674  -44.506  -18.979  57.144 0.0000000000
