#!ascii label  , from subject sub-v2s15x29757_ses-1 vox2ras=TkReg
1633
71264  -38.727  -9.632  36.197 0.0000000000
80026  -55.273  -1.344  30.263 0.0000000000
76912  -45.967  -4.730  32.306 0.0000000000
136857  -7.031  -25.712  60.851 0.0000000000
135407  -35.915  -10.672  42.493 0.0000000000
143480  -25.716  -22.370  57.929 0.0000000000
59895  -34.169  -20.165  56.903 0.0000000000
63227  -40.371  -16.447  51.174 0.0000000000
69108  -41.494  -11.580  48.572 0.0000000000
57791  -16.702  -22.448  53.968 0.0000000000
131369  -21.127  -21.712  60.003 0.0000000000
132995  -21.418  -21.907  53.030 0.0000000000
147779  -31.080  -19.639  51.508 0.0000000000
59947  -36.816  -20.087  51.846 0.0000000000
73534  -40.636  -7.644  43.555 0.0000000000
130647  -44.143  -7.210  40.957 0.0000000000
153301  -50.713  -3.968  31.712 0.0000000000
73635  -42.562  -7.717  34.124 0.0000000000
83485  -51.559  1.676  24.501 0.0000000000
50790  -3.079  -27.959  61.866 0.0000000000
73495  -37.623  -7.120  46.796 0.0000000000
71193  -35.754  -9.035  40.390 0.0000000000
57859  -26.355  -21.336  51.672 0.0000000000
56466  -29.562  -22.719  55.932 0.0000000000
74712  -49.196  -6.465  38.930 0.0000000000
84630  -58.208  2.803  21.520 0.0000000000
63288  -38.774  -17.206  48.317 0.0000000000
153220  -40.161  -14.699  47.392 0.0000000000
57813  -19.084  -22.114  53.550 0.0000000000
59018  -34.559  -19.889  48.662 0.0000000000
60008  -37.047  -18.931  49.068 0.0000000000
141383  -38.576  -18.388  51.239 0.0000000000
72415  -39.790  -8.681  40.343 0.0000000000
134301  -42.215  -7.569  42.642 0.0000000000
72457  -41.682  -8.358  38.624 0.0000000000
78982  -53.384  -2.874  30.420 0.0000000000
78937  -52.609  -1.914  34.578 0.0000000000
81157  -56.400  -0.390  29.410 0.0000000000
145999  -5.536  -26.746  58.090 0.0000000000
51752  -4.991  -27.028  61.806 0.0000000000
70122  -38.524  -10.732  44.371 0.0000000000
71121  -39.843  -9.074  47.171 0.0000000000
71150  -36.338  -8.572  44.171 0.0000000000
73545  -36.508  -7.571  43.025 0.0000000000
72388  -34.731  -8.992  41.767 0.0000000000
57733  -23.036  -21.776  58.908 0.0000000000
57679  -22.927  -21.536  61.453 0.0000000000
57699  -25.252  -22.031  61.199 0.0000000000
56407  -27.186  -22.749  59.882 0.0000000000
131798  -24.771  -20.450  49.132 0.0000000000
155669  -27.068  -18.415  48.968 0.0000000000
58928  -32.515  -20.123  54.112 0.0000000000
58909  -30.479  -20.268  54.391 0.0000000000
58878  -31.662  -20.728  56.427 0.0000000000
54037  -31.885  -24.199  58.585 0.0000000000
130821  -11.368  -23.304  57.016 0.0000000000
56381  -13.114  -22.525  60.619 0.0000000000
143499  -12.393  -22.245  63.625 0.0000000000
74805  -44.133  -6.018  32.945 0.0000000000
73618  -45.446  -7.295  36.656 0.0000000000
141510  -47.974  -6.373  35.787 0.0000000000
84641  -60.328  3.095  20.042 0.0000000000
52789  -6.081  -25.405  64.926 0.0000000000
64416  -42.108  -15.111  53.058 0.0000000000
136490  -42.632  -12.902  52.007 0.0000000000
65578  -41.363  -14.187  49.638 0.0000000000
66837  -39.986  -13.136  45.912 0.0000000000
56439  -16.473  -22.523  57.231 0.0000000000
57691  -18.307  -22.253  60.105 0.0000000000
134333  -19.026  -22.330  57.083 0.0000000000
131364  -21.260  -21.888  56.751 0.0000000000
57780  -23.880  -22.053  56.363 0.0000000000
59987  -29.586  -18.964  49.067 0.0000000000
59015  -31.683  -20.315  49.252 0.0000000000
58958  -33.741  -20.993  51.591 0.0000000000
58914  -35.466  -20.931  54.613 0.0000000000
59918  -38.379  -19.908  54.567 0.0000000000
61987  -40.665  -17.670  54.197 0.0000000000
131555  -14.008  -22.534  54.073 0.0000000000
74609  -40.773  -6.443  46.444 0.0000000000
75677  -43.053  -4.726  48.590 0.0000000000
74628  -43.262  -6.479  45.545 0.0000000000
74644  -45.164  -6.282  44.171 0.0000000000
76934  -48.574  -4.453  31.635 0.0000000000
76881  -49.421  -4.331  35.251 0.0000000000
78926  -51.048  -2.946  35.345 0.0000000000
45398  3.129  -32.378  67.056 0.0000000000
157078  -40.558  -8.866  35.273 0.0000000000
74819  -40.615  -6.324  31.452 0.0000000000
77962  -45.394  -3.734  29.398 0.0000000000
77981  -47.284  -3.126  28.882 0.0000000000
79009  -49.378  -2.217  28.169 0.0000000000
80065  -51.476  -1.305  27.672 0.0000000000
81196  -53.139  -0.167  26.742 0.0000000000
82351  -50.301  0.779  25.014 0.0000000000
51725  -3.509  -26.545  65.415 0.0000000000
50770  -0.632  -27.713  65.977 0.0000000000
48770  2.173  -29.467  66.856 0.0000000000
73418  -41.139  -6.749  52.995 0.0000000000
70044  -42.066  -10.663  51.523 0.0000000000
72256  -40.533  -8.001  50.204 0.0000000000
75673  -39.143  -5.877  48.507 0.0000000000
144632  -38.516  -6.652  45.304 0.0000000000
145419  -37.721  -8.356  41.584 0.0000000000
71244  -37.110  -10.034  37.873 0.0000000000
139301  -20.370  -21.366  63.429 0.0000000000
135367  -23.951  -22.037  52.507 0.0000000000
132771  -25.791  -22.542  55.179 0.0000000000
59942  -28.943  -19.309  51.991 0.0000000000
56509  -28.360  -22.226  54.520 0.0000000000
56444  -27.316  -22.946  57.054 0.0000000000
55230  -29.116  -23.816  58.900 0.0000000000
52888  -7.371  -25.818  57.210 0.0000000000
54067  -9.381  -24.525  56.666 0.0000000000
53977  -9.002  -24.242  60.272 0.0000000000
72476  -43.470  -7.777  37.558 0.0000000000
74709  -46.626  -6.708  39.835 0.0000000000
75768  -50.123  -5.463  41.512 0.0000000000
74741  -51.830  -6.455  37.542 0.0000000000
82319  -55.369  0.486  26.494 0.0000000000
83471  -55.960  2.371  25.668 0.0000000000
85649  -57.897  3.809  25.381 0.0000000000
85680  -56.033  4.030  22.841 0.0000000000
135971  -59.024  5.232  24.384 0.0000000000
62100  -38.281  -17.384  47.480 0.0000000000
138449  -38.971  -16.395  46.937 0.0000000000
63332  -38.018  -16.879  45.934 0.0000000000
60025  -36.405  -18.989  47.730 0.0000000000
62084  -37.561  -18.315  48.247 0.0000000000
60963  -37.953  -18.198  48.967 0.0000000000
71229  -39.282  -9.217  38.304 0.0000000000
72437  -40.419  -8.697  39.021 0.0000000000
71248  -40.194  -8.953  37.260 0.0000000000
78983  -54.101  -2.373  30.497 0.0000000000
80011  -53.964  -1.973  32.180 0.0000000000
80012  -54.696  -1.496  31.755 0.0000000000
81123  -55.961  -0.436  31.975 0.0000000000
81149  -55.831  -0.848  29.819 0.0000000000
51783  -6.198  -26.369  59.554 0.0000000000
51782  -5.419  -26.780  59.762 0.0000000000
51754  -6.338  -26.159  61.179 0.0000000000
70128  -37.310  -10.552  43.480 0.0000000000
71152  -38.130  -9.810  44.749 0.0000000000
70127  -36.486  -10.031  43.408 0.0000000000
138933  -35.474  -8.454  43.089 0.0000000000
71169  -34.600  -9.420  41.819 0.0000000000
56359  -15.444  -22.220  62.355 0.0000000000
57750  -24.132  -21.983  57.911 0.0000000000
57717  -24.259  -21.903  59.828 0.0000000000
56405  -25.840  -22.352  59.764 0.0000000000
147660  -26.589  -22.513  60.219 0.0000000000
56406  -26.518  -22.577  59.367 0.0000000000
58895  -33.398  -20.279  55.404 0.0000000000
59905  -31.721  -20.189  55.183 0.0000000000
59894  -32.556  -20.357  56.203 0.0000000000
57752  -32.374  -21.304  57.776 0.0000000000
139356  -14.781  -22.505  58.665 0.0000000000
148803  -14.645  -22.467  60.222 0.0000000000
132858  -13.911  -22.409  61.925 0.0000000000
75630  -42.341  -4.535  53.469 0.0000000000
75870  -44.656  -5.380  32.491 0.0000000000
74779  -45.636  -6.215  34.653 0.0000000000
75848  -47.163  -5.392  34.795 0.0000000000
142138  -41.558  -15.618  52.338 0.0000000000
65553  -41.785  -14.647  51.225 0.0000000000
64439  -41.252  -15.133  50.701 0.0000000000
65604  -40.193  -14.110  46.890 0.0000000000
66850  -39.273  -13.196  44.412 0.0000000000
69145  -38.888  -12.138  43.828 0.0000000000
56483  -16.289  -22.489  55.728 0.0000000000
56461  -17.176  -22.511  56.669 0.0000000000
57775  -17.682  -22.418  55.214 0.0000000000
132569  -20.471  -21.889  52.975 0.0000000000
139296  -20.588  -21.921  55.206 0.0000000000
57796  -21.196  -21.910  54.558 0.0000000000
57762  -22.295  -21.897  56.520 0.0000000000
133326  -22.664  -22.016  54.182 0.0000000000
131077  -30.929  -19.891  48.029 0.0000000000
58978  -35.350  -20.169  50.266 0.0000000000
131356  -33.837  -20.637  49.891 0.0000000000
58960  -35.348  -20.837  51.590 0.0000000000
132517  -34.835  -21.125  53.090 0.0000000000
138234  -36.492  -20.732  53.059 0.0000000000
58916  -37.055  -20.669  54.312 0.0000000000
59932  -37.735  -19.967  53.126 0.0000000000
62038  -39.582  -17.476  51.462 0.0000000000
62004  -39.796  -17.919  52.845 0.0000000000
63210  -40.629  -16.770  52.442 0.0000000000
64406  -41.572  -16.240  53.819 0.0000000000
56522  -15.367  -22.438  53.628 0.0000000000
74639  -40.770  -7.160  45.070 0.0000000000
74610  -41.771  -6.475  46.316 0.0000000000
74640  -41.787  -7.152  44.967 0.0000000000
150123  -43.625  -7.277  41.596 0.0000000000
73537  -43.376  -7.103  43.253 0.0000000000
152470  -44.435  -6.808  42.460 0.0000000000
74656  -46.081  -6.122  43.165 0.0000000000
74677  -45.694  -6.449  41.788 0.0000000000
76935  -49.368  -4.379  31.654 0.0000000000
77904  -49.529  -3.629  33.619 0.0000000000
77905  -51.071  -3.243  33.149 0.0000000000
79980  -54.326  -0.787  35.667 0.0000000000
77979  -45.727  -3.250  28.789 0.0000000000
79025  -45.606  -2.352  27.747 0.0000000000
80062  -47.799  -1.707  27.406 0.0000000000
80085  -49.221  -1.165  26.939 0.0000000000
80043  -51.086  -1.833  28.212 0.0000000000
81192  -49.616  -0.578  26.417 0.0000000000
81193  -50.524  -0.368  26.369 0.0000000000
50798  -3.169  -27.863  60.917 0.0000000000
49836  -1.755  -28.656  62.611 0.0000000000
53889  -5.579  -24.423  66.577 0.0000000000
52791  -5.045  -26.171  64.826 0.0000000000
52778  -4.043  -24.871  67.325 0.0000000000
51713  -1.148  -26.240  68.115 0.0000000000
51707  0.038  -27.153  68.449 0.0000000000
49815  0.194  -27.935  66.371 0.0000000000
49795  0.899  -28.433  68.673 0.0000000000
47698  1.789  -30.613  68.551 0.0000000000
67962  -42.235  -12.607  50.466 0.0000000000
148632  -42.378  -11.457  51.633 0.0000000000
69087  -41.933  -11.148  49.998 0.0000000000
72310  -38.925  -8.522  46.921 0.0000000000
72271  -40.312  -8.419  48.789 0.0000000000
72270  -39.488  -7.884  48.339 0.0000000000
73447  -39.567  -6.901  49.302 0.0000000000
74595  -38.380  -6.438  47.528 0.0000000000
75704  -38.492  -6.139  47.102 0.0000000000
74623  -37.894  -6.496  45.871 0.0000000000
72390  -35.717  -8.264  41.811 0.0000000000
72374  -37.095  -7.858  42.304 0.0000000000
71194  -36.772  -9.130  40.161 0.0000000000
148882  -37.712  -9.201  39.907 0.0000000000
71226  -36.727  -9.758  38.718 0.0000000000
131370  -20.048  -21.931  59.875 0.0000000000
57678  -19.266  -21.764  61.508 0.0000000000
132577  -20.139  -21.678  61.373 0.0000000000
58972  -25.518  -20.865  50.377 0.0000000000
57857  -24.664  -21.644  51.307 0.0000000000
57858  -25.443  -21.595  51.569 0.0000000000
56526  -25.341  -22.371  53.921 0.0000000000
57820  -26.506  -22.026  52.920 0.0000000000
59973  -30.265  -19.298  50.450 0.0000000000
60937  -28.960  -18.701  50.533 0.0000000000
140686  -29.654  -19.156  51.725 0.0000000000
57782  -30.212  -21.191  55.194 0.0000000000
57801  -29.406  -21.029  54.310 0.0000000000
56490  -29.061  -22.388  55.109 0.0000000000
56489  -28.023  -22.649  55.236 0.0000000000
55261  -29.193  -23.130  56.599 0.0000000000
55229  -28.579  -23.437  58.228 0.0000000000
55245  -29.739  -23.525  57.266 0.0000000000
149805  -38.762  -19.554  57.128 0.0000000000
55241  -10.569  -23.672  57.058 0.0000000000
55240  -10.149  -23.800  57.827 0.0000000000
154446  -9.189  -24.441  58.297 0.0000000000
56332  -12.255  -21.903  64.596 0.0000000000
72516  -41.247  -8.437  34.310 0.0000000000
72491  -41.679  -8.469  36.162 0.0000000000
72506  -43.056  -7.886  35.913 0.0000000000
73608  -47.800  -7.021  37.510 0.0000000000
73597  -46.269  -7.215  38.375 0.0000000000
74711  -48.328  -6.513  39.201 0.0000000000
74680  -47.985  -6.060  41.024 0.0000000000
155824  -49.530  -5.925  40.307 0.0000000000
75837  -51.967  -4.717  35.899 0.0000000000
74769  -51.001  -5.782  35.742 0.0000000000
74757  -53.149  -5.742  36.938 0.0000000000
82338  -52.331  0.776  25.705 0.0000000000
81198  -54.743  -0.029  26.745 0.0000000000
83467  -52.744  1.406  25.296 0.0000000000
84590  -54.190  3.184  24.966 0.0000000000
133637  -54.431  3.826  24.507 0.0000000000
84581  -57.163  3.213  25.453 0.0000000000
131769  -55.572  4.619  24.194 0.0000000000
83509  -56.265  1.639  20.956 0.0000000000
84627  -55.815  1.967  21.644 0.0000000000
85681  -56.978  3.741  22.324 0.0000000000
133769  -57.035  5.013  23.555 0.0000000000
86612  -58.293  4.959  22.677 0.0000000000
86625  -58.950  4.619  22.079 0.0000000000
86637  -61.373  4.595  20.692 0.0000000000
63266  -39.741  -16.647  49.726 0.0000000000
63290  -40.296  -15.507  48.936 0.0000000000
64469  -39.833  -15.825  48.218 0.0000000000
63334  -39.355  -15.769  46.757 0.0000000000
57811  -17.381  -22.400  53.641 0.0000000000
60005  -34.897  -19.663  48.070 0.0000000000
59990  -35.787  -19.518  48.980 0.0000000000
59975  -36.622  -19.529  50.211 0.0000000000
153275  -37.892  -19.297  51.855 0.0000000000
60949  -37.768  -18.727  50.213 0.0000000000
62051  -38.816  -17.775  50.153 0.0000000000
72376  -39.990  -8.359  41.784 0.0000000000
73549  -41.323  -7.818  42.654 0.0000000000
72394  -40.487  -8.416  40.885 0.0000000000
72418  -42.100  -7.992  40.151 0.0000000000
73585  -42.638  -7.886  39.470 0.0000000000
77949  -51.902  -3.569  30.529 0.0000000000
77916  -51.795  -3.243  32.471 0.0000000000
130579  -53.162  -2.646  31.982 0.0000000000
79997  -53.976  -1.513  33.348 0.0000000000
82301  -56.928  0.134  29.045 0.0000000000
50800  -4.350  -27.322  60.302 0.0000000000
50792  -4.244  -27.391  61.669 0.0000000000
145749  -40.394  -11.112  46.573 0.0000000000
70103  -40.985  -10.632  47.687 0.0000000000
70109  -39.365  -10.054  45.793 0.0000000000
71134  -38.758  -8.988  46.142 0.0000000000
72329  -37.153  -7.953  45.444 0.0000000000
73506  -37.072  -7.160  45.026 0.0000000000
72343  -36.324  -7.941  44.366 0.0000000000
72372  -35.461  -8.145  42.598 0.0000000000
71192  -34.904  -9.112  40.628 0.0000000000
131368  -22.147  -21.715  58.802 0.0000000000
57695  -21.757  -21.641  60.518 0.0000000000
57697  -23.479  -21.692  60.451 0.0000000000
57680  -23.900  -21.586  61.710 0.0000000000
56388  -27.529  -22.795  61.715 0.0000000000
59984  -26.010  -19.362  49.092 0.0000000000
59955  -27.481  -19.755  50.792 0.0000000000
59946  -31.613  -19.787  53.149 0.0000000000
59929  -30.492  -19.626  53.272 0.0000000000
59915  -31.427  -19.979  54.392 0.0000000000
58892  -30.702  -20.656  55.219 0.0000000000
57766  -31.128  -21.337  56.336 0.0000000000
55263  -30.900  -23.134  56.859 0.0000000000
56445  -31.981  -22.209  57.470 0.0000000000
56500  -13.019  -22.809  54.993 0.0000000000
55259  -12.591  -22.811  56.410 0.0000000000
56380  -11.661  -22.791  60.270 0.0000000000
56355  -11.625  -22.615  62.113 0.0000000000
131945  -13.193  -22.469  61.844 0.0000000000
73652  -42.871  -7.248  33.631 0.0000000000
73626  -43.645  -7.535  35.370 0.0000000000
73638  -45.010  -6.835  35.227 0.0000000000
74750  -46.587  -6.673  35.826 0.0000000000
74738  -48.779  -6.828  37.256 0.0000000000
84600  -50.748  2.424  23.310 0.0000000000
83486  -52.402  2.003  24.609 0.0000000000
84611  -51.872  2.761  22.895 0.0000000000
83518  -57.618  1.492  20.487 0.0000000000
84631  -59.055  3.209  21.194 0.0000000000
83525  -58.672  1.415  19.545 0.0000000000
83526  -59.627  1.526  19.166 0.0000000000
136012  -7.753  -24.580  62.680 0.0000000000
52811  -6.736  -25.708  62.572 0.0000000000
66746  -42.606  -13.351  54.138 0.0000000000
65542  -42.406  -14.267  52.659 0.0000000000
66781  -42.202  -13.292  50.686 0.0000000000
67967  -41.678  -12.773  49.291 0.0000000000
65584  -40.730  -14.274  48.420 0.0000000000
66804  -40.863  -13.675  48.212 0.0000000000
140661  -40.600  -12.034  46.934 0.0000000000
69129  -39.580  -11.767  45.050 0.0000000000
69135  -38.756  -11.541  44.034 0.0000000000
56419  -16.065  -22.532  58.632 0.0000000000
56385  -17.418  -22.298  60.478 0.0000000000
156148  -17.196  -22.484  59.020 0.0000000000
57728  -18.688  -22.401  58.400 0.0000000000
57729  -19.895  -22.116  58.568 0.0000000000
145845  -18.697  -22.229  54.920 0.0000000000
131365  -20.370  -21.975  56.565 0.0000000000
57747  -21.127  -21.850  57.703 0.0000000000
57748  -22.578  -21.857  57.365 0.0000000000
57749  -23.366  -21.914  57.577 0.0000000000
56462  -24.767  -22.244  56.432 0.0000000000
60003  -30.315  -19.514  48.480 0.0000000000
59989  -30.975  -19.894  49.812 0.0000000000
58993  -33.285  -20.500  49.279 0.0000000000
58992  -32.422  -20.581  49.706 0.0000000000
58957  -32.301  -20.495  51.538 0.0000000000
131953  -32.943  -20.445  53.315 0.0000000000
58913  -33.833  -20.498  54.621 0.0000000000
58896  -34.480  -20.511  55.284 0.0000000000
59896  -35.042  -20.162  57.158 0.0000000000
58898  -36.535  -20.650  55.623 0.0000000000
58900  -38.147  -20.179  55.499 0.0000000000
147184  -39.229  -19.495  55.977 0.0000000000
60917  -38.656  -19.011  52.695 0.0000000000
136213  -39.532  -18.829  54.020 0.0000000000
60891  -40.173  -18.637  55.504 0.0000000000
61973  -41.389  -17.077  55.440 0.0000000000
56480  -13.643  -22.589  55.296 0.0000000000
75674  -40.451  -5.316  48.896 0.0000000000
75691  -41.983  -5.696  47.613 0.0000000000
130877  -42.859  -5.875  47.034 0.0000000000
75710  -44.445  -5.682  46.483 0.0000000000
74652  -43.049  -7.027  44.015 0.0000000000
74629  -44.115  -6.375  45.185 0.0000000000
76932  -46.570  -4.529  31.684 0.0000000000
76892  -47.628  -4.627  34.302 0.0000000000
77895  -48.909  -3.833  34.174 0.0000000000
77886  -50.671  -3.459  35.369 0.0000000000
76884  -51.936  -3.466  36.124 0.0000000000
140165  -51.854  -2.392  34.317 0.0000000000
77888  -52.175  -2.679  36.220 0.0000000000
134716  -37.585  -9.697  34.288 0.0000000000
71265  -39.635  -9.318  36.002 0.0000000000
71333  -38.934  -9.007  33.600 0.0000000000
72551  -39.743  -8.402  33.020 0.0000000000
73649  -40.672  -7.972  32.955 0.0000000000
73666  -41.904  -7.095  32.712 0.0000000000
74803  -42.411  -6.459  32.415 0.0000000000
75882  -43.522  -5.177  31.599 0.0000000000
76929  -43.977  -4.693  31.122 0.0000000000
76959  -45.363  -4.411  30.659 0.0000000000
76961  -47.195  -4.381  30.890 0.0000000000
77945  -47.760  -4.076  30.196 0.0000000000
77946  -49.078  -3.782  29.992 0.0000000000
80061  -46.862  -1.694  27.302 0.0000000000
79008  -48.642  -2.647  28.541 0.0000000000
77967  -50.546  -3.453  29.784 0.0000000000
150444  -51.718  -2.957  29.415 0.0000000000
156462  -52.364  -2.218  28.726 0.0000000000
80046  -53.675  -1.815  28.449 0.0000000000
80068  -54.302  -1.265  27.888 0.0000000000
81172  -52.748  -0.701  27.256 0.0000000000
82316  -51.908  0.258  26.165 0.0000000000
83465  -51.182  1.007  24.977 0.0000000000
83496  -50.303  1.910  23.821 0.0000000000
51735  -5.462  -26.555  63.224 0.0000000000
51734  -4.786  -26.857  63.532 0.0000000000
50779  -3.530  -27.501  63.271 0.0000000000
52781  -2.713  -25.691  67.231 0.0000000000
50772  -2.250  -27.290  65.253 0.0000000000
49832  -2.069  -28.074  63.953 0.0000000000
49835  -0.922  -28.888  63.831 0.0000000000
48786  0.428  -29.700  64.559 0.0000000000
47713  1.303  -30.145  65.007 0.0000000000
47704  2.743  -30.732  67.525 0.0000000000
141608  -40.831  -5.237  52.244 0.0000000000
71068  -41.943  -9.982  52.228 0.0000000000
71091  -41.389  -10.164  49.057 0.0000000000
71078  -41.426  -9.738  50.517 0.0000000000
73437  -40.668  -7.632  51.478 0.0000000000
74559  -40.085  -6.366  50.542 0.0000000000
75662  -40.158  -5.441  49.811 0.0000000000
75688  -39.486  -5.730  47.929 0.0000000000
74608  -39.689  -6.261  46.555 0.0000000000
73519  -39.637  -7.417  44.147 0.0000000000
73517  -37.412  -7.180  44.405 0.0000000000
147732  -38.565  -7.689  43.108 0.0000000000
73547  -39.325  -8.131  42.525 0.0000000000
143068  -39.035  -8.736  40.649 0.0000000000
150899  -38.533  -9.369  38.774 0.0000000000
71245  -37.874  -9.824  37.538 0.0000000000
70133  -34.611  -10.268  41.675 0.0000000000
70167  -34.031  -9.750  40.952 0.0000000000
71206  -34.034  -9.624  40.073 0.0000000000
71224  -34.609  -9.738  39.332 0.0000000000
148454  -35.171  -10.249  38.254 0.0000000000
70205  -35.806  -10.352  37.515 0.0000000000
70218  -36.542  -10.217  36.218 0.0000000000
70232  -37.147  -10.021  35.658 0.0000000000
139299  -21.571  -21.447  62.387 0.0000000000
131359  -21.778  -21.688  50.742 0.0000000000
57856  -23.219  -21.785  51.152 0.0000000000
57838  -23.181  -22.022  52.795 0.0000000000
56524  -23.561  -22.124  54.322 0.0000000000
56487  -24.983  -22.372  55.478 0.0000000000
56463  -25.725  -22.487  56.040 0.0000000000
131981  -28.152  -18.361  49.282 0.0000000000
59970  -27.962  -18.764  50.247 0.0000000000
58955  -27.759  -20.112  51.444 0.0000000000
59927  -29.298  -19.652  52.641 0.0000000000
58924  -28.383  -20.729  52.765 0.0000000000
57842  -27.476  -21.369  52.602 0.0000000000
149183  -27.076  -22.387  54.082 0.0000000000
56488  -26.560  -22.637  55.633 0.0000000000
56443  -26.471  -22.685  57.499 0.0000000000
55228  -27.816  -23.173  58.564 0.0000000000
133228  -28.355  -23.432  59.006 0.0000000000
52872  -6.795  -26.220  57.822 0.0000000000
52857  -7.710  -25.507  59.119 0.0000000000
54091  -9.982  -24.218  55.303 0.0000000000
54089  -8.639  -24.963  55.968 0.0000000000
54066  -8.742  -24.965  57.075 0.0000000000
52874  -8.281  -25.201  58.537 0.0000000000
53959  -8.129  -24.725  61.065 0.0000000000
53941  -8.370  -24.129  62.323 0.0000000000
132016  -11.569  -22.245  63.960 0.0000000000
72490  -40.875  -8.746  36.646 0.0000000000
135925  -42.147  -8.267  38.005 0.0000000000
142065  -43.766  -7.603  38.745 0.0000000000
73605  -44.335  -7.585  37.433 0.0000000000
131311  -44.962  -7.363  38.793 0.0000000000
74708  -45.807  -6.828  40.172 0.0000000000
74679  -47.171  -6.204  41.254 0.0000000000
151965  -48.403  -5.212  35.271 0.0000000000
143487  -50.355  -6.577  36.873 0.0000000000
74728  -50.982  -6.498  38.108 0.0000000000
80069  -55.081  -0.930  27.698 0.0000000000
81176  -56.228  -0.205  27.642 0.0000000000
82308  -56.659  0.385  27.279 0.0000000000
84578  -53.919  2.276  25.234 0.0000000000
83453  -55.663  1.431  26.048 0.0000000000
83444  -57.112  0.956  26.760 0.0000000000
84560  -58.211  2.202  26.973 0.0000000000
84569  -58.644  2.811  26.731 0.0000000000
85679  -55.054  3.741  23.245 0.0000000000
86594  -56.257  4.923  23.865 0.0000000000
86586  -58.447  4.540  25.037 0.0000000000
85694  -60.412  4.391  21.005 0.0000000000
62114  -37.669  -17.544  46.526 0.0000000000
62115  -38.443  -16.893  46.758 0.0000000000
60976  -37.027  -18.514  47.566 0.0000000000
62099  -37.637  -17.975  47.471 0.0000000000
71246  -38.604  -9.642  37.135 0.0000000000
149478  -39.639  -9.161  37.641 0.0000000000
71247  -39.437  -9.341  36.903 0.0000000000
80034  -54.551  -1.980  29.744 0.0000000000
80025  -54.711  -1.736  30.771 0.0000000000
80013  -55.320  -1.138  31.298 0.0000000000
81137  -55.857  -0.673  30.833 0.0000000000
154194  -6.507  -26.140  60.411 0.0000000000
70135  -36.722  -10.880  42.856 0.0000000000
70134  -35.868  -9.931  42.983 0.0000000000
71170  -35.399  -9.141  42.907 0.0000000000
145188  -35.123  -9.836  42.402 0.0000000000
56360  -16.341  -22.152  62.081 0.0000000000
150663  -16.150  -22.315  61.243 0.0000000000
56421  -24.938  -22.139  58.362 0.0000000000
57734  -24.988  -22.158  59.299 0.0000000000
56422  -25.778  -22.363  58.859 0.0000000000
59908  -33.827  -20.260  56.121 0.0000000000
59907  -33.027  -20.232  56.036 0.0000000000
58880  -33.056  -20.379  56.848 0.0000000000
59882  -33.743  -20.258  57.328 0.0000000000
133920  -14.955  -22.367  61.780 0.0000000000
75871  -45.438  -5.163  32.756 0.0000000000
75857  -45.655  -5.443  33.446 0.0000000000
75872  -46.150  -4.963  33.059 0.0000000000
63228  -40.875  -16.191  51.807 0.0000000000
64426  -41.408  -15.399  51.510 0.0000000000
63246  -40.791  -15.871  50.978 0.0000000000
152314  -39.064  -14.453  44.553 0.0000000000
65631  -39.369  -13.827  44.785 0.0000000000
141779  -16.706  -22.481  55.154 0.0000000000
57792  -17.129  -22.450  54.473 0.0000000000
57815  -20.866  -21.903  53.750 0.0000000000
57816  -21.877  -21.943  53.853 0.0000000000
57797  -22.069  -21.925  54.754 0.0000000000
155666  -22.496  -22.001  53.657 0.0000000000
58979  -36.052  -19.972  50.600 0.0000000000
137894  -35.574  -20.416  50.905 0.0000000000
58961  -36.137  -20.338  51.362 0.0000000000
58946  -36.181  -20.705  52.269 0.0000000000
58947  -36.982  -20.320  52.672 0.0000000000
62053  -39.881  -16.896  50.953 0.0000000000
62039  -40.227  -16.870  51.677 0.0000000000
156395  -41.144  -16.219  52.563 0.0000000000
56523  -16.086  -22.436  53.825 0.0000000000
56503  -15.592  -22.460  54.356 0.0000000000
152035  -40.408  -7.373  44.419 0.0000000000
146924  -41.282  -7.403  44.265 0.0000000000
73552  -44.336  -6.965  41.839 0.0000000000
74676  -45.016  -6.594  42.138 0.0000000000
74685  -45.010  -6.777  41.397 0.0000000000
76936  -50.051  -4.266  31.150 0.0000000000
77915  -50.309  -3.700  32.767 0.0000000000
145972  -51.130  -3.599  32.309 0.0000000000
154852  -54.192  -0.926  36.305 0.0000000000
79005  -45.253  -2.837  28.255 0.0000000000
81214  -49.168  -0.134  25.892 0.0000000000
81215  -49.880  -0.132  25.949 0.0000000000
49848  -2.460  -28.304  61.363 0.0000000000
49840  -1.851  -28.729  61.758 0.0000000000
49841  -2.396  -28.288  62.238 0.0000000000
53888  -4.817  -24.698  66.893 0.0000000000
53884  -3.923  -24.500  68.291 0.0000000000
50752  0.981  -28.012  68.230 0.0000000000
47696  0.604  -29.741  68.922 0.0000000000
133332  -41.828  -11.910  49.336 0.0000000000
69088  -42.150  -11.893  50.226 0.0000000000
72309  -38.001  -7.966  46.586 0.0000000000
72286  -39.217  -8.201  47.647 0.0000000000
72285  -38.265  -7.521  47.400 0.0000000000
73478  -38.381  -6.911  47.925 0.0000000000
144473  -37.956  -6.842  47.360 0.0000000000
74606  -37.928  -6.559  46.781 0.0000000000
73494  -37.437  -6.879  46.088 0.0000000000
72413  -36.251  -8.642  40.984 0.0000000000
71208  -36.252  -9.427  39.541 0.0000000000
157186  -20.554  -21.811  59.877 0.0000000000
57694  -20.433  -21.766  60.462 0.0000000000
58953  -26.059  -21.062  50.974 0.0000000000
57840  -25.722  -21.937  52.395 0.0000000000
57841  -26.651  -21.565  52.260 0.0000000000
59958  -30.337  -19.302  51.472 0.0000000000
133256  -29.562  -18.950  51.014 0.0000000000
56491  -29.953  -22.000  55.418 0.0000000000
57781  -29.621  -21.524  54.859 0.0000000000
56465  -28.587  -22.863  55.909 0.0000000000
55262  -30.096  -23.160  56.633 0.0000000000
59887  -39.189  -19.103  57.548 0.0000000000
56366  -10.902  -23.037  60.822 0.0000000000
72533  -41.809  -7.994  33.756 0.0000000000
72517  -42.090  -8.157  34.652 0.0000000000
73625  -42.873  -7.847  35.005 0.0000000000
74727  -48.535  -6.757  38.233 0.0000000000
74726  -47.655  -6.859  38.552 0.0000000000
74690  -48.988  -6.218  39.865 0.0000000000
153678  -49.780  -6.195  39.638 0.0000000000
76873  -52.744  -4.229  36.401 0.0000000000
149694  -52.638  -5.306  36.377 0.0000000000
83466  -51.962  1.249  25.128 0.0000000000
82339  -53.092  0.860  25.808 0.0000000000
85664  -54.080  3.681  23.968 0.0000000000
85655  -55.021  4.161  24.645 0.0000000000
85665  -54.816  4.204  23.974 0.0000000000
83510  -57.089  1.648  21.107 0.0000000000
84628  -56.567  1.942  21.550 0.0000000000
85691  -57.738  3.531  21.958 0.0000000000
85682  -57.736  4.430  22.410 0.0000000000
157417  -58.356  4.540  22.263 0.0000000000
85692  -58.489  3.976  21.808 0.0000000000
62085  -39.275  -16.959  49.068 0.0000000000
133654  -39.783  -16.280  48.986 0.0000000000
63289  -39.322  -16.558  48.281 0.0000000000
63333  -38.734  -16.256  46.150 0.0000000000
63358  -38.633  -15.901  45.383 0.0000000000
60023  -34.862  -19.523  47.209 0.0000000000
60007  -36.418  -19.161  48.585 0.0000000000
59991  -36.510  -19.319  49.412 0.0000000000
59992  -37.173  -19.098  49.813 0.0000000000
59976  -37.274  -19.264  50.633 0.0000000000
134483  -37.606  -18.621  49.441 0.0000000000
62068  -38.648  -17.635  49.207 0.0000000000
62069  -39.271  -17.235  49.851 0.0000000000
72393  -39.569  -8.541  41.089 0.0000000000
72377  -40.937  -8.147  41.768 0.0000000000
72438  -41.157  -8.451  39.227 0.0000000000
72417  -41.362  -8.290  40.000 0.0000000000
72439  -41.892  -8.191  39.367 0.0000000000
78981  -52.668  -3.285  30.415 0.0000000000
77917  -52.460  -3.212  31.797 0.0000000000
78969  -53.028  -3.145  31.132 0.0000000000
79987  -54.734  -0.818  33.937 0.0000000000
79986  -54.087  -1.103  34.466 0.0000000000
82287  -57.054  0.274  30.967 0.0000000000
82293  -56.972  0.172  30.003 0.0000000000
51768  -5.020  -27.019  60.353 0.0000000000
136880  -4.630  -27.196  61.026 0.0000000000
50791  -3.960  -27.513  60.955 0.0000000000
70116  -39.609  -10.963  45.401 0.0000000000
70110  -40.057  -10.382  46.319 0.0000000000
70115  -38.935  -10.390  45.053 0.0000000000
71151  -37.221  -9.165  44.477 0.0000000000
71143  -38.497  -9.424  45.418 0.0000000000
71142  -37.582  -8.794  45.123 0.0000000000
72330  -37.842  -8.421  45.820 0.0000000000
72344  -36.773  -8.249  44.808 0.0000000000
72371  -35.035  -8.815  42.369 0.0000000000
72389  -35.051  -8.570  41.897 0.0000000000
72411  -34.713  -8.993  41.314 0.0000000000
152412  -22.506  -21.707  59.251 0.0000000000
57716  -22.839  -21.713  59.690 0.0000000000
148871  -23.526  -21.785  59.514 0.0000000000
57718  -25.116  -22.136  60.247 0.0000000000
57698  -24.461  -21.828  60.810 0.0000000000
146177  -24.714  -21.752  61.637 0.0000000000
156495  -27.179  -22.694  60.668 0.0000000000
56387  -26.685  -22.472  61.148 0.0000000000
59985  -26.794  -18.862  49.402 0.0000000000
58990  -26.466  -19.543  49.728 0.0000000000
59969  -27.260  -19.181  50.131 0.0000000000
141293  -32.213  -20.080  53.467 0.0000000000
59930  -31.136  -19.703  53.627 0.0000000000
59931  -31.796  -19.861  53.967 0.0000000000
58894  -31.985  -20.361  55.951 0.0000000000
58893  -31.374  -20.472  55.576 0.0000000000
58877  -31.079  -20.809  55.886 0.0000000000
56468  -31.308  -22.259  56.771 0.0000000000
57751  -31.754  -21.304  57.035 0.0000000000
56446  -32.751  -22.272  58.369 0.0000000000
56479  -13.210  -22.620  55.976 0.0000000000
55276  -12.462  -23.003  55.704 0.0000000000
56456  -12.982  -22.590  56.842 0.0000000000
150005  -13.254  -22.496  58.869 0.0000000000
133778  -12.538  -22.586  60.111 0.0000000000
132863  -12.352  -22.596  60.847 0.0000000000
155780  -12.945  -22.525  61.227 0.0000000000
56358  -14.542  -22.301  62.388 0.0000000000
56347  -14.239  -22.148  63.311 0.0000000000
74789  -43.542  -6.719  33.482 0.0000000000
74777  -44.103  -6.825  34.184 0.0000000000
74778  -44.779  -6.539  34.447 0.0000000000
74780  -46.448  -6.135  35.087 0.0000000000
74751  -47.367  -6.734  36.132 0.0000000000
73620  -47.428  -7.022  36.784 0.0000000000
73609  -48.149  -6.778  36.514 0.0000000000
131028  -51.533  2.526  23.432 0.0000000000
83523  -56.685  1.544  19.816 0.0000000000
83524  -57.329  1.415  19.828 0.0000000000
133919  -57.995  1.340  19.887 0.0000000000
131299  -57.869  1.410  19.089 0.0000000000
53922  -7.573  -24.500  63.517 0.0000000000
55100  -5.972  -23.689  67.207 0.0000000000
64407  -42.286  -15.127  54.028 0.0000000000
65531  -42.516  -14.288  53.758 0.0000000000
65565  -41.595  -14.418  50.418 0.0000000000
65566  -42.083  -13.965  50.932 0.0000000000
66780  -41.819  -13.744  50.165 0.0000000000
66791  -41.986  -13.092  49.946 0.0000000000
66790  -41.545  -13.493  49.440 0.0000000000
64485  -40.357  -14.940  48.158 0.0000000000
65577  -40.795  -14.690  49.077 0.0000000000
66825  -40.288  -13.302  46.682 0.0000000000
66815  -40.571  -13.502  47.467 0.0000000000
67979  -40.611  -12.749  47.216 0.0000000000
67987  -40.293  -12.557  46.415 0.0000000000
69123  -40.269  -11.756  46.247 0.0000000000
67992  -39.891  -12.347  45.580 0.0000000000
143687  -16.643  -22.507  58.986 0.0000000000
56420  -16.920  -22.528  58.212 0.0000000000
57743  -18.080  -22.473  57.017 0.0000000000
57727  -17.908  -22.492  57.899 0.0000000000
57744  -18.624  -22.421  57.656 0.0000000000
154037  -19.317  -22.299  58.450 0.0000000000
133564  -19.384  -22.268  57.883 0.0000000000
57793  -17.977  -22.362  54.328 0.0000000000
156102  -18.677  -22.238  54.133 0.0000000000
132573  -20.893  -21.895  55.962 0.0000000000
132574  -20.019  -21.963  55.834 0.0000000000
57746  -20.580  -21.964  57.205 0.0000000000
131366  -21.965  -21.776  57.960 0.0000000000
131591  -21.850  -21.835  57.257 0.0000000000
57779  -23.202  -21.985  55.867 0.0000000000
57763  -23.230  -21.948  56.787 0.0000000000
57764  -24.045  -22.053  57.075 0.0000000000
60004  -30.959  -19.977  48.855 0.0000000000
59017  -33.804  -20.111  48.584 0.0000000000
142873  -33.137  -20.238  48.490 0.0000000000
58994  -34.189  -20.281  49.325 0.0000000000
58976  -33.981  -20.902  50.663 0.0000000000
134299  -33.163  -20.775  50.170 0.0000000000
134300  -33.074  -20.877  51.041 0.0000000000
58975  -32.356  -20.621  50.606 0.0000000000
153167  -32.968  -20.760  51.852 0.0000000000
58942  -32.384  -20.344  52.589 0.0000000000
58943  -33.378  -20.806  52.470 0.0000000000
58931  -35.217  -21.111  53.816 0.0000000000
58930  -34.277  -20.867  53.855 0.0000000000
153838  -34.641  -20.808  54.434 0.0000000000
58897  -35.600  -20.673  55.496 0.0000000000
58915  -36.388  -20.875  54.802 0.0000000000
59917  -37.702  -20.256  54.004 0.0000000000
58917  -37.641  -20.403  54.815 0.0000000000
59909  -38.865  -19.709  55.388 0.0000000000
60928  -38.492  -18.788  51.944 0.0000000000
59949  -38.127  -19.404  52.511 0.0000000000
60909  -40.049  -18.109  53.675 0.0000000000
146567  -39.519  -18.448  53.271 0.0000000000
60899  -40.192  -18.365  54.558 0.0000000000
61972  -40.815  -17.855  55.193 0.0000000000
61988  -41.137  -17.235  54.682 0.0000000000
63178  -41.611  -16.526  54.710 0.0000000000
150936  -41.967  -15.786  54.373 0.0000000000
132427  -15.762  -22.508  56.851 0.0000000000
148321  -41.039  -5.825  47.689 0.0000000000
75690  -41.204  -5.434  48.348 0.0000000000
75707  -41.356  -6.196  47.052 0.0000000000
74627  -42.261  -6.704  45.602 0.0000000000
74611  -42.659  -6.338  46.294 0.0000000000
75709  -43.514  -6.051  46.413 0.0000000000
73535  -41.725  -7.524  43.432 0.0000000000
73536  -42.586  -7.332  43.376 0.0000000000
74654  -44.633  -6.544  43.598 0.0000000000
74653  -43.832  -6.764  43.817 0.0000000000
74643  -44.342  -6.485  44.388 0.0000000000
74630  -44.872  -6.208  44.938 0.0000000000
75723  -45.614  -5.937  44.762 0.0000000000
75741  -46.671  -5.859  43.326 0.0000000000
76933  -47.602  -4.483  31.852 0.0000000000
76913  -47.718  -4.418  32.895 0.0000000000
153517  -48.347  -4.278  32.973 0.0000000000
77897  -50.553  -3.171  34.746 0.0000000000
77896  -49.667  -3.535  34.431 0.0000000000
77887  -51.365  -3.094  35.773 0.0000000000
78947  -52.524  -2.248  33.632 0.0000000000
78956  -51.776  -2.732  33.400 0.0000000000
78928  -52.569  -1.989  36.087 0.0000000000
46545  3.135  -31.409  66.397 0.0000000000
46558  3.354  -32.270  65.438 0.0000000000
45404  3.363  -32.664  66.460 0.0000000000
73664  -40.111  -7.669  32.372 0.0000000000
73680  -40.366  -6.987  31.875 0.0000000000
73681  -41.011  -6.684  31.906 0.0000000000
74802  -41.643  -6.622  32.157 0.0000000000
74820  -41.384  -6.120  31.617 0.0000000000
75881  -42.705  -5.296  31.452 0.0000000000
76928  -43.168  -4.764  31.027 0.0000000000
75883  -44.352  -5.061  31.772 0.0000000000
76958  -44.456  -4.385  30.419 0.0000000000
77942  -45.126  -4.174  29.978 0.0000000000
76960  -46.246  -4.381  30.783 0.0000000000
77943  -45.871  -4.101  30.009 0.0000000000
77980  -46.523  -3.161  28.799 0.0000000000
157903  -46.882  -3.487  29.290 0.0000000000
77964  -47.527  -3.575  29.502 0.0000000000
144614  -48.307  -3.659  29.708 0.0000000000
77982  -48.067  -3.148  29.050 0.0000000000
138946  -48.769  -1.759  27.571 0.0000000000
79028  -48.186  -2.231  27.958 0.0000000000
156138  -48.750  -2.221  28.050 0.0000000000
78992  -49.469  -2.814  28.861 0.0000000000
78993  -50.237  -2.928  29.103 0.0000000000
78994  -51.031  -2.940  29.275 0.0000000000
79010  -50.694  -2.412  28.675 0.0000000000
80044  -51.925  -1.745  28.279 0.0000000000
79013  -53.136  -2.384  29.000 0.0000000000
80045  -52.788  -1.803  28.315 0.0000000000
80067  -53.256  -1.281  27.797 0.0000000000
81171  -51.887  -0.747  27.191 0.0000000000
82336  -50.401  0.218  25.708 0.0000000000
82315  -51.129  0.165  25.975 0.0000000000
139545  -50.914  0.558  25.457 0.0000000000
82337  -51.569  0.661  25.577 0.0000000000
48795  -1.311  -29.215  62.141 0.0000000000
52799  -6.565  -25.653  63.429 0.0000000000
52810  -6.126  -26.205  62.914 0.0000000000
52798  -5.961  -26.111  63.750 0.0000000000
51726  -4.300  -26.381  65.121 0.0000000000
51730  -4.575  -26.680  64.339 0.0000000000
51733  -4.088  -27.155  63.835 0.0000000000
51729  -3.836  -26.912  64.626 0.0000000000
52773  -2.560  -25.185  68.744 0.0000000000
50768  -1.044  -27.115  66.495 0.0000000000
51723  -1.874  -26.914  66.117 0.0000000000
50771  -1.432  -27.489  65.599 0.0000000000
50775  -2.562  -27.592  64.433 0.0000000000
50774  -1.776  -27.817  64.768 0.0000000000
49831  -1.328  -28.338  64.300 0.0000000000
49826  -0.999  -28.043  65.115 0.0000000000
49823  1.424  -28.985  66.386 0.0000000000
49829  0.104  -28.984  65.036 0.0000000000
48780  0.922  -29.343  65.452 0.0000000000
48779  1.802  -29.660  65.957 0.0000000000
48778  2.470  -30.098  66.420 0.0000000000
48769  2.655  -30.008  67.263 0.0000000000
47699  1.054  -30.685  68.771 0.0000000000
74523  -41.716  -6.121  53.821 0.0000000000
74536  -41.230  -5.666  53.068 0.0000000000
74548  -40.704  -6.262  52.260 0.0000000000
134519  -42.605  -13.571  53.160 0.0000000000
149867  -42.632  -12.958  53.513 0.0000000000
67950  -42.653  -12.961  52.790 0.0000000000
155760  -42.547  -11.727  52.290 0.0000000000
138631  -42.364  -10.878  52.488 0.0000000000
71122  -40.568  -9.707  47.538 0.0000000000
71105  -41.106  -9.960  48.270 0.0000000000
71104  -40.701  -9.210  48.280 0.0000000000
152836  -40.733  -8.580  49.567 0.0000000000
155017  -41.027  -9.116  49.653 0.0000000000
72257  -41.012  -8.929  50.271 0.0000000000
134926  -41.235  -9.074  51.172 0.0000000000
72243  -40.782  -8.261  50.987 0.0000000000
72229  -41.066  -8.309  51.898 0.0000000000
74571  -39.273  -6.313  49.049 0.0000000000
74572  -39.742  -6.410  49.687 0.0000000000
74558  -39.792  -5.928  49.783 0.0000000000
75648  -40.279  -5.504  50.545 0.0000000000
131207  -39.647  -5.793  49.195 0.0000000000
134405  -39.775  -5.615  48.682 0.0000000000
153935  -38.864  -6.160  46.681 0.0000000000
74624  -38.956  -6.405  45.954 0.0000000000
74638  -39.594  -6.999  45.065 0.0000000000
73518  -38.722  -7.083  44.632 0.0000000000
73516  -36.798  -7.410  44.469 0.0000000000
74636  -37.248  -6.985  44.860 0.0000000000
73531  -36.959  -7.386  43.724 0.0000000000
73546  -37.527  -7.574  42.989 0.0000000000
72375  -38.269  -8.146  42.278 0.0000000000
150312  -38.479  -8.431  41.544 0.0000000000
145868  -39.104  -8.402  41.735 0.0000000000
72392  -38.329  -8.618  40.995 0.0000000000
71209  -37.196  -9.462  39.328 0.0000000000
155204  -37.942  -9.416  39.211 0.0000000000
71227  -37.716  -9.659  38.481 0.0000000000
70151  -34.187  -9.846  41.279 0.0000000000
70150  -33.714  -10.163  40.787 0.0000000000
70178  -33.618  -10.020  39.511 0.0000000000
153544  -34.567  -9.433  40.134 0.0000000000
148667  -34.219  -10.165  38.681 0.0000000000
70204  -34.311  -10.428  37.880 0.0000000000
131561  -35.110  -10.470  37.277 0.0000000000
70219  -37.242  -10.024  36.461 0.0000000000
56373  -17.644  -22.079  61.406 0.0000000000
157179  -18.129  -22.128  60.858 0.0000000000
57664  -19.788  -21.532  62.407 0.0000000000
132575  -22.046  -21.544  61.380 0.0000000000
139298  -22.457  -21.429  62.517 0.0000000000
132413  -23.948  -21.864  51.662 0.0000000000
131567  -23.969  -21.627  50.863 0.0000000000
145327  -23.027  -22.059  53.564 0.0000000000
57817  -23.831  -22.143  53.398 0.0000000000
56506  -25.119  -22.410  54.677 0.0000000000
135750  -28.798  -18.522  49.526 0.0000000000
60927  -29.109  -18.982  51.392 0.0000000000
59971  -28.502  -18.892  50.781 0.0000000000
59956  -28.154  -19.356  51.156 0.0000000000
59941  -28.415  -19.640  51.753 0.0000000000
58927  -30.191  -19.903  53.667 0.0000000000
59928  -29.868  -19.595  52.941 0.0000000000
57800  -28.650  -21.447  53.949 0.0000000000
57823  -29.227  -20.635  53.683 0.0000000000
57822  -28.702  -20.889  53.362 0.0000000000
57821  -28.072  -21.453  53.300 0.0000000000
56528  -27.216  -22.041  53.387 0.0000000000
57799  -27.827  -22.101  53.925 0.0000000000
133461  -27.492  -22.841  56.035 0.0000000000
56464  -26.535  -22.707  56.531 0.0000000000
56424  -27.185  -22.934  58.045 0.0000000000
55243  -28.001  -23.150  57.634 0.0000000000
55247  -31.309  -23.645  57.624 0.0000000000
55246  -30.544  -23.617  57.371 0.0000000000
150473  -30.961  -24.162  58.082 0.0000000000
58869  -36.051  -20.142  57.309 0.0000000000
52856  -6.973  -26.095  58.833 0.0000000000
52873  -7.564  -25.725  58.184 0.0000000000
55275  -11.615  -23.365  55.533 0.0000000000
55287  -11.294  -23.507  54.693 0.0000000000
55257  -10.970  -23.553  56.195 0.0000000000
54046  -9.926  -24.102  57.111 0.0000000000
54068  -10.110  -24.093  56.282 0.0000000000
54090  -9.426  -24.508  55.866 0.0000000000
53999  -8.813  -24.522  59.671 0.0000000000
54021  -8.930  -24.582  58.871 0.0000000000
52858  -8.380  -25.012  59.394 0.0000000000
52842  -8.396  -24.765  60.247 0.0000000000
145628  -8.645  -24.375  60.838 0.0000000000
56356  -12.579  -22.437  62.578 0.0000000000
56345  -11.625  -22.487  63.037 0.0000000000
130722  -43.273  -3.815  50.190 0.0000000000
71284  -39.913  -9.091  35.146 0.0000000000
71266  -40.112  -9.066  36.552 0.0000000000
141663  -40.373  -8.986  35.906 0.0000000000
72475  -42.644  -8.078  37.356 0.0000000000
72474  -41.752  -8.422  37.191 0.0000000000
72459  -42.850  -7.943  38.119 0.0000000000
73594  -43.089  -7.804  38.811 0.0000000000
156713  -43.428  -7.740  38.264 0.0000000000
73627  -44.419  -7.294  35.745 0.0000000000
73616  -43.800  -7.615  36.228 0.0000000000
73617  -44.625  -7.450  36.630 0.0000000000
74725  -46.808  -6.980  38.895 0.0000000000
73596  -45.549  -7.346  38.221 0.0000000000
73587  -45.865  -7.136  39.126 0.0000000000
73573  -45.028  -7.188  39.637 0.0000000000
74687  -46.508  -6.466  40.720 0.0000000000
75778  -48.895  -5.843  40.765 0.0000000000
75767  -48.521  -5.655  41.654 0.0000000000
155781  -49.087  -5.490  41.905 0.0000000000
75834  -48.683  -4.520  35.080 0.0000000000
75849  -47.958  -4.822  34.942 0.0000000000
75835  -49.077  -5.196  35.375 0.0000000000
142179  -51.529  -6.388  36.758 0.0000000000
74754  -50.891  -6.336  36.273 0.0000000000
74740  -50.974  -6.526  37.198 0.0000000000
132671  -50.233  -6.577  37.661 0.0000000000
80047  -55.160  -1.252  28.373 0.0000000000
81174  -54.542  -0.589  27.238 0.0000000000
83452  -54.341  0.620  26.261 0.0000000000
81175  -55.433  -0.346  27.207 0.0000000000
151252  -56.065  0.105  26.966 0.0000000000
135571  -56.845  0.186  28.113 0.0000000000
83487  -53.189  2.099  24.908 0.0000000000
137318  -52.878  2.644  24.458 0.0000000000
83470  -54.841  2.408  25.549 0.0000000000
83454  -56.597  1.535  26.141 0.0000000000
83445  -57.742  1.463  27.315 0.0000000000
83455  -57.426  1.794  26.412 0.0000000000
85637  -57.854  2.747  26.055 0.0000000000
85638  -58.728  3.419  26.211 0.0000000000
85628  -59.367  3.209  27.016 0.0000000000
84614  -55.463  2.681  22.379 0.0000000000
84613  -54.468  2.570  22.404 0.0000000000
85666  -55.667  4.534  23.661 0.0000000000
86604  -57.875  5.220  23.374 0.0000000000
86595  -57.654  5.228  24.009 0.0000000000
86597  -58.847  4.921  24.741 0.0000000000
86587  -59.487  4.518  25.573 0.0000000000
87421  -59.671  5.001  25.071 0.0000000000
84640  -59.424  2.439  20.478 0.0000000000
85701  -59.913  3.603  20.722 0.0000000000
63308  -38.858  -16.771  47.550 0.0000000000
60024  -35.763  -19.185  47.059 0.0000000000
60992  -36.415  -18.729  46.930 0.0000000000
141634  -37.001  -18.752  48.339 0.0000000000
60962  -37.443  -18.560  48.823 0.0000000000
135169  -38.161  -17.799  48.287 0.0000000000
71211  -39.184  -9.085  39.161 0.0000000000
72436  -39.825  -8.822  39.544 0.0000000000
71212  -39.774  -8.931  38.846 0.0000000000
71230  -40.173  -8.874  38.163 0.0000000000
72456  -40.978  -8.589  38.439 0.0000000000
78971  -54.274  -2.088  31.259 0.0000000000
81124  -56.873  0.325  32.882 0.0000000000
81138  -56.552  -0.081  31.467 0.0000000000
81150  -56.433  -0.291  30.386 0.0000000000
51797  -6.152  -26.460  58.458 0.0000000000
51796  -5.469  -26.752  58.924 0.0000000000
51769  -5.742  -26.535  60.549 0.0000000000
51753  -5.659  -26.547  61.495 0.0000000000
70121  -37.733  -10.184  44.101 0.0000000000
71160  -36.806  -9.591  43.887 0.0000000000
71159  -35.894  -9.056  43.532 0.0000000000
56348  -15.148  -22.058  63.246 0.0000000000
135568  -24.049  -21.921  58.846 0.0000000000
56386  -25.924  -22.298  60.676 0.0000000000
58912  -32.939  -20.193  54.760 0.0000000000
58911  -32.165  -20.049  54.796 0.0000000000
59906  -32.345  -20.241  55.582 0.0000000000
58879  -32.374  -20.545  56.685 0.0000000000
58865  -32.236  -20.822  57.252 0.0000000000
58866  -32.818  -20.607  57.436 0.0000000000
146874  -32.680  -20.862  57.884 0.0000000000
56400  -13.620  -22.491  59.466 0.0000000000
145217  -13.943  -22.489  60.294 0.0000000000
56369  -13.755  -22.482  61.218 0.0000000000
56370  -14.398  -22.410  61.655 0.0000000000
75856  -44.927  -5.687  33.222 0.0000000000
74791  -45.214  -5.967  33.925 0.0000000000
75846  -45.830  -5.670  34.027 0.0000000000
75847  -46.371  -5.586  34.380 0.0000000000
75833  -47.861  -5.683  35.318 0.0000000000
64427  -41.980  -14.872  52.073 0.0000000000
64503  -39.758  -14.914  46.741 0.0000000000
64526  -39.731  -14.369  46.075 0.0000000000
66824  -39.691  -13.765  45.551 0.0000000000
66836  -39.610  -13.119  45.161 0.0000000000
67999  -39.468  -12.494  44.763 0.0000000000
68013  -39.112  -12.599  44.097 0.0000000000
56460  -16.373  -22.504  56.400 0.0000000000
56484  -17.008  -22.497  55.875 0.0000000000
57759  -17.839  -22.451  56.119 0.0000000000
57814  -19.943  -21.947  53.647 0.0000000000
57794  -19.378  -22.073  54.299 0.0000000000
57795  -20.277  -21.934  54.425 0.0000000000
139554  -21.451  -21.899  55.354 0.0000000000
132996  -21.641  -21.899  56.038 0.0000000000
57778  -22.268  -21.930  55.588 0.0000000000
57798  -22.907  -22.015  54.980 0.0000000000
58995  -35.076  -19.931  49.415 0.0000000000
58977  -34.566  -20.466  50.052 0.0000000000
131839  -34.899  -20.676  50.790 0.0000000000
58959  -34.497  -20.975  51.365 0.0000000000
58944  -34.457  -21.099  52.222 0.0000000000
58945  -35.377  -21.048  52.421 0.0000000000
133189  -35.783  -21.050  53.063 0.0000000000
58932  -36.268  -20.963  53.860 0.0000000000
58933  -37.070  -20.522  53.493 0.0000000000
142695  -38.222  -19.824  53.762 0.0000000000
60940  -38.971  -17.899  50.942 0.0000000000
60929  -39.075  -18.146  51.691 0.0000000000
154524  -39.538  -17.862  52.148 0.0000000000
62023  -40.038  -17.369  52.284 0.0000000000
62005  -40.477  -17.339  53.212 0.0000000000
62006  -41.122  -16.960  53.947 0.0000000000
156307  -41.088  -16.577  53.170 0.0000000000
131104  -14.814  -22.478  54.208 0.0000000000
56482  -15.793  -22.472  55.159 0.0000000000
74626  -41.267  -6.778  45.695 0.0000000000
74641  -42.703  -6.906  44.821 0.0000000000
73550  -42.825  -7.486  41.857 0.0000000000
150965  -42.930  -7.352  42.720 0.0000000000
73551  -43.673  -7.141  42.413 0.0000000000
74664  -44.143  -6.812  43.064 0.0000000000
74665  -44.904  -6.566  42.850 0.0000000000
74655  -45.435  -6.326  43.375 0.0000000000
74666  -45.705  -6.332  42.571 0.0000000000
144062  -46.270  -6.255  42.113 0.0000000000
76914  -48.925  -4.349  32.400 0.0000000000
154115  -49.456  -4.311  32.155 0.0000000000
152046  -50.307  -3.250  33.833 0.0000000000
78946  -51.053  -2.783  34.120 0.0000000000
79979  -53.343  -1.356  35.019 0.0000000000
79969  -52.760  -1.708  35.411 0.0000000000
79970  -53.465  -1.279  36.062 0.0000000000
132906  -58.924  1.853  28.988 0.0000000000
144235  -41.013  -5.539  31.016 0.0000000000
147690  -44.895  -3.356  28.812 0.0000000000
79006  -46.080  -2.745  28.284 0.0000000000
80084  -48.278  -1.184  26.902 0.0000000000
80063  -49.734  -1.601  27.556 0.0000000000
80042  -50.253  -1.982  28.122 0.0000000000
81169  -50.132  -1.029  26.968 0.0000000000
81170  -51.020  -0.865  27.059 0.0000000000
53893  -6.023  -24.880  65.659 0.0000000000
52784  -5.180  -25.138  66.034 0.0000000000
52787  -4.751  -25.806  65.586 0.0000000000
52786  -3.968  -25.988  65.923 0.0000000000
52766  -1.703  -25.986  69.214 0.0000000000
51712  -0.465  -26.703  68.381 0.0000000000
50767  -0.198  -27.302  66.862 0.0000000000
50766  0.529  -27.638  67.272 0.0000000000
49805  1.141  -28.067  67.696 0.0000000000
49813  1.745  -28.822  67.417 0.0000000000
147204  2.311  -29.512  67.580 0.0000000000
155238  1.488  -29.507  68.615 0.0000000000
67958  -42.446  -12.763  51.229 0.0000000000
69053  -42.567  -12.216  51.775 0.0000000000
69070  -42.386  -12.015  51.004 0.0000000000
70060  -42.162  -11.269  50.830 0.0000000000
70059  -41.809  -10.508  50.681 0.0000000000
72287  -40.084  -8.740  47.934 0.0000000000
135295  -40.150  -7.749  49.486 0.0000000000
73465  -39.685  -7.545  48.920 0.0000000000
73464  -38.939  -7.001  48.619 0.0000000000
74587  -38.708  -6.358  48.268 0.0000000000
75687  -38.783  -5.941  47.769 0.0000000000
74607  -38.330  -6.289  46.515 0.0000000000
74637  -37.800  -6.777  44.975 0.0000000000
72373  -36.115  -7.833  42.421 0.0000000000
72391  -36.703  -8.262  41.639 0.0000000000
132023  -37.411  -8.727  40.787 0.0000000000
131675  -19.201  -22.145  59.822 0.0000000000
57692  -18.831  -22.025  60.736 0.0000000000
57693  -19.651  -21.891  60.613 0.0000000000
139300  -20.671  -21.498  62.317 0.0000000000
140992  -23.241  -21.451  62.525 0.0000000000
58971  -24.810  -20.908  49.789 0.0000000000
57880  -25.274  -21.335  50.962 0.0000000000
57839  -24.732  -21.939  52.102 0.0000000000
57818  -24.801  -22.201  53.098 0.0000000000
57819  -25.692  -22.239  53.257 0.0000000000
56527  -26.280  -22.371  53.843 0.0000000000
59972  -29.532  -18.864  50.081 0.0000000000
57802  -30.075  -20.794  54.677 0.0000000000
58908  -29.846  -20.381  54.022 0.0000000000
56510  -29.018  -21.792  54.520 0.0000000000
55260  -28.247  -23.052  56.733 0.0000000000
55244  -28.872  -23.341  57.366 0.0000000000
139055  -29.446  -23.765  58.003 0.0000000000
154282  -11.629  -23.132  57.494 0.0000000000
55242  -11.004  -23.327  57.823 0.0000000000
147377  -9.402  -24.378  57.663 0.0000000000
55223  -9.641  -24.021  58.620 0.0000000000
54000  -9.343  -24.097  59.538 0.0000000000
53978  -9.582  -23.747  60.283 0.0000000000
55188  -9.182  -23.939  61.070 0.0000000000
57641  -13.083  -21.920  64.400 0.0000000000
150900  -40.994  -8.704  35.006 0.0000000000
72503  -41.025  -8.715  35.719 0.0000000000
72504  -41.579  -8.475  35.239 0.0000000000
72492  -42.451  -8.171  36.501 0.0000000000
72493  -43.212  -7.868  36.747 0.0000000000
141044  -46.898  -7.185  37.243 0.0000000000
73607  -46.185  -7.296  37.684 0.0000000000
73598  -46.949  -7.152  38.031 0.0000000000
74710  -47.474  -6.600  39.505 0.0000000000
74688  -47.321  -6.372  40.443 0.0000000000
74689  -48.173  -6.283  40.168 0.0000000000
75779  -49.765  -5.661  40.863 0.0000000000
143253  -51.173  -5.060  35.647 0.0000000000
75836  -50.558  -5.280  35.573 0.0000000000
74756  -52.497  -6.022  36.614 0.0000000000
132105  -52.635  -6.261  37.272 0.0000000000
82317  -52.701  0.331  26.262 0.0000000000
81197  -53.978  -0.090  26.740 0.0000000000
82318  -53.488  0.413  26.303 0.0000000000
82340  -53.744  0.927  25.886 0.0000000000
84591  -54.720  3.513  25.040 0.0000000000
84579  -55.392  3.388  25.228 0.0000000000
84568  -56.933  2.374  25.721 0.0000000000
84580  -56.331  3.278  25.331 0.0000000000
85648  -55.809  4.190  24.788 0.0000000000
134021  -56.789  4.041  24.938 0.0000000000
83516  -56.106  1.659  20.202 0.0000000000
84615  -56.359  2.650  22.133 0.0000000000
86611  -56.900  4.640  22.890 0.0000000000
151349  -57.519  4.982  22.983 0.0000000000
87437  -58.417  5.340  23.826 0.0000000000
87447  -58.718  5.321  23.142 0.0000000000
84648  -60.671  2.762  19.372 0.0000000000
85702  -60.779  4.015  20.284 0.0000000000
85703  -61.720  4.300  19.984 0.0000000000
63245  -40.209  -16.368  50.429 0.0000000000
64438  -40.719  -15.597  50.201 0.0000000000
63267  -40.261  -16.011  49.634 0.0000000000
64484  -39.833  -15.369  47.455 0.0000000000
63309  -39.377  -16.142  47.521 0.0000000000
64502  -39.259  -15.304  45.846 0.0000000000
132570  -19.570  -21.957  52.881 0.0000000000
57836  -20.974  -21.836  52.268 0.0000000000
60022  -33.843  -19.634  47.075 0.0000000000
59038  -34.233  -19.807  47.898 0.0000000000
60006  -35.643  -19.420  48.012 0.0000000000
59019  -35.187  -19.661  48.629 0.0000000000
58996  -35.907  -19.719  49.821 0.0000000000
59960  -36.717  -19.796  51.020 0.0000000000
59961  -37.364  -19.535  51.456 0.0000000000
60938  -37.958  -18.887  51.124 0.0000000000
60939  -38.381  -18.300  50.564 0.0000000000
60950  -38.203  -18.208  49.757 0.0000000000
62052  -39.363  -17.358  50.615 0.0000000000
63244  -39.687  -16.909  50.324 0.0000000000
73548  -40.335  -8.047  42.639 0.0000000000
73560  -41.871  -7.854  41.792 0.0000000000
156311  -40.975  -8.357  40.427 0.0000000000
72395  -41.458  -8.160  40.864 0.0000000000
72396  -42.397  -7.820  40.981 0.0000000000
73561  -43.225  -7.491  40.978 0.0000000000
73571  -43.584  -7.468  40.337 0.0000000000
77927  -51.666  -3.668  31.493 0.0000000000
78957  -52.496  -2.699  32.696 0.0000000000
78958  -53.228  -2.133  32.950 0.0000000000
78938  -53.238  -1.658  33.964 0.0000000000
82278  -57.293  0.566  32.036 0.0000000000
145435  -57.652  0.722  30.685 0.0000000000
82294  -57.592  0.680  29.706 0.0000000000
51795  -4.900  -27.003  58.282 0.0000000000
50807  -3.686  -27.556  59.296 0.0000000000
50799  -3.722  -27.608  60.213 0.0000000000
150232  -3.649  -27.680  61.556 0.0000000000
69117  -40.751  -11.365  47.236 0.0000000000
69118  -41.211  -11.412  47.940 0.0000000000
70102  -40.515  -10.515  47.008 0.0000000000
71136  -40.170  -9.836  46.858 0.0000000000
71135  -39.590  -9.475  46.490 0.0000000000
72308  -37.422  -7.537  46.077 0.0000000000
73507  -37.137  -7.273  45.514 0.0000000000
72328  -36.815  -7.637  44.970 0.0000000000
73530  -36.121  -7.696  43.725 0.0000000000
72358  -35.861  -8.205  43.743 0.0000000000
72357  -35.697  -7.995  43.259 0.0000000000
73529  -35.852  -7.751  43.036 0.0000000000
72412  -35.297  -8.697  41.206 0.0000000000
57714  -21.444  -21.736  59.238 0.0000000000
57715  -22.038  -21.673  59.689 0.0000000000
57696  -22.506  -21.640  60.492 0.0000000000
58989  -25.631  -20.173  49.614 0.0000000000
58973  -26.505  -20.168  50.397 0.0000000000
58954  -26.939  -20.595  51.151 0.0000000000
58956  -31.524  -19.834  52.143 0.0000000000
59959  -30.816  -19.431  52.105 0.0000000000
59945  -30.959  -19.475  52.819 0.0000000000
59914  -30.786  -19.903  54.026 0.0000000000
58910  -31.084  -20.206  54.796 0.0000000000
57765  -30.601  -21.282  55.733 0.0000000000
56467  -30.485  -22.366  56.179 0.0000000000
144472  -31.535  -22.982  57.244 0.0000000000
55248  -32.089  -23.280  57.900 0.0000000000
55288  -12.178  -23.230  54.890 0.0000000000
55258  -11.903  -23.180  56.338 0.0000000000
56455  -12.191  -22.905  57.115 0.0000000000
56367  -11.608  -22.721  61.229 0.0000000000
56368  -12.366  -22.553  61.630 0.0000000000
56357  -13.633  -22.344  62.553 0.0000000000
56346  -13.312  -22.213  63.418 0.0000000000
73651  -42.208  -7.455  33.346 0.0000000000
73636  -43.426  -7.339  34.381 0.0000000000
73637  -44.244  -7.100  34.901 0.0000000000
73628  -45.203  -7.128  36.021 0.0000000000
74764  -45.791  -6.682  35.522 0.0000000000
73629  -45.980  -7.049  36.264 0.0000000000
134147  -49.418  -6.658  37.971 0.0000000000
83497  -51.143  2.059  23.909 0.0000000000
84587  -51.886  2.348  24.055 0.0000000000
84601  -52.245  2.725  23.626 0.0000000000
83517  -56.842  1.496  20.421 0.0000000000
83511  -57.920  1.885  21.129 0.0000000000
84639  -58.649  2.301  20.997 0.0000000000
83520  -59.265  1.677  19.907 0.0000000000
84647  -60.008  2.116  19.749 0.0000000000
52827  -7.509  -25.181  61.369 0.0000000000
52826  -6.884  -25.714  61.708 0.0000000000
52812  -7.329  -25.147  62.204 0.0000000000
53906  -6.955  -25.028  63.924 0.0000000000
66759  -42.546  -13.559  52.296 0.0000000000
65554  -42.260  -14.137  51.760 0.0000000000
66770  -42.406  -13.451  51.479 0.0000000000
67968  -42.008  -12.480  49.831 0.0000000000
67973  -41.399  -12.363  48.527 0.0000000000
64452  -40.639  -15.326  49.555 0.0000000000
64453  -41.086  -14.877  49.921 0.0000000000
65585  -41.120  -13.922  48.908 0.0000000000
65594  -40.495  -14.201  47.755 0.0000000000
66805  -41.272  -13.205  48.723 0.0000000000
67980  -41.025  -12.123  47.710 0.0000000000
157569  -40.509  -11.579  46.761 0.0000000000
69130  -39.903  -11.585  45.635 0.0000000000
70123  -39.152  -11.241  44.695 0.0000000000
69136  -39.231  -11.962  44.367 0.0000000000
70129  -38.105  -11.091  43.710 0.0000000000
56384  -16.350  -22.393  60.440 0.0000000000
56404  -16.908  -22.441  59.637 0.0000000000
136226  -17.696  -22.406  59.532 0.0000000000
56440  -17.307  -22.527  57.400 0.0000000000
57710  -17.817  -22.468  58.727 0.0000000000
57711  -18.498  -22.360  59.255 0.0000000000
132750  -19.244  -22.282  58.960 0.0000000000
57712  -19.798  -22.085  59.280 0.0000000000
57713  -20.605  -21.876  59.216 0.0000000000
57776  -18.409  -22.350  55.652 0.0000000000
57760  -18.673  -22.351  56.333 0.0000000000
139297  -19.675  -22.027  55.077 0.0000000000
57761  -19.520  -22.165  56.447 0.0000000000
131367  -20.235  -22.022  57.826 0.0000000000
57730  -20.644  -21.909  58.377 0.0000000000
57731  -21.323  -21.788  58.545 0.0000000000
57732  -22.756  -21.815  58.134 0.0000000000
146734  -23.466  -21.871  58.260 0.0000000000
56441  -24.890  -22.186  57.440 0.0000000000
60019  -30.449  -19.523  47.514 0.0000000000
59988  -30.263  -19.412  49.471 0.0000000000
59974  -31.009  -19.752  50.741 0.0000000000
59036  -32.636  -20.112  47.960 0.0000000000
59016  -32.465  -20.377  48.815 0.0000000000
58991  -31.652  -20.341  50.191 0.0000000000
58974  -31.623  -20.215  51.101 0.0000000000
132598  -33.851  -20.889  53.172 0.0000000000
58929  -33.379  -20.476  53.985 0.0000000000
58881  -34.778  -20.344  56.254 0.0000000000
58882  -35.793  -20.409  56.400 0.0000000000
58883  -36.797  -20.417  56.451 0.0000000000
138552  -37.046  -20.698  55.012 0.0000000000
58899  -37.354  -20.489  55.620 0.0000000000
58884  -37.737  -20.247  56.408 0.0000000000
58885  -38.624  -19.841  56.315 0.0000000000
59898  -39.245  -19.356  56.681 0.0000000000
60884  -39.734  -19.071  56.174 0.0000000000
59948  -37.491  -19.786  52.249 0.0000000000
59933  -38.440  -19.447  53.212 0.0000000000
59934  -38.808  -19.407  53.914 0.0000000000
60918  -39.158  -18.434  52.545 0.0000000000
60908  -39.036  -18.949  53.272 0.0000000000
59919  -39.161  -19.364  54.676 0.0000000000
60898  -39.755  -18.937  54.822 0.0000000000
136901  -40.693  -18.155  55.996 0.0000000000
131079  -13.169  -22.742  53.987 0.0000000000
56502  -14.295  -22.507  54.921 0.0000000000
134334  -14.116  -22.501  55.844 0.0000000000
56402  -15.376  -22.509  59.078 0.0000000000
75675  -41.202  -4.928  49.133 0.0000000000
75708  -42.153  -6.167  46.862 0.0000000000
75692  -42.972  -5.318  47.871 0.0000000000
131436  -43.750  -5.499  47.247 0.0000000000
73520  -42.208  -7.282  44.161 0.0000000000
74642  -43.535  -6.672  44.621 0.0000000000
75721  -44.009  -6.161  45.866 0.0000000000
75722  -44.665  -6.003  45.650 0.0000000000
75731  -46.032  -5.981  43.942 0.0000000000
155921  -46.844  -4.610  32.692 0.0000000000
76900  -46.691  -4.828  33.405 0.0000000000
138001  -47.320  -4.580  33.523 0.0000000000
76901  -48.155  -4.229  33.755 0.0000000000
76894  -49.104  -3.895  34.801 0.0000000000
76902  -48.872  -4.058  33.364 0.0000000000
77885  -49.888  -3.678  35.064 0.0000000000
76882  -50.307  -4.293  35.474 0.0000000000
76883  -51.144  -3.911  35.694 0.0000000000
78936  -51.309  -2.641  34.936 0.0000000000
144675  -52.096  -2.207  35.183 0.0000000000
78927  -51.701  -2.600  35.649 0.0000000000
46560  2.335  -31.386  64.748 0.0000000000
71282  -38.388  -9.680  35.400 0.0000000000
71283  -39.103  -9.446  35.288 0.0000000000
71307  -39.341  -9.178  34.436 0.0000000000
154967  -39.868  -8.976  34.488 0.0000000000
72514  -39.802  -8.835  33.893 0.0000000000
72531  -40.509  -8.463  33.636 0.0000000000
72532  -41.147  -8.138  33.484 0.0000000000
73650  -41.461  -7.671  33.071 0.0000000000
73665  -41.031  -7.271  32.417 0.0000000000
74788  -42.674  -6.893  33.023 0.0000000000
74804  -43.239  -6.262  32.686 0.0000000000
74821  -42.156  -5.968  31.841 0.0000000000
75869  -42.965  -5.796  32.046 0.0000000000
134111  -43.823  -5.595  32.254 0.0000000000
76911  -45.159  -4.879  32.025 0.0000000000
76957  -43.566  -4.456  30.477 0.0000000000
76930  -44.826  -4.659  31.263 0.0000000000
76931  -45.674  -4.589  31.479 0.0000000000
77963  -46.211  -3.617  29.363 0.0000000000
77944  -46.824  -4.000  29.974 0.0000000000
76962  -48.148  -4.388  30.932 0.0000000000
151249  -48.496  -4.088  30.316 0.0000000000
76963  -49.127  -4.317  30.835 0.0000000000
77947  -49.925  -3.897  30.323 0.0000000000
79026  -46.454  -2.253  27.792 0.0000000000
79007  -46.908  -2.687  28.343 0.0000000000
79027  -47.334  -2.219  27.864 0.0000000000
137453  -47.743  -2.677  28.434 0.0000000000
77965  -48.878  -3.243  29.276 0.0000000000
77966  -49.690  -3.375  29.548 0.0000000000
77948  -50.937  -3.885  30.659 0.0000000000
77968  -51.407  -3.392  29.908 0.0000000000
77969  -52.189  -3.207  29.852 0.0000000000
79011  -51.591  -2.399  28.821 0.0000000000
79012  -52.340  -2.710  29.257 0.0000000000
78995  -52.943  -2.953  29.717 0.0000000000
78996  -53.707  -2.523  29.711 0.0000000000
79014  -53.955  -2.166  29.095 0.0000000000
136740  -54.516  -1.717  28.775 0.0000000000
81194  -51.463  -0.307  26.562 0.0000000000
81195  -52.306  -0.233  26.686 0.0000000000
83484  -50.724  1.460  24.432 0.0000000000
51743  -6.227  -26.191  62.044 0.0000000000
51742  -5.568  -26.593  62.364 0.0000000000
51731  -5.286  -26.424  64.047 0.0000000000
51741  -4.938  -26.948  62.709 0.0000000000
50784  -4.442  -27.248  62.308 0.0000000000
50783  -3.751  -27.580  62.350 0.0000000000
50782  -2.959  -27.872  62.734 0.0000000000
52777  -3.167  -25.087  67.931 0.0000000000
52782  -3.562  -25.499  66.809 0.0000000000
51720  -3.131  -26.126  66.271 0.0000000000
51714  -1.907  -25.891  67.643 0.0000000000
51719  -2.290  -26.289  66.645 0.0000000000
51728  -3.045  -27.082  64.918 0.0000000000
50778  -2.791  -27.775  63.601 0.0000000000
49837  -2.251  -28.186  63.095 0.0000000000
136384  -1.582  -28.539  63.467 0.0000000000
49825  -0.243  -28.316  65.496 0.0000000000
48787  -0.267  -29.266  64.182 0.0000000000
139457  1.961  -30.683  65.092 0.0000000000
140090  2.648  -30.835  65.823 0.0000000000
47703  3.039  -31.291  67.007 0.0000000000
47697  2.337  -30.581  68.196 0.0000000000
46539  2.479  -31.354  67.914 0.0000000000
75621  -41.955  -5.094  53.832 0.0000000000
75629  -41.517  -4.739  52.992 0.0000000000
67932  -42.620  -12.489  54.328 0.0000000000
136476  -42.628  -12.323  52.539 0.0000000000
70090  -41.367  -10.800  48.409 0.0000000000
140155  -41.593  -10.367  49.858 0.0000000000
71090  -41.035  -9.270  49.020 0.0000000000
150560  -41.262  -9.608  49.734 0.0000000000
71067  -41.647  -9.878  51.357 0.0000000000
71056  -41.485  -9.211  52.016 0.0000000000
72214  -41.298  -7.805  52.854 0.0000000000
142963  -40.804  -7.294  52.181 0.0000000000
73436  -40.386  -7.375  50.809 0.0000000000
73426  -40.437  -6.794  51.471 0.0000000000
74547  -40.412  -5.821  51.420 0.0000000000
152223  -40.058  -5.445  49.273 0.0000000000
75689  -40.324  -5.622  48.140 0.0000000000
75706  -40.241  -5.992  47.283 0.0000000000
75705  -39.186  -5.955  47.221 0.0000000000
74625  -40.176  -6.649  45.780 0.0000000000
74622  -37.388  -6.836  45.378 0.0000000000
152014  -38.085  -7.151  44.338 0.0000000000
73532  -37.890  -7.365  43.724 0.0000000000
73533  -38.764  -7.422  43.873 0.0000000000
147170  -39.561  -7.743  43.323 0.0000000000
72414  -38.365  -8.939  40.318 0.0000000000
71210  -38.496  -9.198  39.557 0.0000000000
72435  -39.139  -8.954  39.940 0.0000000000
71228  -38.514  -9.553  37.960 0.0000000000
71263  -37.943  -9.865  36.723 0.0000000000
69158  -35.486  -11.014  41.936 0.0000000000
71178  -34.451  -9.425  41.343 0.0000000000
71191  -34.271  -9.470  40.761 0.0000000000
71207  -35.296  -9.397  39.803 0.0000000000
71225  -35.717  -9.762  38.942 0.0000000000
70190  -36.225  -10.203  38.107 0.0000000000
151091  -35.855  -10.376  36.742 0.0000000000
70206  -36.603  -10.208  37.142 0.0000000000
148716  -37.354  -10.007  37.139 0.0000000000
71281  -37.869  -9.861  35.920 0.0000000000
56372  -16.848  -22.236  61.278 0.0000000000
57677  -17.163  -22.024  62.005 0.0000000000
130795  -18.422  -21.895  61.544 0.0000000000
132576  -21.097  -21.616  61.171 0.0000000000
131589  -21.438  -21.784  51.505 0.0000000000
57837  -21.892  -21.876  52.251 0.0000000000
147751  -22.373  -21.975  53.060 0.0000000000
56485  -23.634  -22.105  55.153 0.0000000000
56525  -24.488  -22.283  54.061 0.0000000000
56505  -24.327  -22.253  54.896 0.0000000000
56486  -24.139  -22.143  55.695 0.0000000000
56442  -25.679  -22.472  56.977 0.0000000000
59986  -27.614  -18.542  49.546 0.0000000000
60948  -28.353  -18.582  50.006 0.0000000000
153714  -27.892  -19.109  50.644 0.0000000000
58939  -27.236  -20.947  51.829 0.0000000000
59944  -30.202  -19.380  52.397 0.0000000000
59943  -29.482  -19.328  52.178 0.0000000000
58926  -29.587  -20.005  53.348 0.0000000000
58925  -29.006  -20.255  53.044 0.0000000000
58941  -28.688  -19.921  52.399 0.0000000000
58940  -28.021  -20.416  52.119 0.0000000000
56507  -26.585  -22.554  54.746 0.0000000000
56508  -27.498  -22.475  54.640 0.0000000000
133388  -27.220  -22.638  55.271 0.0000000000
56423  -26.465  -22.626  58.466 0.0000000000
136908  -27.128  -22.895  58.989 0.0000000000
55214  -27.787  -23.143  59.494 0.0000000000
55231  -30.240  -23.991  57.911 0.0000000000
54035  -30.170  -24.249  58.766 0.0000000000
51813  -5.987  -26.505  57.540 0.0000000000
148531  -7.158  -25.770  59.886 0.0000000000
155809  -10.492  -23.898  55.775 0.0000000000
52905  -7.948  -25.404  56.607 0.0000000000
52889  -8.138  -25.360  57.600 0.0000000000
54045  -8.784  -24.813  58.012 0.0000000000
146212  -7.909  -25.294  59.849 0.0000000000
52841  -7.714  -25.250  60.555 0.0000000000
53940  -7.938  -24.649  61.855 0.0000000000
72473  -40.920  -8.679  37.620 0.0000000000
72458  -42.388  -8.094  38.734 0.0000000000
73586  -43.491  -7.593  39.541 0.0000000000
73572  -44.251  -7.323  40.032 0.0000000000
73604  -43.889  -7.682  36.915 0.0000000000
73606  -45.290  -7.411  37.365 0.0000000000
73595  -44.744  -7.481  38.070 0.0000000000
132306  -44.011  -7.624  38.103 0.0000000000
150278  -44.295  -7.426  39.208 0.0000000000
146845  -45.021  -6.994  40.557 0.0000000000
74686  -45.745  -6.590  41.030 0.0000000000
74678  -46.408  -6.334  41.500 0.0000000000
74668  -47.021  -6.071  42.063 0.0000000000
75766  -47.719  -5.889  41.683 0.0000000000
75859  -46.890  -4.989  34.028 0.0000000000
74766  -48.653  -6.043  35.579 0.0000000000
74768  -50.349  -5.924  35.709 0.0000000000
74767  -49.541  -6.011  35.632 0.0000000000
74752  -49.048  -6.550  36.267 0.0000000000
74739  -49.635  -6.697  37.043 0.0000000000
134778  -50.153  -6.455  38.692 0.0000000000
153503  -50.982  -6.425  38.903 0.0000000000
74713  -50.594  -6.208  39.567 0.0000000000
74691  -50.204  -5.855  40.274 0.0000000000
80035  -55.231  -1.409  29.282 0.0000000000
81156  -55.819  -0.898  28.869 0.0000000000
81163  -55.733  -0.761  27.997 0.0000000000
81164  -56.349  -0.372  28.483 0.0000000000
82302  -57.474  0.688  28.682 0.0000000000
83468  -53.501  1.492  25.485 0.0000000000
83469  -54.226  1.488  25.730 0.0000000000
149557  -54.884  1.265  25.983 0.0000000000
82320  -56.294  0.739  26.565 0.0000000000
82309  -57.322  0.761  27.678 0.0000000000
83436  -57.994  1.320  28.317 0.0000000000
83446  -58.561  1.948  27.909 0.0000000000
84561  -59.020  2.607  27.503 0.0000000000
84562  -59.835  3.045  27.891 0.0000000000
85678  -54.208  3.457  23.411 0.0000000000
85656  -56.355  4.725  24.320 0.0000000000
86603  -56.371  4.741  23.420 0.0000000000
145982  -56.863  5.045  23.997 0.0000000000
85657  -57.418  4.671  24.558 0.0000000000
85650  -58.872  4.060  25.709 0.0000000000
85693  -59.466  4.151  21.420 0.0000000000
86626  -59.963  4.818  21.777 0.0000000000
46538  2.924  -31.606  67.303 0.0000000000
46544  3.278  -31.913  66.775 0.0000000000
46549  3.406  -32.080  66.088 0.0000000000
47695  1.374  -29.917  68.715 0.0000000000
47706  2.856  -30.711  66.809 0.0000000000
48755  1.047  -29.131  68.920 0.0000000000
48759  1.971  -29.833  68.410 0.0000000000
48763  2.493  -29.936  67.930 0.0000000000
48764  2.031  -29.276  68.077 0.0000000000
49804  1.484  -28.565  68.172 0.0000000000
49814  1.020  -28.262  66.858 0.0000000000
49824  0.561  -28.625  65.905 0.0000000000
49830  -0.619  -28.637  64.661 0.0000000000
50753  0.425  -27.718  68.550 0.0000000000
50762  0.630  -27.521  67.999 0.0000000000
50763  0.041  -27.123  67.750 0.0000000000
50776  -3.331  -27.370  64.117 0.0000000000
50780  -4.264  -27.231  63.004 0.0000000000
51717  -0.660  -26.766  67.449 0.0000000000
51718  -1.432  -26.452  67.054 0.0000000000
51724  -2.699  -26.719  65.748 0.0000000000
52776  -2.332  -25.407  68.148 0.0000000000
52783  -4.400  -25.356  66.401 0.0000000000
52793  -6.345  -25.527  64.247 0.0000000000
52800  -7.157  -25.123  63.064 0.0000000000
53960  -8.539  -24.251  61.523 0.0000000000
56382  -14.783  -22.450  60.962 0.0000000000
56403  -16.122  -22.486  59.457 0.0000000000
57745  -19.851  -22.137  57.174 0.0000000000
57777  -19.162  -22.191  55.713 0.0000000000
57879  -24.717  -21.327  50.562 0.0000000000
59910  -39.507  -19.234  55.410 0.0000000000
59916  -32.712  -20.196  55.349 0.0000000000
59957  -28.676  -19.156  51.426 0.0000000000
70074  -41.663  -11.009  49.165 0.0000000000
70117  -40.072  -11.065  45.965 0.0000000000
72416  -40.581  -8.541  39.925 0.0000000000
72505  -42.309  -8.195  35.583 0.0000000000
72515  -40.428  -8.790  34.537 0.0000000000
73479  -38.776  -7.463  48.028 0.0000000000
73570  -42.895  -7.702  40.236 0.0000000000
73619  -46.118  -7.292  36.950 0.0000000000
74753  -49.990  -6.418  36.254 0.0000000000
74755  -51.794  -5.905  36.105 0.0000000000
74765  -47.225  -6.193  35.464 0.0000000000
74790  -44.456  -6.298  33.703 0.0000000000
75858  -46.282  -5.247  33.708 0.0000000000
76893  -48.412  -4.248  34.522 0.0000000000
76915  -49.513  -4.080  32.715 0.0000000000
76916  -49.938  -4.210  31.995 0.0000000000
80064  -50.618  -1.430  27.595 0.0000000000
80066  -52.342  -1.259  27.745 0.0000000000
81173  -53.649  -0.684  27.266 0.0000000000
83519  -58.515  1.647  20.391 0.0000000000
84629  -57.281  2.469  21.731 0.0000000000
86596  -58.127  4.980  24.475 0.0000000000
86627  -61.002  4.913  21.348 0.0000000000
87429  -58.359  5.189  24.257 0.0000000000
134079  -41.600  -15.888  53.090 0.0000000000
134853  -52.081  -6.301  36.813 0.0000000000
135896  -40.012  -7.091  50.039 0.0000000000
138233  -41.502  -8.478  37.978 0.0000000000
139028  2.088  -30.245  65.675 0.0000000000
139894  -5.205  -26.864  61.048 0.0000000000
140025  -46.753  -7.042  36.533 0.0000000000
140303  -39.096  -9.410  37.578 0.0000000000
140487  -33.524  -20.281  56.664 0.0000000000
142197  -50.004  -2.466  28.572 0.0000000000
143865  -49.858  -5.154  35.456 0.0000000000
144138  -49.334  -5.556  41.457 0.0000000000
145178  1.522  -29.137  68.509 0.0000000000
148229  -40.991  -12.950  47.970 0.0000000000
148700  -41.924  -15.609  53.659 0.0000000000
148732  -44.346  -7.496  38.575 0.0000000000
150053  -25.804  -22.481  54.492 0.0000000000
151234  -39.997  -13.732  46.210 0.0000000000
151388  -44.880  -2.474  27.750 0.0000000000
154060  -15.867  -22.514  57.318 0.0000000000
154263  -48.226  -4.422  32.352 0.0000000000
154267  -52.403  -3.496  31.057 0.0000000000
155012  -4.104  -27.414  59.813 0.0000000000
156013  -39.823  -10.630  45.851 0.0000000000
156758  -38.914  -8.563  41.191 0.0000000000
157065  -48.475  -6.480  35.985 0.0000000000
157202  -41.317  -11.883  48.174 0.0000000000
157613  -13.207  -22.512  59.995 0.0000000000
