#!ascii label  , from subject sub-v2s15x29757_ses-1 vox2ras=TkReg
904
56369  35.983  -17.461  59.036 0.0000000000
76520  49.559  0.541  35.596 0.0000000000
78765  58.945  2.501  34.488 0.0000000000
66499  54.779  -8.326  46.051 0.0000000000
59620  41.414  -14.522  51.735 0.0000000000
59537  39.924  -14.340  58.415 0.0000000000
78769  54.118  2.081  34.964 0.0000000000
78673  52.981  3.227  40.999 0.0000000000
65349  51.378  -9.362  50.277 0.0000000000
59599  46.424  -14.977  52.408 0.0000000000
81029  62.195  4.714  23.127 0.0000000000
129861  59.923  3.559  28.522 0.0000000000
71122  48.771  -4.465  43.242 0.0000000000
76412  49.516  0.836  44.138 0.0000000000
60682  38.149  -13.592  55.412 0.0000000000
143585  37.228  -15.907  59.109 0.0000000000
77627  51.153  1.001  34.989 0.0000000000
142963  53.792  3.334  38.195 0.0000000000
78707  51.377  2.613  38.218 0.0000000000
54332  52.255  -18.982  49.151 0.0000000000
59556  43.684  -15.009  56.079 0.0000000000
60706  44.431  -14.549  53.125 0.0000000000
56427  45.360  -17.361  55.004 0.0000000000
82053  60.634  4.879  24.172 0.0000000000
78903  61.463  2.753  24.068 0.0000000000
135551  61.675  3.502  25.503 0.0000000000
78795  56.456  2.655  32.145 0.0000000000
78845  56.400  2.355  28.732 0.0000000000
79899  60.113  3.581  31.545 0.0000000000
77686  60.372  1.567  29.630 0.0000000000
76578  58.198  0.330  32.034 0.0000000000
66473  53.281  -8.079  48.960 0.0000000000
68833  51.080  -6.516  46.132 0.0000000000
71091  51.597  -3.948  47.131 0.0000000000
73309  48.501  -1.932  43.430 0.0000000000
73260  52.515  -2.337  46.347 0.0000000000
74336  52.731  -1.076  44.599 0.0000000000
67715  54.560  -7.368  44.553 0.0000000000
138098  41.020  -13.344  55.426 0.0000000000
77669  53.642  1.537  31.830 0.0000000000
130840  56.318  2.660  35.073 0.0000000000
154151  55.963  2.536  37.885 0.0000000000
77560  53.889  1.579  39.832 0.0000000000
59614  48.887  -13.629  51.206 0.0000000000
60770  50.781  -13.456  50.005 0.0000000000
144743  53.327  -14.212  48.116 0.0000000000
142710  53.670  -13.556  46.701 0.0000000000
61919  52.869  -12.431  44.880 0.0000000000
61863  47.335  -13.217  51.550 0.0000000000
57495  47.413  -16.458  50.702 0.0000000000
80021  61.605  3.802  21.232 0.0000000000
149341  59.364  3.472  25.759 0.0000000000
141192  61.805  2.841  27.900 0.0000000000
76630  58.191  0.411  27.235 0.0000000000
77570  48.722  1.054  38.901 0.0000000000
78659  50.716  3.147  42.847 0.0000000000
75362  52.046  -0.114  42.621 0.0000000000
56360  37.056  -17.950  59.518 0.0000000000
57429  36.797  -16.452  59.144 0.0000000000
136726  37.327  -17.460  59.278 0.0000000000
76519  50.235  0.793  35.286 0.0000000000
77601  51.388  1.758  36.415 0.0000000000
77602  50.638  1.553  36.737 0.0000000000
58483  44.721  -16.027  55.113 0.0000000000
82054  59.702  5.178  24.156 0.0000000000
81005  61.380  3.971  24.765 0.0000000000
138937  60.043  4.410  24.709 0.0000000000
79875  57.896  3.163  33.691 0.0000000000
136627  57.987  3.342  32.332 0.0000000000
79873  59.742  2.999  33.410 0.0000000000
77652  60.236  2.083  32.430 0.0000000000
66489  54.075  -8.813  47.507 0.0000000000
68808  53.154  -6.451  48.697 0.0000000000
69959  53.342  -4.988  47.629 0.0000000000
72190  51.867  -3.317  46.925 0.0000000000
69974  54.545  -5.463  46.214 0.0000000000
71101  54.491  -4.475  45.448 0.0000000000
67701  54.765  -7.410  45.303 0.0000000000
140842  39.629  -13.335  55.510 0.0000000000
60665  40.506  -13.475  57.381 0.0000000000
60650  41.917  -14.026  57.638 0.0000000000
77639  52.546  1.216  33.601 0.0000000000
77656  52.991  1.285  32.315 0.0000000000
77638  53.904  1.757  33.565 0.0000000000
132145  54.999  2.259  33.728 0.0000000000
78768  54.909  2.372  34.780 0.0000000000
149709  56.072  2.615  36.364 0.0000000000
78740  55.289  2.628  36.456 0.0000000000
79802  53.059  3.704  39.915 0.0000000000
79800  54.750  3.118  39.241 0.0000000000
77547  53.472  2.292  40.458 0.0000000000
76449  52.924  1.207  40.253 0.0000000000
76450  52.299  1.156  40.895 0.0000000000
58517  49.179  -14.732  50.283 0.0000000000
59628  50.091  -13.693  50.395 0.0000000000
57509  50.822  -16.118  49.091 0.0000000000
57519  52.803  -16.811  48.324 0.0000000000
59679  53.460  -14.782  47.459 0.0000000000
59600  45.891  -14.842  52.640 0.0000000000
60745  45.769  -13.909  51.556 0.0000000000
59598  46.965  -14.345  52.016 0.0000000000
59616  47.388  -14.321  51.768 0.0000000000
57496  46.619  -16.086  52.034 0.0000000000
83153  61.599  6.641  22.840 0.0000000000
81037  62.456  4.441  21.958 0.0000000000
77735  60.596  2.175  25.057 0.0000000000
79930  58.216  3.225  29.417 0.0000000000
78857  56.296  2.088  27.719 0.0000000000
78856  57.821  2.633  27.406 0.0000000000
78865  57.831  2.620  26.469 0.0000000000
79947  60.188  3.504  27.442 0.0000000000
132345  61.461  3.408  27.450 0.0000000000
79946  60.969  3.548  28.272 0.0000000000
76599  58.662  0.382  29.626 0.0000000000
76615  59.289  0.836  28.284 0.0000000000
65361  50.484  -9.328  50.038 0.0000000000
132745  50.714  -8.422  48.360 0.0000000000
153445  50.268  -5.492  45.141 0.0000000000
68840  50.296  -6.938  44.608 0.0000000000
75350  48.752  -0.454  43.667 0.0000000000
152781  47.519  -0.462  41.677 0.0000000000
76429  47.975  0.225  41.961 0.0000000000
76461  48.040  0.699  39.350 0.0000000000
77540  48.682  1.578  41.907 0.0000000000
78687  49.754  2.626  40.919 0.0000000000
147899  49.634  2.426  43.125 0.0000000000
72238  53.501  -3.910  43.657 0.0000000000
135484  52.661  -0.751  43.965 0.0000000000
72239  52.855  -3.703  43.055 0.0000000000
73320  51.719  -2.406  42.227 0.0000000000
59559  37.690  -14.177  57.063 0.0000000000
59539  38.267  -14.795  58.738 0.0000000000
57446  38.629  -16.045  58.005 0.0000000000
57427  38.135  -16.009  58.881 0.0000000000
130343  52.134  1.435  35.181 0.0000000000
78741  53.518  2.507  36.622 0.0000000000
78742  52.647  2.345  36.708 0.0000000000
79826  52.101  2.914  38.083 0.0000000000
79803  52.335  3.715  40.188 0.0000000000
60708  42.479  -13.846  53.650 0.0000000000
59602  43.085  -14.316  52.283 0.0000000000
59589  44.058  -14.660  54.485 0.0000000000
59577  45.004  -15.211  53.890 0.0000000000
57484  45.768  -16.435  53.260 0.0000000000
56461  46.048  -17.148  53.033 0.0000000000
55381  46.052  -18.302  53.642 0.0000000000
151842  61.726  4.816  23.549 0.0000000000
149078  62.126  3.635  23.393 0.0000000000
81004  61.940  3.713  24.492 0.0000000000
78884  62.182  3.042  25.381 0.0000000000
78873  61.788  2.708  25.676 0.0000000000
77676  55.086  2.077  30.956 0.0000000000
78826  56.524  2.619  30.359 0.0000000000
79918  58.075  3.288  30.550 0.0000000000
130882  59.806  3.680  30.491 0.0000000000
79928  60.982  3.471  29.616 0.0000000000
78810  60.932  2.997  31.279 0.0000000000
76576  59.602  1.160  31.082 0.0000000000
65358  52.671  -9.193  49.528 0.0000000000
67655  51.395  -7.329  49.011 0.0000000000
68810  52.119  -6.458  48.990 0.0000000000
69962  51.480  -5.268  47.514 0.0000000000
71103  49.984  -4.257  45.260 0.0000000000
136614  48.760  -2.793  43.646 0.0000000000
139207  49.772  -2.785  45.212 0.0000000000
74324  49.954  -1.327  45.207 0.0000000000
75320  50.943  -0.490  45.543 0.0000000000
76397  50.765  0.825  44.957 0.0000000000
73276  53.431  -2.399  45.352 0.0000000000
72227  54.142  -3.997  44.610 0.0000000000
144578  53.792  -6.948  43.493 0.0000000000
149391  38.338  -13.692  53.159 0.0000000000
60730  39.463  -13.746  52.936 0.0000000000
145507  41.156  -13.772  53.287 0.0000000000
60677  42.505  -13.726  56.173 0.0000000000
59545  42.841  -15.113  57.409 0.0000000000
78814  55.013  2.062  31.812 0.0000000000
78781  56.343  2.672  33.023 0.0000000000
79851  57.815  2.593  35.065 0.0000000000
78737  57.587  2.077  36.350 0.0000000000
156957  56.898  1.748  37.501 0.0000000000
76487  56.236  1.169  38.307 0.0000000000
79824  54.658  3.194  38.201 0.0000000000
77558  55.315  2.064  39.187 0.0000000000
63023  48.226  -12.011  51.033 0.0000000000
63032  49.183  -11.177  50.859 0.0000000000
63031  50.387  -11.509  50.800 0.0000000000
63041  51.556  -11.642  49.945 0.0000000000
58529  51.704  -15.786  48.921 0.0000000000
59645  52.230  -14.135  48.891 0.0000000000
63040  52.115  -11.398  49.486 0.0000000000
63047  53.281  -11.688  48.188 0.0000000000
63046  53.827  -11.226  47.585 0.0000000000
64256  54.517  -10.841  46.383 0.0000000000
63074  54.366  -10.692  45.438 0.0000000000
60800  53.581  -13.091  46.125 0.0000000000
60743  47.994  -13.121  51.581 0.0000000000
58518  48.401  -15.059  50.654 0.0000000000
56483  47.999  -17.334  49.842 0.0000000000
55420  46.717  -17.912  51.599 0.0000000000
54324  48.461  -19.416  50.856 0.0000000000
81060  61.952  4.885  20.415 0.0000000000
143726  58.754  3.989  24.685 0.0000000000
143251  60.489  3.626  25.881 0.0000000000
78863  62.113  3.036  26.692 0.0000000000
77716  61.623  2.551  26.607 0.0000000000
77696  61.133  2.309  29.152 0.0000000000
76628  59.912  1.298  27.685 0.0000000000
76639  58.777  0.766  26.707 0.0000000000
67702  51.057  -7.398  45.763 0.0000000000
76506  48.078  -0.095  36.820 0.0000000000
77603  49.266  0.929  37.130 0.0000000000
78709  50.057  1.915  39.003 0.0000000000
78686  50.599  3.101  40.393 0.0000000000
79761  51.842  3.338  41.931 0.0000000000
77493  51.852  1.274  44.343 0.0000000000
77508  51.987  1.682  43.554 0.0000000000
76436  52.189  1.458  41.770 0.0000000000
75371  51.465  -0.268  41.612 0.0000000000
64279  54.198  -10.178  44.857 0.0000000000
65432  53.374  -9.712  43.631 0.0000000000
56361  36.489  -17.775  59.580 0.0000000000
55320  36.699  -18.432  59.758 0.0000000000
56368  36.684  -16.980  59.365 0.0000000000
77615  50.091  1.001  36.060 0.0000000000
81006  58.920  4.853  24.278 0.0000000000
130556  58.436  2.858  34.369 0.0000000000
79874  58.806  3.245  33.636 0.0000000000
79863  59.211  2.966  33.954 0.0000000000
78780  59.906  2.577  33.244 0.0000000000
77637  59.538  2.052  33.741 0.0000000000
131215  54.425  -8.199  46.967 0.0000000000
153436  54.270  -7.494  47.308 0.0000000000
68819  54.326  -6.784  47.098 0.0000000000
69958  54.106  -5.403  47.101 0.0000000000
68830  54.696  -6.684  46.109 0.0000000000
69973  54.713  -6.073  45.627 0.0000000000
67687  54.780  -7.457  45.730 0.0000000000
60654  39.207  -13.769  58.042 0.0000000000
60666  39.812  -13.407  57.242 0.0000000000
60653  40.077  -13.692  58.041 0.0000000000
58444  40.291  -14.611  58.268 0.0000000000
131070  53.133  1.486  33.968 0.0000000000
132402  53.068  1.398  33.149 0.0000000000
142588  53.751  1.797  34.345 0.0000000000
78783  54.351  2.054  34.280 0.0000000000
78755  54.673  2.436  35.658 0.0000000000
79774  52.884  3.472  40.831 0.0000000000
79787  53.312  3.514  40.216 0.0000000000
78685  53.427  3.165  40.513 0.0000000000
77548  52.685  1.977  41.043 0.0000000000
77538  52.982  2.836  41.107 0.0000000000
57510  49.891  -16.503  49.218 0.0000000000
58531  49.871  -15.396  49.492 0.0000000000
60724  45.635  -14.350  52.187 0.0000000000
60723  46.408  -14.392  52.156 0.0000000000
153342  46.297  -13.910  51.884 0.0000000000
58505  46.930  -14.834  52.110 0.0000000000
58506  46.475  -15.304  52.366 0.0000000000
82077  62.356  5.375  22.668 0.0000000000
138897  62.291  6.205  22.540 0.0000000000
81028  62.446  4.731  22.418 0.0000000000
79938  58.917  3.375  28.771 0.0000000000
78844  57.992  2.917  28.456 0.0000000000
78843  58.923  3.212  27.900 0.0000000000
148721  57.936  -0.128  29.573 0.0000000000
75523  58.104  0.049  28.928 0.0000000000
66441  51.144  -8.919  50.250 0.0000000000
65371  50.413  -8.895  49.090 0.0000000000
66456  51.000  -8.507  49.869 0.0000000000
71121  49.212  -4.689  43.824 0.0000000000
70016  48.513  -5.114  42.762 0.0000000000
76413  48.827  0.327  43.500 0.0000000000
75363  48.417  -0.170  43.084 0.0000000000
76428  48.405  0.560  42.661 0.0000000000
76438  48.220  0.930  41.812 0.0000000000
77528  48.766  1.416  42.500 0.0000000000
77527  49.242  2.216  42.399 0.0000000000
142083  49.717  1.933  43.774 0.0000000000
70015  53.488  -5.364  43.287 0.0000000000
72229  53.205  -3.052  43.582 0.0000000000
71130  53.182  -4.557  43.140 0.0000000000
71131  52.492  -4.379  42.487 0.0000000000
58461  36.906  -15.450  58.110 0.0000000000
139767  36.800  -15.250  57.081 0.0000000000
58460  37.560  -15.089  58.648 0.0000000000
59548  37.911  -14.400  58.147 0.0000000000
58446  37.783  -15.410  58.966 0.0000000000
58445  38.311  -15.322  58.798 0.0000000000
57428  37.694  -15.980  59.060 0.0000000000
76535  51.214  0.744  34.036 0.0000000000
77626  51.769  1.062  34.443 0.0000000000
78757  52.894  1.970  35.894 0.0000000000
78758  52.065  1.840  36.117 0.0000000000
78724  51.497  2.248  37.304 0.0000000000
79815  51.929  3.222  38.801 0.0000000000
151963  51.782  3.469  39.578 0.0000000000
60690  42.936  -13.898  55.193 0.0000000000
154954  43.515  -14.277  54.593 0.0000000000
59579  43.605  -14.502  55.287 0.0000000000
57468  44.921  -16.842  55.525 0.0000000000
58493  44.615  -15.438  54.712 0.0000000000
57479  45.156  -16.424  54.580 0.0000000000
57485  45.456  -15.962  53.571 0.0000000000
56445  45.513  -16.857  54.097 0.0000000000
56444  45.771  -17.296  53.714 0.0000000000
82064  60.058  5.852  23.755 0.0000000000
83139  60.856  6.288  23.340 0.0000000000
82063  61.058  5.357  23.692 0.0000000000
81017  62.096  4.123  23.800 0.0000000000
81018  61.533  4.474  24.094 0.0000000000
79973  62.004  3.338  25.241 0.0000000000
79963  62.101  3.137  25.992 0.0000000000
78813  55.722  2.338  31.502 0.0000000000
78827  55.811  2.324  30.665 0.0000000000
78812  56.476  2.618  31.204 0.0000000000
79900  59.374  3.632  31.651 0.0000000000
79901  58.246  3.401  31.510 0.0000000000
79917  59.048  3.620  30.925 0.0000000000
137408  58.799  3.511  30.153 0.0000000000
151644  59.893  3.679  31.124 0.0000000000
79916  60.339  3.589  30.845 0.0000000000
79898  60.590  3.350  31.271 0.0000000000
76565  59.643  1.366  32.040 0.0000000000
76577  58.804  0.637  31.540 0.0000000000
75503  58.198  0.161  31.012 0.0000000000
75504  57.764  -0.057  31.482 0.0000000000
66453  52.857  -8.376  49.524 0.0000000000
67631  52.620  -7.574  49.533 0.0000000000
69960  52.458  -5.070  48.031 0.0000000000
69961  51.937  -5.183  48.001 0.0000000000
71092  51.104  -4.528  46.813 0.0000000000
130558  50.507  -4.960  45.717 0.0000000000
71102  50.527  -4.000  46.104 0.0000000000
72219  49.589  -3.603  44.807 0.0000000000
72204  50.718  -3.230  46.324 0.0000000000
72189  52.618  -3.056  46.744 0.0000000000
73262  50.988  -2.525  46.445 0.0000000000
74310  51.246  -1.840  46.229 0.0000000000
74323  50.656  -1.328  45.751 0.0000000000
74309  52.009  -1.742  46.188 0.0000000000
74322  51.432  -1.112  45.854 0.0000000000
73277  52.782  -1.901  45.862 0.0000000000
69993  54.658  -5.500  44.990 0.0000000000
71109  54.430  -4.417  44.891 0.0000000000
70004  54.481  -5.491  44.621 0.0000000000
154076  54.347  -6.019  44.242 0.0000000000
68846  54.293  -6.717  44.094 0.0000000000
59580  37.461  -13.940  54.171 0.0000000000
60731  37.811  -13.914  52.621 0.0000000000
60696  38.027  -13.586  54.448 0.0000000000
138097  40.269  -13.312  55.405 0.0000000000
60694  39.600  -13.391  54.577 0.0000000000
60693  40.485  -13.390  54.609 0.0000000000
60729  40.376  -13.743  53.135 0.0000000000
60692  41.369  -13.462  54.577 0.0000000000
137255  53.570  1.477  31.129 0.0000000000
77668  54.340  1.806  32.188 0.0000000000
78767  55.755  2.577  34.564 0.0000000000
78782  55.610  2.420  33.135 0.0000000000
78766  56.611  2.705  34.428 0.0000000000
79864  57.480  2.827  34.383 0.0000000000
78754  57.028  2.665  35.076 0.0000000000
147465  57.918  2.239  35.637 0.0000000000
135847  57.339  2.444  35.801 0.0000000000
78739  55.916  2.584  37.281 0.0000000000
78719  56.477  2.270  37.608 0.0000000000
153924  56.429  1.563  38.114 0.0000000000
77568  56.174  1.794  38.417 0.0000000000
78722  53.214  2.867  37.427 0.0000000000
79838  54.127  2.926  37.439 0.0000000000
78696  54.725  2.619  39.445 0.0000000000
78695  55.234  2.584  39.097 0.0000000000
77559  54.608  1.921  39.549 0.0000000000
76458  55.218  1.338  39.131 0.0000000000
76459  54.510  1.090  39.368 0.0000000000
61861  48.496  -12.438  51.358 0.0000000000
63022  48.868  -11.698  51.182 0.0000000000
61860  49.241  -12.170  51.328 0.0000000000
61872  50.362  -12.297  50.793 0.0000000000
60756  50.893  -12.722  50.241 0.0000000000
61871  50.977  -11.943  50.377 0.0000000000
61881  51.516  -12.469  49.795 0.0000000000
149787  51.706  -16.800  48.961 0.0000000000
55458  52.428  -18.257  48.947 0.0000000000
58542  53.095  -15.434  48.213 0.0000000000
137896  52.652  -15.040  48.566 0.0000000000
60780  52.822  -13.770  48.547 0.0000000000
61880  52.119  -12.261  49.341 0.0000000000
60767  52.744  -12.902  48.677 0.0000000000
63039  52.657  -11.107  48.935 0.0000000000
61889  53.337  -12.619  48.121 0.0000000000
59678  53.662  -13.916  47.119 0.0000000000
61888  53.896  -12.214  47.395 0.0000000000
61896  54.203  -12.119  46.780 0.0000000000
63052  54.298  -11.500  46.877 0.0000000000
61903  54.090  -12.342  46.506 0.0000000000
61910  54.313  -11.777  46.068 0.0000000000
59705  53.292  -13.927  46.332 0.0000000000
60726  43.729  -14.322  52.858 0.0000000000
59618  43.338  -14.506  51.461 0.0000000000
60747  44.019  -14.367  52.028 0.0000000000
60759  46.521  -13.224  50.618 0.0000000000
61884  47.066  -12.791  50.275 0.0000000000
61874  47.142  -12.846  51.091 0.0000000000
61862  47.786  -12.613  51.297 0.0000000000
58519  47.691  -15.397  51.095 0.0000000000
58510  47.894  -14.543  51.400 0.0000000000
57502  48.147  -16.108  50.100 0.0000000000
56472  46.392  -16.989  52.226 0.0000000000
54323  49.547  -19.751  50.837 0.0000000000
141157  62.299  4.480  21.245 0.0000000000
81049  61.342  4.156  20.624 0.0000000000
78913  61.889  3.260  23.756 0.0000000000
78835  55.791  2.211  29.344 0.0000000000
78846  55.656  2.032  28.494 0.0000000000
78874  58.590  3.005  26.047 0.0000000000
78875  57.652  2.726  25.714 0.0000000000
79966  58.386  3.339  25.279 0.0000000000
79974  59.668  3.776  25.244 0.0000000000
143552  61.965  3.060  27.360 0.0000000000
79955  61.887  3.242  26.727 0.0000000000
78855  62.010  2.944  27.341 0.0000000000
77707  61.466  2.384  27.509 0.0000000000
77685  60.988  2.368  30.116 0.0000000000
78832  61.376  2.856  29.601 0.0000000000
75538  58.337  0.318  28.097 0.0000000000
76629  59.015  0.750  27.470 0.0000000000
76638  59.621  1.233  26.934 0.0000000000
67673  51.334  -6.935  47.993 0.0000000000
133494  51.059  -7.799  47.222 0.0000000000
67689  51.198  -7.170  46.719 0.0000000000
75382  47.135  -0.313  40.951 0.0000000000
77562  48.558  1.222  39.850 0.0000000000
76471  48.123  0.490  38.363 0.0000000000
76488  48.481  0.448  37.401 0.0000000000
77584  48.918  0.932  37.996 0.0000000000
146559  49.530  1.279  37.794 0.0000000000
133365  49.407  1.423  38.508 0.0000000000
78676  49.753  2.838  41.874 0.0000000000
79778  50.410  3.256  41.406 0.0000000000
79790  51.161  3.582  41.073 0.0000000000
79762  51.174  3.405  42.199 0.0000000000
75332  52.304  -0.351  45.081 0.0000000000
76396  51.505  0.790  44.900 0.0000000000
76395  52.113  0.498  44.699 0.0000000000
74359  52.488  -1.068  43.293 0.0000000000
75361  52.391  0.034  43.552 0.0000000000
76426  52.211  1.029  42.902 0.0000000000
77526  52.084  2.159  42.633 0.0000000000
76427  51.886  0.562  41.976 0.0000000000
74360  51.818  -1.216  42.372 0.0000000000
72251  51.474  -3.324  41.824 0.0000000000
61918  53.563  -11.918  45.249 0.0000000000
129755  54.555  -9.868  45.301 0.0000000000
63075  53.767  -11.043  44.861 0.0000000000
57447  36.555  -16.175  58.343 0.0000000000
57413  37.217  -16.438  59.264 0.0000000000
138906  37.090  -17.072  59.455 0.0000000000
76536  50.428  0.494  34.424 0.0000000000
77613  51.488  1.455  35.693 0.0000000000
77614  50.806  1.273  35.858 0.0000000000
77582  50.741  1.959  37.688 0.0000000000
58471  44.020  -15.750  56.464 0.0000000000
58484  44.292  -15.564  55.615 0.0000000000
57469  44.454  -16.310  56.079 0.0000000000
79965  60.958  3.812  25.326 0.0000000000
79888  57.324  3.044  32.850 0.0000000000
79902  57.277  2.988  31.829 0.0000000000
131397  58.853  3.559  32.344 0.0000000000
130352  59.720  3.536  32.290 0.0000000000
78794  60.632  3.067  32.058 0.0000000000
78779  60.205  3.049  32.768 0.0000000000
77653  59.663  1.675  32.954 0.0000000000
151393  53.621  -8.608  48.295 0.0000000000
67652  53.276  -7.257  48.874 0.0000000000
67672  53.806  -6.971  48.020 0.0000000000
69945  52.855  -5.690  48.439 0.0000000000
71076  52.078  -4.501  47.636 0.0000000000
71075  52.721  -4.327  47.521 0.0000000000
72176  52.958  -3.713  47.039 0.0000000000
72188  53.582  -3.422  46.386 0.0000000000
73259  53.208  -2.625  46.116 0.0000000000
142709  54.504  -4.778  45.959 0.0000000000
69983  54.730  -6.124  45.171 0.0000000000
67714  54.783  -7.344  45.037 0.0000000000
60695  38.850  -13.432  54.934 0.0000000000
60681  38.937  -13.416  55.895 0.0000000000
135794  39.689  -13.328  56.328 0.0000000000
60679  40.678  -13.327  56.104 0.0000000000
60678  41.551  -13.443  56.338 0.0000000000
132784  41.032  -13.578  57.483 0.0000000000
76552  52.243  1.024  32.888 0.0000000000
77655  53.705  1.605  32.650 0.0000000000
77654  54.386  1.874  32.954 0.0000000000
134267  56.541  2.610  35.772 0.0000000000
133088  55.611  2.591  35.501 0.0000000000
79814  53.320  3.556  38.988 0.0000000000
79813  54.303  3.400  38.861 0.0000000000
79801  53.828  3.452  39.561 0.0000000000
78684  54.059  3.161  39.842 0.0000000000
156686  54.012  2.132  39.901 0.0000000000
75381  51.477  0.098  40.715 0.0000000000
59629  49.368  -13.958  50.701 0.0000000000
60758  49.528  -13.317  51.000 0.0000000000
59648  49.951  -14.419  49.954 0.0000000000
59647  50.699  -14.197  49.689 0.0000000000
56493  52.502  -17.528  48.612 0.0000000000
58556  53.269  -15.688  47.826 0.0000000000
60789  53.556  -14.022  47.610 0.0000000000
57535  53.112  -16.167  47.715 0.0000000000
58573  53.265  -15.433  47.275 0.0000000000
59601  45.165  -14.778  52.935 0.0000000000
60725  44.669  -14.468  52.444 0.0000000000
60746  44.912  -14.258  51.747 0.0000000000
60760  45.876  -13.652  50.873 0.0000000000
155663  46.577  -13.418  51.422 0.0000000000
60722  46.885  -13.766  51.871 0.0000000000
60744  47.418  -13.739  51.700 0.0000000000
58511  47.290  -14.942  51.790 0.0000000000
143764  47.102  -15.732  51.614 0.0000000000
82076  62.709  5.666  22.068 0.0000000000
80009  62.068  3.868  21.820 0.0000000000
78886  60.804  2.422  24.387 0.0000000000
78833  57.219  2.735  29.057 0.0000000000
139829  57.096  2.476  28.134 0.0000000000
148261  56.995  2.299  27.371 0.0000000000
154033  57.241  2.368  26.829 0.0000000000
78864  58.831  3.000  26.892 0.0000000000
79957  59.760  3.454  26.437 0.0000000000
79945  61.628  3.236  28.046 0.0000000000
76588  59.554  0.999  30.114 0.0000000000
76598  59.477  0.929  29.164 0.0000000000
143968  58.749  0.486  28.812 0.0000000000
65362  49.995  -9.934  50.085 0.0000000000
144754  50.642  -5.878  45.520 0.0000000000
68839  50.727  -6.731  45.245 0.0000000000
69994  50.077  -6.028  44.645 0.0000000000
145178  49.519  -5.977  43.921 0.0000000000
74338  48.835  -1.221  43.861 0.0000000000
74361  47.780  -1.163  42.299 0.0000000000
75364  48.062  -0.319  42.458 0.0000000000
76452  47.368  0.210  40.498 0.0000000000
76462  47.472  0.270  39.692 0.0000000000
132874  47.956  0.843  40.999 0.0000000000
77550  48.441  1.337  40.730 0.0000000000
77549  49.152  1.822  40.381 0.0000000000
78677  49.035  1.956  41.398 0.0000000000
78644  50.269  2.699  43.410 0.0000000000
73307  53.332  -2.495  44.103 0.0000000000
74347  52.915  -1.602  44.026 0.0000000000
73308  52.814  -2.145  43.529 0.0000000000
149786  52.285  -1.920  42.872 0.0000000000
72240  52.139  -3.466  42.417 0.0000000000
59569  37.482  -13.999  54.956 0.0000000000
59560  37.097  -14.722  56.522 0.0000000000
141182  37.565  -14.092  55.946 0.0000000000
59547  38.549  -14.200  58.342 0.0000000000
59538  39.089  -14.434  58.502 0.0000000000
146114  39.198  -14.872  58.579 0.0000000000
57426  38.610  -15.425  58.608 0.0000000000
56367  37.574  -16.714  59.119 0.0000000000
77640  51.931  0.970  33.741 0.0000000000
77625  52.431  1.290  34.299 0.0000000000
77612  53.168  1.714  34.909 0.0000000000
78756  53.798  2.233  35.757 0.0000000000
148769  51.960  2.174  36.782 0.0000000000
78723  52.366  2.648  37.400 0.0000000000
79825  52.890  3.263  38.105 0.0000000000
146363  52.548  3.372  38.655 0.0000000000
141367  52.511  3.576  39.377 0.0000000000
79788  52.666  3.653  40.543 0.0000000000
55459  51.394  -18.491  49.615 0.0000000000
60728  41.878  -13.931  53.137 0.0000000000
59603  42.112  -14.275  52.461 0.0000000000
60727  42.770  -14.106  53.004 0.0000000000
60707  43.826  -14.368  53.769 0.0000000000
59578  44.140  -15.034  55.113 0.0000000000
155854  44.519  -15.029  54.388 0.0000000000
154162  45.128  -14.972  53.447 0.0000000000
58500  45.425  -15.128  53.205 0.0000000000
153365  45.772  -15.337  52.960 0.0000000000
58499  45.978  -15.629  52.776 0.0000000000
57490  46.213  -16.064  52.538 0.0000000000
54299  46.584  -19.108  53.083 0.0000000000
82062  61.750  5.674  23.169 0.0000000000
79987  62.235  4.034  23.298 0.0000000000
79988  62.054  3.535  24.075 0.0000000000
78902  62.065  3.139  24.576 0.0000000000
79972  62.069  3.249  24.807 0.0000000000
78885  61.714  2.742  24.886 0.0000000000
77725  60.860  2.112  25.868 0.0000000000
77687  55.228  2.057  30.058 0.0000000000
156493  55.961  2.335  30.000 0.0000000000
78834  56.509  2.539  29.576 0.0000000000
78811  57.275  2.963  30.877 0.0000000000
78825  57.343  2.969  29.958 0.0000000000
156094  58.047  3.253  30.000 0.0000000000
131391  59.593  3.605  29.532 0.0000000000
79937  60.655  3.567  29.191 0.0000000000
79929  60.477  3.601  30.085 0.0000000000
78824  61.166  2.910  30.479 0.0000000000
77674  60.799  2.484  31.028 0.0000000000
77666  60.632  2.594  31.887 0.0000000000
77667  60.345  1.896  31.581 0.0000000000
77675  60.368  1.689  30.614 0.0000000000
76589  58.811  0.526  30.594 0.0000000000
75513  58.095  -0.013  30.245 0.0000000000
65359  51.973  -9.187  50.077 0.0000000000
66455  51.551  -8.313  49.992 0.0000000000
67632  52.004  -7.615  49.794 0.0000000000
67654  51.884  -7.127  49.387 0.0000000000
68831  51.306  -6.208  47.238 0.0000000000
68809  52.484  -6.319  48.964 0.0000000000
68821  51.781  -6.007  48.271 0.0000000000
69975  51.042  -5.528  46.513 0.0000000000
69995  49.941  -5.092  44.882 0.0000000000
71110  49.543  -4.459  44.457 0.0000000000
72241  48.452  -3.486  43.021 0.0000000000
72230  49.069  -3.776  43.910 0.0000000000
72220  49.266  -2.863  44.420 0.0000000000
73296  49.041  -2.038  44.109 0.0000000000
145397  50.337  -2.658  45.919 0.0000000000
73295  49.553  -2.068  44.854 0.0000000000
74337  49.376  -1.302  44.557 0.0000000000
75335  49.786  -0.602  44.953 0.0000000000
76399  49.674  0.097  44.646 0.0000000000
76398  50.125  0.696  44.788 0.0000000000
75334  50.386  0.066  45.198 0.0000000000
75319  51.632  -0.395  45.450 0.0000000000
74320  52.924  -1.542  45.210 0.0000000000
72203  53.730  -3.044  45.700 0.0000000000
73275  53.870  -3.242  45.152 0.0000000000
73294  53.633  -2.836  44.658 0.0000000000
141052  53.944  -4.126  44.165 0.0000000000
70005  54.111  -5.397  44.006 0.0000000000
59604  41.031  -14.128  52.621 0.0000000000
60712  38.670  -13.502  53.941 0.0000000000
59605  39.930  -14.036  52.499 0.0000000000
60709  41.668  -13.643  53.781 0.0000000000
60691  42.281  -13.640  54.447 0.0000000000
59568  43.181  -14.229  56.110 0.0000000000
60663  42.201  -13.774  57.001 0.0000000000
149539  42.747  -14.093  56.739 0.0000000000
59557  43.096  -14.666  56.828 0.0000000000
78796  55.675  2.382  32.388 0.0000000000
78797  55.015  2.127  32.702 0.0000000000
79876  56.971  2.839  33.703 0.0000000000
135327  58.631  2.112  34.947 0.0000000000
78753  58.389  2.344  35.056 0.0000000000
77599  58.079  2.006  35.754 0.0000000000
77600  57.530  1.843  36.549 0.0000000000
78738  56.842  2.375  36.710 0.0000000000
78718  57.146  1.979  37.207 0.0000000000
129933  54.408  2.600  36.549 0.0000000000
78721  55.007  2.823  37.398 0.0000000000
78720  55.415  2.823  38.147 0.0000000000
79812  54.952  3.148  38.700 0.0000000000
78706  55.347  2.740  38.758 0.0000000000
77569  55.691  2.219  38.792 0.0000000000
138334  55.768  1.581  38.785 0.0000000000
63042  48.598  -11.386  49.927 0.0000000000
64227  49.206  -10.875  50.315 0.0000000000
60741  49.697  -12.635  51.141 0.0000000000
61859  49.896  -11.979  51.161 0.0000000000
64226  49.703  -10.692  50.653 0.0000000000
64225  50.396  -10.592  50.573 0.0000000000
64224  51.155  -10.180  50.332 0.0000000000
63030  51.611  -10.772  50.025 0.0000000000
56495  51.045  -17.256  49.173 0.0000000000
150406  51.322  -14.805  49.211 0.0000000000
57508  52.363  -16.854  48.693 0.0000000000
139238  52.033  -14.966  48.897 0.0000000000
60769  51.487  -13.300  49.576 0.0000000000
64223  51.736  -9.926  50.080 0.0000000000
137713  52.237  -9.780  49.742 0.0000000000
64234  52.677  -10.178  49.161 0.0000000000
65370  53.200  -9.770  48.671 0.0000000000
60778  53.706  -13.137  47.524 0.0000000000
64240  53.695  -10.265  47.781 0.0000000000
65381  54.172  -9.714  47.214 0.0000000000
65395  54.553  -10.002  46.461 0.0000000000
65394  54.784  -9.326  45.984 0.0000000000
65407  54.683  -9.558  45.612 0.0000000000
63064  54.474  -11.157  45.890 0.0000000000
63065  54.184  -11.491  45.634 0.0000000000
60801  52.839  -13.311  45.439 0.0000000000
59706  52.606  -14.303  45.811 0.0000000000
59707  51.813  -14.718  45.380 0.0000000000
59619  42.402  -14.537  51.621 0.0000000000
59617  44.237  -14.393  51.256 0.0000000000
63043  48.135  -11.908  50.366 0.0000000000
60742  48.859  -13.001  51.445 0.0000000000
59615  48.113  -13.755  51.530 0.0000000000
59630  48.624  -14.220  51.057 0.0000000000
58532  48.989  -15.747  49.699 0.0000000000
57511  48.909  -16.926  49.409 0.0000000000
56471  46.814  -16.780  51.429 0.0000000000
56484  47.289  -17.666  50.671 0.0000000000
55419  47.470  -18.768  51.092 0.0000000000
138136  48.182  -18.467  50.258 0.0000000000
55326  35.790  -18.217  59.256 0.0000000000
79964  61.538  3.458  26.028 0.0000000000
79956  61.052  3.537  26.693 0.0000000000
78872  62.169  3.014  26.074 0.0000000000
77717  60.314  1.634  26.384 0.0000000000
79936  61.237  3.389  28.793 0.0000000000
78841  61.626  3.130  28.468 0.0000000000
149383  61.302  2.302  28.255 0.0000000000
76614  60.357  1.502  28.566 0.0000000000
142416  60.796  1.771  27.821 0.0000000000
77708  60.671  1.730  27.140 0.0000000000
76649  58.527  0.892  25.888 0.0000000000
154425  49.100  0.136  35.313 0.0000000000
132795  51.070  -7.779  48.259 0.0000000000
76490  47.398  -0.045  38.412 0.0000000000
76522  48.340  -0.153  36.082 0.0000000000
76521  48.953  0.278  35.854 0.0000000000
76504  49.413  0.725  36.288 0.0000000000
147829  49.890  1.118  36.699 0.0000000000
138378  50.021  1.443  37.333 0.0000000000
78708  50.687  2.318  38.542 0.0000000000
78698  49.875  2.316  39.916 0.0000000000
78697  50.596  2.662  39.422 0.0000000000
156246  51.138  3.213  39.739 0.0000000000
79804  51.504  3.570  40.313 0.0000000000
79789  51.990  3.721  40.850 0.0000000000
78674  52.462  3.232  41.465 0.0000000000
77495  50.276  1.422  44.520 0.0000000000
77510  50.644  2.180  44.069 0.0000000000
77509  51.463  2.059  43.955 0.0000000000
75349  52.453  -0.107  44.348 0.0000000000
76411  52.286  0.812  43.980 0.0000000000
78642  51.660  2.464  43.134 0.0000000000
143583  51.999  2.902  42.334 0.0000000000
77539  52.401  2.579  41.790 0.0000000000
76437  51.811  0.633  41.189 0.0000000000
74372  51.009  -1.526  41.442 0.0000000000
66513  54.771  -8.683  45.539 0.0000000000
66514  54.704  -8.894  45.095 0.0000000000
65430  54.384  -8.970  44.528 0.0000000000
63087  53.119  -10.990  44.127 0.0000000000
64289  53.556  -10.341  44.205 0.0000000000
66535  54.335  -8.240  44.311 0.0000000000
66544  53.685  -8.262  43.504 0.0000000000
54340  52.023  -19.424  49.053 0.0000000000
55476  52.400  -18.421  48.676 0.0000000000
56379  38.057  -16.757  58.505 0.0000000000
56494  52.120  -17.808  49.086 0.0000000000
57414  37.050  -16.525  59.420 0.0000000000
57445  39.133  -15.346  58.245 0.0000000000
58492  45.035  -15.728  54.208 0.0000000000
58528  52.621  -15.898  48.516 0.0000000000
58530  50.716  -15.081  49.346 0.0000000000
58593  51.694  -15.473  45.767 0.0000000000
59549  37.272  -14.797  57.631 0.0000000000
59588  44.638  -14.786  53.716 0.0000000000
59590  37.790  -13.750  53.483 0.0000000000
59646  51.423  -14.107  49.355 0.0000000000
59664  53.428  -14.868  47.961 0.0000000000
59665  53.012  -14.619  48.384 0.0000000000
59690  53.499  -14.445  46.936 0.0000000000
60642  40.387  -13.968  58.356 0.0000000000
60643  39.762  -13.998  58.412 0.0000000000
60651  41.322  -13.864  57.834 0.0000000000
60664  41.524  -13.607  57.246 0.0000000000
60680  40.152  -13.289  55.983 0.0000000000
60710  40.816  -13.560  53.832 0.0000000000
60711  39.865  -13.518  53.737 0.0000000000
60757  50.234  -13.019  50.664 0.0000000000
60768  52.156  -13.131  49.149 0.0000000000
60779  53.339  -13.490  48.118 0.0000000000
60788  53.792  -13.423  47.181 0.0000000000
60795  53.886  -13.135  46.862 0.0000000000
61873  47.630  -12.365  50.747 0.0000000000
61879  52.676  -12.017  48.781 0.0000000000
61911  53.959  -12.308  45.961 0.0000000000
61912  53.414  -12.608  45.553 0.0000000000
63021  49.649  -11.381  51.031 0.0000000000
63033  48.676  -11.462  50.708 0.0000000000
63057  54.386  -11.544  46.317 0.0000000000
63076  52.993  -11.645  44.489 0.0000000000
64235  52.155  -10.525  49.616 0.0000000000
64241  53.222  -10.733  48.385 0.0000000000
64246  54.280  -10.650  47.023 0.0000000000
64255  54.704  -10.205  45.993 0.0000000000
64267  54.575  -10.400  45.749 0.0000000000
65350  50.784  -9.664  50.329 0.0000000000
65351  50.167  -10.039  50.398 0.0000000000
65360  51.604  -8.786  50.173 0.0000000000
65369  53.621  -9.347  48.031 0.0000000000
65419  54.449  -9.506  44.856 0.0000000000
65431  53.996  -9.614  44.332 0.0000000000
66454  52.185  -8.374  49.918 0.0000000000
66472  53.847  -7.920  48.000 0.0000000000
66474  50.990  -8.086  49.143 0.0000000000
66490  50.841  -8.334  47.628 0.0000000000
66500  54.536  -9.073  46.639 0.0000000000
66524  54.791  -8.044  45.225 0.0000000000
66525  54.711  -8.066  44.881 0.0000000000
67633  51.493  -7.816  49.584 0.0000000000
67653  52.262  -6.951  49.412 0.0000000000
67688  54.606  -7.509  46.484 0.0000000000
67729  54.062  -7.501  43.871 0.0000000000
68811  51.745  -6.735  48.856 0.0000000000
68820  53.774  -5.986  47.807 0.0000000000
68829  54.745  -6.765  45.433 0.0000000000
68837  54.759  -6.801  45.150 0.0000000000
68838  54.644  -6.400  44.782 0.0000000000
69946  52.257  -5.756  48.528 0.0000000000
69984  54.653  -5.297  45.401 0.0000000000
70006  49.555  -5.288  44.175 0.0000000000
71073  54.110  -4.753  46.743 0.0000000000
71074  53.489  -4.156  46.982 0.0000000000
71077  51.697  -4.679  47.477 0.0000000000
71090  54.168  -4.154  46.189 0.0000000000
71119  54.268  -4.713  44.455 0.0000000000
71120  53.805  -4.671  43.798 0.0000000000
72177  52.275  -3.813  47.213 0.0000000000
72191  51.328  -3.194  46.764 0.0000000000
72202  54.168  -3.741  45.533 0.0000000000
72205  50.092  -3.423  45.629 0.0000000000
72217  54.267  -3.839  44.992 0.0000000000
72218  53.934  -3.491  44.738 0.0000000000
72228  53.721  -3.415  44.197 0.0000000000
73261  51.760  -2.555  46.583 0.0000000000
73278  50.639  -2.047  46.051 0.0000000000
73279  50.089  -2.024  45.575 0.0000000000
73319  52.513  -2.779  42.940 0.0000000000
74321  52.272  -1.095  45.614 0.0000000000
74335  53.235  -2.000  44.611 0.0000000000
74348  48.270  -1.025  43.124 0.0000000000
75321  50.354  -0.686  45.417 0.0000000000
75333  51.783  0.213  45.152 0.0000000000
75336  49.241  -0.574  44.307 0.0000000000
75471  48.838  -0.213  34.855 0.0000000000
76382  51.186  0.211  45.257 0.0000000000
76439  47.663  0.271  41.304 0.0000000000
76451  48.415  1.332  41.389 0.0000000000
76472  47.609  0.281  38.977 0.0000000000
76505  48.755  0.395  36.578 0.0000000000
77494  51.113  1.495  44.556 0.0000000000
77511  49.007  1.200  43.302 0.0000000000
77546  54.089  2.605  39.958 0.0000000000
77551  47.926  0.782  40.216 0.0000000000
77561  49.275  1.629  39.419 0.0000000000
77581  56.570  1.867  37.869 0.0000000000
77583  50.072  1.728  38.108 0.0000000000
77624  59.081  2.195  34.345 0.0000000000
77651  60.319  2.622  32.595 0.0000000000
78643  51.070  2.720  43.442 0.0000000000
78658  51.437  3.069  42.700 0.0000000000
78660  49.949  2.948  42.720 0.0000000000
78675  50.455  3.298  42.177 0.0000000000
78705  55.967  2.330  38.267 0.0000000000
78764  59.423  2.536  33.892 0.0000000000
78823  61.210  3.209  30.004 0.0000000000
78831  61.416  3.156  29.174 0.0000000000
78842  61.607  2.884  28.599 0.0000000000
79775  52.242  3.550  41.166 0.0000000000
79776  51.576  3.556  41.516 0.0000000000
79777  50.940  3.524  41.727 0.0000000000
79816  51.273  2.908  39.047 0.0000000000
79885  59.847  3.323  32.878 0.0000000000
79886  59.246  3.446  32.989 0.0000000000
79887  58.351  3.398  33.016 0.0000000000
79914  60.971  3.191  30.683 0.0000000000
79915  60.754  3.449  30.409 0.0000000000
79944  61.893  3.020  27.912 0.0000000000
130136  60.254  3.386  32.158 0.0000000000
130157  54.582  -10.864  46.038 0.0000000000
131497  40.929  -13.404  56.850 0.0000000000
131801  40.314  -13.334  56.604 0.0000000000
132879  53.892  -8.992  43.866 0.0000000000
133599  54.412  -6.056  46.750 0.0000000000
134307  59.997  2.230  33.026 0.0000000000
135197  52.712  -6.849  49.225 0.0000000000
136066  51.043  -3.737  46.717 0.0000000000
136423  51.031  -11.078  50.415 0.0000000000
136833  49.208  1.910  43.067 0.0000000000
137854  43.062  -13.986  54.187 0.0000000000
139532  41.964  -13.490  55.374 0.0000000000
140236  54.647  -6.075  46.101 0.0000000000
142486  54.797  -7.981  45.507 0.0000000000
143190  54.457  -4.244  45.134 0.0000000000
143857  54.530  -4.980  44.874 0.0000000000
143946  53.038  -16.131  48.144 0.0000000000
143987  54.576  -4.801  45.091 0.0000000000
144112  52.780  -5.261  42.565 0.0000000000
144700  53.231  -8.884  48.904 0.0000000000
145642  54.050  -12.781  47.008 0.0000000000
145747  56.054  2.622  33.791 0.0000000000
147791  46.773  -15.374  52.132 0.0000000000
149838  53.857  -12.857  46.492 0.0000000000
152045  59.419  3.208  33.398 0.0000000000
152731  45.327  -15.467  53.525 0.0000000000
152768  52.711  -17.308  48.357 0.0000000000
152858  43.176  -14.124  53.485 0.0000000000
153380  54.580  -8.532  44.743 0.0000000000
153414  39.283  -13.474  53.874 0.0000000000
153848  38.703  -14.865  58.687 0.0000000000
155753  49.156  0.036  44.089 0.0000000000
155870  58.224  0.261  31.507 0.0000000000
156423  52.600  -1.004  45.128 0.0000000000
