#!ascii label  , from subject sub-v2s15x29757_ses-1 vox2ras=TkReg
978
70815  16.128  -5.424  -26.147 0.2500000000
69703  17.088  -5.990  -27.080 0.2500000000
69683  17.403  -6.758  -26.687 0.7500000000
74104  14.865  -2.470  -27.093 0.2500000000
73022  15.077  -3.210  -26.976 0.1250000000
73029  15.681  -3.200  -27.694 0.3750000000
71937  15.554  -3.889  -27.043 0.2500000000
71923  15.779  -4.688  -26.607 0.2500000000
70827  16.378  -5.386  -26.742 0.3750000000
68576  18.056  -7.292  -27.151 0.8750000000
69702  17.763  -6.542  -27.549 0.8750000000
68575  18.744  -7.681  -27.467 0.8750000000
73021  16.212  -3.898  -27.865 0.3750000000
71936  16.218  -4.638  -27.283 0.3750000000
71948  16.770  -4.584  -28.070 0.8750000000
70841  16.851  -5.277  -27.549 0.7500000000
69719  18.822  -6.468  -28.811 1.0000000000
149177  17.831  -5.635  -28.510 1.0000000000
70840  17.469  -5.832  -27.898 0.8750000000
69701  18.531  -6.980  -28.034 1.0000000000
68593  19.195  -7.323  -28.145 1.0000000000
74103  15.219  -2.465  -27.642 0.2500000000
73028  16.289  -3.199  -28.428 0.7500000000
71958  16.891  -3.859  -28.715 0.8750000000
149021  17.308  -4.579  -28.687 0.8750000000
69740  18.895  -5.851  -29.453 1.0000000000
70853  18.364  -5.800  -28.974 1.0000000000
70868  17.910  -5.081  -29.057 1.0000000000
69717  20.254  -6.635  -28.659 1.0000000000
69738  19.870  -6.319  -29.134 1.0000000000
153021  18.990  -6.967  -28.494 1.0000000000
75123  14.622  -1.654  -27.236 0.1250000000
74112  15.810  -2.542  -28.334 0.6250000000
73041  17.320  -3.419  -29.471 1.0000000000
74111  16.339  -2.656  -28.870 0.8750000000
71957  17.631  -4.233  -29.328 1.0000000000
139895  20.567  -5.399  -29.484 1.0000000000
70866  19.267  -5.674  -29.707 1.0000000000
156414  18.546  -5.374  -29.518 1.0000000000
71956  18.398  -4.655  -29.888 1.0000000000
70852  20.493  -5.988  -29.078 1.0000000000
70839  22.905  -5.878  -27.695 1.0000000000
69716  21.168  -6.272  -28.362 1.0000000000
79448  12.955  2.725  -28.251 0.2500000000
75122  14.811  -1.689  -27.571 0.2500000000
75139  14.807  -0.992  -28.080 0.3750000000
75138  15.358  -1.700  -28.358 0.5000000000
75145  16.396  -1.669  -29.658 1.0000000000
75146  15.752  -1.268  -29.181 0.6250000000
74121  16.727  -2.450  -29.492 1.0000000000
73052  18.346  -3.299  -30.695 1.0000000000
74132  17.494  -2.767  -30.157 1.0000000000
70864  21.017  -4.742  -29.612 1.0000000000
70881  20.204  -5.027  -30.001 1.0000000000
148895  19.470  -3.922  -30.826 1.0000000000
71955  21.807  -4.149  -29.297 1.0000000000
70849  22.910  -5.116  -28.113 1.0000000000
71954  22.592  -4.059  -28.840 1.0000000000
71946  23.078  -4.441  -28.456 1.0000000000
78373  13.672  2.014  -29.018 0.5000000000
78355  13.347  1.812  -28.211 0.3750000000
77242  14.202  0.498  -28.483 0.3750000000
77252  14.773  0.321  -29.288 0.5000000000
75158  16.127  -0.908  -29.899 0.8750000000
76216  16.463  -0.671  -30.627 1.0000000000
154665  18.775  -3.037  -31.225 1.0000000000
75156  17.326  -1.898  -30.733 1.0000000000
73050  20.956  -3.508  -30.351 1.0000000000
73051  20.150  -3.629  -30.911 1.0000000000
73039  22.592  -3.376  -29.251 1.0000000000
71945  23.878  -4.376  -28.580 0.8750000000
80536  13.445  2.772  -29.015 0.5000000000
133896  14.396  0.917  -29.212 0.5000000000
78372  14.356  1.626  -29.596 0.6250000000
78380  15.292  1.050  -30.466 0.6250000000
76229  16.248  -0.060  -30.896 1.0000000000
76217  15.860  -0.207  -30.281 0.7500000000
75171  17.054  -1.128  -31.040 1.0000000000
75155  22.050  -1.409  -30.602 1.0000000000
74141  20.165  -1.979  -31.781 1.0000000000
74142  19.529  -2.292  -31.783 1.0000000000
73062  18.903  -2.461  -31.693 1.0000000000
74129  22.349  -2.053  -30.131 1.0000000000
74130  21.540  -2.754  -30.259 1.0000000000
74131  20.775  -2.814  -30.862 1.0000000000
75144  23.398  -1.788  -29.880 0.8750000000
74120  22.226  -2.811  -29.753 1.0000000000
73038  23.671  -3.121  -29.197 0.8750000000
79469  14.076  2.569  -29.706 0.5000000000
150655  14.839  1.509  -30.249 0.8750000000
77290  18.177  0.241  -32.870 1.0000000000
76239  17.153  -0.030  -32.048 1.0000000000
75166  20.837  -1.432  -31.469 1.0000000000
75167  19.863  -0.792  -32.259 1.0000000000
75169  18.416  -1.779  -31.834 1.0000000000
76224  21.917  0.186  -31.313 1.0000000000
74128  24.285  -1.694  -30.007 1.0000000000
75154  22.833  -1.204  -30.302 1.0000000000
76225  21.363  -0.599  -31.420 1.0000000000
153211  23.786  -1.065  -30.189 1.0000000000
78381  14.618  2.195  -30.397 0.8750000000
78396  15.194  1.762  -30.840 1.0000000000
78424  17.973  1.572  -33.497 1.0000000000
134474  16.956  0.841  -32.445 1.0000000000
78394  16.280  1.394  -31.948 1.0000000000
78408  20.904  1.640  -32.004 1.0000000000
77288  20.567  0.852  -32.181 1.0000000000
77273  22.452  1.054  -31.257 1.0000000000
78393  21.741  1.611  -31.637 1.0000000000
77274  21.663  0.803  -31.568 1.0000000000
77258  23.700  0.362  -30.635 1.0000000000
76213  24.227  -0.320  -30.457 0.8750000000
82699  16.808  5.563  -34.656 1.0000000000
82664  15.160  5.650  -32.675 0.3750000000
81608  16.446  4.967  -34.312 0.8750000000
151317  17.905  2.803  -33.969 1.0000000000
79503  21.344  2.421  -31.907 1.0000000000
79505  19.757  2.264  -32.911 1.0000000000
83750  16.537  6.459  -34.568 0.8750000000
82698  17.446  5.423  -34.614 1.0000000000
156025  17.138  4.634  -34.575 1.0000000000
82697  18.226  5.409  -34.256 1.0000000000
139282  18.419  3.086  -33.832 1.0000000000
136447  20.957  3.195  -32.306 1.0000000000
156841  20.263  3.466  -32.641 1.0000000000
80559  21.890  3.213  -31.841 1.0000000000
84810  16.904  7.165  -34.863 0.7500000000
83729  18.641  6.124  -33.980 1.0000000000
82677  18.995  5.460  -33.694 1.0000000000
81595  21.285  4.809  -32.494 1.0000000000
146805  20.269  4.974  -32.744 1.0000000000
145466  19.750  4.037  -32.961 1.0000000000
138134  17.826  6.126  -34.518 1.0000000000
142592  19.343  6.040  -33.571 1.0000000000
82676  19.739  5.565  -33.244 1.0000000000
89725  17.358  13.451  -35.669 0.1250000000
134436  17.278  13.644  -34.802 0.1250000000
153304  17.972  12.236  -36.570 0.2500000000
89733  17.708  12.939  -36.463 0.1250000000
89732  18.349  12.358  -37.031 0.3750000000
90693  17.509  13.883  -37.436 0.2500000000
89739  19.111  12.443  -37.573 0.5000000000
89740  18.382  13.036  -38.097 0.2500000000
90702  18.538  13.271  -38.834 0.3750000000
90703  17.729  13.548  -38.540 0.2500000000
90704  17.370  13.963  -38.206 0.2500000000
146620  17.459  14.599  -39.227 0.2500000000
90718  17.871  13.757  -39.264 0.2500000000
90734  18.286  14.121  -40.049 0.2500000000
90717  18.923  13.571  -39.585 0.3750000000
90719  17.357  13.967  -39.017 0.2500000000
90733  19.487  13.873  -40.372 0.3750000000
73009  15.023  -3.568  -26.572 0.1250000000
69698  22.116  -6.383  -27.679 1.0000000000
132867  15.736  1.184  -31.196 0.8750000000
77289  19.810  0.713  -32.670 1.0000000000
137006  16.460  -5.921  -25.793 0.1250000000
68554  17.664  -7.556  -26.317 0.6250000000
68553  18.274  -7.988  -26.683 0.7500000000
73010  15.144  -3.421  -26.825 0.1250000000
67397  18.936  -8.273  -26.929 1.0000000000
70816  15.830  -5.060  -26.110 0.1250000000
68574  19.587  -7.872  -27.494 1.0000000000
69699  21.354  -6.936  -27.672 1.0000000000
140671  22.948  -6.694  -27.371 1.0000000000
131646  14.482  -0.960  -27.545 0.3750000000
77243  13.648  0.954  -27.978 0.2500000000
148848  13.871  0.348  -27.790 0.2500000000
70848  24.237  -5.067  -28.518 0.8750000000
73037  24.675  -3.184  -29.627 0.8750000000
73026  24.207  -3.792  -29.004 0.8750000000
154010  24.837  -1.711  -30.264 0.8750000000
83712  14.244  6.620  -31.918 0.1250000000
82665  14.527  5.800  -31.918 0.1250000000
147475  13.657  3.552  -29.662 0.3750000000
79493  15.509  2.933  -32.012 0.6250000000
77272  23.274  0.922  -30.917 1.0000000000
139927  24.776  -1.109  -30.428 0.8750000000
132117  15.494  6.066  -33.323 0.5000000000
82700  16.140  5.819  -34.190 0.8750000000
81596  14.895  5.027  -32.274 0.3750000000
80570  15.039  4.097  -32.066 0.8750000000
79492  22.183  2.462  -31.613 1.0000000000
80558  22.660  3.094  -31.626 1.0000000000
81584  22.761  3.978  -31.752 1.0000000000
83749  17.132  6.225  -34.764 1.0000000000
138499  20.698  4.076  -32.552 1.0000000000
139556  17.626  7.510  -34.739 0.8750000000
85844  19.256  8.326  -34.356 1.0000000000
84796  20.158  7.298  -33.514 1.0000000000
83709  20.964  5.584  -32.659 1.0000000000
90676  17.423  13.613  -33.727 0.1250000000
88788  16.606  12.179  -34.647 0.1250000000
87867  18.420  10.828  -36.201 0.6250000000
88809  18.336  11.634  -36.546 0.6250000000
89738  20.318  12.581  -37.715 0.5000000000
90689  17.544  13.840  -36.468 0.2500000000
90701  19.700  13.251  -39.030 0.5000000000
91579  17.596  14.116  -37.139 0.2500000000
91590  17.432  14.466  -38.596 0.2500000000
90716  20.104  13.548  -39.690 0.5000000000
92493  17.455  15.018  -39.293 0.1250000000
91593  17.594  14.416  -39.573 0.2500000000
91613  18.004  14.964  -41.797 0.2500000000
91594  17.386  14.967  -39.856 0.1250000000
69684  16.677  -6.176  -26.203 0.3750000000
68555  17.205  -6.979  -25.869 0.5000000000
70854  17.345  -5.167  -28.294 1.0000000000
69720  18.121  -6.237  -28.314 1.0000000000
68592  19.921  -7.252  -28.199 1.0000000000
69700  20.644  -6.933  -28.114 1.0000000000
74122  16.056  -2.045  -28.989 0.8750000000
71969  17.986  -3.731  -30.012 1.0000000000
70851  21.275  -5.363  -28.956 1.0000000000
70882  19.473  -5.169  -30.083 1.0000000000
143462  19.076  -4.551  -30.482 1.0000000000
70850  22.069  -5.601  -28.222 1.0000000000
151009  14.203  -0.017  -28.005 0.3750000000
76195  15.213  -0.915  -28.720 0.5000000000
74133  16.946  -2.022  -30.069 1.0000000000
71947  22.160  -4.751  -28.684 1.0000000000
71967  20.536  -4.276  -30.260 1.0000000000
71968  19.798  -4.475  -30.486 1.0000000000
71966  21.195  -4.023  -29.856 1.0000000000
73027  23.359  -3.806  -28.792 1.0000000000
76204  15.370  -0.419  -29.443 0.6250000000
77261  14.814  0.949  -29.827 0.6250000000
75157  16.712  -1.386  -30.346 1.0000000000
76228  16.779  -0.376  -31.316 1.0000000000
73061  19.409  -3.127  -31.290 1.0000000000
74143  18.151  -2.431  -31.180 1.0000000000
75170  17.731  -1.553  -31.440 1.0000000000
73040  21.690  -3.412  -29.754 1.0000000000
74119  23.057  -2.548  -29.549 0.8750000000
71944  24.582  -4.545  -28.981 0.8750000000
77276  16.413  0.487  -31.514 1.0000000000
76227  17.451  -0.795  -31.709 1.0000000000
152153  21.560  -1.211  -31.036 1.0000000000
150391  20.636  -2.207  -31.308 1.0000000000
74150  19.044  -1.763  -32.118 1.0000000000
148737  20.216  -1.317  -31.947 1.0000000000
74118  24.017  -2.381  -29.593 0.8750000000
76245  18.756  0.229  -33.008 1.0000000000
138371  17.563  0.302  -32.592 1.0000000000
76236  19.367  -0.118  -32.758 1.0000000000
76237  18.670  -0.392  -32.684 1.0000000000
76226  20.597  -0.669  -31.898 1.0000000000
75178  18.567  -1.090  -32.230 1.0000000000
76235  20.218  -0.006  -32.330 1.0000000000
77259  22.781  0.282  -30.822 1.0000000000
76214  23.243  -0.399  -30.458 1.0000000000
79482  14.349  3.268  -30.580 0.6250000000
79494  15.007  2.579  -31.162 0.7500000000
148205  16.708  1.622  -32.720 1.0000000000
154258  17.127  1.307  -32.914 1.0000000000
77304  17.220  1.798  -33.329 1.0000000000
77302  18.401  0.858  -33.184 1.0000000000
79521  17.625  2.340  -33.736 1.0000000000
144915  19.104  1.974  -33.397 1.0000000000
78410  19.446  1.420  -33.056 1.0000000000
78392  22.535  1.879  -31.372 1.0000000000
78409  20.189  1.534  -32.543 1.0000000000
77301  19.074  0.709  -33.116 1.0000000000
82678  15.808  5.231  -33.639 0.7500000000
80600  16.672  4.167  -34.211 1.0000000000
132497  15.553  4.530  -33.006 0.7500000000
78411  16.589  2.334  -33.065 1.0000000000
79519  19.073  2.684  -33.406 1.0000000000
79523  16.417  3.082  -33.318 1.0000000000
79532  17.818  3.434  -34.195 1.0000000000
80568  19.663  3.147  -32.919 1.0000000000
142180  17.494  6.768  -34.676 0.8750000000
80599  17.233  3.785  -34.312 1.0000000000
81626  17.884  4.673  -34.405 1.0000000000
137760  19.055  4.183  -33.625 1.0000000000
80582  19.064  3.503  -33.506 1.0000000000
80583  18.385  3.926  -34.111 1.0000000000
80566  21.627  4.010  -32.195 1.0000000000
83728  19.250  6.725  -33.699 1.0000000000
81606  19.398  4.839  -33.302 1.0000000000
140940  20.083  6.320  -33.322 1.0000000000
84797  19.183  7.538  -34.001 1.0000000000
83748  18.325  6.937  -34.334 1.0000000000
141946  16.955  12.859  -35.158 0.1250000000
91571  17.698  14.100  -36.392 0.2500000000
151623  18.274  12.752  -37.592 0.2500000000
143954  17.497  12.314  -36.040 0.3750000000
89754  19.385  12.903  -38.302 0.5000000000
91603  17.703  14.798  -40.558 0.2500000000
91602  18.966  14.419  -41.214 0.2500000000
69673  16.887  -6.577  -25.565 0.2500000000
150661  16.591  -6.129  -24.587 0.1250000000
69660  16.987  -6.759  -25.286 0.1250000000
134918  17.411  -7.674  -25.621 0.6250000000
81585  14.456  5.149  -31.593 0.5000000000
78412  16.133  2.175  -32.346 0.8750000000
80560  14.842  3.403  -31.428 0.7500000000
79506  16.082  2.801  -32.721 0.8750000000
80569  15.771  3.525  -32.810 1.0000000000
80586  16.217  3.853  -33.551 1.0000000000
84809  18.435  7.839  -34.541 1.0000000000
85831  19.909  8.042  -33.857 1.0000000000
83727  20.872  6.795  -33.073 1.0000000000
88799  16.990  11.759  -35.468 0.3750000000
88808  19.184  11.238  -36.380 0.7500000000
89731  19.136  11.850  -36.900 0.7500000000
89730  20.054  12.058  -37.061 0.7500000000
90745  19.679  14.172  -42.006 0.2500000000
90744  20.286  13.672  -41.465 0.3750000000
145306  20.371  -11.409  -24.447 0.7500000000
62880  21.988  -12.149  -25.176 0.7500000000
64069  19.608  -11.153  -24.126 0.7500000000
65186  19.194  -10.474  -24.388 0.7500000000
64082  21.631  -11.177  -25.279 0.7500000000
64083  20.738  -10.887  -25.006 0.7500000000
65202  19.357  -10.047  -25.000 0.7500000000
65199  22.144  -10.660  -25.742 0.7500000000
65200  21.132  -10.234  -25.553 0.7500000000
65201  20.131  -10.165  -25.303 0.7500000000
67357  18.351  -8.883  -25.682 0.7500000000
67358  17.812  -8.341  -25.736 0.6250000000
66281  20.304  -9.559  -25.822 0.7500000000
66300  19.629  -9.039  -26.184 0.8750000000
66301  18.942  -9.027  -25.937 0.8750000000
65214  21.839  -9.827  -25.981 0.7500000000
66299  20.504  -8.913  -26.370 0.8750000000
67376  19.642  -8.504  -26.759 0.8750000000
66297  22.506  -9.410  -26.332 0.7500000000
66298  21.608  -9.032  -26.265 0.8750000000
67396  20.392  -8.213  -26.968 0.8750000000
67373  22.663  -8.649  -26.558 0.7500000000
67374  21.896  -8.345  -26.566 0.8750000000
68552  21.847  -7.725  -26.877 0.8750000000
68569  23.995  -7.969  -27.438 0.8750000000
68570  23.164  -7.499  -27.093 0.8750000000
151603  23.671  -7.129  -27.434 0.8750000000
69697  23.710  -6.443  -27.693 0.8750000000
135248  25.864  -8.525  -30.453 0.3750000000
68605  25.102  -7.395  -29.310 0.6250000000
69737  24.987  -6.415  -28.984 0.7500000000
69714  24.426  -6.428  -28.221 0.7500000000
67434  26.529  -8.463  -31.010 0.5000000000
68617  25.727  -7.595  -30.484 0.5000000000
69754  25.632  -6.629  -30.491 0.7500000000
70863  24.869  -5.389  -29.026 0.7500000000
68634  27.198  -7.366  -31.887 0.1250000000
69769  26.402  -6.672  -31.509 0.3750000000
69770  25.903  -6.266  -31.071 0.6250000000
150384  25.577  -5.297  -30.247 0.6250000000
71953  25.234  -4.787  -29.665 0.6250000000
68658  29.550  -7.636  -33.086 0.1250000000
69783  27.693  -6.679  -32.392 0.1250000000
149026  26.431  -5.409  -32.131 0.1250000000
70902  26.796  -5.312  -32.666 0.1250000000
135613  25.822  -3.933  -30.874 0.6250000000
73059  26.056  -3.285  -31.467 0.6250000000
73049  25.505  -3.033  -30.477 0.7500000000
69795  28.190  -6.114  -32.916 0.1250000000
130097  27.470  -4.485  -33.844 0.1250000000
73069  26.286  -3.604  -32.558 0.1250000000
74139  25.860  -2.417  -31.062 0.6250000000
75153  25.410  -1.770  -30.617 0.7500000000
69794  29.176  -6.486  -33.297 0.1250000000
74149  26.236  -2.546  -32.150 0.5000000000
75176  26.222  -1.640  -32.386 0.5000000000
75165  25.976  -1.690  -31.447 0.6250000000
134737  25.610  -0.987  -30.993 0.7500000000
85847  16.428  7.911  -34.780 0.6250000000
85857  16.859  9.001  -35.518 0.5000000000
85846  17.002  8.191  -35.118 0.7500000000
76234  26.096  -0.295  -32.237 0.6250000000
77271  24.962  1.121  -31.143 0.6250000000
78379  24.083  1.093  -30.889 0.8750000000
148519  26.026  -0.634  -33.519 0.5000000000
77286  25.841  0.304  -31.773 0.6250000000
133426  25.629  1.000  -31.681 0.6250000000
78390  24.491  1.848  -31.192 0.7500000000
85845  17.621  8.775  -35.301 0.7500000000
78391  23.397  1.734  -31.080 0.8750000000
147883  22.258  4.782  -32.230 0.8750000000
79490  24.031  2.608  -31.294 0.7500000000
80565  23.907  4.146  -31.713 0.8750000000
81594  23.310  4.829  -32.077 0.8750000000
82659  22.828  5.570  -32.305 0.8750000000
77315  25.843  0.428  -33.934 0.3750000000
77300  26.033  0.581  -32.609 0.5000000000
78407  25.734  1.562  -32.334 0.5000000000
79489  24.931  2.590  -31.578 0.6250000000
76248  25.392  -0.569  -34.789 0.2500000000
79518  25.777  2.098  -32.882 0.5000000000
154122  17.491  9.371  -35.486 0.6250000000
86890  18.344  9.420  -35.331 0.7500000000
86875  18.457  8.617  -34.862 0.8750000000
153552  20.726  6.154  -32.911 0.8750000000
84777  21.874  7.189  -32.860 0.7500000000
83706  23.381  6.337  -32.511 0.8750000000
79502  25.238  3.226  -32.205 0.6250000000
133429  24.797  4.044  -32.210 0.7500000000
78436  25.645  1.291  -34.313 0.3750000000
79531  25.741  2.117  -33.700 0.5000000000
82657  24.673  5.456  -32.737 0.7500000000
77323  25.281  0.391  -34.968 0.2500000000
133042  17.695  9.999  -35.622 0.6250000000
86874  19.313  9.186  -34.699 0.8750000000
85843  20.287  8.816  -34.144 0.8750000000
85830  20.771  8.147  -33.588 0.8750000000
131485  21.272  9.426  -34.320 0.7500000000
85829  21.842  8.194  -33.401 0.8750000000
83726  23.903  6.953  -33.056 0.7500000000
81592  25.103  4.691  -32.776 0.5000000000
144454  25.441  2.825  -34.949 0.2500000000
157001  25.549  3.413  -34.446 0.5000000000
80597  25.597  3.623  -33.698 0.5000000000
78446  25.155  1.253  -35.239 0.2500000000
149941  17.808  10.543  -35.924 0.5000000000
87856  19.338  10.641  -35.787 0.6250000000
86888  20.261  10.453  -35.300 0.7500000000
87845  21.333  10.254  -34.871 0.7500000000
147425  21.020  10.914  -35.373 0.7500000000
87844  22.363  10.261  -34.971 0.7500000000
86872  22.766  9.600  -34.632 0.7500000000
86873  22.049  9.782  -34.501 0.7500000000
87855  21.862  10.881  -35.355 0.7500000000
85842  23.152  8.983  -34.247 0.7500000000
85827  23.555  8.448  -33.997 0.7500000000
85841  23.744  8.644  -34.601 0.7500000000
82696  25.238  5.935  -34.693 0.5000000000
83769  24.940  6.639  -35.069 0.3750000000
84807  24.498  7.598  -34.428 0.6250000000
80610  25.377  3.569  -35.110 0.2500000000
82715  25.421  5.016  -34.634 0.3750000000
156654  19.845  11.649  -36.500 0.6250000000
88797  20.241  11.220  -35.867 0.7500000000
88806  21.637  11.786  -36.492 0.7500000000
87866  22.803  10.901  -36.315 0.7500000000
87853  23.222  10.296  -35.933 0.7500000000
85864  23.665  9.199  -36.576 0.6250000000
146167  24.653  6.807  -35.765 0.3750000000
155792  24.072  7.802  -36.518 0.3750000000
136420  24.531  3.696  -36.571 0.1250000000
82736  24.408  5.360  -36.986 0.1250000000
82727  24.795  5.274  -36.238 0.2500000000
88807  20.689  11.768  -36.419 0.6250000000
88805  22.418  11.558  -36.711 0.6250000000
87865  23.279  10.461  -36.697 0.7500000000
135479  23.790  8.316  -36.950 0.3750000000
86899  23.484  9.934  -36.335 0.3750000000
131106  23.580  9.484  -35.717 0.7500000000
83793  23.899  6.495  -37.540 0.2500000000
85856  23.805  8.831  -35.241 0.6250000000
81664  24.105  4.373  -38.814 0.1250000000
81656  24.131  4.603  -38.195 0.1250000000
80631  24.112  3.632  -37.440 0.1250000000
89729  21.066  12.235  -37.089 0.6250000000
88827  22.885  12.007  -38.125 0.3750000000
88815  22.020  12.212  -37.165 0.3750000000
87885  23.304  10.595  -38.290 0.3750000000
85897  22.716  8.014  -39.370 0.2500000000
85874  23.592  8.922  -37.559 0.3750000000
87873  23.337  10.509  -37.547 0.3750000000
129904  23.610  5.955  -38.979 0.1250000000
133536  23.825  7.402  -37.274 0.3750000000
146438  23.820  3.350  -39.057 0.1250000000
90715  20.952  13.337  -39.648 0.3750000000
89753  20.546  13.009  -38.469 0.3750000000
89737  21.482  12.640  -37.874 0.3750000000
88840  22.729  11.899  -38.914 0.3750000000
89751  22.257  12.518  -38.421 0.3750000000
86931  22.874  9.586  -39.737 0.3750000000
87915  22.763  10.268  -39.964 0.3750000000
87886  23.107  11.215  -38.627 0.3750000000
129801  22.470  8.669  -39.911 0.3750000000
85885  23.352  8.513  -38.551 0.3750000000
86930  23.226  10.244  -39.127 0.3750000000
83831  23.810  6.449  -40.516 0.1250000000
84863  23.087  7.374  -38.855 0.1250000000
84872  22.326  7.145  -39.697 0.2500000000
81674  24.462  4.740  -39.798 0.1250000000
88852  21.890  11.754  -40.941 0.2500000000
88865  21.806  10.825  -41.486 0.2500000000
88851  22.263  11.272  -40.569 0.3750000000
89780  22.073  12.171  -40.190 0.3750000000
137166  20.760  7.625  -41.198 0.1250000000
87931  22.314  10.319  -40.728 0.3750000000
148317  22.586  10.912  -40.121 0.3750000000
86947  21.553  8.173  -40.587 0.1250000000
138658  21.207  6.688  -41.400 0.1250000000
85911  21.875  7.594  -40.106 0.1250000000
90743  20.902  13.212  -41.036 0.3750000000
89770  21.628  12.984  -39.769 0.3750000000
86958  21.492  9.128  -41.442 0.1250000000
87932  21.326  10.149  -42.276 0.1250000000
85937  20.308  7.700  -41.924 0.1250000000
86969  20.792  9.143  -42.613 0.1250000000
84888  22.664  6.872  -41.590 0.1250000000
84914  20.273  7.296  -43.617 0.1250000000
142217  19.579  10.582  -44.160 0.1250000000
85945  20.082  7.818  -43.914 0.1250000000
86979  19.793  8.965  -44.555 0.1250000000
84912  22.879  7.464  -43.406 0.1250000000
67395  21.191  -7.936  -26.937 0.8750000000
138756  24.554  -8.128  -28.208 0.6250000000
139347  26.102  -0.946  -31.787 0.6250000000
80564  24.474  3.371  -31.636 0.8750000000
134254  25.408  3.845  -32.882 0.5000000000
79542  25.516  2.074  -34.664 0.3750000000
87857  18.511  10.217  -35.682 0.6250000000
86889  19.357  9.922  -35.285 0.8750000000
138797  20.296  9.696  -34.729 0.8750000000
136771  21.301  8.782  -33.820 0.8750000000
140083  22.229  9.106  -33.993 0.7500000000
85828  22.875  8.459  -33.636 0.7500000000
84794  22.634  7.784  -33.154 0.7500000000
156731  25.533  4.905  -34.006 0.5000000000
82695  25.426  5.489  -34.074 0.5000000000
82675  24.827  5.942  -33.237 0.7500000000
81625  25.521  4.190  -34.388 0.5000000000
83848  21.721  6.720  -40.593 0.1250000000
86970  20.012  7.861  -43.059 0.1250000000
84913  21.084  7.125  -43.602 0.1250000000
70892  26.105  -5.080  -31.750 0.5000000000
71965  25.649  -4.636  -30.462 0.6250000000
73036  25.385  -3.898  -30.017 0.7500000000
142025  26.176  -2.321  -33.222 0.3750000000
138095  26.197  -0.971  -32.597 0.3750000000
82658  23.833  5.569  -32.352 0.7500000000
85912  20.946  7.176  -40.778 0.1250000000
75192  24.570  -1.535  -35.686 0.1250000000
61711  21.016  -13.059  -24.071 0.7500000000
64055  19.957  -11.854  -23.873 0.7500000000
64070  18.942  -10.807  -23.761 0.7500000000
62866  21.510  -12.615  -24.631 0.7500000000
64068  21.202  -11.688  -24.737 0.7500000000
62879  22.792  -12.809  -25.738 0.7500000000
66284  17.945  -9.025  -25.106 0.6250000000
64081  22.462  -11.673  -25.719 0.6250000000
65213  22.536  -10.240  -26.195 0.7500000000
65212  23.212  -10.271  -26.694 0.6250000000
67394  23.821  -8.934  -27.344 0.6250000000
67408  24.742  -9.448  -28.681 0.5000000000
67421  25.659  -9.229  -30.112 0.3750000000
67407  25.052  -8.475  -29.225 0.5000000000
67447  28.038  -8.894  -31.986 0.1250000000
68649  28.060  -7.731  -32.327 0.1250000000
68657  30.291  -7.948  -33.380 0.1250000000
146839  30.195  -6.866  -33.753 0.1250000000
70910  29.713  -5.758  -33.945 0.1250000000
71999  29.127  -4.963  -34.217 0.1250000000
149694  27.362  -4.095  -34.463 0.1250000000
72001  26.679  -4.034  -34.093 0.1250000000
74161  25.908  -3.016  -34.053 0.1250000000
75188  25.785  -2.211  -34.236 0.2500000000
87859  16.482  10.171  -35.098 0.5000000000
77324  24.570  0.336  -35.776 0.1250000000
76252  24.726  -0.449  -35.531 0.2500000000
78457  23.806  1.223  -36.881 0.1250000000
80621  24.120  2.891  -36.950 0.1250000000
80622  23.658  2.656  -37.747 0.1250000000
88798  17.615  11.210  -36.125 0.3750000000
80641  23.595  2.419  -39.120 0.1250000000
80652  24.350  3.392  -40.354 0.1250000000
80653  23.982  2.622  -39.889 0.1250000000
83845  25.249  6.457  -41.598 0.1250000000
89792  20.353  12.683  -42.718 0.2500000000
88880  20.179  12.074  -43.430 0.1250000000
89804  19.165  12.821  -44.203 0.1250000000
129900  19.779  8.604  -45.023 0.1250000000
87950  18.904  10.253  -45.125 0.1250000000
130089  24.034  7.430  -42.674 0.1250000000
84928  20.839  7.495  -44.839 0.1250000000
69715  23.784  -5.600  -28.052 0.7500000000
77257  24.599  0.418  -30.784 0.7500000000
76212  25.111  -0.280  -30.777 0.7500000000
83751  15.708  6.814  -33.781 0.3750000000
82660  21.846  5.544  -32.471 0.8750000000
68571  22.202  -7.192  -27.196 0.8750000000
67377  18.542  -8.549  -26.275 0.7500000000
136411  19.104  -8.682  -26.452 0.8750000000
68573  20.631  -7.520  -27.546 0.8750000000
148545  24.524  -5.754  -28.506 0.7500000000
79491  23.040  2.530  -31.386 0.8750000000
84795  21.105  7.512  -33.279 0.8750000000
83708  21.428  6.275  -32.699 0.8750000000
90700  20.621  13.277  -39.137 0.3750000000
90732  20.423  13.593  -40.432 0.3750000000
153126  20.538  13.138  -41.909 0.2500000000
65185  19.926  -10.695  -24.700 0.7500000000
62867  20.723  -12.184  -24.231 0.7500000000
62865  22.316  -13.226  -25.142 0.7500000000
65187  18.574  -10.153  -24.054 0.7500000000
65203  18.796  -9.937  -24.649 0.7500000000
66283  18.685  -9.464  -25.253 0.7500000000
66282  19.482  -9.546  -25.601 0.7500000000
66280  21.088  -9.512  -25.972 0.8750000000
67375  21.116  -8.489  -26.594 0.8750000000
156332  22.192  -8.836  -26.377 0.7500000000
66296  23.258  -9.194  -26.772 0.7500000000
67372  23.317  -8.331  -26.913 0.7500000000
68551  22.546  -7.918  -26.782 0.8750000000
67393  24.309  -8.780  -27.867 0.6250000000
68591  24.745  -7.298  -28.603 0.7500000000
67435  26.461  -9.652  -30.671 0.2500000000
137315  25.394  -8.003  -29.949 0.5000000000
69736  25.333  -6.962  -29.842 0.7500000000
68636  26.039  -7.163  -31.025 0.5000000000
68635  26.592  -7.522  -31.369 0.2500000000
67433  27.582  -9.474  -31.509 0.1250000000
69784  26.843  -6.127  -32.088 0.2500000000
70891  26.200  -5.822  -31.608 0.3750000000
70880  25.846  -5.377  -30.976 0.6250000000
70901  27.395  -5.853  -32.624 0.1250000000
71983  26.372  -4.752  -32.528 0.1250000000
70912  27.544  -5.251  -33.249 0.1250000000
134102  26.161  -4.223  -31.825 0.5000000000
70911  28.662  -5.534  -33.542 0.1250000000
71991  26.720  -4.520  -33.302 0.1250000000
73076  26.257  -3.557  -33.554 0.1250000000
74155  26.260  -3.018  -33.131 0.1250000000
76223  25.728  -0.283  -31.416 0.6250000000
77270  25.344  0.398  -31.211 0.6250000000
78389  25.273  1.784  -31.616 0.6250000000
81593  24.316  4.813  -32.269 0.7500000000
83705  24.261  6.205  -32.776 0.7500000000
80581  25.749  2.936  -33.011 0.5000000000
84776  22.971  7.132  -32.757 0.7500000000
143177  25.663  2.842  -34.077 0.3750000000
83725  24.645  6.614  -33.449 0.6250000000
84793  23.557  7.796  -33.454 0.7500000000
81604  25.458  4.430  -33.527 0.5000000000
152358  24.598  3.088  -36.291 0.1250000000
79552  24.391  2.230  -36.375 0.1250000000
79543  25.083  2.102  -35.530 0.2500000000
78447  24.514  1.258  -36.064 0.1250000000
88796  21.298  11.380  -35.831 0.7500000000
87854  22.626  10.622  -35.615 0.7500000000
85840  24.268  8.163  -35.003 0.6250000000
136255  24.976  6.029  -35.633 0.3750000000
84826  24.660  7.338  -35.016 0.3750000000
81637  25.297  4.350  -35.253 0.1250000000
82716  25.167  5.181  -35.437 0.3750000000
87874  22.993  11.108  -37.078 0.3750000000
148133  24.246  6.098  -37.076 0.3750000000
81648  24.504  4.490  -36.819 0.1250000000
82737  24.098  5.503  -37.763 0.1250000000
81655  24.272  4.574  -37.566 0.1250000000
84853  23.565  7.907  -37.890 0.3750000000
86914  23.436  9.695  -38.230 0.3750000000
130068  23.520  6.956  -38.124 0.2500000000
133982  24.180  5.094  -39.146 0.1250000000
81675  24.169  3.904  -39.478 0.1250000000
80632  23.707  3.181  -38.355 0.1250000000
82748  24.044  5.287  -38.535 0.1250000000
89752  21.434  13.027  -38.877 0.3750000000
83817  23.002  6.575  -39.528 0.1250000000
89769  22.189  12.505  -39.285 0.3750000000
85896  23.153  9.157  -39.205 0.3750000000
82758  23.838  6.099  -39.600 0.1250000000
83832  22.748  6.538  -40.114 0.1250000000
83847  22.489  6.615  -40.796 0.1250000000
144820  23.522  6.744  -41.172 0.1250000000
83833  22.264  6.781  -39.953 0.1250000000
84879  21.562  6.946  -40.414 0.1250000000
81684  24.752  4.368  -40.558 0.1250000000
82767  24.556  5.670  -40.219 0.1250000000
88867  20.821  12.022  -42.346 0.2500000000
89791  20.964  12.559  -41.685 0.2500000000
85924  20.260  6.901  -41.545 0.1250000000
84902  20.315  6.809  -42.382 0.1250000000
83834  20.805  6.858  -41.067 0.1250000000
84901  21.827  7.030  -42.424 0.1250000000
88879  20.970  11.206  -42.537 0.1250000000
87943  20.605  10.337  -43.135 0.1250000000
86978  20.046  9.510  -43.722 0.1250000000
84915  19.951  7.135  -42.559 0.1250000000
84887  23.889  7.147  -41.843 0.1250000000
84903  20.003  6.834  -41.935 0.1250000000
142245  18.644  12.252  -45.126 0.1250000000
147828  19.861  11.373  -43.809 0.1250000000
62852  20.275  -12.601  -23.634 0.7500000000
61710  21.808  -13.660  -24.565 0.7500000000
66315  23.736  -9.948  -27.330 0.6250000000
73082  26.780  -3.707  -34.817 0.1250000000
72010  27.826  -3.828  -35.173 0.1250000000
154098  26.064  -3.408  -34.171 0.1250000000
83830  24.801  6.191  -40.913 0.1250000000
83846  24.401  6.731  -41.375 0.1250000000
62853  19.516  -12.233  -23.253 0.7500000000
61698  21.321  -14.006  -23.901 0.6250000000
60541  22.120  -14.607  -24.385 0.6250000000
61708  23.304  -14.169  -25.126 0.3750000000
61718  23.671  -13.571  -25.647 0.2500000000
62878  23.572  -13.168  -26.108 0.3750000000
66326  25.465  -10.109  -29.605 0.3750000000
86892  16.435  9.407  -35.308 0.3750000000
87858  17.114  10.646  -35.573 0.2500000000
62898  23.231  -12.364  -26.301 0.5000000000
149965  23.536  -11.358  -26.952 0.5000000000
65227  23.890  -11.095  -27.393 0.3750000000
60524  23.533  -14.477  -24.396 0.5000000000
61709  22.696  -14.259  -24.955 0.6250000000
66314  24.320  -9.829  -27.983 0.5000000000
60528  20.867  -14.377  -23.266 0.6250000000
65172  18.446  -10.370  -23.416 0.3750000000
62854  18.840  -11.769  -22.816 0.3750000000
61699  20.563  -13.439  -23.432 0.6250000000
136443  23.438  -15.009  -23.587 0.3750000000
60525  23.006  -15.088  -24.252 0.5000000000
60527  21.667  -14.965  -23.745 0.6250000000
66259  18.057  -9.671  -23.581 0.2500000000
146446  24.051  -13.132  -26.357 0.2500000000
61707  23.917  -13.846  -25.007 0.2500000000
62897  23.968  -12.853  -26.800 0.2500000000
64115  24.218  -12.174  -27.310 0.3750000000
65226  24.683  -11.770  -27.875 0.2500000000
65242  24.874  -11.195  -28.425 0.2500000000
146203  25.263  -10.842  -29.032 0.2500000000
77221  13.699  0.576  -27.638 0.1250000000
129601  13.054  3.641  -28.772 0.2500000000
66338  26.332  -10.695  -30.274 0.2500000000
129599  13.970  5.430  -30.764 0.3750000000
129597  13.834  4.450  -30.315 0.2500000000
88789  16.499  11.127  -34.932 0.2500000000
79429  12.970  2.228  -27.776 0.1250000000
148634  14.007  -0.131  -27.605 0.2500000000
129707  14.399  4.284  -31.163 0.3750000000
64097  22.943  -11.197  -26.337 0.5000000000
64056  19.236  -11.498  -23.501 0.5000000000
61719  23.097  -13.673  -25.553 0.5000000000
66267  18.241  -9.557  -24.494 0.3750000000
68541  17.334  -8.076  -25.070 0.2500000000
66268  17.666  -9.021  -24.256 0.3750000000
144456  24.277  -10.740  -27.805 0.2500000000
60540  22.745  -14.831  -24.515 0.5000000000
61717  24.217  -13.328  -25.554 0.2500000000
64096  23.672  -12.173  -26.864 0.3750000000
64057  18.602  -10.987  -23.079 0.3750000000
59442  22.816  -15.562  -23.417 0.3750000000
60526  22.443  -15.220  -24.026 0.5000000000
64095  24.331  -12.604  -27.040 0.2500000000
64127  25.314  -11.863  -28.358 0.2500000000
60512  19.687  -14.172  -22.150 0.5000000000
59432  21.685  -16.051  -22.673 0.3750000000
60510  21.244  -15.299  -23.059 0.5000000000
60511  20.443  -14.721  -22.611 0.5000000000
60493  19.388  -14.468  -21.431 0.3750000000
61690  18.777  -12.797  -21.845 0.5000000000
61688  20.155  -13.804  -22.765 0.5000000000
61689  19.421  -13.317  -22.325 0.5000000000
62841  19.123  -12.537  -22.564 0.3750000000
61700  19.838  -12.982  -22.992 0.5000000000
60479  18.487  -14.125  -20.088 0.1250000000
62842  18.563  -11.974  -22.054 0.2500000000
59401  19.143  -16.071  -19.814 0.1250000000
60478  19.128  -14.754  -20.673 0.2500000000
59424  19.739  -15.429  -21.280 0.3750000000
59421  22.722  -16.277  -22.008 0.2500000000
59422  21.301  -16.392  -22.043 0.3750000000
59433  20.834  -15.649  -22.404 0.5000000000
60465  18.346  -14.385  -19.292 0.1250000000
59423  20.493  -15.988  -21.738 0.3750000000
61658  18.334  -13.167  -20.211 0.1250000000
62823  18.397  -12.126  -21.220 0.1250000000
130957  25.096  -2.393  -35.265 0.1250000000
59443  22.053  -15.667  -23.378 0.3750000000
64040  18.439  -11.072  -22.264 0.2500000000
60509  23.473  -15.297  -22.727 0.2500000000
60492  20.056  -15.076  -21.964 0.5000000000
61673  19.063  -13.610  -21.630 0.5000000000
59431  22.389  -16.067  -22.742 0.3750000000
58341  22.008  -16.541  -22.172 0.3750000000
60494  18.758  -13.868  -20.873 0.2500000000
61647  18.176  -13.431  -19.401 0.1250000000
59414  18.859  -15.044  -19.918 0.1250000000
58329  22.097  -16.628  -21.435 0.2500000000
61674  18.533  -12.990  -21.048 0.1250000000
59413  19.468  -15.743  -20.547 0.2500000000
58331  20.949  -16.729  -21.419 0.2500000000
58332  20.209  -16.414  -21.082 0.2500000000
58323  20.666  -17.064  -20.683 0.1250000000
67337  17.356  -8.231  -24.069 0.1250000000
146917  16.059  7.800  -34.438 0.1250000000
84811  16.232  7.299  -34.479 0.1250000000
85848  15.914  8.275  -34.372 0.1250000000
85832  15.474  8.569  -33.244 0.1250000000
86877  15.751  9.050  -34.033 0.1250000000
87830  15.517  10.067  -32.540 0.1250000000
86863  15.629  9.920  -33.616 0.1250000000
84812  15.644  7.785  -33.693 0.1250000000
87839  15.930  10.670  -33.180 0.1250000000
88763  16.477  11.288  -32.194 0.1250000000
83730  14.748  6.789  -32.901 0.1250000000
129691  13.296  4.757  -29.307 0.1250000000
65155  18.213  -10.192  -22.681 0.1250000000
130843  17.581  -9.020  -23.204 0.1250000000
84782  14.702  8.112  -32.038 0.1250000000
155763  15.052  8.213  -32.640 0.1250000000
85818  15.425  9.331  -32.042 0.1250000000
86840  16.217  10.647  -32.089 0.1250000000
88772  16.624  12.133  -32.285 0.1250000000
89697  16.547  12.385  -32.986 0.1250000000
156239  15.046  6.233  -32.631 0.1250000000
68542  17.175  -7.315  -25.169 0.1250000000
134127  17.572  -8.594  -24.927 0.1250000000
86876  15.956  9.621  -34.763 0.1250000000
87846  16.078  10.505  -34.304 0.1250000000
154084  17.645  -9.142  -23.487 0.1250000000
139840  17.843  -9.468  -22.871 0.1250000000
140084  13.609  5.344  -30.035 0.1250000000
68532  17.252  -7.875  -24.553 0.1250000000
67347  17.410  -8.394  -24.409 0.1250000000
130020  17.468  -8.685  -23.795 0.1250000000
67336  17.460  -8.456  -23.758 0.1250000000
85819  15.074  8.753  -31.976 0.1250000000
86854  15.698  9.894  -31.848 0.1250000000
88783  16.359  11.532  -33.827 0.1250000000
87829  15.981  10.663  -32.312 0.1250000000
89688  16.916  12.657  -32.135 0.1250000000
152974  23.810  -14.764  -22.971 0.1250000000
133549  24.650  -13.448  -23.089 0.1250000000
61697  24.309  -13.662  -23.962 0.1250000000
62864  24.601  -13.123  -24.540 0.1250000000
155809  24.490  -12.837  -25.953 0.1250000000
62877  24.403  -12.760  -26.640 0.1250000000
64094  24.842  -12.368  -27.036 0.1250000000
64114  24.973  -12.114  -27.717 0.1250000000
65211  26.206  -11.020  -27.488 0.1250000000
64113  25.484  -11.812  -27.673 0.1250000000
66313  26.579  -11.186  -28.463 0.1250000000
65241  25.762  -11.970  -28.939 0.1250000000
66325  27.185  -11.484  -29.489 0.1250000000
150606  27.023  -11.766  -30.166 0.1250000000
58330  21.564  -16.664  -21.614 0.1250000000
136943  23.369  -15.703  -21.308 0.1250000000
60491  23.873  -15.079  -21.662 0.1250000000
61687  24.691  -13.676  -22.233 0.1250000000
134844  24.109  -14.544  -22.371 0.1250000000
61696  24.963  -12.979  -23.563 0.1250000000
131549  25.245  -12.378  -24.065 0.1250000000
64080  25.043  -12.198  -25.860 0.1250000000
65198  25.525  -11.572  -26.355 0.1250000000
65197  26.314  -10.721  -25.694 0.1250000000
66312  27.114  -10.341  -28.389 0.1250000000
146394  27.913  -11.123  -30.629 0.1250000000
67420  28.019  -10.837  -30.229 0.1250000000
67406  27.578  -10.025  -29.117 0.1250000000
143488  27.268  -10.013  -31.154 0.1250000000
60508  24.100  -14.206  -23.213 0.1250000000
65255  26.255  -11.700  -29.644 0.1250000000
62863  24.855  -12.579  -25.082 0.1250000000
64126  25.606  -11.819  -28.626 0.1250000000
59430  22.952  -15.902  -22.661 0.1250000000
59420  23.290  -15.727  -22.114 0.1250000000
64112  26.045  -11.886  -28.572 0.1250000000
65240  26.415  -11.998  -29.315 0.1250000000
154430  27.725  -11.273  -29.912 0.1250000000
67392  27.622  -9.089  -27.736 0.1250000000
58321  22.199  -16.565  -20.426 0.1250000000
59411  23.462  -15.633  -20.436 0.1250000000
61686  25.214  -13.004  -22.671 0.1250000000
67419  28.429  -9.613  -30.368 0.1250000000
60539  23.065  -14.677  -24.753 0.6250000000
65254  26.837  -11.941  -29.778 0.1250000000
66337  27.542  -11.556  -30.189 0.1250000000
66347  27.441  -11.010  -30.616 0.1250000000
67448  27.136  -8.305  -31.545 0.1250000000
68572  21.436  -7.448  -27.251 0.8750000000
69696  24.280  -7.208  -27.859 0.8750000000
69718  19.463  -6.778  -28.712 1.0000000000
69739  19.341  -6.181  -29.278 1.0000000000
69782  28.623  -7.151  -32.711 0.1250000000
70862  25.377  -5.881  -29.771 0.7500000000
70865  19.860  -5.737  -29.604 1.0000000000
70867  18.935  -5.300  -29.963 1.0000000000
71925  15.325  -3.899  -26.685 0.1250000000
71975  25.921  -4.654  -31.174 0.5000000000
71976  18.958  -3.708  -30.893 1.0000000000
71990  28.260  -4.843  -33.801 0.1250000000
71992  26.367  -4.143  -33.098 0.1250000000
72000  28.339  -4.400  -34.547 0.1250000000
73042  16.783  -3.077  -29.090 1.0000000000
73060  20.091  -2.712  -31.401 1.0000000000
73075  26.366  -3.840  -33.804 0.1250000000
73083  26.186  -3.528  -34.449 0.1250000000
74127  24.878  -2.279  -30.094 0.8750000000
74140  21.383  -1.989  -30.816 1.0000000000
75168  19.649  -1.563  -32.097 1.0000000000
75177  19.187  -0.963  -32.369 1.0000000000
75179  18.026  -1.161  -31.962 1.0000000000
75184  26.122  -1.518  -33.311 0.3750000000
76196  14.693  -0.288  -28.567 0.5000000000
76215  22.243  -0.610  -30.833 1.0000000000
76238  17.929  -0.462  -32.383 1.0000000000
77260  15.298  0.354  -30.016 0.6250000000
77275  21.079  0.217  -31.811 1.0000000000
77277  15.785  0.464  -30.736 1.0000000000
77287  21.193  1.018  -31.832 1.0000000000
77303  17.629  0.981  -33.028 1.0000000000
78354  13.893  1.281  -28.737 0.3750000000
78395  15.623  1.996  -31.594 0.7500000000
78423  18.725  1.446  -33.367 1.0000000000
79488  25.477  2.384  -32.233 0.5000000000
79504  20.565  2.326  -32.365 1.0000000000
79520  18.389  2.235  -33.686 1.0000000000
79522  16.989  2.641  -33.654 1.0000000000
80557  23.503  3.308  -31.531 1.0000000000
80567  20.243  2.878  -32.596 1.0000000000
80584  17.391  3.074  -33.983 1.0000000000
80585  16.807  3.403  -33.944 1.0000000000
80598  17.663  4.072  -34.392 1.0000000000
80611  24.998  2.923  -35.690 0.1250000000
81605  20.353  5.733  -32.963 1.0000000000
81607  18.645  4.737  -33.926 1.0000000000
81638  24.871  4.436  -36.034 0.1250000000
82674  25.244  5.307  -33.432 0.7500000000
83681  13.669  5.963  -30.134 0.1250000000
83707  22.377  6.349  -32.531 0.8750000000
83746  25.207  6.087  -33.811 0.7500000000
83747  24.963  6.890  -34.251 0.6250000000
83782  24.262  6.928  -36.640 0.2500000000
83805  23.216  6.585  -38.883 0.1250000000
83818  22.729  6.865  -39.397 0.1250000000
84792  24.397  7.406  -33.771 0.6250000000
84808  24.107  8.075  -34.187 0.6250000000
84840  24.354  7.633  -35.796 0.3750000000
84889  20.273  6.840  -41.681 0.1250000000
84900  23.163  7.280  -42.363 0.1250000000
85938  19.963  6.885  -42.064 0.1250000000
86855  15.407  9.493  -32.166 0.1250000000
86871  23.406  9.298  -34.921 0.7500000000
86887  23.077  9.983  -35.264 0.7500000000
86891  16.992  9.790  -35.443 0.6250000000
86903  23.510  9.816  -37.140 0.3750000000
86946  22.315  9.392  -40.432 0.3750000000
87898  22.900  11.043  -39.457 0.3750000000
88762  16.673  11.771  -32.112 0.1250000000
88773  16.346  11.426  -32.740 0.1250000000
88795  22.161  11.275  -35.966 0.7500000000
88813  23.117  11.260  -37.839 0.3750000000
88814  22.694  11.827  -37.429 0.3750000000
88866  21.428  11.831  -41.633 0.2500000000
89736  22.348  12.343  -37.755 0.3750000000
89781  21.522  12.615  -40.765 0.3750000000
90688  17.882  13.248  -37.073 0.2500000000
90692  17.764  13.364  -37.813 0.2500000000
90731  21.146  13.250  -40.259 0.3750000000
91601  19.913  14.036  -41.079 0.3750000000
132587  23.974  8.535  -35.935 0.3750000000
136527  26.094  -12.111  -29.063 0.1250000000
136850  22.496  11.643  -39.770 0.3750000000
136889  25.666  -5.887  -30.510 0.6250000000
138585  25.506  -1.508  -34.649 0.1250000000
140270  23.688  6.109  -38.331 0.1250000000
144535  28.100  -9.368  -29.479 0.1250000000
144919  25.913  1.381  -33.266 0.5000000000
144977  24.603  6.111  -36.410 0.3750000000
145231  16.185  8.747  -35.132 0.5000000000
145535  24.938  3.678  -35.827 0.1250000000
145774  15.294  -3.943  -26.721 0.1250000000
146655  18.581  -4.031  -30.459 1.0000000000
146876  26.361  -12.041  -29.301 0.1250000000
148660  16.147  4.538  -33.780 0.8750000000
149371  24.839  -4.021  -29.427 0.8750000000
150800  14.402  -0.476  -27.895 0.3750000000
151972  23.584  -4.899  -28.309 1.0000000000
152906  17.381  14.255  -37.868 0.2500000000
153493  17.823  8.173  -34.928 0.8750000000
153668  25.896  -1.457  -33.950 0.2500000000
154203  24.032  3.967  -38.016 0.1250000000
154494  25.975  -11.021  -26.661 0.1250000000
154504  26.306  -4.228  -32.542 0.5000000000
154649  24.736  -10.295  -28.567 0.2500000000
155071  21.548  -4.746  -29.140 1.0000000000
155362  17.096  -2.914  -29.544 1.0000000000
155599  25.433  -2.357  -30.529 0.6250000000
156022  24.189  -12.822  -26.773 0.1250000000
156076  24.085  -12.597  -27.082 0.2500000000
156848  13.353  2.314  -28.598 0.2500000000
156855  24.008  3.881  -38.491 0.1250000000
