#!ascii label  , from subject sub-v2s15x29738_ses-1 vox2ras=TkReg
888
119197  26.685  -52.273  -24.512 0.6000000238
125583  19.170  -55.048  -18.915 0.6999999881
14232  19.470  -55.528  -19.984 0.6999999881
15799  23.365  -53.835  -20.872 0.8999999762
15827  23.624  -53.315  -21.577 0.8000000119
128627  24.606  -52.720  -22.471 0.8000000119
16680  25.917  -52.095  -24.629 0.6000000238
17457  27.299  -51.826  -25.014 0.6999999881
18220  29.302  -49.872  -24.941 0.6999999881
15759  19.216  -53.922  -18.597 0.6999999881
14956  20.280  -54.428  -17.272 0.6999999881
14979  18.925  -54.500  -19.621 0.6999999881
15016  18.924  -54.258  -21.277 0.6000000238
15015  19.785  -54.748  -21.374 0.6999999881
15014  21.105  -54.638  -21.347 0.6999999881
124257  21.823  -53.748  -21.950 0.8000000119
15843  22.001  -53.216  -22.928 0.8000000119
15842  22.863  -53.256  -22.288 0.8000000119
15841  23.767  -52.846  -22.505 0.8000000119
136450  25.290  -52.188  -24.291 0.6000000238
17458  26.322  -51.800  -24.747 0.6000000238
18222  27.711  -50.563  -24.552 0.6999999881
19029  30.004  -49.450  -25.338 0.6999999881
15775  21.014  -53.236  -18.637 0.5000000000
15746  21.360  -53.976  -17.197 0.6000000238
15776  19.783  -53.211  -19.173 0.4000000060
132296  18.913  -53.611  -19.628 0.6000000238
15802  18.805  -53.209  -20.531 0.5000000000
15030  19.314  -54.243  -21.905 0.6000000238
15828  20.379  -54.230  -22.074 0.8000000119
15844  20.893  -53.597  -22.775 0.6999999881
16650  22.005  -52.788  -23.751 0.6999999881
16683  23.018  -52.186  -24.231 0.6999999881
17459  25.456  -51.532  -24.449 0.5000000000
125850  27.298  -49.659  -24.438 0.6000000238
132570  29.376  -48.389  -25.481 0.6000000238
19810  30.008  -48.700  -25.543 0.6000000238
19825  31.619  -48.399  -27.511 0.5000000000
16598  22.623  -53.019  -18.435 0.5000000000
15757  21.895  -53.493  -17.791 0.6000000238
15745  22.521  -53.473  -16.852 0.6000000238
16614  22.130  -52.665  -19.229 0.5000000000
16641  18.756  -53.023  -22.240 0.5000000000
15860  18.789  -52.863  -23.224 0.6000000238
16685  20.419  -52.185  -24.086 0.6000000238
136724  22.354  -52.374  -24.114 0.6000000238
17460  23.982  -51.391  -24.366 0.5000000000
116900  25.008  -50.358  -24.342 0.5000000000
19014  26.351  -49.541  -24.450 0.6000000238
19811  28.500  -48.459  -25.199 0.6000000238
19827  29.934  -47.926  -26.104 0.5000000000
20640  31.971  -46.453  -28.043 0.5000000000
20627  33.516  -46.874  -27.848 0.5000000000
20628  31.453  -47.630  -27.603 0.5000000000
15756  23.130  -53.100  -17.570 0.5000000000
15744  23.354  -52.923  -16.813 0.5000000000
16615  20.867  -52.710  -19.521 0.5000000000
16628  20.644  -52.349  -20.328 0.4000000060
17423  21.795  -51.503  -21.477 0.3000000119
16639  20.577  -51.989  -21.248 0.4000000060
17424  20.633  -51.292  -22.300 0.3000000119
118307  21.877  -50.798  -22.302 0.3000000119
17425  19.335  -51.519  -22.798 0.5000000000
17445  19.632  -51.256  -23.889 0.5000000000
18228  21.222  -50.538  -24.109 0.5000000000
18226  23.156  -50.373  -24.329 0.5000000000
18225  24.099  -50.293  -24.363 0.5000000000
19015  25.349  -49.415  -24.532 0.6000000238
19812  27.342  -48.260  -25.325 0.6000000238
20629  30.651  -47.368  -27.217 0.5000000000
21491  33.096  -46.215  -28.065 0.5000000000
16597  23.793  -52.769  -18.158 0.5000000000
17402  24.199  -52.407  -18.698 0.5000000000
17410  23.972  -52.145  -19.630 0.5000000000
17414  22.864  -51.795  -20.660 0.4000000060
16627  21.861  -52.303  -20.028 0.5000000000
133113  23.607  -51.233  -21.296 0.4000000060
17422  22.796  -51.076  -21.710 0.3000000119
18191  21.071  -50.275  -23.002 0.3000000119
18210  20.989  -50.326  -23.862 0.4000000060
18227  22.219  -50.475  -24.232 0.5000000000
19016  24.323  -49.273  -24.550 0.4000000060
19828  28.962  -47.772  -25.969 0.5000000000
21506  29.937  -45.926  -27.353 0.5000000000
20630  29.621  -47.004  -26.807 0.5000000000
21471  32.471  -46.798  -25.794 0.5000000000
135654  32.360  -46.148  -26.618 0.4000000060
21504  32.483  -45.815  -28.061 0.5000000000
16596  24.626  -52.265  -17.947 0.5000000000
17401  24.847  -51.948  -18.790 0.5000000000
17409  24.924  -51.568  -19.693 0.5000000000
17413  24.144  -51.506  -20.565 0.4000000060
17421  24.327  -50.904  -21.303 0.4000000060
127488  24.338  -50.235  -21.762 0.3000000119
18190  22.632  -50.226  -22.374 0.3000000119
18995  21.713  -49.779  -23.323 0.4000000060
19791  22.803  -48.904  -23.889 0.4000000060
19801  23.343  -48.447  -24.188 0.4000000060
19019  21.714  -49.847  -23.979 0.4000000060
19017  23.296  -49.179  -24.320 0.4000000060
19800  24.735  -48.441  -24.977 0.5000000000
19813  26.246  -48.062  -25.497 0.5000000000
21505  31.050  -45.408  -27.620 0.4000000060
22302  31.775  -45.525  -27.731 0.5000000000
17400  25.299  -51.640  -18.126 0.4000000060
18177  25.730  -50.523  -20.542 0.4000000060
18170  25.715  -51.056  -19.718 0.4000000060
18188  25.017  -50.410  -21.306 0.4000000060
18984  23.903  -49.655  -22.260 0.4000000060
19773  23.262  -49.029  -22.855 0.4000000060
18985  22.420  -49.368  -22.983 0.4000000060
19784  22.901  -48.873  -23.481 0.4000000060
20600  23.707  -47.918  -24.129 0.4000000060
19815  24.412  -47.814  -25.094 0.5000000000
19814  25.194  -47.780  -25.459 0.5000000000
125168  26.424  -46.872  -26.225 0.6000000238
21493  28.858  -46.343  -26.891 0.5000000000
119353  29.274  -45.383  -27.183 0.4000000060
121881  30.259  -45.100  -27.306 0.4000000060
18153  26.420  -50.437  -18.334 0.4000000060
18960  26.279  -50.577  -19.798 0.4000000060
18169  26.336  -50.796  -19.023 0.4000000060
18973  26.411  -50.062  -20.419 0.4000000060
19771  25.276  -48.924  -22.121 0.4000000060
19783  23.524  -48.428  -23.290 0.4000000060
20599  24.050  -47.573  -24.022 0.4000000060
20610  23.961  -47.873  -24.580 0.4000000060
20619  25.218  -47.032  -25.667 0.5000000000
20633  25.726  -46.595  -26.090 0.4000000060
21494  27.822  -46.499  -26.587 0.6000000238
18945  27.455  -49.656  -18.907 0.4000000060
18958  27.479  -49.482  -19.789 0.4000000060
19759  27.270  -49.133  -20.604 0.4000000060
18982  25.740  -49.731  -21.328 0.4000000060
19780  26.505  -48.269  -21.886 0.4000000060
19781  25.836  -48.225  -22.291 0.4000000060
20589  25.581  -47.549  -22.907 0.5000000000
131612  24.101  -48.072  -23.111 0.4000000060
20590  24.573  -47.596  -23.484 0.3000000119
21464  24.573  -47.153  -24.181 0.3000000119
20609  24.206  -47.535  -24.426 0.4000000060
21497  25.753  -45.857  -26.199 0.4000000060
22295  26.357  -45.443  -26.498 0.4000000060
21495  27.215  -45.844  -26.654 0.5000000000
19710  27.346  -49.059  -18.106 0.4000000060
19768  27.587  -48.463  -20.975 0.4000000060
20579  27.139  -48.011  -21.687 0.4000000060
20588  26.550  -47.567  -22.380 0.3000000119
21462  26.815  -46.154  -23.158 0.3000000119
21456  25.372  -46.970  -23.644 0.3000000119
21463  25.302  -46.443  -24.440 0.3000000119
21473  25.188  -46.299  -25.149 0.3000000119
23146  26.433  -44.674  -26.450 0.4000000060
23145  27.216  -44.309  -26.515 0.4000000060
20553  28.742  -47.846  -19.129 0.3000000119
20565  28.749  -47.669  -20.015 0.3000000119
20577  28.535  -47.384  -20.905 0.3000000119
21445  28.121  -47.004  -21.678 0.3000000119
21454  27.689  -46.635  -22.238 0.3000000119
22260  27.578  -45.898  -22.682 0.3000000119
21455  26.249  -46.871  -23.051 0.4000000060
121647  26.994  -44.931  -23.648 0.4000000060
124076  26.114  -46.324  -23.710 0.3000000119
23119  25.972  -44.444  -24.783 0.3000000119
23125  25.736  -44.570  -25.298 0.3000000119
24070  25.996  -44.250  -26.107 0.4000000060
24069  26.506  -43.877  -26.292 0.4000000060
24969  27.820  -42.649  -25.917 0.4000000060
22267  27.168  -45.481  -23.238 0.4000000060
24045  26.726  -43.573  -24.066 0.4000000060
23118  26.605  -44.340  -24.154 0.4000000060
24046  26.039  -43.720  -24.707 0.3000000119
24060  25.787  -43.843  -25.665 0.4000000060
24964  26.045  -42.193  -26.149 0.4000000060
25871  26.218  -41.412  -26.207 0.4000000060
24971  26.214  -43.071  -26.248 0.4000000060
129180  27.017  -41.851  -26.192 0.4000000060
24951  26.090  -42.934  -24.680 0.4000000060
25864  25.767  -41.395  -25.263 0.5000000000
25872  25.833  -41.460  -25.897 0.4000000060
124647  26.076  -40.891  -26.044 0.4000000060
25870  27.988  -41.279  -25.702 0.3000000119
26755  26.721  -40.267  -25.917 0.3000000119
16661  26.025  -52.365  -24.031 0.6999999881
15800  22.355  -54.218  -21.119 0.8000000119
16681  24.821  -52.058  -24.465 0.6000000238
16649  22.981  -52.830  -23.266 0.6999999881
16662  23.593  -52.456  -23.839 0.6999999881
19826  30.683  -48.346  -26.527 0.6000000238
16629  19.468  -52.506  -20.810 0.4000000060
16640  19.430  -52.096  -21.848 0.4000000060
15858  20.203  -53.215  -23.419 0.6999999881
16664  20.871  -52.811  -23.837 0.6999999881
16682  23.869  -52.103  -24.328 0.6999999881
16626  22.857  -52.315  -19.730 0.5000000000
17463  20.912  -51.444  -24.172 0.5000000000
18201  20.130  -50.767  -23.250 0.4000000060
19799  25.737  -48.611  -24.972 0.6000000238
20616  27.860  -47.676  -25.870 0.5000000000
20632  27.341  -47.053  -26.257 0.6000000238
19782  24.936  -48.197  -22.754 0.3000000119
21484  24.837  -46.881  -25.262 0.4000000060
20537  27.886  -48.249  -18.097 0.4000000060
22276  25.699  -45.416  -24.908 0.3000000119
24053  25.731  -43.916  -25.112 0.3000000119
24959  25.730  -43.247  -25.339 0.3000000119
26754  27.794  -40.477  -25.778 0.3000000119
11419  25.326  -59.261  -19.461 0.6000000238
11437  25.080  -59.142  -20.359 0.6000000238
11465  22.852  -58.059  -22.697 0.6000000238
12815  24.037  -57.049  -23.511 0.6000000238
10266  24.521  -61.726  -18.870 0.5000000000
10815  25.000  -60.298  -19.125 0.6000000238
12753  25.393  -57.921  -18.843 0.6999999881
12036  25.348  -58.962  -18.890 0.6999999881
10826  24.720  -60.541  -19.725 0.6000000238
12069  25.443  -58.235  -20.555 0.6000000238
12086  24.710  -58.396  -21.286 0.6000000238
12801  26.348  -56.667  -21.666 0.6000000238
12802  25.481  -56.956  -22.265 0.6000000238
118448  24.860  -56.810  -23.028 0.6000000238
13525  26.448  -56.581  -23.392 0.6000000238
12838  26.870  -57.089  -25.031 0.6999999881
10788  24.515  -60.640  -17.614 0.6000000238
11385  24.424  -59.311  -17.653 0.6999999881
10260  24.649  -61.351  -18.118 0.5000000000
12037  24.755  -58.545  -18.140 0.6999999881
10807  24.828  -60.364  -18.457 0.6999999881
13464  25.674  -56.374  -19.225 0.6999999881
12766  25.964  -56.998  -19.846 0.6999999881
12783  26.244  -56.845  -20.655 0.5000000000
13513  25.741  -56.662  -22.879 0.6000000238
117351  28.023  -56.437  -23.674 0.6000000238
13539  27.026  -56.708  -24.116 0.6999999881
13536  29.432  -56.129  -24.457 0.6999999881
13551  28.401  -57.079  -25.432 0.6999999881
13550  29.869  -56.709  -25.729 0.6999999881
13569  36.986  -56.609  -28.648 0.4000000060
14327  34.118  -56.130  -28.593 0.5000000000
14328  33.359  -55.909  -28.304 0.6000000238
124353  32.029  -56.575  -27.674 0.6000000238
119242  30.922  -56.178  -26.533 0.6999999881
130522  23.028  -61.089  -15.262 0.5000000000
10758  23.503  -60.703  -15.902 0.5000000000
12021  23.216  -58.723  -17.104 0.6000000238
10226  23.940  -61.491  -16.422 0.5000000000
13439  23.921  -57.382  -17.728 0.6999999881
11386  23.728  -59.300  -17.125 0.5000000000
10789  24.207  -59.972  -17.246 0.6000000238
13451  24.392  -56.721  -18.147 0.6999999881
14214  24.881  -56.055  -18.607 0.6999999881
14227  25.448  -55.456  -19.189 0.6999999881
14242  26.674  -55.476  -20.281 0.6999999881
13512  26.873  -56.453  -22.391 0.6000000238
129709  28.152  -56.085  -22.882 0.6000000238
13522  29.333  -55.727  -23.739 0.6999999881
14310  29.885  -56.102  -24.947 0.6999999881
14316  30.734  -55.487  -25.811 0.6999999881
14321  31.734  -55.480  -27.254 0.6000000238
15074  31.943  -54.675  -27.411 0.6000000238
11973  22.409  -58.606  -14.491 0.5000000000
10747  21.702  -60.648  -14.270 0.4000000060
12008  22.858  -58.576  -16.568 0.5000000000
11335  22.432  -59.315  -14.544 0.5000000000
11348  23.208  -59.932  -15.759 0.5000000000
12741  22.293  -57.518  -17.540 0.6000000238
12022  22.704  -58.197  -17.147 0.6000000238
130782  22.640  -56.503  -18.493 0.6999999881
12755  22.939  -57.492  -17.738 0.6000000238
14229  23.142  -55.526  -18.954 0.6999999881
14228  24.439  -55.295  -18.790 0.6999999881
14226  26.138  -55.369  -19.703 0.6999999881
14264  27.080  -55.600  -20.838 0.6999999881
13496  27.126  -56.079  -21.472 0.6999999881
15029  28.827  -54.565  -22.382 0.6999999881
15028  29.358  -54.371  -22.962 0.6999999881
15051  30.209  -54.611  -24.171 0.8000000119
127234  30.964  -54.675  -26.086 0.6999999881
123315  34.022  -53.844  -28.810 0.5000000000
15073  32.486  -54.246  -27.811 0.6000000238
15066  31.354  -54.461  -26.807 0.6000000238
11974  22.027  -58.929  -13.930 0.4000000060
12720  22.066  -57.164  -16.374 0.6000000238
11991  22.727  -58.729  -15.372 0.6000000238
12742  21.722  -57.223  -17.466 0.6000000238
13453  21.399  -56.832  -18.503 0.6000000238
14230  21.915  -55.659  -19.682 0.6000000238
14978  22.991  -54.893  -19.798 0.6999999881
14977  23.998  -54.700  -19.283 0.6999999881
15774  25.033  -54.029  -19.806 0.6999999881
14975  25.773  -54.752  -19.616 0.6999999881
15825  25.954  -53.013  -21.094 0.8000000119
15796  26.498  -53.619  -20.497 0.8000000119
15013  27.711  -54.183  -21.114 0.6000000238
138331  29.398  -53.794  -23.101 0.6000000238
15879  30.395  -53.428  -25.447 0.8000000119
15059  30.574  -54.321  -25.147 0.6999999881
15909  34.716  -52.985  -29.001 0.5000000000
136582  33.590  -53.211  -28.637 0.6000000238
118385  31.731  -52.880  -27.552 0.6999999881
12680  22.077  -57.299  -14.179 0.5000000000
12669  21.722  -57.578  -13.482 0.4000000060
12658  20.620  -57.260  -12.544 0.4000000060
13430  21.317  -56.504  -16.756 0.5000000000
12679  22.418  -57.955  -14.793 0.5000000000
13441  20.961  -56.770  -17.721 0.6000000238
14217  20.387  -56.572  -18.867 0.6000000238
14243  20.661  -55.804  -20.077 0.6000000238
14992  21.808  -55.039  -20.498 0.6999999881
15798  24.448  -53.515  -20.724 0.8000000119
116373  25.156  -53.121  -21.101 0.8000000119
15824  26.804  -53.036  -21.277 0.6000000238
16644  28.292  -52.842  -23.074 0.6000000238
15871  29.807  -53.158  -24.271 0.6999999881
16700  29.981  -52.731  -25.590 0.6999999881
17485  31.732  -51.082  -27.788 0.6999999881
118642  33.254  -52.700  -28.475 0.6000000238
17493  33.133  -51.368  -28.449 0.6000000238
18254  34.144  -50.167  -28.181 0.6000000238
16747  34.487  -52.279  -28.579 0.6000000238
17484  34.340  -51.002  -27.998 0.6000000238
14198  20.626  -55.125  -15.928 0.5000000000
13400  21.758  -56.311  -14.419 0.5000000000
13382  21.399  -56.414  -12.981 0.5000000000
13383  20.851  -56.450  -12.573 0.5000000000
14957  19.968  -54.966  -16.966 0.5000000000
13415  20.757  -55.579  -16.101 0.5000000000
117069  19.509  -55.662  -18.547 0.6000000238
16637  25.281  -52.792  -21.862 0.6999999881
16646  26.261  -52.550  -22.960 0.6000000238
16659  28.389  -52.619  -24.004 0.6000000238
16702  28.686  -52.146  -25.361 0.6000000238
16719  29.914  -52.167  -26.330 0.6999999881
18249  30.330  -50.814  -26.319 0.6000000238
17477  30.785  -51.156  -27.147 0.6000000238
124357  32.856  -50.759  -28.387 0.6999999881
16732  34.939  -52.400  -28.085 0.5000000000
18236  33.543  -51.071  -26.241 0.4000000060
14946  20.491  -54.948  -16.142 0.5000000000
14927  21.436  -54.751  -14.594 0.5000000000
14919  21.429  -54.600  -13.778 0.5000000000
119896  20.314  -54.799  -12.138 0.5000000000
14909  19.746  -54.181  -11.940 0.5000000000
15686  18.278  -54.126  -11.765 0.5000000000
17456  28.193  -51.442  -25.171 0.6000000238
17471  28.735  -51.778  -25.517 0.6000000238
18248  30.846  -50.333  -26.936 0.4000000060
19045  33.363  -49.143  -28.487 0.5000000000
139238  33.954  -49.269  -28.409 0.4000000060
139493  33.585  -50.436  -26.609 0.4000000060
18259  34.044  -49.914  -28.287 0.5000000000
15737  21.826  -53.960  -16.554 0.6000000238
15730  21.793  -54.120  -14.880 0.5000000000
15710  21.355  -53.822  -13.549 0.5000000000
15711  20.852  -53.574  -12.937 0.5000000000
15698  20.107  -53.448  -12.465 0.5000000000
15700  18.371  -53.501  -12.167 0.5000000000
16522  17.554  -53.152  -12.756 0.4000000060
15712  16.530  -53.222  -13.071 0.5000000000
15713  15.601  -53.226  -13.245 0.4000000060
16523  14.843  -53.063  -13.327 0.4000000060
15704  13.469  -53.105  -12.051 0.4000000060
18238  30.536  -49.787  -26.150 0.6000000238
18247  31.429  -49.447  -27.335 0.4000000060
19833  34.025  -48.358  -28.248 0.4000000060
19038  33.730  -49.553  -27.026 0.4000000060
119289  22.297  -53.521  -15.436 0.5000000000
15722  21.650  -53.458  -14.129 0.4000000060
16519  20.404  -52.780  -12.973 0.4000000060
16520  19.507  -52.749  -12.722 0.5000000000
17346  18.255  -51.921  -13.946 0.4000000060
16537  17.897  -52.508  -13.416 0.5000000000
16548  17.376  -52.241  -14.216 0.4000000060
17356  16.938  -52.043  -15.024 0.5000000000
122368  16.979  -52.730  -13.637 0.5000000000
17357  16.098  -52.146  -15.177 0.3000000119
17358  14.886  -52.349  -14.669 0.3000000119
123567  14.219  -51.912  -14.500 0.3000000119
20639  33.447  -46.978  -28.076 0.4000000060
16558  22.641  -52.851  -15.227 0.5000000000
16546  22.178  -52.503  -14.674 0.5000000000
16534  20.699  -52.154  -13.525 0.4000000060
16567  23.638  -52.470  -16.479 0.4000000060
16557  23.211  -52.288  -15.672 0.4000000060
17351  21.813  -51.817  -14.531 0.4000000060
18117  21.413  -50.649  -15.115 0.4000000060
17376  24.347  -51.533  -16.756 0.4000000060
17378  23.185  -51.284  -15.776 0.4000000060
18116  22.290  -50.742  -15.534 0.4000000060
18133  24.687  -50.832  -16.890 0.4000000060
18135  22.842  -50.437  -16.129 0.4000000060
18136  21.375  -50.162  -15.878 0.4000000060
18916  20.697  -49.858  -16.419 0.4000000060
18134  23.776  -50.805  -16.395 0.4000000060
17392  25.410  -51.059  -17.576 0.3000000119
18931  23.530  -49.321  -16.844 0.4000000060
18915  21.429  -49.707  -16.615 0.4000000060
18934  20.559  -49.426  -17.260 0.4000000060
18154  25.902  -50.426  -17.721 0.4000000060
18935  19.500  -49.517  -17.534 0.4000000060
19717  19.996  -49.035  -17.979 0.4000000060
19711  26.530  -49.106  -17.618 0.3000000119
19712  25.651  -48.726  -17.283 0.4000000060
130250  24.140  -48.930  -16.973 0.4000000060
19714  23.202  -48.678  -17.243 0.4000000060
19715  22.247  -48.602  -17.518 0.4000000060
19716  21.474  -48.576  -17.784 0.4000000060
20527  22.820  -47.871  -17.712 0.3000000119
16679  27.496  -52.197  -24.892 0.6000000238
14218  19.916  -55.696  -17.878 0.5000000000
18240  28.973  -50.943  -25.376 0.6000000238
19834  33.693  -48.058  -28.325 0.4000000060
12087  23.778  -58.264  -22.024 0.6000000238
115104  29.252  -56.634  -25.181 0.6999999881
14301  29.878  -55.475  -24.253 0.6999999881
14326  34.879  -56.234  -28.731 0.5000000000
15076  35.040  -53.855  -29.209 0.5000000000
13573  32.811  -56.708  -28.105 0.5000000000
129164  33.874  -55.125  -28.510 0.4000000060
14320  32.540  -55.492  -27.791 0.6000000238
10759  22.943  -60.381  -15.203 0.5000000000
14988  27.073  -54.088  -20.566 0.6999999881
15900  32.428  -53.247  -27.944 0.6000000238
12756  22.204  -57.187  -18.100 0.6000000238
14262  28.241  -54.867  -21.770 0.6999999881
15870  30.215  -53.776  -24.235 0.8000000119
15889  31.116  -53.481  -26.861 0.6999999881
11958  21.525  -58.405  -13.500 0.4000000060
15823  27.690  -53.281  -21.641 0.6000000238
15856  28.994  -53.216  -23.133 0.6000000238
16735  30.580  -52.058  -27.017 0.6999999881
15890  30.528  -52.909  -26.384 0.6999999881
16746  34.985  -52.701  -28.772 0.5000000000
15899  35.503  -53.031  -28.466 0.5000000000
16734  31.529  -52.029  -27.529 0.6999999881
16749  33.345  -51.910  -28.475 0.6000000238
16660  27.553  -52.534  -23.844 0.6999999881
16658  29.216  -52.850  -24.059 0.6999999881
16677  29.407  -52.596  -24.996 0.6999999881
18260  33.508  -49.940  -28.469 0.6000000238
17483  34.409  -51.707  -28.240 0.6000000238
17469  33.807  -51.809  -25.790 0.6000000238
14191  21.302  -55.421  -15.169 0.5000000000
14176  21.488  -55.359  -14.100 0.5000000000
14149  20.435  -55.633  -12.192 0.4000000060
16703  28.073  -52.042  -25.307 0.6000000238
18256  31.569  -50.313  -27.593 0.6000000238
15703  14.189  -53.569  -11.946 0.3000000119
122959  32.307  -49.538  -28.121 0.5000000000
118021  33.476  -48.587  -26.593 0.4000000060
16536  18.844  -52.217  -13.210 0.5000000000
16539  15.216  -52.809  -13.999 0.4000000060
16540  13.559  -52.290  -13.275 0.4000000060
18155  25.209  -50.184  -17.138 0.4000000060
18912  24.252  -49.880  -16.763 0.4000000060
9788  35.209  -62.395  -25.125 0.3000000119
9775  35.415  -61.852  -23.518 0.3000000119
12812  31.235  -56.965  -22.521 0.4000000060
15027  33.966  -54.755  -22.618 0.4000000060
14261  32.785  -55.846  -21.376 0.4000000060
132135  33.265  -55.892  -20.962 0.4000000060
13535  31.914  -56.742  -23.988 0.4000000060
133893  30.393  -58.382  -23.686 0.4000000060
12135  30.302  -58.959  -24.628 0.4000000060
11485  29.587  -59.621  -24.901 0.5000000000
11486  28.517  -60.117  -24.493 0.5000000000
11496  28.595  -60.018  -25.330 0.5000000000
14297  34.667  -55.079  -24.520 0.4000000060
14290  32.873  -55.628  -23.356 0.5000000000
12825  30.747  -57.697  -23.160 0.5000000000
10859  26.491  -59.967  -24.033 0.5000000000
15050  35.034  -54.542  -23.767 0.5000000000
14278  33.241  -55.248  -22.635 0.5000000000
15037  35.804  -54.180  -23.893 0.5000000000
15026  34.812  -54.449  -22.217 0.4000000060
15025  35.631  -54.175  -21.887 0.4000000060
14259  34.424  -55.153  -21.171 0.4000000060
14258  35.289  -55.186  -21.171 0.4000000060
13492  35.911  -55.776  -21.244 0.3000000119
12797  35.546  -57.501  -21.384 0.4000000060
14307  35.160  -56.176  -26.047 0.4000000060
12846  32.946  -57.524  -26.005 0.4000000060
12141  32.155  -58.427  -26.698 0.4000000060
14306  35.872  -55.588  -25.831 0.4000000060
13533  33.232  -56.073  -24.589 0.4000000060
13547  33.630  -56.446  -25.372 0.4000000060
119375  31.402  -58.260  -25.260 0.4000000060
12142  31.441  -58.696  -26.222 0.5000000000
11484  30.173  -59.478  -25.743 0.5000000000
14296  35.237  -55.386  -25.240 0.4000000060
14298  33.792  -55.514  -24.446 0.4000000060
13534  32.628  -56.210  -24.174 0.4000000060
11499  30.108  -59.453  -26.520 0.5000000000
138556  28.523  -59.765  -25.940 0.5000000000
131373  27.860  -59.669  -25.522 0.5000000000
11498  27.004  -58.706  -25.620 0.6000000238
138263  26.632  -57.982  -25.690 0.6000000238
12136  26.279  -58.623  -25.202 0.6000000238
12848  29.129  -57.443  -26.194 0.6000000238
117918  28.179  -57.828  -26.155 0.6000000238
12137  25.410  -58.015  -25.082 0.5000000000
15821  36.250  -54.083  -21.726 0.4000000060
13540  26.124  -56.816  -24.295 0.5000000000
14257  36.245  -55.006  -21.360 0.4000000060
14255  37.905  -54.640  -21.705 0.4000000060
124746  36.370  -56.417  -21.466 0.4000000060
12857  33.466  -57.646  -27.540 0.4000000060
12858  32.580  -57.872  -27.518 0.5000000000
12148  31.485  -58.645  -27.231 0.5000000000
12860  31.095  -58.387  -27.387 0.5000000000
11501  28.822  -59.358  -26.371 0.5000000000
12853  30.507  -57.905  -27.254 0.5000000000
11502  28.361  -58.562  -26.389 0.6000000238
13559  30.730  -57.010  -26.992 0.6000000238
12854  29.664  -58.261  -26.918 0.6000000238
135489  35.314  -62.555  -26.837 0.3000000119
125873  36.664  -60.856  -22.446 0.3000000119
12809  39.306  -57.124  -22.931 0.3000000119
14314  35.850  -56.164  -26.512 0.4000000060
13555  35.419  -56.672  -27.001 0.4000000060
125787  35.598  -56.922  -27.860 0.4000000060
13556  34.164  -57.362  -27.011 0.4000000060
12862  33.865  -57.292  -28.147 0.4000000060
12859  31.811  -58.129  -27.453 0.5000000000
13572  33.576  -56.829  -28.352 0.4000000060
119285  26.712  -57.622  -25.539 0.6000000238
119379  25.011  -57.506  -24.701 0.5000000000
12861  34.664  -57.215  -28.061 0.4000000060
12837  31.658  -57.562  -24.639 0.4000000060
11489  25.893  -58.927  -24.676 0.5000000000
124814  38.552  -56.889  -22.545 0.3000000119
132028  34.786  -56.803  -26.733 0.4000000060
137145  30.084  -59.363  -26.867 0.5000000000
22285  25.538  -45.423  -25.655 0.3000000119
9714  24.432  -62.196  -18.186 0.5000000000
9726  24.218  -62.359  -18.838 0.5000000000
9762  35.980  -61.776  -22.883 0.3000000119
10199  22.651  -61.831  -15.048 0.5000000000
10278  24.368  -61.298  -19.725 0.6000000238
10746  22.428  -60.947  -14.753 0.5000000000
10771  24.056  -60.679  -16.807 0.5000000000
10806  25.218  -59.731  -18.995 0.6000000238
11323  21.244  -59.265  -13.606 0.4000000060
11349  22.859  -59.587  -15.220 0.5000000000
11363  23.556  -59.854  -16.524 0.5000000000
11364  23.088  -59.279  -16.019 0.5000000000
11406  24.884  -59.492  -18.366 0.6999999881
11420  25.067  -59.841  -19.633 0.6000000238
11438  24.506  -59.933  -20.458 0.6000000238
11451  23.168  -58.975  -21.966 0.6000000238
11487  27.907  -60.152  -24.845 0.5000000000
11488  26.974  -59.524  -24.943 0.5000000000
11495  29.329  -59.814  -25.889 0.5000000000
11497  27.958  -59.091  -26.093 0.6000000238
11500  29.608  -59.398  -26.649 0.5000000000
12007  23.247  -59.135  -16.700 0.5000000000
12020  24.010  -58.649  -17.435 0.6999999881
12051  25.528  -58.575  -19.619 0.6000000238
12085  25.195  -57.588  -21.560 0.6000000238
12104  24.316  -57.649  -22.168 0.6000000238
12105  23.270  -57.349  -23.201 0.6000000238
12134  30.950  -58.113  -24.351 0.4000000060
12143  30.770  -59.211  -26.454 0.5000000000
12144  26.144  -58.017  -25.487 0.6000000238
12145  31.411  -58.950  -26.983 0.5000000000
12146  30.592  -59.263  -26.999 0.5000000000
12147  29.152  -58.853  -26.775 0.5000000000
12149  31.050  -58.924  -27.227 0.5000000000
12150  30.473  -58.711  -27.217 0.5000000000
12657  21.342  -57.071  -12.906 0.4000000060
12694  22.507  -57.931  -15.919 0.6000000238
12695  22.168  -57.152  -15.168 0.5000000000
12719  22.323  -57.882  -17.008 0.6000000238
12739  24.186  -58.008  -17.689 0.6999999881
12740  23.240  -58.099  -17.447 0.6000000238
12754  24.679  -57.542  -18.165 0.6999999881
12767  25.701  -57.749  -19.742 0.6999999881
12784  25.834  -57.495  -20.592 0.6000000238
12803  24.512  -57.117  -22.714 0.6000000238
12810  38.543  -57.661  -22.764 0.3000000119
12814  24.897  -56.865  -23.655 0.6000000238
12824  31.335  -57.267  -23.665 0.5000000000
12836  32.368  -57.112  -24.898 0.4000000060
12839  26.124  -57.223  -25.049 0.5000000000
12840  25.687  -57.592  -25.114 0.5000000000
12847  32.015  -57.988  -25.677 0.4000000060
12849  27.492  -57.413  -25.588 0.6000000238
12850  26.211  -57.711  -25.426 0.6000000238
12851  33.470  -57.669  -26.864 0.4000000060
12852  32.835  -58.096  -27.071 0.4000000060
12855  28.823  -58.189  -26.578 0.6000000238
12856  34.788  -57.121  -27.496 0.4000000060
13392  21.493  -55.970  -13.475 0.5000000000
13414  21.614  -56.320  -15.631 0.5000000000
13431  20.577  -55.916  -16.992 0.5000000000
13440  21.438  -57.176  -18.064 0.6000000238
13442  20.383  -56.153  -17.642 0.5000000000
13450  25.166  -56.922  -18.636 0.6999999881
13452  23.400  -56.860  -17.994 0.6000000238
13454  20.668  -56.713  -18.254 0.6000000238
13463  26.259  -56.186  -19.944 0.6999999881
13478  26.695  -56.213  -20.781 0.5000000000
13491  36.834  -55.787  -21.526 0.4000000060
13493  34.925  -56.797  -20.859 0.3000000119
13510  28.536  -55.433  -22.519 0.6999999881
13511  27.772  -55.881  -22.132 0.6999999881
13520  32.180  -56.087  -23.134 0.4000000060
13521  31.661  -56.664  -23.181 0.4000000060
13523  28.718  -55.939  -23.294 0.6999999881
13524  27.419  -56.385  -23.059 0.6000000238
13526  25.659  -56.742  -23.759 0.6000000238
13537  28.749  -56.443  -24.291 0.6999999881
13538  27.769  -56.834  -24.699 0.6999999881
13546  34.320  -56.606  -26.097 0.4000000060
13548  32.961  -56.647  -24.994 0.4000000060
13549  30.437  -56.503  -26.161 0.6999999881
13554  36.211  -56.492  -27.293 0.4000000060
13557  33.717  -57.126  -26.284 0.4000000060
13558  31.361  -56.392  -27.148 0.6000000238
13560  30.041  -57.362  -26.594 0.6000000238
13563  36.639  -56.704  -28.034 0.4000000060
13564  33.080  -57.324  -28.018 0.4000000060
13565  32.288  -57.386  -27.736 0.5000000000
13566  31.373  -57.476  -27.454 0.5000000000
13571  34.357  -56.853  -28.395 0.4000000060
14148  21.136  -55.753  -12.818 0.5000000000
14162  21.300  -55.162  -13.274 0.5000000000
14163  20.857  -54.977  -12.632 0.5000000000
14199  20.274  -55.158  -16.491 0.5000000000
14208  20.075  -55.396  -17.117 0.5000000000
14215  23.885  -56.008  -18.305 0.6999999881
14216  21.724  -56.296  -19.063 0.6000000238
14231  19.791  -56.099  -19.438 0.6000000238
14241  27.149  -54.839  -20.613 0.6999999881
14256  37.098  -54.868  -21.539 0.4000000060
14260  33.559  -55.346  -21.383 0.4000000060
14263  27.581  -55.266  -21.252 0.6999999881
14280  29.187  -55.171  -22.975 0.6999999881
14288  34.228  -54.839  -23.656 0.5000000000
14289  33.507  -55.203  -23.473 0.5000000000
14299  33.158  -55.651  -24.043 0.4000000060
14300  30.362  -55.339  -24.882 0.6999999881
14308  34.446  -55.821  -25.287 0.4000000060
14309  30.287  -56.063  -25.453 0.6999999881
14313  37.189  -56.164  -27.399 0.4000000060
14315  31.211  -55.415  -26.573 0.6000000238
14895  18.136  -54.720  -11.590 0.5000000000
14908  20.565  -54.205  -12.467 0.5000000000
14910  18.942  -53.939  -11.821 0.5000000000
14920  21.149  -54.365  -13.035 0.5000000000
14936  21.151  -54.843  -15.428 0.5000000000
14966  19.406  -54.683  -17.863 0.5000000000
14976  25.019  -54.658  -19.299 0.6999999881
14989  26.495  -54.569  -20.086 0.6999999881
14990  23.897  -54.169  -20.006 0.6999999881
14991  22.927  -54.441  -20.480 0.6999999881
14993  20.319  -55.309  -20.752 0.6999999881
14994  19.230  -54.922  -20.635 0.6000000238
15010  35.845  -54.548  -21.520 0.4000000060
15011  35.026  -54.658  -21.508 0.4000000060
15012  34.168  -54.782  -21.731 0.4000000060
15031  18.873  -53.677  -22.028 0.6000000238
15038  35.501  -54.160  -22.874 0.4000000060
15039  34.689  -54.518  -23.020 0.4000000060
15040  29.826  -54.132  -23.546 0.6999999881
15041  29.696  -54.883  -23.546 0.6999999881
15058  35.846  -55.007  -25.219 0.4000000060
15067  30.781  -53.862  -26.151 0.6999999881
15077  34.675  -55.070  -28.826 0.5000000000
15078  33.226  -54.700  -28.214 0.6000000238
15699  19.222  -53.412  -12.241 0.5000000000
15702  14.998  -53.551  -12.494 0.3000000119
15721  22.120  -53.214  -14.695 0.4000000060
15758  20.384  -53.920  -17.824 0.6999999881
15773  25.892  -54.091  -19.868 0.6999999881
15777  18.739  -54.023  -20.451 0.5000000000
15795  27.196  -53.566  -20.948 0.6000000238
15797  25.551  -53.499  -20.409 0.8000000119
15801  19.583  -52.841  -19.906 0.4000000060
15803  18.767  -53.538  -21.321 0.5000000000
15820  36.791  -53.941  -21.782 0.4000000060
15822  28.409  -53.962  -21.854 0.6999999881
15826  24.463  -52.997  -21.673 0.8000000119
15838  36.390  -53.781  -22.265 0.4000000060
15839  28.969  -53.836  -22.540 0.6000000238
15840  28.413  -53.312  -22.374 0.6000000238
15845  19.518  -53.643  -22.663 0.6000000238
15846  18.769  -53.138  -22.851 0.6000000238
15855  29.636  -53.478  -23.649 0.6999999881
15857  21.227  -53.157  -23.451 0.6999999881
15859  19.148  -53.056  -23.328 0.6000000238
15901  31.737  -53.747  -27.386 0.6000000238
15908  35.469  -53.264  -29.077 0.5000000000
15910  34.033  -52.762  -28.795 0.6000000238
15911  33.130  -53.648  -28.331 0.6000000238
16521  18.542  -52.876  -12.710 0.5000000000
16524  14.089  -52.951  -12.788 0.4000000060
16525  13.226  -52.559  -12.587 0.4000000060
16533  21.121  -52.980  -13.482 0.4000000060
16535  19.821  -52.073  -13.190 0.5000000000
16538  16.072  -52.867  -13.886 0.5000000000
16547  21.534  -52.472  -14.103 0.5000000000
16549  16.508  -52.462  -14.464 0.5000000000
16550  15.656  -52.524  -14.651 0.4000000060
16566  24.155  -52.149  -16.772 0.4000000060
16568  23.060  -53.125  -15.998 0.5000000000
16579  24.487  -52.098  -17.238 0.5000000000
16580  23.991  -52.569  -17.284 0.4000000060
16613  23.327  -52.611  -19.012 0.5000000000
16630  18.818  -52.772  -21.481 0.4000000060
16635  26.962  -52.694  -22.211 0.6000000238
16636  26.127  -52.699  -22.001 0.6999999881
16638  21.627  -52.077  -20.791 0.5000000000
16645  27.702  -52.770  -22.651 0.6000000238
16647  25.278  -52.541  -23.195 0.6999999881
16648  24.230  -52.585  -23.247 0.8000000119
16651  18.726  -52.543  -23.070 0.6000000238
16663  22.822  -52.533  -23.907 0.6999999881
16665  19.789  -52.698  -23.762 0.6000000238
16666  19.051  -52.548  -23.504 0.6000000238
16676  30.125  -53.200  -24.809 0.8000000119
16678  28.461  -52.346  -24.951 0.6000000238
16684  21.499  -52.321  -24.131 0.6999999881
16686  19.524  -51.970  -23.925 0.6000000238
16701  29.300  -52.169  -25.737 0.6999999881
16718  31.092  -52.764  -27.119 0.6999999881
16733  32.489  -52.235  -28.079 0.6999999881
16748  33.973  -52.036  -28.637 0.6000000238
17345  19.178  -51.631  -13.741 0.4000000060
17347  14.353  -52.538  -13.826 0.3000000119
17355  17.776  -51.723  -14.745 0.4000000060
17359  13.533  -51.436  -14.246 0.3000000119
17362  22.523  -52.085  -14.998 0.4000000060
17363  22.089  -51.296  -14.932 0.4000000060
17377  23.797  -51.767  -16.232 0.4000000060
17393  24.889  -51.634  -17.406 0.3000000119
17408  25.583  -51.385  -18.870 0.4000000060
17426  18.814  -52.292  -22.456 0.5000000000
17435  19.480  -51.362  -23.477 0.5000000000
17436  18.892  -51.886  -23.125 0.5000000000
17446  19.068  -51.873  -23.535 0.5000000000
17461  23.086  -51.465  -24.356 0.6000000238
17462  22.075  -51.592  -24.289 0.5000000000
17464  20.015  -51.413  -24.109 0.6000000238
17470  29.610  -51.486  -25.912 0.6000000238
17478  30.224  -51.606  -26.561 0.6999999881
17491  34.206  -51.632  -28.407 0.6000000238
17492  33.938  -51.327  -28.533 0.6000000238
18164  25.883  -51.031  -18.283 0.4000000060
18178  25.012  -51.066  -20.578 0.4000000060
18189  23.572  -50.459  -21.903 0.3000000119
18200  20.961  -50.287  -23.541 0.4000000060
18211  20.180  -50.778  -23.793 0.5000000000
18221  28.490  -50.281  -24.720 0.6999999881
18223  26.844  -50.608  -24.359 0.6000000238
18224  25.913  -50.503  -24.312 0.5000000000
18229  20.305  -50.764  -24.028 0.5000000000
18239  29.892  -50.384  -25.545 0.6000000238
18245  34.111  -50.346  -27.637 0.6000000238
18246  33.186  -50.517  -25.795 0.4000000060
18253  34.139  -50.867  -28.285 0.6000000238
18255  32.555  -50.126  -28.260 0.6000000238
18913  23.257  -49.909  -16.574 0.4000000060
18914  22.318  -49.721  -16.597 0.4000000060
18928  26.886  -49.797  -18.233 0.4000000060
18929  25.778  -49.604  -17.410 0.3000000119
18930  24.984  -49.263  -17.035 0.4000000060
18932  22.681  -49.230  -17.006 0.4000000060
18933  21.625  -49.177  -17.280 0.4000000060
18946  26.869  -50.254  -18.821 0.4000000060
18959  26.906  -50.158  -19.541 0.4000000060
18972  26.593  -49.396  -20.965 0.4000000060
18983  24.776  -49.659  -21.951 0.4000000060
18986  21.851  -49.920  -22.851 0.3000000119
18994  22.315  -49.330  -23.616 0.4000000060
19003  22.302  -49.378  -23.902 0.4000000060
19004  21.717  -49.820  -23.768 0.4000000060
19012  29.397  -48.976  -24.987 0.6000000238
19013  28.611  -49.345  -24.706 0.6000000238
19018  22.434  -49.528  -24.106 0.4000000060
19028  30.427  -49.084  -25.868 0.6999999881
19039  30.896  -49.048  -26.579 0.5000000000
19046  32.587  -48.620  -28.232 0.4000000060
19054  33.986  -48.747  -28.407 0.4000000060
19713  24.788  -48.399  -17.199 0.4000000060
19725  28.307  -48.461  -18.852 0.3000000119
19726  27.842  -48.940  -18.646 0.4000000060
19742  28.373  -48.378  -19.658 0.3000000119
19743  27.975  -49.037  -19.329 0.4000000060
19757  28.205  -48.107  -20.520 0.3000000119
19758  27.896  -48.836  -20.151 0.4000000060
19769  26.887  -48.708  -21.326 0.4000000060
19770  26.143  -48.879  -21.672 0.4000000060
19772  24.227  -48.809  -22.608 0.3000000119
19790  23.305  -48.385  -23.818 0.4000000060
19797  27.807  -49.019  -24.692 0.6000000238
19798  26.842  -48.841  -24.777 0.6000000238
19802  22.754  -48.991  -24.050 0.4000000060
19823  34.143  -48.328  -27.905 0.4000000060
20528  21.823  -48.005  -17.986 0.3000000119
20536  28.439  -47.857  -18.452 0.4000000060
20578  27.845  -47.726  -21.329 0.3000000119
20587  27.421  -47.297  -22.038 0.4000000060
20591  23.794  -47.943  -23.682 0.4000000060
20617  26.816  -47.515  -25.863 0.6000000238
20618  25.860  -47.289  -25.874 0.5000000000
20620  24.431  -47.403  -24.921 0.4000000060
20626  33.903  -47.643  -28.091 0.4000000060
20631  28.369  -47.089  -26.420 0.5000000000
20641  30.790  -46.313  -27.601 0.5000000000
21474  24.670  -46.987  -24.759 0.4000000060
21481  33.047  -46.349  -27.384 0.5000000000
21483  25.330  -46.356  -25.715 0.4000000060
21492  32.401  -45.768  -27.684 0.5000000000
21496  26.302  -46.198  -26.403 0.4000000060
21507  28.286  -45.746  -26.874 0.6000000238
22268  26.635  -45.639  -23.706 0.3000000119
22269  26.050  -45.801  -24.229 0.3000000119
22294  27.114  -45.030  -26.741 0.4000000060
22304  29.538  -44.738  -27.024 0.4000000060
23135  25.756  -44.609  -25.849 0.4000000060
23147  25.878  -45.045  -26.226 0.4000000060
24068  27.110  -43.496  -26.352 0.4000000060
24958  25.742  -42.283  -25.563 0.3000000119
24965  25.761  -42.977  -25.935 0.4000000060
24970  26.895  -42.728  -26.324 0.4000000060
24972  25.939  -43.539  -26.065 0.4000000060
115272  30.849  -58.820  -25.456 0.5000000000
115394  27.076  -46.753  -22.638 0.3000000119
117079  25.876  -57.162  -21.347 0.6000000238
117146  29.031  -60.009  -25.025 0.5000000000
118923  34.630  -62.707  -27.129 0.3000000119
119211  35.711  -56.597  -21.220 0.3000000119
119616  34.944  -62.091  -24.208 0.3000000119
119762  22.843  -53.651  -21.539 0.8000000119
120663  26.830  -40.976  -26.215 0.4000000060
120830  22.063  -50.122  -16.131 0.4000000060
120836  23.961  -48.354  -24.621 0.5000000000
121217  22.393  -60.123  -14.604 0.5000000000
121310  23.160  -49.726  -22.466 0.3000000119
121490  21.715  -56.760  -13.535 0.4000000060
122154  20.923  -54.406  -16.670 0.5000000000
122940  20.815  -48.844  -17.840 0.4000000060
123497  22.169  -58.114  -13.978 0.5000000000
123727  31.754  -45.710  -27.882 0.5000000000
124482  24.768  -47.371  -25.315 0.5000000000
125301  21.585  -54.151  -14.185 0.5000000000
126651  32.698  -47.360  -28.200 0.4000000060
127407  34.194  -57.404  -27.713 0.4000000060
128139  33.776  -50.645  -28.472 0.6000000238
129001  21.575  -54.247  -15.860 0.6000000238
129524  26.869  -52.520  -23.399 0.6000000238
130414  26.366  -45.102  -24.248 0.3000000119
130645  24.494  -52.269  -24.073 0.6999999881
130696  20.866  -56.218  -19.519 0.6000000238
131033  33.527  -54.994  -22.000 0.4000000060
131652  25.630  -57.188  -19.226 0.6999999881
131814  32.312  -51.496  -28.061 0.6999999881
132238  34.053  -51.364  -26.981 0.6000000238
132271  27.417  -58.135  -25.970 0.6000000238
133138  25.807  -40.937  -25.579 0.4000000060
133632  31.392  -53.214  -27.230 0.6999999881
133655  29.903  -59.090  -27.050 0.5000000000
133857  22.707  -51.541  -15.327 0.4000000060
133986  32.077  -58.475  -27.183 0.5000000000
134776  24.802  -60.961  -18.975 0.6000000238
134780  36.656  -53.792  -24.069 0.5000000000
135515  24.508  -54.361  -19.575 0.6999999881
135966  22.351  -53.631  -16.088 0.6000000238
136064  34.100  -49.211  -28.245 0.4000000060
136272  35.320  -55.641  -28.979 0.5000000000
136309  25.325  -57.085  -24.507 0.5000000000
136495  30.358  -53.660  -24.840 0.8000000119
136551  25.919  -55.849  -19.477 0.6999999881
136611  32.918  -46.356  -28.179 0.5000000000
136815  31.076  -51.600  -27.351 0.6999999881
136858  24.615  -59.960  -17.856 0.6999999881
137127  13.746  -51.988  -13.912 0.3000000119
137203  25.483  -54.402  -19.630 0.6999999881
137499  23.660  -52.667  -23.218 0.8000000119
137678  26.990  -46.527  -26.424 0.6000000238
137773  26.968  -49.691  -20.273 0.4000000060
138223  26.663  -52.094  -24.846 0.6000000238
138667  26.486  -56.919  -24.690 0.6999999881
138749  24.703  -51.183  -24.333 0.5000000000
139179  26.356  -49.922  -17.817 0.4000000060
139210  28.015  -49.725  -24.511 0.6999999881
139380  26.967  -39.707  -25.811 0.3000000119
