#!ascii label  , from subject sub-v2s15x29738_ses-1 vox2ras=TkReg
371
14057  31.737  -55.143  -6.873 0.0000000000
133331  33.749  -60.666  -17.948 0.0000000000
9601  31.424  -62.483  -9.599 0.0000000000
11957  31.105  -57.743  -13.060 0.0000000000
7891  37.623  -64.436  -12.600 0.0000000000
9068  36.028  -63.122  -11.447 0.0000000000
7866  40.193  -65.102  -9.780 0.0000000000
11361  31.982  -59.589  -16.281 0.0000000000
14143  34.423  -55.439  -12.619 0.0000000000
11295  28.792  -58.913  -8.704 0.0000000000
10730  30.877  -60.092  -11.225 0.0000000000
10193  33.529  -61.285  -13.568 0.0000000000
7911  33.881  -64.764  -14.910 0.0000000000
6956  36.623  -67.798  -14.333 0.0000000000
15592  33.535  -52.987  -4.718 0.0000000000
12588  28.783  -57.707  -5.801 0.0000000000
9580  29.466  -62.323  -7.021 0.0000000000
12629  35.641  -56.909  -9.493 0.0000000000
8488  37.739  -64.404  -9.710 0.0000000000
120194  32.900  -59.773  -17.367 0.0000000000
12717  32.896  -57.398  -16.754 0.0000000000
10174  29.817  -61.024  -9.108 0.0000000000
10179  31.469  -61.474  -10.628 0.0000000000
9081  36.809  -63.009  -12.521 0.0000000000
9637  34.763  -61.845  -12.846 0.0000000000
9091  35.885  -62.976  -13.362 0.0000000000
9650  33.719  -62.574  -14.525 0.0000000000
7900  35.901  -65.131  -13.481 0.0000000000
6958  34.580  -67.047  -15.455 0.0000000000
11252  29.501  -59.521  -4.548 0.0000000000
10676  28.744  -60.172  -5.739 0.0000000000
10131  29.363  -61.721  -5.173 0.0000000000
139509  30.592  -55.915  -11.626 0.0000000000
14128  32.342  -54.902  -11.241 0.0000000000
13365  38.080  -55.532  -11.145 0.0000000000
12637  38.784  -57.175  -10.354 0.0000000000
9047  34.291  -63.957  -9.366 0.0000000000
9060  32.781  -62.865  -10.255 0.0000000000
9045  35.944  -64.063  -9.849 0.0000000000
9056  37.988  -63.670  -11.004 0.0000000000
7889  39.995  -64.812  -11.573 0.0000000000
138401  31.468  -58.083  -14.572 0.0000000000
14160  32.082  -55.376  -13.343 0.0000000000
13398  32.074  -56.133  -14.982 0.0000000000
14173  34.106  -55.496  -14.419 0.0000000000
10257  35.801  -61.418  -18.478 0.0000000000
13326  29.230  -56.227  -8.146 0.0000000000
12646  29.814  -57.302  -10.928 0.0000000000
11316  31.001  -59.001  -12.135 0.0000000000
9625  33.033  -61.960  -11.484 0.0000000000
10728  32.207  -60.772  -12.242 0.0000000000
117709  31.691  -59.182  -13.581 0.0000000000
11333  32.249  -60.153  -14.706 0.0000000000
9660  33.107  -62.345  -15.738 0.0000000000
117791  33.250  -62.138  -17.071 0.0000000000
7411  37.029  -66.245  -13.415 0.0000000000
7419  35.532  -66.509  -14.241 0.0000000000
8544  33.745  -64.620  -16.288 0.0000000000
9136  34.169  -63.206  -17.559 0.0000000000
14814  35.198  -54.414  -5.150 0.0000000000
15619  32.962  -53.929  -6.039 0.0000000000
14039  30.525  -54.924  -5.057 0.0000000000
118384  29.337  -56.007  -6.454 0.0000000000
11907  28.462  -58.406  -7.021 0.0000000000
10694  29.104  -60.940  -7.763 0.0000000000
9591  30.485  -62.397  -8.408 0.0000000000
131460  30.583  -63.731  -7.323 0.0000000000
9036  31.571  -63.576  -8.504 0.0000000000
13368  34.867  -55.814  -11.093 0.0000000000
14056  32.619  -55.377  -6.938 0.0000000000
14054  34.483  -55.743  -6.512 0.0000000000
14076  32.163  -55.633  -7.559 0.0000000000
137780  33.416  -60.132  -17.710 0.0000000000
12019  33.048  -58.864  -17.443 0.0000000000
9602  30.765  -62.121  -9.202 0.0000000000
10711  30.217  -60.723  -9.779 0.0000000000
10172  31.101  -61.801  -9.912 0.0000000000
8505  37.317  -63.504  -12.438 0.0000000000
9644  36.299  -62.668  -13.006 0.0000000000
8513  36.679  -64.256  -12.975 0.0000000000
8514  35.823  -64.088  -13.369 0.0000000000
7899  36.825  -65.301  -13.157 0.0000000000
6444  34.573  -68.281  -16.682 0.0000000000
10675  29.171  -60.226  -4.998 0.0000000000
13381  30.679  -56.305  -12.157 0.0000000000
14147  31.030  -55.632  -12.101 0.0000000000
13390  31.118  -56.040  -12.812 0.0000000000
14098  38.831  -55.500  -10.079 0.0000000000
9046  35.221  -64.036  -9.557 0.0000000000
8472  39.405  -64.987  -9.381 0.0000000000
8487  38.746  -64.360  -10.103 0.0000000000
8486  39.747  -64.457  -10.392 0.0000000000
8495  38.940  -63.832  -11.357 0.0000000000
8485  40.317  -64.798  -10.586 0.0000000000
128854  31.575  -58.503  -14.998 0.0000000000
12678  31.552  -57.643  -15.096 0.0000000000
11990  31.688  -58.294  -15.781 0.0000000000
14189  33.729  -55.732  -15.128 0.0000000000
14172  35.086  -55.588  -14.299 0.0000000000
14158  35.691  -55.640  -13.560 0.0000000000
12619  28.597  -57.488  -8.296 0.0000000000
13336  28.777  -56.851  -8.461 0.0000000000
12632  28.756  -57.484  -9.004 0.0000000000
11938  30.591  -58.416  -11.785 0.0000000000
11307  30.612  -59.243  -11.411 0.0000000000
9610  34.251  -62.756  -11.033 0.0000000000
9611  33.328  -62.545  -10.872 0.0000000000
9624  33.987  -62.178  -11.831 0.0000000000
10189  34.302  -61.751  -13.368 0.0000000000
10183  33.645  -61.564  -12.642 0.0000000000
10190  32.890  -61.047  -12.840 0.0000000000
10734  32.386  -60.417  -13.088 0.0000000000
10194  32.917  -60.867  -13.490 0.0000000000
10738  32.678  -60.462  -13.951 0.0000000000
10737  33.127  -60.973  -14.032 0.0000000000
8526  34.285  -63.950  -14.237 0.0000000000
9651  33.403  -62.088  -14.883 0.0000000000
116254  33.320  -62.843  -15.339 0.0000000000
9678  33.201  -62.595  -16.494 0.0000000000
9103  33.361  -63.505  -15.832 0.0000000000
5930  39.119  -70.290  -15.014 0.0000000000
119509  37.345  -68.524  -14.451 0.0000000000
6415  38.343  -68.792  -14.364 0.0000000000
6955  37.778  -67.989  -13.945 0.0000000000
6945  37.309  -67.133  -13.690 0.0000000000
7418  36.318  -66.865  -13.994 0.0000000000
6957  35.416  -67.277  -14.678 0.0000000000
115825  34.312  -66.690  -16.226 0.0000000000
7426  34.288  -66.233  -15.478 0.0000000000
7929  34.096  -65.327  -16.511 0.0000000000
8543  33.944  -64.462  -16.849 0.0000000000
128389  34.429  -64.067  -17.376 0.0000000000
14802  35.236  -54.170  -4.369 0.0000000000
15603  34.173  -53.384  -5.066 0.0000000000
14815  34.410  -54.020  -5.641 0.0000000000
15604  33.515  -53.511  -5.493 0.0000000000
133195  29.597  -57.392  -4.630 0.0000000000
14027  29.932  -55.665  -4.801 0.0000000000
13298  29.410  -56.222  -5.440 0.0000000000
14040  29.898  -55.512  -5.681 0.0000000000
13299  28.889  -56.812  -6.086 0.0000000000
12598  28.568  -57.536  -6.716 0.0000000000
11899  28.576  -58.450  -6.280 0.0000000000
10162  28.684  -60.990  -6.261 0.0000000000
10695  28.668  -60.589  -7.090 0.0000000000
10161  28.936  -61.420  -7.008 0.0000000000
10170  29.587  -61.315  -8.347 0.0000000000
138602  30.133  -62.602  -7.700 0.0000000000
8451  31.471  -64.797  -7.479 0.0000000000
8465  31.172  -64.037  -7.796 0.0000000000
9037  30.768  -63.166  -7.940 0.0000000000
119350  32.826  -55.130  -13.101 0.0000000000
14126  34.183  -55.328  -11.733 0.0000000000
12638  37.816  -57.286  -10.433 0.0000000000
10787  32.415  -60.087  -16.780 0.0000000000
12006  31.928  -58.155  -16.354 0.0000000000
11285  28.997  -59.701  -8.631 0.0000000000
11294  29.204  -59.239  -9.328 0.0000000000
120821  29.573  -60.161  -9.388 0.0000000000
10718  31.183  -60.795  -10.928 0.0000000000
9621  36.419  -62.832  -12.265 0.0000000000
9622  35.754  -62.619  -12.225 0.0000000000
9635  36.178  -62.533  -12.875 0.0000000000
9645  35.825  -62.357  -13.087 0.0000000000
119153  35.106  -62.021  -13.201 0.0000000000
9647  33.874  -61.826  -14.109 0.0000000000
9092  34.975  -62.824  -13.655 0.0000000000
8515  34.987  -63.981  -13.712 0.0000000000
119259  34.449  -64.686  -14.218 0.0000000000
6417  35.760  -68.127  -14.847 0.0000000000
6962  34.993  -67.878  -15.414 0.0000000000
6432  34.467  -67.578  -16.279 0.0000000000
11890  29.302  -58.725  -4.795 0.0000000000
11265  28.619  -59.311  -5.993 0.0000000000
11264  28.961  -59.428  -5.260 0.0000000000
10140  29.002  -60.956  -5.463 0.0000000000
10141  28.977  -61.583  -5.798 0.0000000000
14111  33.008  -54.999  -10.622 0.0000000000
13357  34.576  -55.900  -10.179 0.0000000000
137616  36.392  -56.110  -11.812 0.0000000000
13367  35.904  -56.223  -11.416 0.0000000000
13353  38.224  -56.390  -10.781 0.0000000000
13352  39.016  -56.301  -10.292 0.0000000000
9048  32.641  -63.300  -9.628 0.0000000000
9600  32.100  -62.757  -9.985 0.0000000000
9059  33.556  -63.299  -10.130 0.0000000000
9058  34.614  -63.444  -10.331 0.0000000000
121950  35.510  -63.536  -10.524 0.0000000000
125997  37.191  -63.774  -10.539 0.0000000000
9067  37.048  -63.203  -11.577 0.0000000000
9080  37.840  -63.320  -11.931 0.0000000000
8504  38.397  -63.753  -12.084 0.0000000000
12668  31.337  -57.621  -13.985 0.0000000000
123757  31.295  -56.537  -13.605 0.0000000000
14175  31.844  -55.815  -14.108 0.0000000000
14159  33.473  -55.314  -13.780 0.0000000000
13412  32.547  -56.473  -15.653 0.0000000000
133967  33.175  -55.527  -14.522 0.0000000000
136241  34.561  -55.480  -13.539 0.0000000000
13379  36.733  -55.796  -12.150 0.0000000000
127885  37.716  -55.001  -11.543 0.0000000000
120951  35.018  -61.069  -18.463 0.0000000000
14078  30.366  -55.432  -7.452 0.0000000000
14077  31.264  -55.350  -7.454 0.0000000000
14079  29.705  -55.702  -7.852 0.0000000000
118925  30.510  -56.969  -12.088 0.0000000000
11945  31.037  -58.429  -12.575 0.0000000000
10185  31.855  -61.124  -11.417 0.0000000000
10184  32.632  -61.366  -11.963 0.0000000000
10729  31.566  -60.454  -11.720 0.0000000000
137324  31.867  -60.233  -12.434 0.0000000000
11315  31.423  -59.090  -12.760 0.0000000000
11944  31.370  -58.467  -13.340 0.0000000000
11972  31.537  -58.546  -14.173 0.0000000000
11334  31.786  -59.328  -14.637 0.0000000000
11346  31.939  -59.844  -15.547 0.0000000000
10197  33.344  -61.452  -14.446 0.0000000000
10208  32.994  -61.652  -15.280 0.0000000000
10770  32.158  -60.207  -16.173 0.0000000000
10224  32.557  -60.867  -16.450 0.0000000000
10246  32.942  -61.434  -17.025 0.0000000000
10245  33.573  -61.510  -17.614 0.0000000000
7401  40.028  -66.073  -11.990 0.0000000000
5917  38.873  -69.646  -14.785 0.0000000000
7410  37.994  -66.455  -13.078 0.0000000000
7898  37.779  -65.498  -12.786 0.0000000000
7412  36.086  -66.029  -13.689 0.0000000000
7910  35.217  -65.823  -14.059 0.0000000000
121383  34.418  -65.545  -14.640 0.0000000000
7922  34.000  -65.507  -15.613 0.0000000000
8536  33.565  -64.230  -15.579 0.0000000000
135436  33.584  -64.001  -16.414 0.0000000000
9696  33.865  -62.391  -17.605 0.0000000000
10244  34.246  -61.900  -18.019 0.0000000000
10258  34.889  -61.748  -18.377 0.0000000000
13277  36.691  -56.048  -3.976 0.0000000000
14025  35.745  -54.904  -4.192 0.0000000000
14037  35.641  -55.256  -5.306 0.0000000000
14038  34.946  -54.912  -5.927 0.0000000000
14829  33.242  -54.656  -6.452 0.0000000000
14830  32.362  -54.570  -6.419 0.0000000000
130219  30.617  -55.666  -3.492 0.0000000000
15606  31.930  -53.703  -5.240 0.0000000000
14818  31.048  -54.543  -5.555 0.0000000000
14831  31.460  -54.606  -6.170 0.0000000000
115370  30.885  -55.152  -6.739 0.0000000000
13314  29.233  -56.135  -7.361 0.0000000000
12607  28.580  -57.140  -7.365 0.0000000000
11912  28.496  -57.831  -7.646 0.0000000000
11270  28.515  -59.177  -6.782 0.0000000000
11276  28.573  -59.811  -7.210 0.0000000000
11286  28.565  -59.032  -7.803 0.0000000000
10703  29.297  -60.566  -8.543 0.0000000000
10169  30.160  -61.704  -8.776 0.0000000000
9590  31.126  -62.831  -8.838 0.0000000000
9049  31.849  -63.146  -9.263 0.0000000000
14145  32.488  -55.013  -12.220 0.0000000000
14110  33.937  -55.294  -10.823 0.0000000000
13356  35.525  -56.425  -10.395 0.0000000000
13355  36.415  -56.654  -10.766 0.0000000000
12639  36.842  -57.258  -10.306 0.0000000000
7420  34.807  -66.448  -14.731 0.0000000000
7434  34.370  -66.278  -16.717 0.0000000000
7873  40.685  -65.639  -10.151 0.0000000000
7901  35.025  -64.943  -13.814 0.0000000000
7923  33.751  -64.936  -15.797 0.0000000000
8494  39.748  -64.240  -11.190 0.0000000000
8503  39.246  -64.069  -11.735 0.0000000000
8527  33.764  -63.970  -14.768 0.0000000000
8563  33.748  -63.691  -17.046 0.0000000000
9057  36.392  -63.621  -10.617 0.0000000000
9069  35.160  -62.951  -11.246 0.0000000000
9090  36.512  -63.209  -13.005 0.0000000000
9099  34.041  -63.169  -14.267 0.0000000000
9100  33.504  -63.433  -15.016 0.0000000000
9115  33.409  -63.304  -16.527 0.0000000000
9592  29.863  -61.980  -7.997 0.0000000000
9623  34.917  -62.419  -12.036 0.0000000000
9636  35.591  -62.105  -12.933 0.0000000000
9646  34.379  -62.257  -13.793 0.0000000000
9697  33.530  -62.924  -17.114 0.0000000000
9713  34.716  -62.567  -18.124 0.0000000000
10148  29.035  -61.880  -6.325 0.0000000000
10173  30.471  -61.419  -9.500 0.0000000000
10180  30.813  -61.129  -10.204 0.0000000000
10198  32.770  -60.917  -14.778 0.0000000000
10209  32.655  -61.177  -15.672 0.0000000000
10259  34.310  -61.224  -18.221 0.0000000000
10704  28.762  -60.138  -7.865 0.0000000000
10757  32.319  -60.546  -15.574 0.0000000000
10786  32.981  -60.673  -17.319 0.0000000000
10803  35.582  -60.507  -18.449 0.0000000000
10804  34.576  -60.372  -18.343 0.0000000000
11306  31.361  -59.680  -12.071 0.0000000000
11322  32.139  -59.860  -13.779 0.0000000000
11347  31.720  -59.089  -15.634 0.0000000000
11362  31.892  -58.812  -16.370 0.0000000000
11384  32.324  -59.275  -16.937 0.0000000000
11898  28.844  -58.589  -5.523 0.0000000000
11920  28.616  -58.176  -8.458 0.0000000000
11928  28.914  -58.383  -9.204 0.0000000000
11939  30.066  -58.160  -11.145 0.0000000000
12577  29.195  -57.924  -5.055 0.0000000000
12645  30.302  -57.525  -11.623 0.0000000000
12656  30.718  -57.670  -12.330 0.0000000000
12692  32.344  -57.075  -16.183 0.0000000000
12693  31.840  -57.601  -15.962 0.0000000000
12718  32.291  -57.729  -16.543 0.0000000000
13290  29.790  -56.547  -4.529 0.0000000000
13315  28.805  -56.669  -6.932 0.0000000000
13327  28.812  -56.677  -7.686 0.0000000000
13335  29.255  -56.328  -8.904 0.0000000000
13342  39.463  -56.531  -9.883 0.0000000000
13343  35.046  -56.439  -9.611 0.0000000000
13354  37.284  -56.731  -10.893 0.0000000000
13366  36.839  -56.286  -11.459 0.0000000000
13380  36.052  -56.023  -12.218 0.0000000000
13391  30.900  -56.912  -12.795 0.0000000000
13399  31.571  -56.687  -14.599 0.0000000000
13411  33.395  -56.231  -15.714 0.0000000000
13413  31.872  -56.866  -15.478 0.0000000000
13429  33.062  -56.735  -16.287 0.0000000000
14024  36.227  -55.649  -4.595 0.0000000000
14055  33.509  -55.646  -6.811 0.0000000000
14058  30.618  -55.012  -5.962 0.0000000000
14059  30.070  -55.430  -6.564 0.0000000000
14109  38.577  -55.550  -10.640 0.0000000000
14124  37.401  -55.647  -11.615 0.0000000000
14125  35.178  -55.791  -11.994 0.0000000000
14127  33.238  -54.950  -11.506 0.0000000000
14129  31.678  -55.167  -11.749 0.0000000000
14142  35.438  -55.760  -12.820 0.0000000000
14144  33.462  -55.074  -12.394 0.0000000000
14146  31.719  -55.379  -12.643 0.0000000000
14161  31.579  -55.760  -13.325 0.0000000000
14174  32.448  -55.712  -14.559 0.0000000000
14188  34.670  -55.698  -15.014 0.0000000000
14190  32.840  -55.880  -15.144 0.0000000000
14803  34.769  -53.734  -4.806 0.0000000000
14804  31.284  -54.172  -4.926 0.0000000000
14816  33.689  -54.080  -6.058 0.0000000000
14817  32.158  -54.021  -5.846 0.0000000000
14828  34.121  -54.746  -6.289 0.0000000000
14892  38.277  -54.974  -11.034 0.0000000000
15593  32.670  -53.046  -4.698 0.0000000000
15605  32.641  -53.472  -5.384 0.0000000000
118070  32.587  -55.396  -13.921 0.0000000000
119818  36.312  -55.806  -12.910 0.0000000000
120921  33.713  -55.217  -13.104 0.0000000000
122282  28.583  -60.021  -6.505 0.0000000000
125407  29.212  -57.081  -5.254 0.0000000000
126795  29.387  -61.593  -7.639 0.0000000000
127639  34.172  -65.991  -16.165 0.0000000000
128248  33.188  -62.964  -16.006 0.0000000000
128459  29.483  -60.953  -4.753 0.0000000000
128789  32.895  -61.773  -16.283 0.0000000000
130555  28.587  -57.171  -7.889 0.0000000000
131932  31.849  -59.731  -12.936 0.0000000000
132077  39.141  -56.002  -9.785 0.0000000000
132338  30.248  -55.917  -4.102 0.0000000000
132951  37.624  -56.152  -11.255 0.0000000000
134407  32.252  -53.366  -4.978 0.0000000000
134963  36.174  -56.961  -10.126 0.0000000000
135633  30.255  -56.589  -11.423 0.0000000000
136432  32.259  -55.187  -12.835 0.0000000000
136903  34.820  -68.317  -15.975 0.0000000000
137182  33.077  -53.160  -5.126 0.0000000000
137981  31.141  -57.216  -13.374 0.0000000000
139078  31.583  -54.209  -5.560 0.0000000000
139525  29.684  -55.674  -7.138 0.0000000000
139724  32.619  -57.864  -16.894 0.0000000000
