#!ascii label  , from subject sub-v2s15x29750_ses-1 vox2ras=TkReg
935
12980  -30.298  -64.201  -22.109 0.5000000000
11506  -28.232  -65.735  -22.260 0.8000000119
11525  -26.046  -66.735  -22.442 0.8000000119
11526  -26.769  -66.344  -22.430 0.8000000119
11527  -27.562  -65.910  -22.561 0.8000000119
13713  -32.428  -63.194  -20.981 0.5000000000
12254  -29.729  -64.580  -22.120 0.5000000000
112698  -28.225  -65.591  -22.294 0.6000000238
131977  -24.473  -67.260  -23.138 0.6999999881
10838  -25.469  -67.047  -22.898 0.6999999881
12253  -27.295  -65.978  -22.652 0.8000000119
12978  -27.512  -65.134  -22.142 0.6999999881
13672  -32.777  -63.199  -19.611 0.6000000238
13711  -30.477  -63.148  -20.837 0.5000000000
13726  -29.803  -63.784  -21.773 0.6000000238
10849  -22.651  -67.401  -23.554 0.6999999881
13725  -29.137  -64.187  -21.837 0.6000000238
120023  -28.797  -63.671  -20.893 0.6000000238
10862  -23.016  -67.120  -24.077 0.6999999881
10836  -24.350  -67.429  -22.439 0.6999999881
12275  -25.849  -66.496  -22.608 0.6999999881
12962  -28.359  -64.496  -21.790 0.6000000238
12961  -27.481  -64.337  -21.128 0.6000000238
130996  -26.170  -65.901  -22.482 0.8000000119
12252  -26.527  -65.489  -22.073 0.8000000119
12960  -26.606  -64.531  -20.958 0.6999999881
12930  -31.282  -63.919  -18.888 0.4000000060
13691  -30.076  -63.213  -19.588 0.6000000238
10860  -21.930  -67.149  -24.399 0.6999999881
13689  -27.587  -63.610  -19.352 0.6000000238
11552  -22.369  -66.803  -24.659 0.6999999881
11539  -23.694  -67.096  -23.635 0.6999999881
11540  -25.263  -67.034  -23.065 0.6999999881
12250  -24.680  -66.309  -22.435 0.6999999881
12251  -25.530  -65.592  -21.866 0.6000000238
122463  -25.850  -64.942  -21.120 0.6999999881
12940  -24.645  -64.246  -20.052 0.5000000000
12249  -23.295  -65.972  -22.346 0.6000000238
12223  -24.504  -65.349  -21.317 0.6000000238
12958  -24.050  -64.725  -20.620 0.6000000238
12222  -23.583  -65.297  -21.378 0.6000000238
13709  -22.943  -63.933  -20.247 0.5000000000
12929  -29.673  -63.952  -18.398 0.4000000060
13669  -29.690  -63.617  -18.825 0.5000000000
133404  -20.847  -66.057  -24.656 0.6999999881
125397  -29.115  -63.442  -19.213 0.6000000238
13668  -28.245  -63.671  -18.511 0.6000000238
11538  -22.802  -66.880  -24.321 0.6999999881
12942  -27.068  -63.886  -20.137 0.6000000238
12274  -23.267  -66.688  -23.616 0.6999999881
12941  -26.162  -63.911  -19.840 0.5000000000
13686  -24.246  -63.741  -19.440 0.6000000238
12248  -22.696  -65.392  -22.537 0.6999999881
12977  -22.886  -64.956  -21.433 0.6000000238
12939  -23.710  -64.040  -20.067 0.5000000000
13685  -23.281  -63.479  -19.470 0.5000000000
12956  -22.761  -64.308  -20.866 0.5000000000
13724  -20.179  -63.598  -22.328 0.6000000238
14433  -20.246  -62.743  -22.838 0.6000000238
132199  -29.063  -65.170  -18.129 0.5000000000
12167  -28.867  -64.465  -17.946 0.5000000000
13735  -20.445  -63.767  -23.784 0.6999999881
12272  -20.391  -65.818  -23.225 0.6999999881
12928  -28.997  -63.824  -18.291 0.5000000000
13642  -26.988  -64.054  -17.449 0.4000000060
13667  -27.285  -63.699  -18.354 0.5000000000
12316  -22.063  -65.859  -25.599 0.6999999881
12296  -22.253  -66.127  -25.149 0.6999999881
13666  -26.324  -63.714  -18.271 0.5000000000
12273  -22.516  -65.841  -24.194 0.6999999881
119112  -24.794  -63.606  -18.836 0.5000000000
113628  -22.539  -64.273  -21.727 0.6000000238
13664  -23.866  -63.390  -18.710 0.5000000000
119713  -22.548  -63.700  -22.967 0.5000000000
14427  -22.438  -63.032  -21.588 0.5000000000
13708  -22.588  -63.673  -20.738 0.5000000000
13684  -22.832  -63.014  -19.292 0.5000000000
111878  -22.739  -63.310  -19.965 0.5000000000
15128  -22.490  -61.672  -19.409 0.3000000119
12907  -26.797  -64.816  -16.210 0.3000000119
14420  -19.905  -62.015  -21.452 0.6000000238
14426  -20.033  -62.699  -21.823 0.6000000238
12166  -27.981  -64.800  -17.330 0.4000000060
12912  -27.100  -64.576  -16.764 0.4000000060
13745  -20.935  -63.447  -24.845 0.6000000238
114165  -26.003  -63.898  -17.488 0.5000000000
12314  -21.347  -65.362  -25.633 0.6999999881
13034  -22.069  -64.732  -25.978 0.6999999881
13665  -25.350  -63.679  -18.159 0.5000000000
13015  -22.530  -64.769  -25.165 0.5000000000
13638  -23.619  -63.087  -17.856 0.5000000000
12999  -22.496  -64.747  -23.260 0.5000000000
14405  -23.003  -62.668  -18.060 0.4000000060
13663  -23.166  -63.051  -18.665 0.3000000119
15114  -22.524  -61.330  -18.484 0.4000000060
14421  -22.439  -62.205  -20.810 0.5000000000
14414  -22.553  -62.493  -19.812 0.4000000060
126412  -19.877  -61.196  -21.648 0.6000000238
15140  -20.099  -61.932  -22.228 0.6000000238
15148  -20.325  -61.930  -23.226 0.6000000238
15154  -20.937  -61.971  -24.374 0.6000000238
13640  -25.119  -63.799  -17.140 0.3000000119
124963  -21.183  -64.392  -25.439 0.6000000238
121131  -24.470  -63.436  -16.462 0.3000000119
13762  -21.936  -63.808  -25.777 0.6000000238
13035  -22.178  -65.278  -25.713 0.6999999881
13627  -23.710  -62.956  -16.899 0.3000000119
13639  -24.235  -63.361  -17.305 0.3000000119
13763  -22.686  -63.920  -25.785 0.6000000238
15101  -22.865  -61.781  -16.973 0.3000000119
14393  -23.132  -62.513  -17.329 0.3000000119
118284  -23.652  -62.862  -25.036 0.5000000000
13746  -23.000  -63.841  -25.515 0.5000000000
13736  -22.741  -64.138  -24.379 0.5000000000
15895  -22.541  -60.435  -17.927 0.3000000119
14392  -22.697  -62.022  -17.799 0.3000000119
15141  -22.564  -61.991  -21.898 0.5000000000
114999  -22.496  -60.411  -18.846 0.3000000119
14434  -22.787  -62.710  -23.072 0.5000000000
116229  -22.476  -60.995  -20.067 0.4000000060
15913  -22.517  -60.268  -19.715 0.3000000119
120280  -19.789  -60.382  -21.518 0.5000000000
15929  -19.914  -60.405  -22.287 0.6000000238
119567  -20.063  -61.126  -22.703 0.5000000000
14450  -21.408  -62.835  -24.999 0.6000000238
15155  -21.882  -61.427  -24.681 0.5000000000
15873  -23.230  -60.643  -16.252 0.3000000119
14451  -22.605  -63.171  -25.552 0.6000000238
16633  -23.332  -59.204  -17.305 0.3000000119
15872  -22.766  -60.400  -16.991 0.3000000119
14452  -23.300  -63.268  -25.413 0.6000000238
14441  -23.499  -63.191  -24.875 0.5000000000
15937  -23.742  -61.339  -23.082 0.5000000000
119086  -22.508  -61.226  -21.102 0.4000000060
16683  -23.222  -60.241  -21.682 0.4000000060
130525  -19.958  -59.874  -22.640 0.5000000000
15936  -20.208  -60.246  -23.147 0.5000000000
16699  -20.602  -59.678  -23.514 0.5000000000
110680  -20.533  -61.146  -23.730 0.5000000000
15943  -20.995  -60.400  -23.989 0.5000000000
16623  -24.980  -59.551  -15.941 0.3000000119
15167  -22.041  -62.333  -25.137 0.6000000238
15168  -23.222  -62.623  -25.261 0.6000000238
15169  -24.105  -62.282  -24.807 0.5000000000
15150  -24.534  -61.613  -24.357 0.5000000000
16658  -22.728  -59.538  -19.950 0.4000000060
17514  -24.372  -59.236  -21.580 0.4000000060
16691  -20.098  -59.233  -23.080 0.5000000000
17531  -20.668  -59.006  -23.449 0.5000000000
16692  -21.658  -59.190  -23.525 0.5000000000
117535  -25.899  -59.448  -14.856 0.4000000060
17440  -26.180  -58.797  -15.951 0.4000000060
15944  -22.232  -60.670  -24.408 0.5000000000
17439  -25.883  -58.933  -16.391 0.4000000060
17438  -24.271  -59.082  -16.839 0.3000000119
16701  -22.757  -60.147  -24.106 0.4000000060
17451  -24.988  -58.606  -17.406 0.3000000119
130015  -23.468  -61.069  -24.706 0.5000000000
15170  -24.333  -61.601  -24.772 0.4000000060
15946  -24.797  -61.305  -24.478 0.4000000060
16684  -24.403  -60.206  -22.542 0.4000000060
18348  -20.325  -57.523  -22.843 0.5000000000
17526  -20.823  -58.347  -23.208 0.5000000000
17527  -22.178  -58.588  -22.761 0.5000000000
18257  -25.712  -58.273  -15.632 0.4000000060
123194  -25.905  -57.420  -16.480 0.4000000060
18267  -26.583  -58.187  -16.636 0.4000000060
17528  -23.464  -58.888  -23.263 0.4000000060
128733  -23.947  -60.220  -24.233 0.4000000060
17452  -26.263  -58.597  -16.949 0.4000000060
15945  -24.294  -61.052  -24.638 0.4000000060
16702  -25.177  -60.653  -24.389 0.4000000060
15939  -25.386  -60.699  -24.160 0.4000000060
15938  -25.005  -61.163  -23.864 0.4000000060
16694  -25.910  -60.457  -23.842 0.4000000060
17515  -25.443  -59.063  -22.157 0.4000000060
17495  -24.639  -58.465  -20.874 0.4000000060
17496  -25.670  -58.186  -21.398 0.4000000060
19226  -20.656  -56.969  -22.472 0.5000000000
132347  -21.554  -57.385  -21.823 0.4000000060
19128  -24.402  -56.534  -15.752 0.4000000060
18265  -25.179  -57.368  -16.009 0.4000000060
18330  -22.198  -57.837  -21.819 0.5000000000
115080  -22.872  -57.542  -21.428 0.4000000060
18281  -26.987  -58.137  -16.986 0.4000000060
17532  -24.370  -59.647  -23.984 0.4000000060
17533  -25.639  -59.772  -24.234 0.4000000060
18313  -25.012  -57.755  -19.955 0.3000000119
16685  -26.330  -59.805  -23.544 0.4000000060
19194  -21.808  -56.414  -20.520 0.4000000060
18311  -22.189  -57.208  -20.997 0.5000000000
18312  -23.068  -57.097  -20.762 0.4000000060
114648  -25.590  -55.799  -16.765 0.4000000060
18349  -23.284  -58.120  -22.373 0.4000000060
18331  -23.872  -57.298  -21.796 0.4000000060
133703  -24.413  -57.832  -22.767 0.4000000060
17529  -24.649  -58.706  -23.534 0.4000000060
18350  -25.692  -58.105  -23.468 0.4000000060
17534  -26.674  -59.711  -24.178 0.4000000060
16704  -26.904  -59.911  -24.039 0.4000000060
18314  -26.139  -57.460  -20.667 0.4000000060
17516  -26.669  -59.075  -22.881 0.4000000060
18333  -26.805  -58.003  -22.173 0.4000000060
19179  -22.380  -56.162  -19.841 0.4000000060
19196  -23.347  -56.352  -20.087 0.4000000060
19197  -24.408  -56.206  -20.730 0.4000000060
18332  -24.948  -57.326  -22.649 0.4000000060
19227  -26.189  -57.269  -23.094 0.4000000060
18301  -26.792  -56.979  -19.976 0.4000000060
18364  -27.476  -58.984  -23.895 0.4000000060
19228  -27.469  -57.371  -23.237 0.4000000060
17530  -27.492  -59.126  -23.994 0.4000000060
18334  -27.685  -57.841  -22.851 0.4000000060
125259  -22.874  -55.799  -19.446 0.4000000060
20161  -23.532  -55.604  -19.450 0.4000000060
20177  -24.097  -55.849  -20.006 0.4000000060
20178  -24.868  -55.586  -20.414 0.4000000060
19215  -24.940  -56.630  -21.955 0.4000000060
19198  -25.432  -55.948  -21.409 0.4000000060
19216  -26.397  -56.501  -22.574 0.4000000060
19217  -27.610  -56.619  -22.798 0.4000000060
18315  -27.237  -57.204  -21.537 0.3000000119
19230  -28.082  -56.971  -22.763 0.4000000060
18316  -27.924  -57.020  -22.426 0.4000000060
21087  -23.311  -54.389  -18.505 0.4000000060
21102  -23.793  -54.968  -18.992 0.4000000060
21088  -24.068  -54.355  -18.718 0.4000000060
21103  -24.635  -54.638  -19.299 0.4000000060
20163  -25.237  -55.008  -19.973 0.4000000060
20180  -26.767  -55.144  -21.512 0.4000000060
21135  -27.626  -55.226  -21.796 0.4000000060
18302  -27.795  -57.114  -19.146 0.4000000060
19180  -28.379  -56.643  -19.700 0.3000000119
20211  -28.051  -56.710  -22.549 0.4000000060
19218  -28.233  -56.473  -21.911 0.5000000000
123579  -28.389  -56.353  -20.768 0.4000000060
22882  -24.388  -52.199  -18.099 0.4000000060
22004  -24.795  -52.959  -18.618 0.4000000060
22018  -24.769  -53.890  -18.929 0.4000000060
131619  -25.535  -52.648  -19.115 0.4000000060
21104  -25.386  -54.209  -19.662 0.4000000060
21136  -28.021  -54.735  -21.585 0.4000000060
20200  -28.800  -55.834  -21.462 0.5000000000
22883  -25.200  -52.092  -18.670 0.4000000060
23739  -25.524  -51.299  -18.756 0.4000000060
115012  -28.854  -55.134  -21.560 0.4000000060
21137  -29.537  -54.654  -21.377 0.5000000000
113971  -24.350  -50.964  -17.566 0.4000000060
24703  -25.119  -50.633  -18.187 0.4000000060
24704  -25.828  -50.518  -18.907 0.4000000060
124035  -29.368  -53.871  -21.363 0.5000000000
26582  -25.352  -48.149  -17.459 0.4000000060
127536  -24.598  -49.603  -17.274 0.4000000060
25600  -25.135  -48.998  -17.563 0.4000000060
25612  -25.186  -49.823  -17.858 0.4000000060
132494  -25.720  -48.494  -18.128 0.4000000060
26598  -26.293  -48.409  -18.781 0.5000000000
26581  -24.734  -48.500  -16.973 0.4000000060
130343  -22.791  -61.368  -22.118 0.5000000000
15931  -23.784  -60.760  -22.605 0.5000000000
16675  -23.286  -59.495  -20.961 0.4000000060
12963  -31.410  -63.974  -21.900 0.5000000000
10826  -26.320  -66.825  -21.000 0.8000000119
131441  -25.548  -67.176  -21.810 0.8000000119
10825  -24.734  -67.412  -21.192 0.6999999881
12932  -33.387  -63.585  -19.385 0.5000000000
118730  -23.256  -67.569  -21.970 0.6999999881
12188  -32.232  -64.911  -18.687 0.5000000000
10834  -21.828  -67.554  -22.648 0.6999999881
12187  -30.844  -65.118  -18.668 0.4000000060
11537  -20.817  -66.700  -23.574 0.6999999881
11474  -29.187  -66.062  -18.302 0.4000000060
11460  -28.389  -66.292  -18.015 0.4000000060
118928  -19.965  -63.453  -21.320 0.6000000238
12165  -27.372  -65.208  -16.962 0.4000000060
15135  -19.797  -61.731  -20.672 0.6000000238
15923  -19.809  -60.799  -20.764 0.5000000000
16682  -19.724  -59.607  -22.140 0.5000000000
124616  -20.144  -58.192  -23.034 0.5000000000
114881  -21.190  -56.013  -21.380 0.4000000060
20176  -21.366  -55.611  -20.618 0.4000000060
19178  -21.829  -55.821  -19.913 0.4000000060
21101  -22.112  -54.740  -18.982 0.4000000060
21086  -22.575  -54.284  -18.521 0.4000000060
22003  -23.848  -53.637  -18.292 0.4000000060
22869  -23.555  -52.276  -17.641 0.4000000060
23728  -23.902  -51.566  -17.512 0.4000000060
24688  -23.441  -50.660  -17.065 0.4000000060
27466  -24.720  -47.792  -16.652 0.4000000060
119084  -27.888  -66.150  -21.850 0.8000000119
129187  -26.419  -66.326  -22.712 0.8000000119
13692  -31.084  -62.934  -19.904 0.5000000000
10837  -25.061  -67.318  -22.430 0.6999999881
11524  -24.403  -67.007  -23.351 0.6999999881
131385  -28.904  -63.382  -19.980 0.6000000238
13688  -26.686  -63.655  -19.165 0.6000000238
130247  -25.599  -64.351  -20.306 0.6000000238
12959  -25.009  -64.872  -20.764 0.6000000238
13014  -20.567  -65.058  -24.483 0.6999999881
122278  -25.748  -63.665  -19.003 0.5000000000
14440  -20.534  -62.736  -23.986 0.6000000238
111797  -28.544  -65.421  -17.896 0.5000000000
12914  -28.330  -64.079  -17.675 0.5000000000
13641  -26.386  -64.311  -16.588 0.3000000119
15156  -24.030  -62.298  -24.666 0.5000000000
17494  -23.700  -58.713  -20.425 0.4000000060
16695  -27.100  -59.605  -23.969 0.4000000060
18363  -26.898  -58.969  -24.131 0.4000000060
20148  -22.925  -55.141  -18.890 0.4000000060
19229  -27.962  -57.319  -23.066 0.4000000060
119070  -25.635  -50.000  -18.537 0.4000000060
6608  -24.978  -71.897  -27.968 0.4000000060
6588  -25.129  -72.463  -27.876 0.4000000060
6590  -26.386  -72.532  -26.588 0.4000000060
6571  -27.705  -72.355  -26.039 0.4000000060
116810  -25.414  -71.999  -25.895 0.4000000060
7403  -26.634  -71.920  -26.284 0.4000000060
7376  -27.807  -71.715  -25.782 0.4000000060
7358  -27.145  -71.858  -24.593 0.4000000060
116631  -29.178  -70.761  -23.325 0.5000000000
6556  -24.660  -72.700  -24.747 0.4000000060
119346  -25.567  -72.485  -24.255 0.4000000060
7357  -25.779  -72.425  -23.440 0.5000000000
7325  -26.968  -71.935  -22.186 0.5000000000
7276  -27.447  -71.628  -20.891 0.6000000238
6543  -22.805  -73.400  -23.645 0.4000000060
6544  -23.713  -73.224  -23.899 0.4000000060
6531  -24.905  -72.714  -22.529 0.4000000060
7326  -28.609  -70.903  -22.488 0.5000000000
11461  -29.789  -66.978  -18.003 0.4000000060
10775  -27.192  -66.896  -17.456 0.3000000119
7302  -28.939  -70.642  -21.994 0.5000000000
12207  -34.989  -64.674  -19.031 0.5000000000
11477  -32.660  -65.735  -18.057 0.4000000060
7322  -22.282  -73.037  -21.246 0.4000000060
7324  -25.429  -72.491  -21.716 0.5000000000
121423  -26.786  -72.008  -21.368 0.5000000000
6517  -23.076  -73.134  -21.700 0.4000000060
130314  -23.474  -73.316  -23.156 0.4000000060
8080  -28.872  -70.695  -20.904 0.6000000238
8741  -29.925  -69.913  -21.393 0.6000000238
8742  -30.200  -69.823  -21.232 0.6999999881
12944  -34.227  -63.858  -19.657 0.5000000000
10133  -31.572  -68.629  -19.696 0.6999999881
11511  -34.004  -65.415  -20.150 0.6999999881
10132  -30.631  -69.411  -19.922 0.6999999881
10812  -31.788  -67.672  -19.836 0.6999999881
7301  -25.098  -72.476  -20.685 0.5000000000
7275  -25.842  -72.249  -20.137 0.6000000238
8079  -26.838  -71.426  -19.118 0.6000000238
127105  -27.411  -71.013  -18.911 0.6000000238
133033  -22.881  -72.880  -20.960 0.4000000060
7300  -24.026  -72.564  -20.397 0.5000000000
131749  -28.000  -71.245  -19.973 0.6000000238
9436  -28.681  -69.984  -18.887 0.6000000238
10125  -29.747  -69.130  -19.313 0.6000000238
10774  -26.845  -66.132  -17.318 0.3000000119
8740  -29.014  -70.511  -20.133 0.6000000238
10811  -31.051  -68.346  -19.761 0.6999999881
12228  -33.254  -64.570  -20.565 0.6000000238
13714  -33.019  -63.402  -20.654 0.5000000000
7257  -23.126  -72.140  -18.921 0.6000000238
7258  -24.007  -72.065  -19.012 0.6000000238
8077  -24.595  -71.610  -18.594 0.6999999881
8078  -25.644  -71.479  -18.732 0.6000000238
8739  -26.842  -70.391  -18.326 0.6000000238
10124  -28.834  -69.115  -18.752 0.6000000238
128883  -23.149  -72.630  -20.358 0.5000000000
8101  -25.207  -71.954  -19.239 0.6000000238
129399  -28.926  -68.149  -19.190 0.6000000238
123337  -30.110  -67.376  -19.604 0.6999999881
11508  -30.602  -65.626  -20.526 0.6999999881
129266  -31.544  -66.586  -20.049 0.6999999881
12964  -32.455  -63.916  -21.338 0.6000000238
11509  -31.723  -65.671  -20.358 0.6999999881
8051  -24.183  -71.154  -17.885 0.6000000238
8727  -24.560  -70.451  -17.611 0.6999999881
9433  -25.631  -69.448  -17.821 0.6999999881
8737  -25.067  -71.007  -18.101 0.6999999881
10122  -26.797  -68.735  -18.399 0.6000000238
12225  -30.198  -64.715  -21.839 0.5000000000
10809  -28.221  -67.176  -19.571 0.6999999881
10810  -29.174  -67.211  -19.615 0.6999999881
12226  -31.029  -64.722  -21.288 0.6000000238
129728  -25.134  -67.981  -18.418 0.6999999881
133241  -26.471  -66.909  -19.918 0.6999999881
10110  -25.041  -68.675  -17.874 0.6999999881
10794  -26.364  -67.809  -18.783 0.6000000238
10808  -26.674  -67.267  -19.388 0.5000000000
10121  -25.870  -68.513  -18.254 0.6999999881
113090  -28.947  -65.670  -21.434 0.5000000000
10130  -28.006  -68.089  -18.998 0.6000000238
11488  -28.477  -66.242  -20.630 0.6999999881
11489  -29.645  -66.210  -20.291 0.6000000238
10807  -25.331  -67.245  -20.060 0.6999999881
118609  -27.240  -66.425  -21.601 0.6999999881
118450  -33.544  -64.262  -18.854 0.5000000000
11487  -27.661  -66.543  -20.433 0.6000000238
6610  -25.161  -71.979  -27.848 0.4000000060
7342  -28.363  -71.261  -23.882 0.4000000060
6545  -24.464  -72.953  -23.434 0.4000000060
6518  -24.129  -72.859  -21.721 0.4000000060
10813  -33.437  -66.613  -19.840 0.6999999881
11491  -32.471  -66.840  -20.073 0.6999999881
9435  -27.398  -69.789  -18.348 0.6000000238
117247  -24.571  -71.998  -19.098 0.6000000238
9434  -26.423  -69.511  -18.096 0.6000000238
120533  -27.164  -68.002  -18.817 0.6000000238
118965  -26.073  -67.190  -19.638 0.6000000238
9428  -24.825  -69.554  -17.585 0.5000000000
7272  -22.550  -72.466  -19.649 0.4000000060
8050  -23.375  -71.217  -17.685 0.5000000000
10109  -24.185  -68.769  -17.571 0.6000000238
124485  -21.795  -72.424  -19.338 0.4000000060
8074  -21.928  -71.855  -18.018 0.5000000000
7256  -22.244  -72.204  -18.803 0.5000000000
8725  -23.158  -70.728  -17.238 0.5000000000
130914  -23.613  -68.542  -17.536 0.5000000000
8726  -23.797  -70.613  -17.420 0.5000000000
10120  -24.436  -68.001  -18.189 0.5000000000
10119  -23.691  -68.065  -17.904 0.5000000000
10791  -23.753  -67.614  -18.750 0.6999999881
10805  -23.267  -67.497  -19.720 0.6000000238
7241  -21.087  -72.008  -17.872 0.5000000000
118923  -21.577  -71.468  -17.199 0.5000000000
8715  -22.670  -70.406  -16.868 0.5000000000
131744  -22.953  -68.841  -17.129 0.5000000000
8716  -23.356  -70.034  -17.036 0.5000000000
10806  -24.266  -67.462  -19.810 0.6000000238
10773  -22.986  -67.769  -18.194 0.6000000238
10823  -22.664  -67.560  -20.717 0.5000000000
118014  -22.142  -67.599  -21.709 0.6000000238
8029  -21.913  -70.800  -16.694 0.5000000000
10094  -21.897  -69.112  -16.625 0.5000000000
10107  -22.452  -68.625  -17.116 0.5000000000
10772  -22.309  -67.988  -17.704 0.5000000000
10824  -23.756  -67.525  -20.912 0.6000000238
10804  -22.230  -67.536  -19.659 0.5000000000
114037  -21.371  -67.551  -20.689 0.6000000238
7219  -20.708  -71.722  -17.053 0.5000000000
113030  -21.114  -71.107  -16.471 0.5000000000
124269  -21.293  -69.625  -16.248 0.5000000000
10093  -21.017  -68.838  -16.561 0.5000000000
10769  -19.841  -67.757  -17.753 0.6000000238
10106  -21.499  -68.317  -17.227 0.4000000060
11473  -19.826  -67.183  -19.181 0.4000000060
10770  -20.602  -67.826  -17.882 0.5000000000
10789  -20.886  -67.620  -18.658 0.5000000000
10771  -21.509  -67.803  -17.956 0.4000000060
11484  -19.671  -66.455  -18.860 0.4000000060
11485  -19.746  -66.716  -19.749 0.5000000000
10802  -20.238  -67.388  -19.383 0.5000000000
12204  -19.738  -65.435  -19.323 0.4000000060
10822  -20.330  -67.328  -20.250 0.6000000238
10833  -20.877  -67.232  -22.631 0.6000000238
129650  -20.451  -66.666  -22.626 0.6000000238
10788  -20.065  -67.484  -18.589 0.5000000000
114139  -19.808  -64.744  -20.110 0.5000000000
12955  -20.027  -65.080  -20.907 0.5000000000
11505  -19.963  -66.947  -20.647 0.5000000000
12927  -19.743  -64.188  -19.296 0.4000000060
110545  -19.792  -63.927  -20.068 0.5000000000
12221  -20.087  -66.072  -21.187 0.6000000238
12247  -20.228  -66.072  -22.085 0.6000000238
112244  -19.923  -64.147  -20.742 0.5000000000
116230  -19.864  -61.167  -20.062 0.3000000119
14413  -19.783  -62.561  -20.132 0.4000000060
13707  -19.811  -63.330  -20.482 0.5000000000
111222  -20.121  -64.468  -21.678 0.5000000000
12976  -20.232  -65.239  -22.241 0.6000000238
19225  -20.064  -56.736  -22.630 0.3000000119
18347  -19.863  -57.342  -22.748 0.3000000119
16681  -19.664  -58.613  -22.548 0.4000000060
16673  -19.555  -58.895  -21.501 0.4000000060
21119  -20.979  -54.766  -20.862 0.3000000119
128300  -21.981  -54.076  -18.663 0.3000000119
21100  -21.543  -55.026  -19.763 0.3000000119
22001  -22.226  -53.544  -18.300 0.3000000119
22002  -22.925  -53.689  -18.076 0.3000000119
22868  -22.860  -52.310  -17.544 0.3000000119
23727  -23.130  -51.606  -17.310 0.3000000119
132530  -22.715  -50.288  -16.980 0.3000000119
24672  -23.832  -49.750  -16.805 0.3000000119
19213  -20.493  -56.085  -22.207 0.3000000119
10792  -24.738  -67.551  -18.973 0.5000000000
8049  -22.527  -71.220  -17.343 0.5000000000
10803  -21.129  -67.549  -19.537 0.5000000000
112491  -20.472  -67.234  -21.306 0.6000000238
12168  -34.862  -65.504  -17.393 0.3000000119
10126  -33.122  -67.638  -19.266 0.6000000238
11492  -34.578  -65.716  -19.308 0.6000000238
111752  -28.883  -68.809  -16.112 0.3000000119
114995  -29.756  -68.556  -16.217 0.3000000119
10760  -31.108  -67.822  -16.626 0.3000000119
10777  -30.465  -67.599  -17.376 0.3000000119
124957  -30.599  -68.271  -16.245 0.3000000119
11463  -32.274  -66.410  -17.561 0.3000000119
11476  -31.451  -65.969  -18.376 0.3000000119
10814  -34.316  -66.576  -18.796 0.6000000238
11478  -35.175  -65.662  -17.949 0.5000000000
9406  -27.773  -69.293  -15.334 0.3000000119
10097  -28.079  -68.527  -16.604 0.3000000119
10098  -29.052  -68.408  -16.786 0.3000000119
10113  -29.294  -67.823  -17.451 0.3000000119
10778  -31.737  -67.192  -17.070 0.3000000119
11464  -34.097  -65.798  -16.931 0.3000000119
11465  -35.185  -65.873  -16.661 0.4000000060
7299  -22.372  -72.730  -20.510 0.4000000060
9367  -26.946  -69.890  -13.842 0.3000000119
9405  -26.851  -69.255  -15.346 0.3000000119
10080  -27.389  -68.903  -16.017 0.3000000119
10112  -28.490  -68.132  -17.184 0.3000000119
5879  -27.609  -73.280  -23.641 0.5000000000
5849  -26.972  -73.614  -21.450 0.5000000000
5908  -26.319  -72.882  -26.705 0.4000000060
5892  -26.167  -73.639  -25.807 0.4000000060
6546  -27.083  -73.440  -25.151 0.4000000060
5863  -25.771  -74.343  -22.697 0.5000000000
7277  -28.886  -72.069  -20.450 0.5000000000
6497  -27.907  -72.961  -20.413 0.5000000000
6532  -28.693  -72.317  -23.246 0.5000000000
131379  -27.779  -72.846  -21.496 0.5000000000
6547  -28.206  -72.606  -24.898 0.4000000060
8743  -30.476  -70.674  -19.355 0.6000000238
8106  -30.259  -70.601  -21.521 0.6000000238
7278  -29.757  -70.964  -21.579 0.5000000000
6510  -28.846  -71.828  -21.827 0.5000000000
6559  -28.503  -71.668  -25.368 0.3000000119
6533  -29.484  -71.199  -23.477 0.4000000060
6519  -28.816  -72.021  -22.392 0.5000000000
9430  -32.507  -68.810  -18.049 0.6000000238
8755  -30.864  -69.785  -21.428 0.6000000238
8754  -30.143  -70.509  -21.657 0.6000000238
111575  -29.460  -70.684  -22.385 0.4000000060
7304  -29.407  -71.014  -22.094 0.5000000000
116708  -33.331  -68.019  -18.080 0.6000000238
10761  -32.552  -67.216  -15.948 0.3000000119
10781  -35.166  -66.164  -16.355 0.4000000060
115710  -31.327  -69.095  -19.777 0.6000000238
8104  -29.586  -70.741  -21.976 0.4000000060
10083  -30.685  -68.469  -15.403 0.3000000119
10082  -29.613  -68.827  -15.572 0.3000000119
10779  -33.518  -66.476  -16.244 0.3000000119
10796  -35.305  -66.135  -16.958 0.5000000000
9442  -30.706  -69.883  -21.261 0.6000000238
9439  -32.255  -68.536  -19.198 0.6000000238
9438  -31.568  -69.237  -19.274 0.6000000238
10762  -34.192  -66.816  -15.360 0.3000000119
9429  -31.771  -69.651  -17.942 0.5000000000
9421  -32.824  -69.005  -16.794 0.5000000000
10114  -33.644  -68.213  -16.836 0.5000000000
124049  -33.051  -69.152  -15.882 0.4000000060
9422  -33.996  -68.294  -15.494 0.5000000000
8718  -31.689  -70.312  -16.142 0.5000000000
8730  -31.379  -70.329  -17.135 0.5000000000
9408  -32.581  -69.692  -15.608 0.4000000060
130245  -33.821  -68.829  -14.251 0.4000000060
113062  -34.309  -67.548  -14.992 0.4000000060
10115  -34.334  -67.488  -16.866 0.5000000000
8082  -29.932  -71.285  -19.554 0.5000000000
122466  -31.036  -70.316  -18.252 0.5000000000
10763  -34.730  -66.816  -15.657 0.4000000060
5082  -17.648  -75.840  -18.606 0.3000000119
5065  -16.633  -75.724  -17.504 0.3000000119
118782  -18.362  -76.024  -18.220 0.3000000119
127131  -19.735  -75.587  -18.043 0.3000000119
5069  -20.148  -75.111  -17.666 0.4000000060
5083  -18.933  -76.117  -18.744 0.3000000119
4455  -20.038  -76.235  -19.796 0.3000000119
127208  -20.591  -74.514  -17.174 0.4000000060
128095  -20.992  -74.911  -18.045 0.4000000060
5107  -20.374  -75.974  -19.099 0.3000000119
4472  -20.488  -76.261  -20.494 0.3000000119
5779  -21.958  -73.845  -17.208 0.4000000060
6477  -23.053  -73.665  -17.387 0.4000000060
5086  -21.809  -75.177  -18.727 0.4000000060
4456  -20.918  -76.214  -19.811 0.4000000060
4494  -21.819  -76.450  -21.384 0.4000000060
4457  -21.981  -76.161  -19.913 0.4000000060
120762  -25.759  -72.226  -14.704 0.3000000119
6468  -23.657  -73.266  -16.878 0.4000000060
6469  -24.460  -73.196  -16.902 0.4000000060
5781  -23.865  -74.160  -18.184 0.4000000060
5088  -24.086  -75.279  -19.388 0.4000000060
5110  -23.575  -75.813  -19.833 0.4000000060
4475  -23.194  -76.364  -20.828 0.4000000060
7180  -28.235  -72.445  -14.091 0.3000000119
7223  -25.764  -72.827  -16.181 0.4000000060
115505  -25.940  -73.778  -17.481 0.4000000060
6479  -25.122  -73.701  -17.596 0.4000000060
5799  -25.488  -74.760  -18.825 0.4000000060
130448  -26.153  -74.660  -18.794 0.4000000060
5089  -25.073  -75.209  -19.422 0.4000000060
114383  -25.425  -75.261  -19.968 0.4000000060
115931  -24.253  -75.923  -20.644 0.4000000060
5148  -23.963  -76.026  -21.338 0.4000000060
7201  -28.264  -72.691  -15.140 0.4000000060
7225  -27.857  -73.133  -16.188 0.4000000060
5800  -26.702  -74.337  -18.542 0.4000000060
115731  -26.315  -74.630  -19.741 0.4000000060
114432  -24.147  -75.566  -21.934 0.4000000060
5149  -24.542  -75.624  -21.084 0.4000000060
4536  -22.995  -76.128  -23.095 0.4000000060
133482  -28.450  -73.033  -16.640 0.4000000060
6480  -27.533  -73.708  -17.772 0.4000000060
5801  -27.398  -73.888  -19.162 0.4000000060
5831  -26.064  -74.596  -20.559 0.4000000060
5168  -24.499  -75.011  -22.668 0.4000000060
5848  -25.878  -74.430  -21.565 0.4000000060
126431  -29.068  -72.649  -16.707 0.4000000060
7242  -28.838  -72.674  -18.334 0.4000000060
133182  -27.937  -73.201  -19.794 0.4000000060
8704  -31.232  -70.855  -15.705 0.4000000060
7243  -29.296  -72.390  -17.611 0.4000000060
8052  -29.965  -71.581  -17.990 0.4000000060
9392  -33.630  -69.224  -13.794 0.3000000119
10050  -33.612  -68.803  -13.449 0.3000000119
6509  -27.156  -73.620  -20.652 0.4000000060
8717  -30.966  -70.861  -16.549 0.4000000060
10066  -33.667  -68.330  -13.860 0.3000000119
8081  -29.453  -71.945  -18.857 0.4000000060
127579  -21.316  -74.332  -17.440 0.4000000060
5796  -22.605  -74.625  -18.445 0.4000000060
5797  -23.510  -74.684  -18.718 0.4000000060
5109  -22.724  -75.850  -19.704 0.4000000060
7200  -26.598  -72.396  -14.886 0.4000000060
7222  -24.760  -72.723  -16.168 0.4000000060
7163  -27.329  -72.113  -13.525 0.3000000119
5782  -24.869  -74.234  -18.227 0.4000000060
7181  -29.009  -72.491  -14.447 0.3000000119
125020  -27.246  -72.739  -15.419 0.4000000060
7224  -26.843  -73.107  -16.181 0.4000000060
5784  -26.732  -73.956  -17.753 0.4000000060
7226  -28.720  -72.775  -15.969 0.4000000060
6481  -28.204  -73.305  -17.969 0.4000000060
5131  -25.224  -75.192  -20.785 0.4000000060
7259  -28.452  -72.908  -18.996 0.4000000060
130099  -30.661  -71.300  -16.070 0.4000000060
126399  -22.745  -72.723  -14.595 0.3000000119
5755  -19.794  -74.609  -15.119 0.3000000119
129744  -19.086  -75.200  -15.496 0.3000000119
5761  -20.323  -74.177  -15.408 0.3000000119
6463  -21.527  -73.413  -15.316 0.3000000119
5769  -20.355  -74.246  -16.265 0.3000000119
6466  -21.638  -73.506  -16.209 0.3000000119
7198  -23.502  -72.549  -15.119 0.3000000119
7220  -22.958  -73.100  -16.360 0.3000000119
125241  -24.235  -72.524  -15.489 0.3000000119
7182  -29.629  -72.272  -14.651 0.3000000119
7203  -30.025  -72.032  -15.167 0.3000000119
8011  -30.687  -71.393  -15.380 0.3000000119
124673  -32.375  -70.253  -14.593 0.3000000119
7178  -24.832  -72.179  -14.390 0.3000000119
7227  -29.503  -72.361  -15.980 0.3000000119
4458  -22.975  -76.186  -20.207 0.4000000060
4473  -21.394  -76.343  -20.556 0.4000000060
4474  -22.351  -76.394  -20.696 0.4000000060
4493  -20.929  -76.286  -21.306 0.4000000060
4495  -22.648  -76.457  -21.451 0.4000000060
4496  -23.354  -76.303  -21.471 0.4000000060
4516  -23.519  -76.025  -22.149 0.4000000060
5066  -17.585  -75.957  -17.682 0.3000000119
5084  -19.647  -75.896  -18.620 0.3000000119
5085  -20.313  -75.527  -18.358 0.3000000119
5087  -22.917  -75.258  -19.214 0.4000000060
5106  -19.505  -76.141  -19.248 0.3000000119
5108  -21.332  -75.830  -19.254 0.4000000060
5111  -24.501  -75.696  -20.001 0.4000000060
5129  -23.776  -76.080  -20.389 0.4000000060
5130  -24.775  -75.578  -20.426 0.4000000060
5756  -20.489  -74.252  -14.739 0.3000000119
5760  -19.700  -74.613  -15.886 0.3000000119
5770  -21.094  -73.947  -16.703 0.4000000060
5780  -22.512  -74.164  -17.815 0.4000000060
5783  -25.928  -74.350  -18.160 0.4000000060
5798  -24.547  -74.769  -18.838 0.4000000060
5815  -25.868  -74.876  -19.331 0.4000000060
5847  -24.893  -75.012  -21.723 0.4000000060
5864  -27.146  -73.486  -22.375 0.5000000000
5923  -25.337  -73.138  -27.371 0.4000000060
6462  -20.892  -73.742  -15.756 0.3000000119
6467  -22.365  -73.425  -16.602 0.4000000060
6470  -25.410  -73.268  -16.895 0.4000000060
6471  -26.378  -73.475  -16.906 0.4000000060
6472  -27.262  -73.547  -16.975 0.4000000060
6473  -28.001  -73.401  -17.101 0.4000000060
6478  -24.161  -73.658  -17.583 0.4000000060
6488  -27.247  -74.001  -18.350 0.4000000060
6489  -27.793  -73.587  -18.584 0.4000000060
6498  -28.594  -72.280  -20.671 0.5000000000
6520  -29.262  -70.827  -22.669 0.4000000060
6529  -22.865  -73.379  -22.609 0.4000000060
6530  -23.778  -73.150  -22.469 0.4000000060
6557  -27.243  -72.790  -26.103 0.4000000060
6558  -28.038  -72.293  -25.830 0.4000000060
6570  -24.478  -72.370  -25.950 0.4000000060
6572  -28.266  -71.809  -25.851 0.4000000060
6587  -24.442  -72.590  -27.867 0.4000000060
6589  -25.282  -72.456  -27.659 0.4000000060
6609  -25.158  -72.035  -28.007 0.4000000060
7177  -24.170  -72.366  -14.778 0.3000000119
7179  -26.465  -72.082  -14.135 0.3000000119
7197  -22.847  -72.798  -15.479 0.3000000119
7199  -25.087  -72.425  -15.329 0.3000000119
7202  -29.199  -72.501  -15.232 0.3000000119
7221  -23.742  -72.768  -16.072 0.4000000060
7240  -20.350  -72.161  -17.681 0.5000000000
7255  -21.342  -72.303  -18.743 0.5000000000
7260  -29.142  -72.033  -19.792 0.4000000060
7273  -23.565  -72.388  -19.643 0.5000000000
7274  -24.585  -72.314  -19.690 0.6000000238
7303  -29.425  -71.267  -22.024 0.5000000000
7323  -23.578  -72.791  -21.027 0.4000000060
7341  -26.515  -72.187  -22.808 0.5000000000
7343  -29.108  -71.284  -24.275 0.3000000119
7359  -28.457  -71.549  -25.174 0.3000000119
7375  -26.240  -72.201  -25.421 0.4000000060
7377  -28.316  -71.697  -25.704 0.3000000119
7402  -25.231  -71.939  -27.392 0.4000000060
7404  -27.959  -71.809  -25.881 0.4000000060
7430  -25.024  -71.874  -27.925 0.4000000060
7993  -30.169  -71.941  -14.310 0.3000000119
7994  -30.749  -71.472  -14.546 0.3000000119
8010  -30.160  -71.816  -16.016 0.4000000060
8012  -31.516  -70.822  -14.780 0.3000000119
8030  -29.737  -72.099  -16.809 0.4000000060
8031  -30.365  -71.479  -16.808 0.4000000060
8075  -22.795  -71.706  -18.199 0.5000000000
8076  -23.661  -71.647  -18.370 0.6000000238
8102  -26.373  -71.836  -19.621 0.6000000238
8103  -27.795  -71.409  -20.499 0.6000000238
8105  -29.769  -71.350  -20.619 0.5000000000
8695  -32.999  -69.824  -14.052 0.3000000119
8705  -32.036  -70.300  -15.283 0.4000000060
8706  -33.042  -69.585  -14.658 0.4000000060
8714  -21.306  -70.390  -16.253 0.5000000000
8728  -25.394  -70.292  -17.797 0.6999999881
8729  -30.676  -70.906  -17.624 0.4000000060
8738  -26.125  -70.848  -18.361 0.6000000238
8744  -31.025  -69.860  -19.516 0.6000000238
8753  -29.916  -70.976  -21.004 0.4000000060
9374  -33.870  -68.592  -13.876 0.3000000119
9388  -27.291  -69.571  -14.595 0.3000000119
9409  -33.582  -68.946  -14.997 0.4000000060
9410  -34.081  -68.239  -14.488 0.4000000060
9420  -32.177  -69.711  -16.578 0.5000000000
9426  -22.724  -69.420  -16.844 0.5000000000
9427  -24.050  -69.756  -17.307 0.5000000000
9437  -29.538  -69.717  -19.503 0.6000000238
9443  -30.930  -69.687  -20.418 0.6000000238
10081  -28.167  -69.005  -15.922 0.3000000119
10099  -31.697  -67.842  -15.628 0.3000000119
10100  -34.640  -67.338  -15.761 0.4000000060
10105  -20.392  -68.255  -17.192 0.5000000000
10108  -23.087  -68.359  -17.511 0.5000000000
10123  -27.747  -68.891  -18.523 0.6000000238
10127  -34.385  -67.065  -17.752 0.5000000000
10131  -29.987  -68.262  -19.357 0.6999999881
10134  -31.993  -68.393  -19.591 0.6000000238
10738  -34.079  -68.002  -14.384 0.3000000119
10776  -27.985  -66.947  -17.734 0.3000000119
10780  -35.029  -66.648  -16.290 0.4000000060
10790  -22.022  -67.619  -18.602 0.5000000000
10793  -25.569  -67.536  -18.938 0.6999999881
10795  -27.419  -67.258  -19.440 0.6000000238
10835  -22.758  -67.542  -22.709 0.6999999881
10847  -21.356  -67.133  -23.761 0.6999999881
10848  -21.801  -67.385  -23.616 0.6999999881
10850  -23.739  -67.285  -23.307 0.6999999881
10851  -24.929  -67.174  -23.092 0.6999999881
10861  -22.418  -67.232  -24.181 0.6999999881
11454  -34.785  -66.269  -16.026 0.4000000060
11459  -27.663  -65.992  -17.740 0.3000000119
11462  -30.958  -66.825  -17.916 0.3000000119
11466  -35.324  -65.868  -16.909 0.4000000060
11475  -30.254  -66.062  -18.434 0.4000000060
11486  -26.920  -66.729  -20.107 0.6999999881
11490  -30.795  -66.902  -19.814 0.6999999881
11493  -35.123  -65.062  -18.842 0.5000000000
11507  -29.630  -65.223  -21.752 0.5000000000
11510  -32.971  -65.745  -20.341 0.6999999881
11523  -20.278  -66.870  -21.733 0.6000000238
11541  -25.857  -66.650  -22.686 0.6999999881
11542  -26.951  -66.126  -22.690 0.8000000119
11550  -21.436  -66.698  -24.493 0.6999999881
11551  -21.972  -66.703  -24.956 0.6999999881
11563  -21.711  -66.099  -25.378 0.6999999881
11564  -22.080  -66.331  -25.226 0.6999999881
12157  -26.820  -65.252  -16.488 0.4000000060
12158  -27.297  -64.848  -16.720 0.3000000119
12169  -35.145  -65.603  -17.513 0.3000000119
12186  -29.736  -65.018  -18.438 0.5000000000
12189  -33.812  -65.193  -18.113 0.4000000060
12190  -34.762  -64.838  -18.432 0.5000000000
12191  -35.141  -64.998  -18.482 0.5000000000
12205  -19.879  -65.849  -20.318 0.5000000000
12206  -34.670  -64.935  -19.572 0.5000000000
12224  -28.811  -65.259  -22.305 0.8000000119
12227  -32.090  -64.695  -20.830 0.6000000238
12229  -34.154  -64.420  -20.235 0.5000000000
12255  -30.513  -64.189  -22.121 0.5000000000
12276  -26.527  -66.246  -22.620 0.8000000119
12315  -21.924  -65.468  -25.794 0.6999999881
12913  -27.637  -64.420  -17.255 0.4000000060
12931  -32.485  -63.664  -19.165 0.5000000000
12933  -34.786  -64.413  -19.060 0.5000000000
12943  -33.637  -63.425  -19.710 0.5000000000
12945  -34.534  -64.318  -19.580 0.5000000000
12957  -23.171  -64.551  -20.700 0.5000000000
12965  -33.384  -63.781  -20.655 0.5000000000
12966  -34.140  -63.861  -20.153 0.5000000000
12979  -29.362  -64.755  -22.227 0.6000000238
12981  -30.960  -64.010  -22.162 0.5000000000
12982  -31.736  -63.733  -21.638 0.5000000000
12983  -32.589  -63.583  -21.111 0.5000000000
12998  -20.299  -64.625  -22.888 0.6000000238
13643  -27.788  -63.912  -17.752 0.4000000060
13670  -30.523  -63.521  -19.036 0.5000000000
13671  -31.717  -63.234  -19.402 0.6000000238
13683  -19.777  -63.312  -19.692 0.4000000060
13687  -25.207  -63.901  -19.544 0.6000000238
13690  -28.405  -63.511  -19.688 0.6000000238
13693  -32.143  -62.898  -20.172 0.6000000238
13694  -33.030  -63.134  -20.256 0.5000000000
13695  -33.665  -63.495  -20.207 0.5000000000
13710  -27.917  -63.833  -20.493 0.6000000238
13712  -31.538  -63.055  -21.105 0.5000000000
13727  -30.915  -63.705  -21.932 0.5000000000
14378  -23.354  -62.282  -16.521 0.3000000119
14404  -22.700  -62.387  -18.752 0.3000000119
15087  -22.825  -61.077  -16.732 0.3000000119
15100  -22.622  -61.186  -17.454 0.3000000119
15136  -22.456  -61.714  -20.202 0.5000000000
15149  -23.342  -61.934  -23.260 0.5000000000
15157  -24.497  -61.630  -24.681 0.4000000060
15924  -22.648  -60.266  -20.777 0.4000000060
15930  -22.870  -60.778  -21.818 0.5000000000
15951  -23.378  -61.657  -24.928 0.5000000000
16622  -23.439  -59.754  -16.567 0.3000000119
16624  -25.999  -59.198  -15.526 0.4000000060
16693  -22.973  -59.438  -23.591 0.4000000060
16696  -27.216  -59.477  -24.007 0.4000000060
16700  -21.346  -59.790  -23.858 0.5000000000
16703  -26.278  -60.238  -24.061 0.4000000060
17431  -26.019  -59.066  -15.120 0.4000000060
17450  -23.710  -58.738  -17.689 0.3000000119
17453  -26.634  -58.359  -16.821 0.4000000060
17464  -26.758  -58.285  -17.157 0.4000000060
17475  -23.066  -58.967  -19.959 0.4000000060
17513  -21.166  -57.775  -22.666 0.5000000000
17517  -27.302  -58.706  -23.483 0.4000000060
17525  -19.667  -57.864  -22.646 0.4000000060
18266  -26.126  -58.220  -16.204 0.4000000060
18310  -21.352  -56.724  -21.571 0.5000000000
18351  -27.072  -58.204  -23.597 0.4000000060
18352  -27.488  -58.194  -23.352 0.4000000060
18353  -27.901  -57.410  -23.086 0.4000000060
18362  -25.898  -59.045  -23.966 0.4000000060
19138  -25.120  -56.419  -16.347 0.4000000060
19195  -22.517  -56.679  -20.353 0.4000000060
19199  -27.697  -56.624  -20.753 0.3000000119
19214  -23.905  -56.719  -21.021 0.4000000060
19219  -28.241  -56.410  -22.103 0.5000000000
20160  -22.264  -55.478  -19.408 0.4000000060
20162  -24.360  -55.319  -19.629 0.4000000060
20179  -25.771  -55.297  -20.936 0.4000000060
20197  -26.596  -55.775  -22.058 0.4000000060
20198  -27.642  -55.871  -22.320 0.4000000060
20199  -28.292  -55.787  -22.106 0.4000000060
21989  -22.527  -52.928  -17.872 0.3000000119
22019  -25.464  -53.373  -19.324 0.4000000060
22058  -29.840  -53.322  -21.404 0.5000000000
22881  -23.248  -52.984  -17.814 0.4000000060
23738  -24.742  -51.455  -18.167 0.4000000060
24689  -24.432  -50.286  -17.369 0.4000000060
25586  -24.333  -49.081  -16.826 0.4000000060
25613  -25.792  -49.219  -18.478 0.4000000060
25614  -26.412  -49.011  -19.124 0.5000000000
27480  -25.486  -47.315  -17.307 0.4000000060
111892  -19.819  -62.614  -20.978 0.6000000238
112058  -19.337  -76.115  -19.863 0.3000000119
112232  -22.880  -67.543  -18.923 0.6000000238
112459  -32.365  -67.729  -19.716 0.6999999881
113300  -24.386  -72.659  -21.089 0.4000000060
113641  -20.954  -75.529  -18.678 0.4000000060
114878  -21.228  -67.503  -21.765 0.6000000238
115236  -30.274  -70.174  -21.664 0.6000000238
115772  -24.572  -67.082  -23.263 0.6999999881
116037  -22.022  -69.980  -16.470 0.5000000000
116231  -28.627  -72.956  -17.353 0.4000000060
117090  -26.672  -60.075  -24.033 0.4000000060
117245  -22.221  -73.153  -15.796 0.3000000119
118129  -22.493  -62.956  -20.525 0.5000000000
118297  -24.467  -63.447  -18.027 0.5000000000
118759  -28.806  -70.727  -22.131 0.5000000000
118854  -22.139  -75.655  -19.365 0.4000000060
120987  -28.023  -70.498  -18.825 0.6000000238
121407  -30.358  -64.133  -18.580 0.4000000060
121415  -21.867  -74.485  -17.963 0.4000000060
121708  -27.387  -72.433  -14.555 0.3000000119
121726  -19.102  -75.864  -18.082 0.3000000119
122087  -25.460  -59.784  -15.112 0.4000000060
122147  -28.117  -73.120  -19.489 0.4000000060
122289  -31.054  -69.487  -20.058 0.6000000238
122476  -22.475  -60.947  -19.296 0.3000000119
122525  -34.197  -63.980  -19.262 0.5000000000
122748  -22.475  -64.435  -25.778 0.6999999881
122850  -23.994  -52.838  -18.026 0.4000000060
123246  -29.104  -71.841  -24.261 0.4000000060
124086  -29.040  -70.630  -21.919 0.5000000000
124198  -30.041  -68.229  -16.884 0.3000000119
124918  -26.204  -72.566  -15.475 0.4000000060
125622  -23.461  -69.105  -17.202 0.5000000000
126360  -18.296  -76.027  -18.869 0.3000000119
126465  -22.128  -73.045  -14.929 0.3000000119
126482  -25.304  -59.825  -22.757 0.4000000060
126669  -26.304  -58.527  -16.523 0.4000000060
127093  -34.883  -66.353  -17.832 0.5000000000
127486  -29.083  -70.967  -21.918 0.4000000060
128421  -27.970  -71.348  -22.986 0.5000000000
128458  -28.129  -65.646  -22.359 0.8000000119
128923  -29.470  -63.309  -20.335 0.6000000238
129468  -23.096  -74.237  -18.112 0.4000000060
129612  -22.885  -76.373  -22.208 0.4000000060
129735  -20.154  -65.361  -21.595 0.6000000238
130302  -22.447  -76.417  -22.848 0.4000000060
131301  -27.279  -73.498  -24.335 0.4000000060
131373  -22.342  -65.505  -25.241 0.6999999881
131449  -26.591  -74.522  -19.178 0.4000000060
131503  -19.925  -67.169  -19.862 0.5000000000
131693  -26.863  -72.045  -23.587 0.4000000060
132243  -27.019  -74.096  -19.664 0.4000000060
132317  -26.089  -70.134  -17.948 0.6000000238
132781  -25.349  -72.001  -26.594 0.4000000060
132782  -23.749  -76.227  -20.905 0.4000000060
