#!ascii label  , from subject sub-v2s15x29750_ses-1 vox2ras=TkReg
911
40091  31.237  -16.354  36.295 0.0000000000
42002  42.381  -14.158  39.557 0.0000000000
62330  46.961  5.114  21.191 0.0000000000
112907  37.793  -3.614  26.054 0.0000000000
48132  40.699  -8.723  34.519 0.0000000000
68141  60.415  12.833  15.157 0.0000000000
114892  46.722  3.446  24.810 0.0000000000
133879  42.567  0.429  23.067 0.0000000000
39116  27.755  -17.237  36.290 0.0000000000
113244  36.062  -15.398  38.141 0.0000000000
43110  37.628  -13.846  35.004 0.0000000000
119014  32.345  -15.305  32.924 0.0000000000
65292  52.140  8.404  17.737 0.0000000000
40034  35.279  -16.179  42.194 0.0000000000
40029  30.388  -16.633  42.467 0.0000000000
127953  51.575  6.733  21.356 0.0000000000
124388  26.509  -17.595  42.250 0.0000000000
125598  23.865  -21.177  41.938 0.0000000000
55141  42.386  -1.600  27.770 0.0000000000
51265  38.765  -5.978  31.122 0.0000000000
121938  37.017  -9.323  28.767 0.0000000000
45182  37.746  -11.593  31.302 0.0000000000
59130  46.372  2.376  26.601 0.0000000000
59151  45.133  1.870  24.170 0.0000000000
57141  44.317  0.774  26.009 0.0000000000
61250  48.683  4.327  27.645 0.0000000000
40118  29.735  -16.792  34.423 0.0000000000
38179  29.001  -18.179  34.368 0.0000000000
113472  29.373  -16.371  36.795 0.0000000000
41050  33.986  -16.048  37.184 0.0000000000
133276  34.629  -15.380  35.916 0.0000000000
41070  31.843  -16.023  34.864 0.0000000000
40138  30.619  -16.920  32.299 0.0000000000
62350  47.426  5.564  19.710 0.0000000000
62316  48.510  5.597  22.807 0.0000000000
63302  48.834  6.081  21.265 0.0000000000
63320  49.603  6.542  19.323 0.0000000000
39045  30.289  -17.277  45.443 0.0000000000
39072  28.679  -17.162  42.812 0.0000000000
39048  28.164  -17.556  45.703 0.0000000000
38032  23.685  -18.991  48.233 0.0000000000
38058  23.998  -18.012  45.144 0.0000000000
35990  23.578  -20.696  45.132 0.0000000000
33232  23.389  -22.515  44.353 0.0000000000
123796  22.553  -23.197  46.053 0.0000000000
51241  40.567  -5.216  34.296 0.0000000000
50236  39.379  -6.850  33.277 0.0000000000
49212  37.827  -7.369  30.057 0.0000000000
47169  38.952  -9.301  30.770 0.0000000000
43140  35.411  -13.483  32.589 0.0000000000
44164  37.787  -12.982  33.073 0.0000000000
44185  34.671  -12.755  30.828 0.0000000000
45211  34.858  -11.792  29.318 0.0000000000
54155  40.074  -2.832  26.909 0.0000000000
55173  40.397  -1.601  24.494 0.0000000000
54171  38.459  -2.440  23.976 0.0000000000
68183  53.901  11.017  13.102 0.0000000000
69056  60.575  13.048  13.765 0.0000000000
61295  46.763  4.215  23.390 0.0000000000
59184  45.127  2.850  22.122 0.0000000000
61276  48.326  4.921  25.030 0.0000000000
113033  39.041  -14.514  39.083 0.0000000000
43086  40.219  -13.930  37.072 0.0000000000
42027  37.308  -14.505  36.602 0.0000000000
42058  34.644  -14.386  33.711 0.0000000000
42078  32.546  -14.747  31.578 0.0000000000
66257  53.698  9.210  19.640 0.0000000000
67202  54.461  10.271  17.765 0.0000000000
67229  56.011  10.147  15.970 0.0000000000
66311  56.737  9.345  14.618 0.0000000000
116723  33.135  -16.529  39.271 0.0000000000
112862  30.738  -16.465  39.300 0.0000000000
112866  33.050  -16.505  42.093 0.0000000000
112346  35.694  -15.829  39.937 0.0000000000
64317  51.703  7.336  19.411 0.0000000000
114707  29.248  -16.338  39.621 0.0000000000
133217  26.798  -16.928  39.044 0.0000000000
38123  25.577  -18.933  38.930 0.0000000000
132982  26.029  -16.813  45.779 0.0000000000
38074  25.046  -18.209  42.042 0.0000000000
30479  20.739  -26.897  47.348 0.0000000000
57115  44.607  0.241  28.613 0.0000000000
53133  40.604  -3.400  29.278 0.0000000000
52155  40.895  -3.999  32.278 0.0000000000
52201  38.547  -4.636  28.943 0.0000000000
50298  36.747  -6.438  28.089 0.0000000000
118761  35.690  -8.262  26.642 0.0000000000
47220  34.820  -10.163  25.845 0.0000000000
43107  40.326  -13.225  35.303 0.0000000000
44161  40.268  -11.947  33.561 0.0000000000
46119  40.058  -10.117  31.936 0.0000000000
46132  37.936  -10.593  30.207 0.0000000000
46152  34.976  -11.036  27.968 0.0000000000
56171  42.607  -0.594  25.602 0.0000000000
56196  40.704  -0.772  23.015 0.0000000000
119917  46.686  2.378  27.941 0.0000000000
58124  45.673  1.763  26.768 0.0000000000
58114  45.674  1.540  27.749 0.0000000000
60139  47.730  3.235  28.523 0.0000000000
40105  30.341  -16.354  35.609 0.0000000000
39130  29.530  -16.577  35.253 0.0000000000
40092  30.190  -16.361  36.546 0.0000000000
40090  32.286  -16.310  36.543 0.0000000000
135800  32.764  -16.111  36.079 0.0000000000
40103  32.064  -16.223  35.766 0.0000000000
119701  30.877  -16.298  34.821 0.0000000000
62339  46.832  5.195  20.254 0.0000000000
62317  47.826  5.345  22.416 0.0000000000
62327  49.178  6.023  22.470 0.0000000000
62329  47.688  5.440  21.555 0.0000000000
62349  48.125  5.920  20.167 0.0000000000
35965  23.480  -20.688  47.296 0.0000000000
35985  23.503  -20.388  45.921 0.0000000000
134447  23.507  -20.979  45.804 0.0000000000
34110  23.594  -21.830  44.213 0.0000000000
119402  23.401  -21.943  45.824 0.0000000000
128946  22.984  -23.075  44.655 0.0000000000
117854  40.167  -6.844  34.886 0.0000000000
49178  39.554  -7.611  33.637 0.0000000000
49199  38.932  -8.056  32.127 0.0000000000
48153  39.466  -8.686  32.507 0.0000000000
43063  43.219  -13.740  39.026 0.0000000000
43150  33.743  -13.765  31.624 0.0000000000
44184  35.272  -12.954  31.620 0.0000000000
43161  33.943  -13.063  30.457 0.0000000000
44205  33.650  -12.964  29.563 0.0000000000
113216  39.333  -3.260  26.869 0.0000000000
54163  39.387  -2.550  25.433 0.0000000000
68143  59.441  11.082  15.852 0.0000000000
120044  60.113  13.508  15.445 0.0000000000
69914  59.384  13.339  14.309 0.0000000000
133773  58.871  13.056  13.880 0.0000000000
69041  60.680  12.614  14.489 0.0000000000
115671  46.363  3.591  23.738 0.0000000000
60200  45.660  3.371  22.564 0.0000000000
60186  45.805  3.147  23.372 0.0000000000
58157  43.796  1.085  23.388 0.0000000000
58168  44.269  1.629  22.952 0.0000000000
57201  42.981  0.946  22.276 0.0000000000
60153  47.457  3.619  26.009 0.0000000000
61264  47.855  4.286  25.495 0.0000000000
121468  47.280  4.489  23.769 0.0000000000
39131  28.344  -17.230  35.647 0.0000000000
38135  26.929  -17.894  37.036 0.0000000000
113510  38.169  -14.662  39.074 0.0000000000
42018  38.431  -14.456  37.550 0.0000000000
113615  36.875  -14.748  37.225 0.0000000000
41079  33.439  -15.233  34.184 0.0000000000
42048  34.860  -14.740  34.647 0.0000000000
42060  33.076  -15.002  33.282 0.0000000000
42068  33.477  -14.512  32.800 0.0000000000
41096  32.104  -15.275  32.084 0.0000000000
41108  31.536  -15.834  31.668 0.0000000000
51330  35.831  -5.845  26.073 0.0000000000
65282  52.485  8.492  18.495 0.0000000000
127176  54.253  10.138  18.528 0.0000000000
66272  53.244  9.506  17.368 0.0000000000
66300  53.639  9.468  15.793 0.0000000000
66313  54.735  9.269  14.902 0.0000000000
66297  56.350  9.728  15.252 0.0000000000
40047  34.426  -16.439  40.858 0.0000000000
40048  33.460  -16.532  40.442 0.0000000000
40036  33.729  -16.502  41.463 0.0000000000
40057  35.125  -16.235  40.338 0.0000000000
40066  34.355  -16.354  38.978 0.0000000000
65261  52.993  7.858  20.242 0.0000000000
64306  51.870  7.163  20.181 0.0000000000
63329  49.712  6.641  18.281 0.0000000000
113062  31.041  -16.495  40.955 0.0000000000
112861  29.809  -16.349  39.021 0.0000000000
130321  29.976  -16.513  41.238 0.0000000000
112868  27.829  -17.399  42.735 0.0000000000
40042  27.962  -16.644  40.919 0.0000000000
39087  26.715  -17.284  40.670 0.0000000000
123991  26.320  -17.477  39.123 0.0000000000
39088  26.089  -17.769  40.901 0.0000000000
40002  26.005  -16.598  46.952 0.0000000000
38066  23.637  -18.968  43.914 0.0000000000
38065  24.144  -18.289  43.418 0.0000000000
37061  23.843  -19.786  42.162 0.0000000000
37088  24.743  -19.206  40.516 0.0000000000
54117  41.656  -2.656  29.430 0.0000000000
51253  39.936  -5.302  33.014 0.0000000000
124181  40.359  -4.644  32.697 0.0000000000
52166  39.659  -4.868  31.543 0.0000000000
52192  39.592  -4.401  30.077 0.0000000000
51295  38.234  -5.378  29.499 0.0000000000
51308  37.747  -5.273  28.742 0.0000000000
50285  38.074  -6.048  29.937 0.0000000000
48225  37.202  -8.615  28.941 0.0000000000
121295  36.706  -7.976  28.356 0.0000000000
119762  36.655  -8.870  28.308 0.0000000000
125952  35.505  -9.205  26.597 0.0000000000
47210  35.693  -9.663  27.283 0.0000000000
43109  38.516  -13.742  35.429 0.0000000000
43097  40.273  -13.579  36.160 0.0000000000
112256  38.946  -13.400  34.813 0.0000000000
44171  38.317  -12.401  32.669 0.0000000000
44162  39.484  -12.399  33.545 0.0000000000
45170  38.815  -11.718  32.233 0.0000000000
45159  40.399  -11.220  32.860 0.0000000000
45180  39.329  -11.027  31.764 0.0000000000
46131  38.625  -10.326  30.463 0.0000000000
45194  37.477  -11.222  30.607 0.0000000000
44215  33.841  -12.302  28.149 0.0000000000
45221  35.330  -11.233  28.771 0.0000000000
56144  43.438  -0.616  27.789 0.0000000000
56157  43.311  -0.446  26.939 0.0000000000
55163  42.130  -1.214  26.037 0.0000000000
55183  39.589  -1.556  23.140 0.0000000000
55182  40.245  -1.293  23.513 0.0000000000
67261  53.911  10.569  12.452 0.0000000000
122462  46.391  2.613  25.766 0.0000000000
59150  45.672  2.375  24.545 0.0000000000
59140  45.831  2.271  25.346 0.0000000000
58147  44.640  1.364  24.661 0.0000000000
57173  43.947  0.848  24.283 0.0000000000
60138  48.256  3.705  28.078 0.0000000000
116358  47.478  3.342  26.833 0.0000000000
38192  29.505  -17.525  34.005 0.0000000000
40106  28.858  -16.665  35.718 0.0000000000
40093  28.319  -16.695  36.282 0.0000000000
41049  34.727  -15.823  37.486 0.0000000000
41057  35.340  -15.431  36.909 0.0000000000
123756  33.846  -15.821  36.433 0.0000000000
41068  33.425  -15.556  35.117 0.0000000000
125975  31.933  -15.765  33.986 0.0000000000
41097  31.591  -15.781  32.607 0.0000000000
41087  31.386  -16.003  33.374 0.0000000000
40128  30.064  -16.971  33.510 0.0000000000
64353  51.121  7.628  16.781 0.0000000000
40018  34.606  -16.071  43.528 0.0000000000
63293  49.846  6.285  22.971 0.0000000000
112325  49.921  6.369  22.135 0.0000000000
63300  50.200  6.521  20.802 0.0000000000
63308  50.376  6.675  19.964 0.0000000000
63309  49.511  6.441  20.229 0.0000000000
63321  48.768  6.294  19.699 0.0000000000
40014  30.911  -16.784  44.147 0.0000000000
40030  29.479  -16.834  42.731 0.0000000000
39065  29.236  -17.224  43.600 0.0000000000
113901  28.666  -17.523  44.252 0.0000000000
39066  27.410  -17.528  43.410 0.0000000000
39041  24.512  -17.406  46.408 0.0000000000
38045  23.762  -18.712  46.303 0.0000000000
37041  23.603  -19.906  44.544 0.0000000000
36008  23.674  -20.975  43.406 0.0000000000
35034  23.709  -21.727  43.521 0.0000000000
50235  39.776  -6.306  33.816 0.0000000000
50245  39.249  -6.299  32.534 0.0000000000
50272  38.077  -6.683  30.285 0.0000000000
49200  38.663  -7.410  31.576 0.0000000000
48194  38.460  -8.554  30.565 0.0000000000
48213  38.393  -9.128  30.087 0.0000000000
43130  36.525  -13.807  33.907 0.0000000000
43128  37.959  -13.251  33.697 0.0000000000
44174  36.196  -13.026  32.313 0.0000000000
44173  36.854  -12.648  32.171 0.0000000000
44183  36.321  -12.407  31.488 0.0000000000
45196  35.963  -11.682  30.167 0.0000000000
44192  35.469  -12.295  30.688 0.0000000000
44204  34.093  -12.314  29.042 0.0000000000
54145  41.459  -2.293  27.579 0.0000000000
135419  41.681  -1.623  26.342 0.0000000000
118359  40.651  -2.154  25.902 0.0000000000
115352  39.449  -2.136  24.499 0.0000000000
68151  55.615  11.695  13.869 0.0000000000
68167  57.104  11.829  13.246 0.0000000000
60208  46.434  4.494  21.687 0.0000000000
129456  45.866  4.186  21.208 0.0000000000
133418  45.959  4.107  21.731 0.0000000000
59161  44.898  2.051  23.366 0.0000000000
58183  44.056  1.790  22.084 0.0000000000
61255  49.150  4.905  27.226 0.0000000000
133545  49.567  5.518  26.108 0.0000000000
62273  49.886  5.862  25.598 0.0000000000
62288  48.812  5.383  24.518 0.0000000000
61294  47.323  4.821  23.016 0.0000000000
42004  40.839  -14.432  39.382 0.0000000000
42010  41.570  -14.038  38.327 0.0000000000
112302  40.022  -14.277  37.943 0.0000000000
42025  38.961  -14.216  36.988 0.0000000000
42045  37.120  -14.162  35.233 0.0000000000
42029  35.984  -14.964  36.382 0.0000000000
42047  35.695  -14.512  34.834 0.0000000000
43120  36.199  -14.153  34.364 0.0000000000
43132  34.679  -13.933  32.885 0.0000000000
43141  33.952  -14.039  32.414 0.0000000000
42089  33.035  -14.165  31.003 0.0000000000
67201  55.385  10.569  17.719 0.0000000000
66289  53.459  9.576  16.562 0.0000000000
67218  54.768  10.280  16.983 0.0000000000
67216  56.651  10.447  16.556 0.0000000000
67215  57.578  10.531  16.366 0.0000000000
67227  57.870  10.311  15.671 0.0000000000
67243  58.149  10.030  14.998 0.0000000000
67242  59.086  10.362  14.825 0.0000000000
40068  32.407  -16.516  38.202 0.0000000000
134615  30.848  -16.419  37.832 0.0000000000
113060  32.394  -16.532  39.051 0.0000000000
40050  31.729  -16.509  40.438 0.0000000000
40037  32.142  -16.499  41.774 0.0000000000
40019  33.966  -16.298  43.221 0.0000000000
40020  31.587  -16.603  43.490 0.0000000000
40008  31.056  -16.861  44.956 0.0000000000
41996  42.284  -14.307  40.546 0.0000000000
41998  40.771  -14.481  40.177 0.0000000000
42006  38.565  -14.654  39.925 0.0000000000
42007  37.656  -14.946  39.856 0.0000000000
41031  37.129  -15.317  40.526 0.0000000000
41042  35.570  -15.685  38.647 0.0000000000
41043  34.895  -15.990  38.389 0.0000000000
40076  33.308  -16.399  37.839 0.0000000000
66248  53.763  8.843  20.339 0.0000000000
65272  52.723  8.143  19.449 0.0000000000
65283  51.874  7.912  18.184 0.0000000000
63319  50.463  6.837  19.115 0.0000000000
64328  50.672  7.123  18.269 0.0000000000
64336  51.257  7.558  17.779 0.0000000000
40079  30.026  -16.345  37.448 0.0000000000
112860  29.489  -16.314  38.127 0.0000000000
113433  27.954  -16.485  37.606 0.0000000000
40041  28.800  -16.600  41.354 0.0000000000
40062  27.378  -16.592  39.007 0.0000000000
39107  27.273  -16.847  37.551 0.0000000000
39100  26.321  -17.831  38.298 0.0000000000
38122  26.010  -18.737  38.335 0.0000000000
112870  27.340  -17.466  45.095 0.0000000000
39067  26.655  -17.502  43.729 0.0000000000
39077  24.895  -17.875  43.003 0.0000000000
39076  25.709  -17.729  42.588 0.0000000000
38097  25.158  -18.614  40.560 0.0000000000
32239  21.447  -24.611  46.522 0.0000000000
57129  45.093  0.886  28.191 0.0000000000
55126  42.546  -1.721  28.588 0.0000000000
54130  41.594  -2.546  28.735 0.0000000000
53155  40.370  -3.034  27.758 0.0000000000
118044  39.821  -3.502  28.207 0.0000000000
122923  40.650  -3.548  29.914 0.0000000000
53145  39.220  -3.942  28.628 0.0000000000
52212  38.277  -4.084  27.710 0.0000000000
52214  36.900  -4.997  27.191 0.0000000000
51320  36.653  -5.777  27.446 0.0000000000
50318  35.848  -6.615  26.522 0.0000000000
50297  37.177  -6.687  28.928 0.0000000000
49257  36.438  -7.296  27.818 0.0000000000
129898  35.342  -7.944  25.865 0.0000000000
48246  35.292  -8.704  25.874 0.0000000000
47234  34.758  -9.873  25.139 0.0000000000
48131  41.379  -9.263  34.803 0.0000000000
43085  41.673  -13.685  37.569 0.0000000000
43096  41.635  -13.148  36.156 0.0000000000
44133  41.807  -12.647  35.455 0.0000000000
44153  39.216  -12.993  34.129 0.0000000000
44151  40.879  -12.209  34.228 0.0000000000
45139  42.158  -11.647  34.627 0.0000000000
46085  41.614  -10.826  33.788 0.0000000000
47124  41.279  -10.249  33.645 0.0000000000
113613  40.733  -9.865  33.152 0.0000000000
47168  39.543  -9.771  31.370 0.0000000000
47181  38.674  -9.799  30.222 0.0000000000
47193  37.079  -9.911  28.936 0.0000000000
45209  36.432  -11.125  29.707 0.0000000000
46144  36.107  -10.842  29.033 0.0000000000
46150  36.483  -10.253  28.615 0.0000000000
46164  34.710  -10.858  27.095 0.0000000000
114368  44.373  0.657  26.920 0.0000000000
57158  43.720  0.356  25.643 0.0000000000
56185  42.512  -0.293  24.596 0.0000000000
55172  41.274  -1.280  24.867 0.0000000000
56186  41.705  -0.676  24.322 0.0000000000
57187  42.033  0.114  23.027 0.0000000000
67240  60.914  11.984  14.092 0.0000000000
59114  46.750  2.343  28.616 0.0000000000
58113  46.257  1.919  28.214 0.0000000000
59100  47.307  2.746  28.950 0.0000000000
115098  30.921  -16.409  37.130 0.0000000000
40104  31.252  -16.283  35.473 0.0000000000
116102  46.349  4.666  20.772 0.0000000000
61311  47.141  4.945  22.076 0.0000000000
62338  47.546  5.508  20.670 0.0000000000
35976  23.477  -20.863  46.471 0.0000000000
125866  23.450  -21.406  46.183 0.0000000000
117020  40.450  -7.993  34.886 0.0000000000
49166  40.144  -7.431  34.751 0.0000000000
49177  39.961  -8.053  34.242 0.0000000000
48143  39.719  -8.414  33.357 0.0000000000
48142  40.372  -9.001  33.700 0.0000000000
41995  43.198  -13.945  40.066 0.0000000000
43076  42.298  -13.970  38.741 0.0000000000
134141  33.605  -13.556  30.896 0.0000000000
43162  33.178  -13.673  30.095 0.0000000000
53170  38.597  -3.422  26.481 0.0000000000
53181  38.506  -3.063  25.580 0.0000000000
68142  60.046  11.806  15.659 0.0000000000
127230  60.052  13.571  14.902 0.0000000000
69042  60.439  13.165  14.461 0.0000000000
68150  60.371  11.861  14.947 0.0000000000
60169  46.458  3.380  24.342 0.0000000000
60170  46.005  2.963  24.114 0.0000000000
57186  43.074  0.736  23.030 0.0000000000
118773  42.493  0.541  22.519 0.0000000000
60160  46.831  3.212  25.469 0.0000000000
60159  47.215  3.864  25.072 0.0000000000
60168  46.895  3.963  24.231 0.0000000000
38148  27.902  -18.009  35.763 0.0000000000
38149  27.375  -17.957  36.472 0.0000000000
39117  27.254  -17.273  36.933 0.0000000000
41040  36.875  -14.970  38.047 0.0000000000
42014  37.838  -14.654  38.236 0.0000000000
120190  32.592  -15.431  33.709 0.0000000000
114098  35.448  -6.603  25.732 0.0000000000
66266  53.099  9.260  18.233 0.0000000000
66273  52.594  8.969  17.594 0.0000000000
40035  34.530  -16.409  41.796 0.0000000000
40046  35.235  -16.244  41.295 0.0000000000
64296  52.081  6.966  20.937 0.0000000000
40038  31.168  -16.518  41.766 0.0000000000
40051  30.250  -16.481  40.723 0.0000000000
40039  30.429  -16.532  41.523 0.0000000000
39074  27.250  -17.376  42.069 0.0000000000
39081  27.307  -17.103  41.289 0.0000000000
39082  26.626  -17.500  41.483 0.0000000000
39995  25.432  -16.646  47.612 0.0000000000
37062  23.673  -20.171  42.925 0.0000000000
37050  23.758  -19.144  42.932 0.0000000000
36018  23.989  -20.426  41.576 0.0000000000
51264  39.264  -5.656  31.864 0.0000000000
52156  39.777  -5.060  32.299 0.0000000000
51279  39.183  -5.270  31.025 0.0000000000
118311  39.161  -4.935  30.422 0.0000000000
121739  38.658  -5.525  30.340 0.0000000000
47209  36.216  -9.265  27.765 0.0000000000
47200  36.612  -9.635  28.386 0.0000000000
134582  38.023  -13.816  35.278 0.0000000000
114768  38.206  -13.608  34.847 0.0000000000
45171  38.037  -11.993  31.983 0.0000000000
45169  39.595  -11.442  32.472 0.0000000000
45181  38.550  -11.348  31.518 0.0000000000
45193  38.258  -10.988  30.827 0.0000000000
55140  43.006  -1.193  28.182 0.0000000000
56145  42.820  -1.031  27.357 0.0000000000
55153  42.158  -1.497  26.901 0.0000000000
59129  46.940  2.946  26.308 0.0000000000
134446  45.938  2.162  26.066 0.0000000000
58125  44.908  1.276  26.398 0.0000000000
58134  45.424  1.755  25.837 0.0000000000
58135  44.786  1.323  25.515 0.0000000000
57157  44.205  0.838  25.165 0.0000000000
61243  48.805  4.240  28.513 0.0000000000
59120  46.960  2.717  27.273 0.0000000000
60147  47.606  3.277  27.676 0.0000000000
118113  29.483  -16.405  36.038 0.0000000000
129966  28.884  -16.483  36.350 0.0000000000
41069  32.718  -15.887  35.391 0.0000000000
41059  33.363  -15.835  35.928 0.0000000000
41080  32.677  -15.643  34.542 0.0000000000
40116  31.211  -16.155  34.099 0.0000000000
40117  30.450  -16.485  34.171 0.0000000000
62303  49.162  5.698  23.985 0.0000000000
62315  49.144  5.836  23.280 0.0000000000
63301  49.279  6.193  21.717 0.0000000000
131207  49.905  6.412  21.456 0.0000000000
120996  49.412  6.324  21.016 0.0000000000
62363  48.029  5.988  19.172 0.0000000000
121726  30.436  -17.064  44.670 0.0000000000
39055  30.063  -17.052  44.055 0.0000000000
113971  29.931  -17.289  44.796 0.0000000000
39047  28.796  -17.589  45.102 0.0000000000
112869  28.015  -17.603  44.029 0.0000000000
39057  28.075  -17.610  44.744 0.0000000000
38037  24.003  -18.010  47.932 0.0000000000
38044  23.993  -18.179  46.896 0.0000000000
37036  23.577  -19.750  45.360 0.0000000000
35998  23.615  -20.774  44.268 0.0000000000
131812  23.625  -21.346  44.038 0.0000000000
34120  23.662  -22.335  43.625 0.0000000000
33217  22.488  -23.444  45.179 0.0000000000
33218  21.900  -23.915  45.803 0.0000000000
49167  39.744  -7.007  34.225 0.0000000000
50228  40.187  -6.116  34.516 0.0000000000
51248  39.607  -5.990  33.183 0.0000000000
50260  38.855  -6.533  31.782 0.0000000000
49189  38.987  -7.149  32.414 0.0000000000
48173  38.718  -8.323  31.238 0.0000000000
112408  36.257  -13.526  33.203 0.0000000000
54146  40.891  -2.547  27.298 0.0000000000
54154  40.749  -2.353  26.527 0.0000000000
113954  40.078  -2.503  26.053 0.0000000000
54164  38.752  -2.592  24.843 0.0000000000
69057  59.584  13.065  13.639 0.0000000000
118809  58.371  12.609  13.484 0.0000000000
69071  59.066  12.532  12.915 0.0000000000
69070  60.298  12.867  13.044 0.0000000000
61312  46.641  4.405  22.566 0.0000000000
60199  46.047  4.012  22.226 0.0000000000
59185  44.497  2.421  21.678 0.0000000000
59160  45.486  2.481  23.754 0.0000000000
58169  43.577  1.269  22.564 0.0000000000
59186  43.852  2.018  21.194 0.0000000000
61249  49.275  4.760  28.057 0.0000000000
61263  48.515  4.718  25.907 0.0000000000
62265  49.076  5.110  26.378 0.0000000000
131874  49.113  5.349  25.459 0.0000000000
117559  48.189  5.054  24.288 0.0000000000
61293  47.797  4.935  23.730 0.0000000000
112667  39.978  -14.443  38.976 0.0000000000
42011  40.823  -14.289  38.566 0.0000000000
42012  39.405  -14.441  38.384 0.0000000000
42026  38.160  -14.327  36.732 0.0000000000
42034  37.792  -14.136  35.781 0.0000000000
42035  36.745  -14.523  35.879 0.0000000000
41066  35.190  -15.196  35.990 0.0000000000
41067  34.697  -15.168  35.409 0.0000000000
42046  36.442  -14.342  35.049 0.0000000000
42057  35.486  -14.285  34.133 0.0000000000
43131  35.425  -13.921  33.412 0.0000000000
42077  33.222  -14.301  31.988 0.0000000000
125657  32.368  -14.817  30.675 0.0000000000
40126  30.974  -16.370  32.789 0.0000000000
40137  31.086  -16.374  32.038 0.0000000000
40151  30.821  -17.030  31.654 0.0000000000
66247  54.258  9.427  20.179 0.0000000000
66265  53.739  9.856  17.966 0.0000000000
127561  54.848  10.463  18.324 0.0000000000
67191  56.217  10.907  18.199 0.0000000000
65322  52.344  8.677  15.874 0.0000000000
66290  52.744  9.170  16.699 0.0000000000
66299  54.493  9.630  15.611 0.0000000000
66288  54.226  9.872  16.376 0.0000000000
66287  55.085  10.092  16.169 0.0000000000
67217  55.699  10.399  16.795 0.0000000000
67228  56.939  10.175  15.807 0.0000000000
66296  57.255  9.849  15.127 0.0000000000
67226  58.825  10.528  15.506 0.0000000000
128116  33.011  -16.513  38.621 0.0000000000
113063  32.974  -16.513  41.310 0.0000000000
40049  32.431  -16.513  40.832 0.0000000000
112865  31.694  -16.496  41.141 0.0000000000
40012  32.781  -16.370  44.595 0.0000000000
115609  32.520  -16.485  43.668 0.0000000000
40013  31.793  -16.607  44.360 0.0000000000
41997  41.372  -14.442  40.586 0.0000000000
41033  35.837  -15.905  40.795 0.0000000000
41032  36.371  -15.587  40.289 0.0000000000
41036  36.165  -15.568  39.616 0.0000000000
128077  35.743  -15.701  39.285 0.0000000000
41037  35.115  -16.106  39.339 0.0000000000
40059  33.734  -16.510  39.511 0.0000000000
40067  33.652  -16.453  38.715 0.0000000000
64316  52.367  7.571  19.805 0.0000000000
64326  52.124  7.764  19.003 0.0000000000
63328  50.090  6.854  17.555 0.0000000000
64337  50.581  7.233  17.240 0.0000000000
40069  31.449  -16.496  38.594 0.0000000000
40070  30.365  -16.383  38.367 0.0000000000
112766  28.931  -16.282  38.715 0.0000000000
40071  28.701  -16.332  37.865 0.0000000000
116162  28.092  -16.391  38.446 0.0000000000
40040  29.657  -16.614  41.807 0.0000000000
131493  27.288  -16.840  40.529 0.0000000000
40054  27.711  -16.532  39.987 0.0000000000
39099  27.470  -16.624  38.181 0.0000000000
40063  26.824  -17.008  38.368 0.0000000000
124881  26.804  -17.476  37.599 0.0000000000
38109  25.816  -18.292  38.939 0.0000000000
118794  26.570  -16.881  46.269 0.0000000000
39049  26.531  -17.132  45.458 0.0000000000
39059  26.328  -17.320  44.497 0.0000000000
39051  24.592  -17.438  45.567 0.0000000000
38075  24.372  -18.417  42.655 0.0000000000
39069  24.712  -17.652  43.852 0.0000000000
39068  25.698  -17.506  43.547 0.0000000000
38084  25.467  -18.234  41.141 0.0000000000
38085  24.752  -18.716  41.227 0.0000000000
32235  21.638  -24.497  47.567 0.0000000000
31368  20.753  -26.135  46.957 0.0000000000
31359  20.962  -25.484  47.340 0.0000000000
56116  43.765  -0.916  29.435 0.0000000000
55110  42.701  -1.822  29.413 0.0000000000
54144  41.890  -2.168  28.171 0.0000000000
54129  42.139  -2.245  29.012 0.0000000000
53119  41.153  -3.157  29.713 0.0000000000
53132  41.121  -2.956  28.962 0.0000000000
53144  40.526  -3.222  28.536 0.0000000000
53156  39.610  -3.350  27.481 0.0000000000
52146  40.955  -4.200  33.132 0.0000000000
53107  40.789  -3.792  31.339 0.0000000000
52200  39.392  -4.198  29.341 0.0000000000
134808  38.605  -4.188  28.298 0.0000000000
52213  37.527  -4.561  27.495 0.0000000000
131009  37.927  -4.637  28.221 0.0000000000
51309  37.201  -5.887  28.507 0.0000000000
114071  37.237  -5.270  27.954 0.0000000000
134089  36.929  -5.830  28.010 0.0000000000
50317  36.208  -6.053  26.779 0.0000000000
50308  36.308  -6.584  27.297 0.0000000000
132222  38.150  -7.115  30.512 0.0000000000
50286  37.662  -6.650  29.662 0.0000000000
122437  37.417  -7.256  29.444 0.0000000000
48235  36.239  -8.297  27.580 0.0000000000
49258  35.993  -7.392  27.036 0.0000000000
47219  35.102  -9.509  25.878 0.0000000000
46190  34.550  -10.724  25.275 0.0000000000
42016  40.878  -13.956  37.727 0.0000000000
112299  41.085  -13.553  36.741 0.0000000000
43106  41.031  -13.217  35.766 0.0000000000
44112  42.318  -12.828  36.133 0.0000000000
44134  41.025  -12.769  34.993 0.0000000000
43118  38.448  -13.313  34.197 0.0000000000
44163  38.614  -12.803  33.451 0.0000000000
44150  41.668  -12.183  34.694 0.0000000000
45140  41.664  -11.535  34.164 0.0000000000
45158  41.035  -11.394  33.578 0.0000000000
46104  39.952  -10.704  32.162 0.0000000000
46086  40.977  -10.666  33.228 0.0000000000
46103  40.457  -10.404  32.591 0.0000000000
47146  40.329  -9.887  32.441 0.0000000000
47147  39.804  -9.519  32.089 0.0000000000
46130  39.176  -10.030  30.794 0.0000000000
46141  38.315  -10.110  29.928 0.0000000000
46142  37.672  -10.164  29.523 0.0000000000
45195  36.715  -11.429  30.374 0.0000000000
45210  35.660  -11.428  29.498 0.0000000000
46151  35.757  -10.596  28.312 0.0000000000
46163  35.419  -10.366  27.527 0.0000000000
57114  45.197  0.703  28.997 0.0000000000
57130  44.477  0.446  27.793 0.0000000000
56170  43.233  -0.272  26.070 0.0000000000
56184  43.177  -0.030  25.197 0.0000000000
55165  40.883  -1.754  25.431 0.0000000000
55164  41.527  -1.470  25.690 0.0000000000
55181  40.965  -0.998  23.948 0.0000000000
56195  41.465  -0.463  23.441 0.0000000000
56208  41.283  -0.310  22.531 0.0000000000
67262  53.007  10.550  12.148 0.0000000000
67273  52.639  10.540  11.514 0.0000000000
68195  52.183  11.236  10.681 0.0000000000
67241  60.053  11.031  14.601 0.0000000000
67254  59.377  10.209  14.108 0.0000000000
59121  46.283  2.109  27.425 0.0000000000
59113  47.189  2.767  28.161 0.0000000000
126580  30.130  -16.459  34.859 0.0000000000
40089  33.184  -16.180  36.759 0.0000000000
62328  48.506  5.778  21.897 0.0000000000
62337  48.256  5.804  21.034 0.0000000000
63310  48.793  6.192  20.580 0.0000000000
39035  30.363  -17.370  46.417 0.0000000000
39046  29.500  -17.487  45.335 0.0000000000
115407  29.684  -17.551  46.154 0.0000000000
35018  23.574  -21.329  44.675 0.0000000000
125206  23.513  -21.380  45.417 0.0000000000
117812  23.482  -21.905  44.974 0.0000000000
33216  23.110  -22.611  45.349 0.0000000000
34097  23.052  -22.525  46.346 0.0000000000
49157  40.588  -7.354  35.379 0.0000000000
116018  39.245  -7.796  32.944 0.0000000000
48172  39.271  -8.980  31.622 0.0000000000
119180  34.558  -13.550  32.078 0.0000000000
43149  34.288  -13.248  31.268 0.0000000000
43173  33.103  -13.636  29.084 0.0000000000
53169  39.348  -2.927  26.250 0.0000000000
68135  59.668  11.630  16.327 0.0000000000
69020  60.132  12.726  15.977 0.0000000000
123870  56.027  12.124  14.423 0.0000000000
69043  58.245  12.964  14.275 0.0000000000
69913  60.145  13.326  14.251 0.0000000000
69055  60.921  12.718  13.826 0.0000000000
60185  46.199  3.816  22.985 0.0000000000
59172  45.292  2.655  22.952 0.0000000000
58156  44.480  1.451  23.797 0.0000000000
58170  43.276  1.382  21.624 0.0000000000
133905  47.777  3.710  26.586 0.0000000000
61256  48.595  4.489  26.785 0.0000000000
61277  47.635  4.514  24.509 0.0000000000
38164  28.531  -18.026  35.097 0.0000000000
37154  27.691  -18.971  36.225 0.0000000000
126965  27.130  -18.651  36.898 0.0000000000
42013  38.699  -14.521  38.320 0.0000000000
42019  37.588  -14.584  37.402 0.0000000000
42028  36.595  -14.752  36.695 0.0000000000
41078  34.122  -15.183  34.894 0.0000000000
42049  34.174  -14.847  34.212 0.0000000000
42059  33.811  -14.698  33.557 0.0000000000
42067  34.104  -14.302  33.075 0.0000000000
42069  32.771  -14.822  32.459 0.0000000000
41107  31.969  -15.328  31.194 0.0000000000
65281  53.105  8.897  19.122 0.0000000000
117922  53.663  9.567  18.805 0.0000000000
66314  53.854  9.223  15.036 0.0000000000
66298  55.413  9.686  15.418 0.0000000000
66312  55.724  9.174  14.642 0.0000000000
133438  33.257  -16.545  39.786 0.0000000000
40026  33.859  -16.448  42.357 0.0000000000
40058  34.391  -16.426  39.897 0.0000000000
64305  52.569  7.398  20.576 0.0000000000
112863  30.938  -16.493  40.166 0.0000000000
113061  30.115  -16.430  39.883 0.0000000000
40052  29.589  -16.427  40.320 0.0000000000
39073  28.117  -16.992  41.950 0.0000000000
40055  26.857  -16.940  39.768 0.0000000000
39093  26.186  -17.578  40.050 0.0000000000
38096  25.634  -18.165  40.312 0.0000000000
39040  25.675  -16.772  46.189 0.0000000000
121581  24.014  -18.121  44.286 0.0000000000
114672  24.216  -18.879  42.011 0.0000000000
37075  24.277  -19.474  41.306 0.0000000000
54116  42.271  -2.325  29.838 0.0000000000
54100  42.466  -2.368  30.714 0.0000000000
54101  41.706  -2.805  30.337 0.0000000000
52147  40.434  -4.878  33.492 0.0000000000
124056  40.299  -4.452  31.890 0.0000000000
52165  40.162  -4.346  31.206 0.0000000000
52179  39.644  -4.633  30.806 0.0000000000
52180  38.896  -4.843  29.783 0.0000000000
51296  37.623  -5.958  29.236 0.0000000000
49229  37.525  -8.008  29.520 0.0000000000
49243  37.091  -7.615  28.964 0.0000000000
48236  35.844  -8.934  27.196 0.0000000000
46176  35.165  -10.085  26.633 0.0000000000
43098  39.534  -13.911  36.553 0.0000000000
43108  39.450  -13.575  35.589 0.0000000000
43117  39.732  -13.137  34.759 0.0000000000
44172  37.541  -12.569  32.410 0.0000000000
44170  39.102  -12.129  32.897 0.0000000000
135225  39.763  -11.826  33.074 0.0000000000
46120  39.555  -10.314  31.497 0.0000000000
46121  38.953  -10.642  31.125 0.0000000000
45222  34.509  -11.679  28.491 0.0000000000
45233  34.211  -11.675  27.518 0.0000000000
45245  34.204  -11.498  26.538 0.0000000000
44226  33.810  -12.264  26.748 0.0000000000
56130  44.025  -0.188  28.214 0.0000000000
56143  43.860  0.036  27.383 0.0000000000
56158  42.685  -0.838  26.505 0.0000000000
55174  39.743  -1.672  23.843 0.0000000000
68181  56.548  11.358  12.806 0.0000000000
127360  54.639  10.998  12.906 0.0000000000
59139  46.293  2.864  24.900 0.0000000000
58146  45.283  1.801  24.996 0.0000000000
117589  43.356  0.640  23.744 0.0000000000
60146  48.100  3.810  27.136 0.0000000000
39143  29.002  -17.173  34.882 0.0000000000
40082  27.759  -16.715  36.886 0.0000000000
41048  35.441  -15.594  37.813 0.0000000000
41047  36.156  -15.166  37.314 0.0000000000
41058  34.544  -15.608  36.524 0.0000000000
113043  34.097  -15.510  35.748 0.0000000000
125431  31.957  -15.624  33.324 0.0000000000
125895  30.744  -16.441  33.465 0.0000000000
65293  51.686  8.046  17.327 0.0000000000
65310  52.156  8.606  16.939 0.0000000000
65311  51.649  8.114  16.301 0.0000000000
40025  34.607  -16.284  42.697 0.0000000000
40017  35.259  -16.011  43.036 0.0000000000
63283  50.565  6.448  23.511 0.0000000000
63292  50.665  6.527  22.568 0.0000000000
114962  50.718  6.565  21.570 0.0000000000
63299  51.177  6.776  20.630 0.0000000000
63330  48.768  6.323  18.666 0.0000000000
40021  30.689  -16.708  43.357 0.0000000000
40022  29.951  -16.847  43.272 0.0000000000
39056  29.373  -17.400  44.520 0.0000000000
131099  28.347  -17.451  43.485 0.0000000000
130102  27.099  -17.486  42.690 0.0000000000
39030  24.467  -17.373  47.278 0.0000000000
38050  24.024  -17.992  45.976 0.0000000000
38051  23.713  -18.773  45.623 0.0000000000
38059  23.647  -18.861  44.803 0.0000000000
37051  23.632  -20.041  43.684 0.0000000000
36007  23.750  -20.743  42.457 0.0000000000
121841  23.981  -22.185  42.325 0.0000000000
51247  40.066  -5.627  33.748 0.0000000000
51254  39.547  -5.662  32.591 0.0000000000
132057  38.389  -6.193  30.542 0.0000000000
113105  38.437  -6.785  30.961 0.0000000000
49211  38.294  -7.675  30.726 0.0000000000
48195  38.029  -8.270  30.081 0.0000000000
48214  37.819  -8.890  29.560 0.0000000000
47192  37.515  -9.458  29.223 0.0000000000
118278  37.728  -13.565  34.315 0.0000000000
43129  37.182  -13.455  33.618 0.0000000000
43139  36.991  -13.076  32.780 0.0000000000
44182  37.237  -12.177  31.750 0.0000000000
45183  36.947  -11.783  31.066 0.0000000000
44191  36.284  -11.931  30.750 0.0000000000
45197  35.287  -11.927  29.938 0.0000000000
44193  34.525  -12.408  29.998 0.0000000000
55142  41.856  -1.914  27.460 0.0000000000
55154  41.441  -2.042  26.884 0.0000000000
55155  41.169  -1.909  26.140 0.0000000000
54162  40.186  -2.132  25.320 0.0000000000
54177  39.141  -1.965  23.562 0.0000000000
68168  54.547  11.388  13.596 0.0000000000
69058  56.564  12.026  13.855 0.0000000000
121406  56.278  11.594  13.359 0.0000000000
117946  58.652  11.939  12.453 0.0000000000
121360  45.565  3.622  21.718 0.0000000000
59173  44.674  2.238  22.535 0.0000000000
122974  49.631  5.428  26.787 0.0000000000
62287  49.614  5.859  24.698 0.0000000000
62304  48.493  5.402  23.674 0.0000000000
62305  47.964  5.251  23.131 0.0000000000
115070  41.564  -14.397  39.867 0.0000000000
42003  41.600  -14.283  39.070 0.0000000000
42017  39.208  -14.374  37.718 0.0000000000
130094  39.595  -14.170  37.251 0.0000000000
43099  38.743  -13.987  36.179 0.0000000000
42037  35.269  -14.854  35.283 0.0000000000
42036  35.875  -14.729  35.570 0.0000000000
43119  36.972  -13.900  34.501 0.0000000000
131862  35.995  -13.956  33.810 0.0000000000
130891  32.678  -14.348  30.196 0.0000000000
53158  37.853  -3.945  26.910 0.0000000000
68122  57.107  11.012  17.847 0.0000000000
66271  53.955  9.968  17.158 0.0000000000
67200  56.388  10.683  17.369 0.0000000000
67199  57.316  10.752  17.078 0.0000000000
67214  58.713  10.768  16.278 0.0000000000
67225  59.683  11.040  15.287 0.0000000000
128358  31.745  -16.406  37.011 0.0000000000
40078  31.661  -16.470  37.696 0.0000000000
40060  31.656  -16.521  39.599 0.0000000000
112864  32.597  -16.548  39.922 0.0000000000
40028  31.371  -16.560  42.614 0.0000000000
112867  33.198  -16.446  42.968 0.0000000000
113227  33.373  -16.316  43.816 0.0000000000
40027  32.315  -16.514  42.774 0.0000000000
39034  31.080  -16.970  45.848 0.0000000000
112855  40.210  -14.486  39.757 0.0000000000
42005  39.475  -14.528  39.833 0.0000000000
41035  37.269  -14.946  38.988 0.0000000000
113245  36.832  -15.311  39.706 0.0000000000
41041  36.335  -15.390  38.913 0.0000000000
40075  34.178  -16.233  38.090 0.0000000000
40077  32.463  -16.415  37.345 0.0000000000
65271  53.318  8.470  19.936 0.0000000000
63307  51.146  6.982  19.729 0.0000000000
64318  51.112  7.140  19.048 0.0000000000
64327  51.476  7.455  18.636 0.0000000000
40080  29.221  -16.336  37.435 0.0000000000
40081  28.567  -16.417  36.997 0.0000000000
117326  29.508  -16.490  40.962 0.0000000000
40053  28.722  -16.427  40.361 0.0000000000
40061  28.324  -16.361  39.353 0.0000000000
38136  26.580  -18.463  37.590 0.0000000000
39058  27.318  -17.544  44.234 0.0000000000
39075  26.503  -17.545  43.023 0.0000000000
40003  25.070  -16.794  46.847 0.0000000000
130769  25.045  -17.032  46.060 0.0000000000
39050  25.467  -17.090  45.289 0.0000000000
39061  24.647  -17.521  44.717 0.0000000000
39060  25.328  -17.369  44.354 0.0000000000
39083  25.914  -17.840  41.733 0.0000000000
37087  25.332  -18.800  39.711 0.0000000000
33201  22.607  -23.118  46.917 0.0000000000
33202  22.026  -23.764  46.708 0.0000000000
32249  21.458  -24.802  45.539 0.0000000000
58101  45.698  1.384  28.596 0.0000000000
56131  43.594  -0.764  28.612 0.0000000000
54131  41.129  -2.683  28.142 0.0000000000
53157  38.766  -3.631  27.230 0.0000000000
112520  41.036  -3.424  30.469 0.0000000000
52178  40.290  -3.978  30.490 0.0000000000
53134  40.094  -3.841  29.667 0.0000000000
113118  39.956  -3.665  28.940 0.0000000000
53146  39.050  -3.749  27.943 0.0000000000
52224  37.219  -4.482  26.885 0.0000000000
118155  36.427  -5.413  26.653 0.0000000000
119861  36.774  -7.171  28.461 0.0000000000
49273  35.548  -7.336  26.216 0.0000000000
49289  35.187  -7.350  25.401 0.0000000000
48259  35.012  -8.173  25.144 0.0000000000
47233  34.921  -9.044  25.081 0.0000000000
46205  34.607  -10.384  24.405 0.0000000000
130212  42.168  -13.788  38.103 0.0000000000
43084  42.493  -13.464  37.492 0.0000000000
112374  41.983  -13.296  36.798 0.0000000000
43095  42.821  -13.043  36.757 0.0000000000
44132  42.726  -12.208  35.557 0.0000000000
44152  39.979  -12.580  34.162 0.0000000000
131699  40.384  -12.809  34.684 0.0000000000
44149  42.268  -12.066  35.008 0.0000000000
45116  42.694  -11.529  35.077 0.0000000000
47105  41.791  -10.153  34.301 0.0000000000
47106  41.035  -9.563  34.026 0.0000000000
48152  40.063  -9.273  32.881 0.0000000000
47191  38.127  -9.645  29.710 0.0000000000
46133  37.189  -10.825  29.948 0.0000000000
46143  36.845  -10.488  29.297 0.0000000000
47201  36.137  -10.025  27.911 0.0000000000
46177  34.576  -10.754  26.204 0.0000000000
45259  34.275  -11.435  25.679 0.0000000000
58115  45.000  1.149  27.310 0.0000000000
57142  43.780  0.229  26.489 0.0000000000
119060  43.656  0.471  24.934 0.0000000000
57174  43.224  0.317  24.398 0.0000000000
57175  42.691  0.258  23.668 0.0000000000
56172  41.959  -0.942  25.210 0.0000000000
56194  42.100  -0.225  23.805 0.0000000000
67253  60.394  10.887  13.823 0.0000000000
40031  28.950  -16.781  42.171 0.0000000000
67260  55.064  10.659  12.454 0.0000000000
68182  55.552  11.242  13.023 0.0000000000
69069  61.155  12.704  13.192 0.0000000000
69080  52.127  11.934  10.440 0.0000000000
114837  57.453  12.375  13.758 0.0000000000
132566  43.055  -11.775  35.523 0.0000000000
132696  25.795  -18.060  39.571 0.0000000000
134603  57.687  12.200  13.321 0.0000000000
134698  60.253  13.394  14.962 0.0000000000
