#!ascii label  , from subject sub-v2s15x29746_ses-1 vox2ras=TkReg
909
57433  -19.522  -9.893  -32.448 0.5555555820
58384  -20.033  -9.541  -32.995 0.6666666865
58404  -20.525  -9.033  -33.490 0.7777777910
116259  -21.276  -9.306  -33.787 0.7777777910
59313  -21.275  -7.876  -34.415 0.8888888955
120957  -23.328  -7.988  -35.496 0.8888888955
57416  -18.443  -10.264  -30.814 0.5555555820
58369  -18.755  -9.356  -32.167 0.5555555820
58382  -18.841  -8.704  -32.655 0.6666666865
58403  -19.704  -8.794  -33.169 0.8888888955
58421  -21.617  -8.675  -34.302 0.8888888955
59324  -22.043  -7.545  -34.940 0.8888888955
60236  -22.384  -7.093  -35.417 1.0000000000
60247  -23.676  -7.403  -35.817 0.8888888955
60246  -23.194  -6.745  -36.046 1.0000000000
59285  -18.083  -7.974  -32.417 0.7777777910
119501  -19.616  -7.336  -33.709 1.0000000000
61278  -19.388  -6.085  -34.012 1.0000000000
60225  -19.977  -6.651  -34.165 1.0000000000
112727  -20.982  -5.914  -35.037 1.0000000000
61279  -20.229  -6.041  -34.539 1.0000000000
61304  -21.708  -6.012  -35.478 1.0000000000
62327  -20.333  -5.592  -34.801 1.0000000000
62352  -21.351  -5.475  -35.549 1.0000000000
129773  -21.931  -5.606  -35.831 1.0000000000
62354  -22.970  -5.608  -36.601 1.0000000000
62353  -22.390  -5.465  -36.281 1.0000000000
123666  -23.714  -5.531  -36.773 1.0000000000
63363  -22.743  -4.366  -37.113 1.0000000000
63364  -23.498  -4.109  -37.369 0.7777777910
62316  -18.054  -5.330  -33.136 0.8888888955
62341  -20.647  -5.340  -35.179 1.0000000000
125325  -19.422  -5.101  -34.467 1.0000000000
63345  -20.164  -4.818  -35.161 1.0000000000
63353  -21.250  -4.162  -36.265 1.0000000000
64399  -21.970  -4.078  -36.707 1.0000000000
64410  -22.397  -3.778  -37.123 1.0000000000
64411  -22.836  -3.481  -37.410 1.0000000000
64400  -24.409  -3.783  -37.236 0.8888888955
64412  -23.626  -3.209  -37.429 1.0000000000
65342  -24.489  -2.898  -37.052 0.7777777910
65343  -25.467  -2.563  -36.418 0.7777777910
63332  -18.215  -4.245  -33.738 0.5555555820
64384  -18.050  -3.202  -34.492 0.7777777910
64373  -18.587  -3.931  -34.528 0.8888888955
64386  -20.423  -4.301  -35.672 1.0000000000
64397  -19.818  -3.606  -35.773 0.8888888955
64398  -20.573  -3.688  -36.190 1.0000000000
125007  -21.694  -3.553  -36.824 1.0000000000
120031  -22.175  -2.550  -37.485 1.0000000000
65356  -22.925  -2.671  -37.576 0.8888888955
125097  -22.518  -2.307  -37.619 1.0000000000
65357  -23.680  -2.361  -37.430 0.8888888955
67004  -24.564  -1.051  -36.753 0.7777777910
66167  -26.327  -1.903  -36.226 0.6666666865
66166  -25.377  -1.517  -36.368 0.6666666865
122681  -16.998  -2.428  -33.667 0.4444444478
65316  -17.428  -2.988  -33.853 0.7777777910
65329  -17.195  -1.955  -34.423 0.6666666865
65339  -18.632  -2.214  -35.887 0.7777777910
119892  -19.362  -2.079  -36.504 0.8888888955
65352  -20.177  -2.146  -36.987 0.8888888955
65354  -21.679  -2.886  -37.202 1.0000000000
66175  -20.687  -1.787  -37.454 1.0000000000
66176  -21.640  -2.110  -37.566 1.0000000000
66177  -22.174  -1.996  -37.694 1.0000000000
66187  -22.789  -1.078  -38.042 0.8888888955
125658  -23.357  -1.096  -37.796 0.7777777910
126484  -26.153  -1.114  -36.138 0.5555555820
131691  -24.673  -0.265  -36.684 0.7777777910
67005  -25.514  -0.535  -36.283 0.6666666865
66990  -16.870  -0.651  -35.139 0.6666666865
66137  -16.742  -1.659  -34.042 0.6666666865
66164  -18.590  -1.578  -36.227 0.7777777910
66162  -17.373  -1.034  -35.414 0.7777777910
131620  -19.111  -1.473  -36.662 0.8888888955
66174  -19.694  -1.427  -37.126 0.8888888955
67003  -18.785  -0.895  -36.728 1.0000000000
67015  -20.361  -1.019  -37.690 1.0000000000
67024  -21.558  -0.815  -38.218 1.0000000000
66185  -21.801  -1.597  -37.838 0.8888888955
67026  -22.731  -0.231  -38.198 0.8888888955
67016  -23.224  -0.362  -37.895 0.8888888955
67017  -23.899  -0.501  -37.344 0.7777777910
67833  -22.370  0.386  -38.479 0.8888888955
67834  -22.933  0.445  -38.123 0.7777777910
67824  -23.559  0.428  -37.568 0.7777777910
112562  -25.215  0.220  -36.377 0.7777777910
116123  -26.167  0.290  -35.995 0.6666666865
66989  -16.414  -0.236  -34.837 0.6666666865
66152  -16.556  -0.944  -34.476 0.5555555820
67001  -17.390  -0.406  -35.748 0.7777777910
67002  -18.040  -0.274  -36.410 0.8888888955
67013  -18.697  -0.086  -37.060 0.8888888955
67823  -19.336  0.358  -37.762 1.0000000000
67014  -19.497  -0.553  -37.428 1.0000000000
67832  -21.702  0.166  -38.597 1.0000000000
67025  -22.246  -0.493  -38.325 0.8888888955
68747  -23.180  1.199  -37.864 0.7777777910
68748  -23.867  1.241  -37.213 0.7777777910
120487  -25.495  1.015  -36.189 0.6666666865
117370  -26.827  1.052  -35.842 0.5555555820
67801  -16.795  0.048  -35.431 0.7777777910
67800  -16.228  0.463  -35.140 0.6666666865
67811  -17.387  0.332  -36.155 0.8888888955
67822  -18.522  0.527  -37.261 1.0000000000
67830  -20.239  0.624  -38.428 1.0000000000
111416  -21.919  1.086  -38.871 0.8888888955
109326  -22.120  1.896  -38.793 0.8888888955
68759  -22.550  1.188  -38.447 0.8888888955
112882  -23.458  1.825  -37.488 0.7777777910
69732  -24.189  2.108  -36.774 0.7777777910
68736  -26.313  1.765  -35.767 0.5555555820
110301  -22.776  2.897  -37.849 0.7777777910
69719  -25.087  2.787  -35.882 0.5555555820
68708  -15.451  1.165  -34.591 0.4444444478
68721  -15.836  1.065  -35.136 0.5555555820
68742  -16.607  1.591  -36.130 0.7777777910
67821  -17.884  0.975  -36.868 1.0000000000
68734  -17.037  1.067  -36.158 0.8888888955
68744  -18.045  1.601  -37.448 1.0000000000
68756  -19.346  1.786  -38.444 0.8888888955
69739  -19.843  2.450  -38.895 0.8888888955
68757  -20.316  1.607  -38.817 0.8888888955
69740  -20.665  2.508  -39.078 0.8888888955
69742  -22.299  2.566  -38.435 0.8888888955
69731  -23.412  2.543  -37.409 0.6666666865
70666  -16.080  3.602  -36.553 0.6666666865
69718  -16.100  2.555  -36.133 0.6666666865
70675  -16.616  3.012  -37.016 0.7777777910
69738  -18.472  2.813  -38.323 0.8888888955
69737  -17.731  2.862  -37.879 0.7777777910
110465  -19.363  3.069  -38.812 0.7777777910
70688  -19.554  3.722  -38.894 0.7777777910
110493  -20.165  3.769  -38.903 0.7777777910
110234  -20.763  3.267  -38.924 0.7777777910
70678  -22.158  3.276  -38.244 0.6666666865
72571  -20.746  4.751  -38.158 0.6666666865
112161  -21.929  4.038  -37.879 0.6666666865
113419  -22.779  3.772  -37.501 0.6666666865
70679  -23.329  3.240  -37.328 0.5555555820
72557  -22.824  5.133  -36.632 0.6666666865
71592  -23.218  4.492  -36.798 0.5555555820
110898  -24.970  4.132  -35.619 0.5555555820
121166  -24.777  3.497  -36.031 0.4444444478
71593  -24.178  4.508  -36.190 0.5555555820
73445  -14.427  6.904  -35.838 0.3333333433
113198  -14.509  6.016  -35.587 0.3333333433
116534  -15.617  5.290  -36.684 0.5555555820
71591  -16.083  4.488  -36.806 0.6666666865
72568  -15.929  6.153  -37.160 0.5555555820
119603  -16.644  4.077  -37.439 0.7777777910
110703  -18.230  4.303  -38.550 0.7777777910
117348  -18.479  5.049  -38.676 0.6666666865
110806  -19.014  4.354  -38.804 0.6666666865
72588  -19.999  4.977  -38.496 0.6666666865
110482  -21.054  5.524  -37.553 0.6666666865
72573  -22.044  5.545  -36.952 0.6666666865
72558  -23.609  5.206  -36.136 0.5555555820
123938  -24.605  5.363  -35.593 0.5555555820
73455  -14.709  7.619  -36.303 0.4444444478
74368  -13.840  8.210  -33.876 0.4444444478
72554  -14.654  6.650  -36.073 0.4444444478
74388  -15.282  8.264  -36.787 0.5555555820
72569  -16.511  5.990  -37.905 0.6666666865
72585  -17.194  5.876  -38.350 0.6666666865
72586  -17.951  5.820  -38.669 0.6666666865
115527  -19.255  5.050  -38.667 0.6666666865
127027  -20.364  5.488  -38.073 0.6666666865
73457  -22.272  6.556  -36.421 0.6666666865
122359  -23.980  6.057  -35.514 0.5555555820
118184  -17.688  7.242  -38.574 0.6666666865
73481  -17.455  6.672  -38.543 0.6666666865
73483  -18.909  6.595  -38.428 0.6666666865
72587  -18.732  5.808  -38.611 0.6666666865
73482  -18.173  6.591  -38.648 0.6666666865
73469  -21.302  6.367  -36.992 0.6666666865
59312  -20.287  -8.114  -33.764 0.8888888955
59299  -19.156  -8.059  -33.196 1.0000000000
60213  -20.579  -7.248  -34.285 1.0000000000
61280  -20.814  -6.548  -34.666 1.0000000000
60245  -22.604  -6.627  -35.767 1.0000000000
66988  -16.176  -0.032  -34.642 0.5555555820
125870  -15.330  1.670  -34.759 0.5555555820
67810  -16.712  0.610  -35.685 0.7777777910
68745  -18.719  1.173  -37.753 1.0000000000
68746  -22.805  2.016  -38.078 0.8888888955
69695  -15.232  1.761  -34.519 0.2222222239
70668  -24.063  3.124  -36.719 0.6666666865
70687  -18.796  3.650  -38.672 0.7777777910
121392  -24.293  3.827  -36.379 0.4444444478
73466  -16.137  7.014  -37.652 0.6666666865
74426  -17.540  7.966  -38.419 0.6666666865
66973  -16.175  -0.524  -34.234 0.4444444478
117376  -25.027  6.169  -35.524 0.5555555820
114285  -25.581  5.418  -35.609 0.5555555820
75249  -14.351  8.764  -34.452 0.2222222239
74379  -15.040  8.122  -36.625 0.3333333433
56426  -20.181  -11.457  -31.629 0.5555555820
56445  -20.622  -11.136  -32.321 0.5555555820
57434  -20.315  -10.316  -32.697 0.6666666865
57454  -20.792  -9.866  -33.264 0.5555555820
57455  -21.579  -10.164  -33.515 0.5555555820
58423  -23.298  -9.251  -34.719 0.7777777910
58434  -23.683  -8.666  -35.109 0.8888888955
56425  -19.238  -11.042  -31.132 0.5555555820
58405  -22.087  -9.501  -34.191 0.6666666865
58422  -22.631  -9.041  -34.697 0.8888888955
59326  -24.120  -8.059  -35.429 0.7777777910
60238  -24.596  -7.382  -35.591 0.7777777910
61307  -24.116  -6.768  -36.220 0.8888888955
122122  -18.297  -10.572  -30.125 0.4444444478
130948  -17.442  -8.790  -31.433 0.5555555820
113739  -23.415  -6.183  -36.443 1.0000000000
60181  -16.812  -7.904  -31.444 0.2222222239
60196  -17.576  -7.185  -32.434 0.6666666865
62355  -24.696  -5.423  -36.524 0.8888888955
63356  -25.049  -4.158  -36.897 0.6666666865
64401  -25.227  -3.474  -36.688 0.7777777910
64402  -26.100  -3.406  -36.325 0.6666666865
61265  -17.524  -5.856  -32.772 0.5555555820
65344  -26.644  -2.777  -36.312 0.6666666865
62315  -17.354  -5.129  -32.602 0.4444444478
116690  -27.052  -1.256  -36.188 0.5555555820
64358  -16.987  -3.331  -32.704 0.2222222239
67006  -26.644  -0.453  -36.032 0.5555555820
65315  -16.442  -2.023  -33.430 0.4444444478
116622  -27.302  0.289  -35.957 0.5555555820
66120  -16.078  -1.375  -33.431 0.3333333433
117369  -27.833  0.929  -36.089 0.5555555820
67786  -15.791  0.540  -34.625 0.4444444478
114154  -27.368  1.744  -35.888 0.4444444478
68691  -15.230  1.114  -34.064 0.3333333433
69721  -26.843  2.455  -35.761 0.5555555820
110807  -26.606  3.858  -35.694 0.4444444478
72527  -13.553  5.908  -33.451 0.3333333433
72541  -14.516  4.871  -35.373 0.3333333433
71582  -14.885  4.145  -35.517 0.4444444478
71594  -25.981  4.576  -35.573 0.4444444478
116885  -25.911  6.065  -35.759 0.2222222239
75250  -15.129  8.914  -34.789 0.3333333433
74408  -16.241  7.939  -38.069 0.6666666865
74427  -18.286  7.348  -38.497 0.6666666865
73467  -19.562  6.673  -38.038 0.6666666865
74411  -20.697  7.001  -37.047 0.6666666865
74392  -21.493  7.348  -36.502 0.6666666865
74393  -22.555  7.435  -36.001 0.6666666865
117126  -23.246  6.758  -35.726 0.6666666865
73458  -24.389  7.027  -35.511 0.4444444478
73459  -26.215  6.641  -36.102 0.3333333433
74409  -16.471  8.666  -38.220 0.5555555820
57417  -18.947  -10.112  -31.668 0.5555555820
57418  -19.812  -10.668  -32.021 0.6666666865
58383  -19.375  -9.269  -32.724 0.6666666865
58420  -21.009  -8.581  -33.967 0.8888888955
60226  -21.381  -7.070  -34.780 1.0000000000
60237  -22.953  -7.270  -35.673 1.0000000000
59325  -22.701  -7.780  -35.315 0.8888888955
58433  -22.993  -8.519  -35.145 0.8888888955
129552  -18.635  -10.801  -30.625 0.4444444478
57401  -17.708  -9.733  -30.193 0.4444444478
58368  -17.951  -9.337  -31.160 0.5555555820
116791  -18.066  -8.709  -31.916 0.6666666865
58432  -22.447  -8.252  -34.890 0.8888888955
60235  -21.884  -6.928  -35.203 1.0000000000
61294  -22.069  -6.530  -35.493 1.0000000000
61306  -22.769  -6.147  -36.202 1.0000000000
59273  -17.264  -8.335  -31.721 0.5555555820
59298  -18.552  -7.323  -33.089 0.8888888955
60212  -19.012  -6.667  -33.579 0.8888888955
61266  -18.466  -6.003  -33.382 0.8888888955
129479  -18.844  -5.596  -33.816 1.0000000000
61293  -21.501  -6.486  -35.125 1.0000000000
61305  -22.276  -6.060  -35.822 1.0000000000
62340  -19.953  -5.181  -34.784 1.0000000000
62364  -22.697  -5.050  -36.723 1.0000000000
63354  -21.764  -4.945  -36.131 1.0000000000
63346  -20.960  -4.893  -35.644 1.0000000000
63355  -22.338  -4.639  -36.668 1.0000000000
62365  -23.242  -4.963  -37.048 1.0000000000
62366  -24.304  -4.694  -37.081 0.8888888955
62325  -18.702  -5.027  -33.899 1.0000000000
62326  -19.590  -5.523  -34.405 1.0000000000
63333  -19.236  -4.678  -34.571 1.0000000000
64385  -19.534  -4.206  -35.168 1.0000000000
64409  -22.116  -3.280  -37.195 1.0000000000
65355  -22.474  -2.942  -37.425 1.0000000000
63316  -17.215  -3.861  -32.619 0.5555555820
63317  -17.615  -4.571  -33.036 0.5555555820
63331  -17.478  -3.894  -33.171 0.6666666865
64372  -17.778  -3.574  -33.762 0.6666666865
113340  -17.559  -2.529  -34.482 0.6666666865
65330  -18.329  -2.705  -35.263 0.8888888955
112854  -18.882  -3.475  -35.247 0.8888888955
65331  -19.207  -2.837  -35.882 0.8888888955
65340  -20.173  -2.906  -36.501 0.8888888955
66178  -23.049  -1.869  -37.758 0.8888888955
66179  -23.777  -1.498  -37.447 0.8888888955
66165  -24.470  -1.984  -36.848 0.7777777910
65299  -16.652  -2.726  -33.064 0.3333333433
64371  -17.139  -3.238  -33.139 0.3333333433
66153  -17.057  -1.339  -34.804 0.6666666865
66154  -17.785  -1.814  -35.350 0.7777777910
65353  -20.952  -2.548  -37.136 1.0000000000
66184  -21.212  -1.377  -37.820 1.0000000000
67022  -20.178  -0.240  -38.015 1.0000000000
67825  -24.393  0.499  -36.823 0.7777777910
66136  -16.318  -1.264  -33.806 0.4444444478
67812  -18.107  0.306  -36.729 0.8888888955
121835  -24.577  1.348  -36.602 0.6666666865
68733  -16.347  1.063  -35.638 0.6666666865
118508  -19.580  1.108  -38.296 1.0000000000
68735  -25.231  1.883  -36.131 0.6666666865
69741  -21.566  2.708  -38.814 0.8888888955
69720  -25.962  2.389  -35.674 0.5555555820
68732  -16.031  1.705  -35.623 0.5555555820
68743  -17.314  1.724  -36.859 1.0000000000
69728  -16.703  2.203  -36.569 0.7777777910
130727  -16.359  1.964  -36.074 0.7777777910
68755  -18.554  1.977  -38.060 0.8888888955
69730  -17.856  2.219  -37.662 0.7777777910
110895  -26.288  3.078  -35.637 0.5555555820
70665  -15.426  3.305  -35.805 0.5555555820
71590  -15.426  4.338  -36.251 0.4444444478
118590  -15.509  1.639  -35.086 0.7777777910
69707  -15.196  2.176  -34.915 0.6666666865
70676  -17.261  3.367  -37.688 0.7777777910
69729  -17.226  2.533  -37.297 0.7777777910
109714  -20.075  3.143  -39.085 0.7777777910
130660  -20.268  4.354  -38.624 0.6666666865
70677  -21.423  3.587  -38.483 0.6666666865
71603  -21.292  4.231  -38.176 0.6666666865
72572  -21.550  4.767  -37.614 0.6666666865
71604  -22.410  4.634  -37.272 0.6666666865
70667  -23.609  3.814  -36.857 0.5555555820
126890  -25.097  4.815  -35.545 0.4444444478
70669  -25.678  3.664  -35.562 0.4444444478
72542  -14.837  5.369  -36.005 0.4444444478
72555  -15.189  6.328  -36.584 0.5555555820
72556  -16.321  5.155  -37.335 0.6666666865
118166  -17.678  5.030  -38.484 0.7777777910
117404  -22.988  5.877  -36.211 0.6666666865
73465  -15.567  7.209  -36.977 0.5555555820
72570  -19.622  5.844  -38.337 0.6666666865
73468  -20.359  6.309  -37.644 0.6666666865
66972  -15.823  -0.051  -34.147 0.4444444478
69706  -14.984  2.618  -34.736 0.3333333433
66958  -15.962  -0.817  -33.696 0.4444444478
72559  -26.703  5.884  -36.379 0.3333333433
115245  -25.491  6.957  -35.710 0.3333333433
124487  -24.083  -9.323  -34.550 0.6666666865
56405  -18.724  -11.239  -30.351 0.5555555820
61308  -24.968  -6.126  -36.163 0.7777777910
57389  -18.105  -10.318  -29.456 0.3333333433
129759  -17.272  -9.238  -30.523 0.4444444478
63357  -25.780  -4.056  -36.445 0.6666666865
60211  -18.067  -6.523  -32.834 0.7777777910
130076  -17.094  -3.761  -32.737 0.1111111119
66121  -16.150  -1.597  -33.397 0.4444444478
124232  -15.874  -0.765  -33.641 0.3333333433
71581  -14.592  3.879  -35.042 0.3333333433
74394  -23.552  7.653  -35.585 0.6666666865
56429  -23.588  -11.591  -31.799 0.4444444478
128153  -25.425  -10.994  -30.380 0.2222222239
55333  -21.146  -12.440  -31.493 0.4444444478
55350  -21.578  -12.104  -32.058 0.4444444478
56446  -21.364  -11.455  -32.501 0.4444444478
56447  -22.107  -11.656  -32.513 0.4444444478
125237  -23.420  -11.320  -32.478 0.4444444478
56448  -24.101  -11.088  -32.204 0.4444444478
57420  -25.549  -10.370  -31.507 0.2222222239
56463  -21.897  -11.005  -33.080 0.4444444478
56464  -22.809  -11.174  -33.038 0.4444444478
57436  -23.706  -10.820  -32.924 0.4444444478
58371  -26.839  -9.480  -31.628 0.1111111119
57457  -24.103  -10.240  -33.446 0.4444444478
58385  -25.037  -9.637  -33.146 0.3333333433
57456  -22.427  -10.435  -33.680 0.4444444478
121837  -23.257  -10.494  -33.676 0.4444444478
124712  -26.522  -9.264  -32.332 0.2222222239
58406  -23.664  -9.901  -34.169 0.4444444478
57471  -22.857  -9.864  -34.336 0.5555555820
59300  -26.428  -8.434  -33.499 0.2222222239
59301  -27.222  -7.893  -33.337 0.1111111119
60215  -27.690  -7.267  -33.419 0.1111111119
59316  -25.311  -8.478  -34.362 0.3333333433
129946  -25.968  -8.319  -34.052 0.3333333433
59327  -24.990  -7.929  -34.997 0.4444444478
60239  -25.531  -7.306  -35.161 0.5555555820
115366  -25.970  -6.756  -35.286 0.6666666865
61282  -27.349  -6.291  -34.498 0.4444444478
61295  -25.185  -6.748  -35.679 0.6666666865
62328  -27.649  -5.480  -34.761 0.3333333433
62342  -25.872  -6.146  -35.665 0.6666666865
62343  -26.592  -5.400  -35.595 0.5555555820
62357  -26.153  -4.631  -36.008 0.5555555820
63347  -27.089  -4.447  -35.749 0.5555555820
62344  -27.354  -5.071  -35.351 0.4444444478
64403  -27.343  -3.659  -35.995 0.3333333433
124849  -25.290  -4.717  -36.488 0.5555555820
128517  -27.466  -2.999  -36.288 0.4444444478
66168  -27.482  -2.170  -36.367 0.4444444478
74428  -19.024  7.372  -38.143 0.5555555820
74410  -19.838  7.333  -37.459 0.5555555820
74391  -20.470  7.807  -36.743 0.5555555820
75274  -22.838  8.284  -35.734 0.5555555820
55335  -22.984  -12.191  -31.521 0.4444444478
56431  -25.101  -10.926  -31.070 0.2222222239
131276  -25.757  -9.583  -32.511 0.2222222239
58387  -26.899  -8.652  -32.807 0.2222222239
59286  -27.626  -8.282  -32.509 0.1111111119
61281  -26.402  -7.136  -34.710 0.4444444478
60214  -27.157  -7.122  -34.070 0.3333333433
60227  -25.830  -7.830  -34.580 0.4444444478
61296  -26.639  -6.332  -35.087 0.4444444478
64404  -28.125  -3.181  -36.025 0.3333333433
65345  -28.091  -2.596  -36.335 0.4444444478
67007  -27.704  -0.567  -36.204 0.4444444478
75294  -19.591  8.353  -37.098 0.5555555820
75272  -20.174  8.760  -36.549 0.5555555820
57435  -21.088  -10.687  -32.932 0.4444444478
54346  -22.260  -13.226  -30.521 0.4444444478
55320  -23.065  -12.645  -30.605 0.4444444478
56408  -24.648  -11.506  -30.440 0.2222222239
115315  -25.393  -11.333  -29.624 0.2222222239
56400  -26.276  -11.025  -29.265 0.1111111119
55332  -20.460  -12.122  -31.258 0.4444444478
55318  -21.522  -12.989  -30.994 0.4444444478
56409  -25.862  -10.539  -30.765 0.1111111119
58353  -27.121  -9.722  -30.911 0.1111111119
56410  -26.051  -10.710  -30.011 0.1111111119
58372  -27.588  -9.195  -31.368 0.1111111119
59274  -27.963  -8.595  -31.776 0.1111111119
59287  -28.285  -7.958  -32.148 0.1111111119
60198  -28.452  -7.361  -32.454 0.1111111119
60216  -28.236  -7.005  -33.066 0.1111111119
61283  -28.008  -5.904  -34.077 0.2222222239
63334  -27.884  -4.731  -35.119 0.1111111119
64387  -28.498  -3.589  -35.468 0.2222222239
118888  -28.088  -1.406  -36.427 0.4444444478
117326  -28.746  -0.819  -36.534 0.3333333433
67813  -28.343  0.051  -36.324 0.3333333433
70656  -14.951  3.107  -35.102 0.4444444478
69722  -27.646  2.382  -36.107 0.4444444478
71595  -26.838  4.563  -35.829 0.3333333433
74389  -15.663  9.107  -37.486 0.4444444478
124324  -24.312  7.897  -35.519 0.5555555820
75305  -18.315  8.271  -38.173 0.5555555820
75293  -18.708  8.905  -37.534 0.5555555820
75273  -21.145  8.344  -36.297 0.5555555820
56427  -20.901  -11.858  -31.934 0.4444444478
59315  -24.507  -8.610  -34.808 0.6666666865
63358  -26.581  -3.937  -36.091 0.5555555820
114384  -26.859  -3.391  -36.234 0.4444444478
56430  -24.358  -11.320  -31.401 0.4444444478
56407  -23.776  -11.928  -30.964 0.4444444478
113421  -21.755  -12.527  -31.585 0.4444444478
55319  -22.312  -12.669  -31.231 0.4444444478
55334  -22.251  -12.224  -31.935 0.4444444478
56428  -22.852  -11.727  -32.252 0.4444444478
57419  -24.800  -10.706  -31.830 0.4444444478
57437  -24.510  -10.454  -32.629 0.4444444478
57438  -25.268  -10.116  -32.252 0.4444444478
57421  -26.355  -10.028  -31.188 0.1111111119
58370  -26.004  -9.780  -31.882 0.2222222239
58388  -27.285  -8.932  -32.092 0.1111111119
58354  -27.868  -9.472  -30.650 0.1111111119
58407  -25.608  -8.867  -33.672 0.3333333433
58424  -24.834  -9.140  -34.070 0.3333333433
58386  -26.052  -9.093  -32.999 0.2222222239
59317  -26.545  -7.800  -34.068 0.2222222239
60197  -27.938  -7.633  -32.830 0.1111111119
61297  -27.137  -5.727  -35.077 0.3333333433
130765  -26.904  -6.729  -34.596 0.4444444478
61267  -27.820  -6.652  -33.745 0.3333333433
62329  -28.173  -5.149  -34.397 0.1111111119
62356  -25.623  -5.400  -36.061 0.5555555820
125123  -27.823  -4.040  -35.627 0.3333333433
66169  -28.481  -2.013  -36.462 0.4444444478
118209  -19.105  8.039  -37.717 0.5555555820
110684  -21.980  8.049  -36.016 0.5555555820
75271  -19.171  9.417  -36.859 0.5555555820
130509  -22.808  -13.103  -30.181 0.4444444478
55309  -23.937  -12.247  -29.945 0.4444444478
56398  -24.616  -11.811  -29.618 0.2222222239
55317  -20.644  -12.765  -30.871 0.4444444478
55316  -19.825  -12.313  -30.545 0.4444444478
57402  -26.628  -10.261  -30.480 0.1111111119
57390  -26.835  -10.510  -29.728 0.1111111119
58373  -28.269  -8.898  -31.065 0.1111111119
118261  -23.166  -17.835  -26.070 0.1111111119
51536  -20.211  -16.676  -28.204 0.3333333433
51526  -22.671  -16.657  -26.554 0.2222222239
50565  -23.723  -17.558  -25.545 0.1111111119
50582  -23.172  -17.057  -25.963 0.1111111119
53417  -18.780  -14.579  -28.462 0.3333333433
51546  -19.736  -15.981  -28.457 0.3333333433
52409  -21.851  -15.753  -27.832 0.3333333433
51538  -22.259  -16.188  -27.183 0.2222222239
52410  -22.584  -15.399  -27.417 0.2222222239
51527  -23.367  -16.221  -26.093 0.2222222239
52398  -22.946  -15.806  -26.743 0.2222222239
54317  -18.369  -13.650  -28.293 0.2222222239
117149  -19.966  -15.369  -29.040 0.3333333433
51547  -20.287  -15.937  -28.603 0.3333333433
52420  -20.705  -15.477  -28.901 0.3333333433
52411  -23.218  -15.018  -27.036 0.1111111119
54324  -18.750  -13.197  -29.121 0.2222222239
121408  -19.105  -14.083  -29.032 0.3333333433
54331  -19.296  -12.759  -29.804 0.3333333433
54343  -20.070  -13.162  -30.281 0.3333333433
54333  -20.353  -13.832  -29.965 0.3333333433
53429  -19.937  -14.475  -29.461 0.3333333433
53430  -20.641  -14.341  -29.743 0.3333333433
53419  -21.865  -14.746  -28.919 0.3333333433
53431  -21.362  -14.440  -29.564 0.3333333433
53420  -22.598  -14.339  -28.540 0.3333333433
53432  -22.241  -14.099  -29.343 0.3333333433
53421  -23.286  -13.938  -28.116 0.3333333433
53412  -23.546  -14.307  -27.371 0.1111111119
56389  -18.276  -11.795  -28.603 0.2222222239
55308  -18.576  -12.274  -29.243 0.2222222239
55315  -18.965  -11.959  -30.027 0.3333333433
54344  -20.847  -13.394  -30.495 0.3333333433
53442  -21.078  -13.941  -30.112 0.3333333433
54345  -21.516  -13.495  -30.456 0.3333333433
54334  -21.846  -13.810  -30.006 0.3333333433
54335  -22.587  -13.486  -29.815 0.3333333433
54325  -23.048  -13.603  -29.014 0.3333333433
54326  -23.768  -13.210  -28.455 0.1111111119
56396  -18.244  -11.205  -28.817 0.3333333433
56397  -18.415  -11.276  -29.480 0.3333333433
55331  -19.859  -11.726  -31.014 0.3333333433
54336  -23.264  -12.979  -29.679 0.3333333433
54337  -23.857  -12.670  -29.093 0.3333333433
65346  -28.710  -2.433  -36.190 0.2222222239
122794  -28.901  -1.451  -36.543 0.2222222239
66170  -29.327  -1.778  -36.356 0.2222222239
116508  -28.847  0.516  -36.712 0.2222222239
127238  -21.562  -16.431  -27.640 0.3333333433
52399  -23.594  -15.400  -26.402 0.1111111119
55302  -18.278  -12.625  -28.423 0.3333333433
52435  -21.201  -15.020  -29.121 0.3333333433
52422  -22.221  -15.039  -28.146 0.3333333433
53411  -22.898  -14.647  -27.737 0.3333333433
54332  -19.584  -13.601  -29.623 0.3333333433
130381  -23.485  -13.096  -29.045 0.3333333433
49575  -22.843  -18.530  -26.609 0.1111111119
49552  -23.593  -18.628  -25.923 0.1111111119
51535  -19.447  -16.479  -27.930 0.3333333433
50596  -20.430  -17.575  -27.865 0.3333333433
49573  -21.173  -18.061  -27.775 0.3333333433
130579  -21.796  -17.798  -27.323 0.3333333433
50581  -22.471  -17.597  -26.668 0.3333333433
49553  -24.431  -19.006  -25.512 0.1111111119
50566  -24.424  -17.211  -25.079 0.1111111119
52418  -18.577  -15.080  -27.950 0.3333333433
52377  -24.139  -15.718  -25.711 0.1111111119
53399  -23.833  -14.661  -26.702 0.1111111119
54318  -23.924  -13.621  -27.666 0.1111111119
124639  -24.346  -13.095  -27.898 0.1111111119
55310  -24.358  -12.227  -29.205 0.1111111119
124479  -29.551  -1.054  -36.642 0.2222222239
68737  -28.216  1.493  -36.415 0.2222222239
67814  -29.532  -0.357  -36.966 0.2222222239
123788  -24.320  -18.081  -25.212 0.1111111119
51537  -20.937  -16.996  -27.855 0.3333333433
50597  -21.810  -17.068  -27.184 0.3333333433
53418  -19.416  -14.813  -28.970 0.3333333433
52419  -19.247  -15.312  -28.532 0.3333333433
53410  -18.206  -14.372  -27.745 0.2222222239
52408  -19.013  -15.775  -27.970 0.2222222239
51548  -20.972  -16.114  -28.285 0.3333333433
52421  -21.474  -15.387  -28.575 0.3333333433
52434  -20.609  -14.880  -29.358 0.3333333433
53413  -24.209  -14.000  -26.993 0.1111111119
48409  -22.793  -19.547  -27.517 0.1111111119
50595  -19.756  -17.178  -27.770 0.3333333433
51525  -19.134  -16.782  -27.370 0.2222222239
127893  -18.108  -14.837  -27.367 0.2222222239
66994  -30.022  -1.221  -36.433 0.1111111119
66155  -29.787  -1.841  -35.958 0.1111111119
66981  -30.771  -0.356  -35.431 0.1111111119
67008  -30.099  -0.575  -36.907 0.1111111119
67009  -30.417  -0.120  -36.971 0.1111111119
67815  -30.096  -0.042  -37.534 0.1111111119
114248  -27.752  2.992  -36.444 0.2222222239
68738  -29.814  0.130  -37.655 0.1111111119
111145  -27.362  3.821  -36.019 0.1111111119
125355  -27.023  5.108  -36.124 0.1111111119
71605  -27.742  4.342  -37.435 0.1111111119
114808  -26.392  5.286  -35.762 0.1111111119
75270  -17.386  9.747  -37.282 0.4444444478
75292  -17.842  9.222  -37.753 0.4444444478
111975  -25.048  7.721  -35.669 0.3333333433
129048  -25.611  7.599  -35.869 0.2222222239
72574  -26.992  5.953  -37.723 0.1111111119
76148  -20.753  9.283  -36.174 0.4444444478
76130  -21.249  9.924  -35.886 0.4444444478
75253  -21.921  8.955  -35.829 0.4444444478
75254  -23.072  9.096  -35.682 0.4444444478
76149  -23.943  9.225  -35.737 0.4444444478
75276  -24.696  8.591  -35.743 0.2222222239
75277  -25.333  9.030  -36.488 0.2222222239
74395  -25.591  8.186  -36.118 0.2222222239
74412  -26.098  8.094  -36.912 0.2222222239
77062  -23.375  10.638  -40.525 0.1111111119
115661  -24.757  10.064  -39.215 0.1111111119
74429  -26.179  8.093  -38.678 0.1111111119
76145  -17.862  9.999  -36.951 0.4444444478
76146  -18.559  10.136  -36.738 0.4444444478
128620  -19.254  10.086  -36.492 0.3333333433
77042  -20.047  10.224  -36.130 0.4444444478
77032  -22.796  10.597  -35.997 0.4444444478
76131  -23.343  9.847  -35.831 0.4444444478
112770  -24.047  9.899  -36.013 0.4444444478
77899  -23.261  11.398  -36.481 0.3333333433
77044  -24.435  10.318  -36.602 0.3333333433
76163  -25.096  9.798  -36.990 0.1111111119
125961  -25.622  9.194  -37.729 0.1111111119
75295  -25.821  8.619  -36.905 0.2222222239
76175  -25.356  9.448  -38.978 0.1111111119
77030  -20.657  10.841  -35.889 0.3333333433
77043  -23.739  10.555  -36.259 0.4444444478
77901  -24.121  11.036  -36.705 0.2222222239
77052  -24.756  10.466  -37.321 0.2222222239
77059  -24.680  10.663  -38.249 0.1111111119
77900  -23.786  11.703  -36.935 0.1111111119
77910  -24.370  11.171  -37.305 0.1111111119
77919  -24.223  11.322  -38.420 0.1111111119
77909  -23.925  11.887  -37.705 0.1111111119
115752  -24.206  10.684  -39.388 0.1111111119
77041  -19.052  10.482  -36.326 0.3333333433
77889  -20.232  11.706  -35.701 0.3333333433
77890  -21.232  11.475  -35.843 0.3333333433
77891  -22.267  11.418  -36.092 0.3333333433
78757  -23.401  12.412  -37.216 0.1111111119
77918  -23.699  11.898  -38.811 0.1111111119
131679  -23.772  11.247  -39.457 0.1111111119
77926  -21.878  11.315  -41.662 0.1111111119
77879  -18.351  12.129  -34.661 0.1111111119
78737  -18.835  13.744  -35.016 0.1111111119
78739  -19.979  12.608  -35.563 0.2222222239
118200  -20.812  12.170  -35.736 0.3333333433
78740  -20.856  13.048  -35.742 0.2222222239
78741  -21.654  12.187  -35.936 0.3333333433
78748  -21.892  12.945  -36.053 0.2222222239
130527  -22.508  12.755  -36.489 0.1111111119
117248  -22.790  12.963  -36.875 0.1111111119
79597  -23.091  13.194  -37.502 0.1111111119
78777  -23.162  12.514  -39.280 0.1111111119
77927  -23.053  11.550  -40.305 0.1111111119
77936  -22.172  10.506  -41.867 0.1111111119
77069  -22.664  9.715  -41.918 0.1111111119
80424  -18.818  15.041  -34.125 0.1111111119
78738  -19.043  13.295  -35.242 0.1111111119
80425  -19.117  15.143  -34.203 0.1111111119
80427  -20.793  14.555  -35.243 0.1111111119
79578  -21.182  13.949  -35.840 0.1111111119
79586  -22.075  13.661  -36.360 0.1111111119
80450  -22.143  14.877  -37.202 0.1111111119
114146  -22.772  14.058  -37.851 0.1111111119
80461  -22.242  14.841  -38.332 0.1111111119
79609  -23.065  13.288  -38.492 0.1111111119
80414  -19.387  16.293  -33.374 0.1111111119
80404  -20.088  15.908  -33.194 0.1111111119
80415  -20.422  14.889  -34.084 0.1111111119
80428  -21.628  14.799  -35.570 0.1111111119
80439  -21.578  14.551  -35.880 0.1111111119
80440  -21.973  15.105  -36.306 0.1111111119
132104  -21.985  14.748  -34.010 0.1111111119
80416  -21.517  14.793  -34.702 0.1111111119
66145  -30.328  -1.182  -35.592 0.1111111119
66995  -30.455  -0.575  -36.343 0.1111111119
67804  -30.827  0.067  -36.123 0.1111111119
68749  -29.326  1.010  -37.556 0.1111111119
69723  -28.376  2.119  -36.798 0.1111111119
75275  -23.775  8.479  -35.593 0.4444444478
74396  -26.125  7.440  -36.404 0.1111111119
74430  -26.400  7.585  -37.746 0.1111111119
75306  -26.043  8.408  -37.797 0.2222222239
76174  -25.152  9.990  -38.083 0.1111111119
75316  -25.254  8.816  -39.875 0.1111111119
77031  -21.750  10.636  -35.882 0.3333333433
81272  -22.086  15.260  -35.986 0.1111111119
81264  -22.271  15.074  -35.179 0.1111111119
67791  -30.927  0.325  -35.123 0.1111111119
111449  -27.134  3.152  -35.865 0.2222222239
72575  -27.355  5.135  -37.246 0.1111111119
75291  -16.873  9.350  -37.829 0.4444444478
122838  -22.355  9.807  -35.787 0.4444444478
80413  -18.832  16.119  -33.542 0.1111111119
80390  -19.663  15.898  -32.658 0.1111111119
109218  -21.236  14.746  -33.527 0.1111111119
125664  -30.910  -0.125  -34.626 0.1111111119
65347  -29.254  -2.257  -36.010 0.1111111119
116025  -30.663  -0.719  -34.659 0.1111111119
68715  -30.796  1.083  -34.636 0.1111111119
110347  -30.829  0.384  -34.040 0.1111111119
68728  -30.866  0.945  -35.796 0.1111111119
67816  -30.671  0.425  -36.685 0.1111111119
68739  -30.660  1.066  -36.855 0.1111111119
124426  -30.305  0.343  -37.497 0.1111111119
69734  -29.762  1.269  -38.665 0.1111111119
68750  -30.050  0.713  -38.128 0.1111111119
69733  -28.928  1.927  -37.957 0.1111111119
70681  -28.547  2.869  -38.101 0.1111111119
71606  -28.123  3.737  -38.187 0.1111111119
75304  -17.447  8.720  -38.130 0.4444444478
71616  -27.697  4.501  -38.290 0.1111111119
73484  -26.705  6.693  -38.357 0.1111111119
72590  -27.281  5.183  -38.523 0.1111111119
76162  -18.207  9.766  -37.243 0.4444444478
74445  -26.112  7.159  -40.328 0.1111111119
74436  -25.837  8.088  -39.854 0.1111111119
77040  -18.526  10.153  -36.632 0.2222222239
77028  -18.164  10.855  -35.701 0.2222222239
77029  -19.699  11.076  -35.856 0.2222222239
75315  -24.479  8.699  -40.822 0.1111111119
131662  -18.131  11.534  -35.066 0.1111111119
77888  -19.393  12.242  -35.494 0.2222222239
77070  -23.198  9.252  -41.920 0.1111111119
77082  -21.902  8.621  -42.889 0.1111111119
77013  -18.135  11.345  -34.526 0.1111111119
77869  -18.725  12.098  -33.560 0.1111111119
80388  -19.101  14.235  -33.462 0.1111111119
79558  -20.111  13.743  -33.055 0.1111111119
77935  -20.745  10.448  -43.126 0.1111111119
79559  -20.469  15.180  -32.796 0.1111111119
79560  -21.655  14.366  -32.684 0.1111111119
80468  -21.839  14.668  -39.390 0.1111111119
117978  -21.822  13.768  -40.122 0.1111111119
79618  -21.500  12.842  -41.117 0.1111111119
79625  -20.504  12.660  -42.424 0.1111111119
80391  -20.330  15.103  -32.847 0.1111111119
80405  -22.332  14.631  -33.426 0.1111111119
81312  -21.664  16.419  -37.978 0.1111111119
71596  -27.404  4.458  -36.471 0.2222222239
76147  -19.875  9.545  -36.395 0.4444444478
70670  -28.305  2.725  -37.228 0.1111111119
70680  -27.927  3.599  -37.083 0.1111111119
73470  -26.613  6.740  -37.027 0.1111111119
72589  -26.834  5.785  -38.990 0.1111111119
76150  -24.627  9.492  -36.150 0.2222222239
77063  -23.911  9.880  -40.582 0.1111111119
76187  -24.668  9.360  -40.089 0.1111111119
74437  -26.378  7.393  -39.103 0.1111111119
117096  -25.828  8.747  -38.830 0.2222222239
131959  -24.456  10.789  -36.898 0.2222222239
115122  -18.394  11.364  -35.401 0.1111111119
78749  -22.514  12.153  -36.329 0.2222222239
78750  -23.097  12.222  -36.730 0.1111111119
78767  -23.521  12.598  -38.051 0.1111111119
78776  -22.317  12.248  -40.664 0.1111111119
78786  -20.899  11.760  -42.412 0.1111111119
77006  -18.535  11.402  -33.642 0.1111111119
78732  -18.551  12.993  -34.281 0.1111111119
77887  -18.953  12.947  -35.274 0.1111111119
122194  -19.875  13.450  -35.472 0.1111111119
79587  -22.510  13.848  -37.017 0.1111111119
79619  -22.514  13.128  -39.696 0.1111111119
79575  -18.834  14.286  -34.747 0.1111111119
79568  -18.741  14.635  -34.462 0.1111111119
79563  -18.725  13.807  -33.794 0.1111111119
79576  -19.363  14.223  -35.075 0.1111111119
79577  -20.264  14.126  -35.426 0.1111111119
80426  -19.853  14.825  -34.595 0.1111111119
118546  -22.011  14.484  -36.508 0.1111111119
111580  -22.009  15.630  -37.853 0.1111111119
79608  -22.517  13.991  -38.908 0.1111111119
80402  -18.921  16.476  -32.897 0.1111111119
81299  -22.000  15.843  -37.084 0.1111111119
123112  -30.336  -1.379  -34.634 0.1111111119
75324  -24.832  8.190  -40.946 0.1111111119
81322  -21.468  15.681  -38.898 0.1111111119
70689  -28.559  2.943  -39.076 0.1111111119
73492  -26.558  6.508  -39.613 0.1111111119
74444  -25.274  7.520  -41.122 0.1111111119
76201  -23.898  9.002  -41.327 0.1111111119
76115  -18.020  10.654  -34.773 0.1111111119
78727  -18.721  12.867  -33.758 0.1111111119
124553  -21.929  16.550  -37.461 0.1111111119
49589  -20.040  -17.894  -27.560 0.2222222239
61264  -17.063  -5.656  -32.459 0.2222222239
62299  -17.252  -4.847  -32.403 0.2222222239
124675  -17.024  -8.705  -30.880 0.3333333433
61251  -17.127  -6.449  -32.436 0.3333333433
74390  -15.756  9.504  -37.609 0.3333333433
75268  -15.750  9.133  -37.567 0.2222222239
75252  -17.961  9.195  -35.485 0.1111111119
76129  -17.472  10.420  -35.865 0.1111111119
71572  -13.698  4.895  -33.502 0.2222222239
60195  -16.842  -7.184  -32.000 0.2222222239
70644  -14.736  3.281  -34.788 0.1111111119
111479  -13.795  7.785  -32.767 0.1111111119
73437  -15.267  8.044  -32.583 0.1111111119
74381  -17.708  8.150  -34.396 0.1111111119
75267  -15.421  8.623  -37.036 0.2222222239
75239  -15.585  8.875  -33.699 0.1111111119
60182  -17.144  -7.756  -32.059 0.3333333433
65298  -16.329  -2.209  -33.155 0.2222222239
64357  -16.770  -2.947  -32.830 0.1111111119
75269  -16.590  9.689  -37.473 0.3333333433
121664  -17.264  9.959  -37.118 0.1111111119
74380  -16.484  8.785  -34.934 0.1111111119
113595  -18.109  8.385  -34.788 0.1111111119
74369  -16.087  8.469  -33.254 0.1111111119
75251  -17.144  9.220  -35.388 0.1111111119
73446  -17.071  7.906  -33.852 0.1111111119
61268  -28.405  -6.262  -33.308 0.1111111119
49590  -20.823  -18.519  -27.793 0.1111111119
49591  -21.477  -19.319  -28.111 0.1111111119
50579  -18.577  -17.451  -26.258 0.1111111119
50580  -19.270  -17.341  -26.996 0.1111111119
51534  -18.698  -16.170  -27.370 0.1111111119
52407  -18.349  -15.439  -27.373 0.1111111119
58340  -17.288  -9.095  -29.772 0.1111111119
62284  -17.136  -5.247  -32.305 0.1111111119
66957  -15.653  -0.134  -33.823 0.2222222239
67775  -15.501  0.505  -34.123 0.2222222239
67774  -15.416  0.468  -33.908 0.2222222239
67757  -14.775  1.048  -32.034 0.2222222239
120113  -17.261  -4.491  -32.588 0.1111111119
49570  -18.670  -17.999  -25.921 0.1111111119
49572  -20.370  -18.624  -27.380 0.1111111119
48408  -21.098  -19.318  -27.977 0.1111111119
49574  -21.952  -18.771  -27.729 0.1111111119
51508  -17.757  -16.808  -25.791 0.1111111119
51524  -18.424  -16.618  -26.624 0.1111111119
52397  -17.978  -15.717  -26.680 0.1111111119
53409  -17.860  -14.375  -27.021 0.1111111119
54316  -17.935  -13.724  -27.425 0.1111111119
55293  -18.019  -12.952  -27.775 0.1111111119
59244  -16.824  -8.738  -29.991 0.1111111119
119405  -16.736  -7.406  -31.558 0.1111111119
66942  -15.176  -0.193  -32.207 0.2222222239
68677  -14.719  1.857  -31.796 0.2222222239
68690  -14.403  2.072  -32.036 0.1111111119
48407  -19.882  -18.853  -26.420 0.1111111119
69679  -14.511  2.299  -32.874 0.1111111119
66104  -15.220  -0.616  -32.451 0.2222222239
63299  -17.247  -4.106  -32.583 0.1111111119
58352  -17.182  -9.193  -30.195 0.1111111119
55292  -18.030  -12.424  -27.326 0.1111111119
55301  -18.181  -12.186  -28.051 0.1111111119
57400  -17.693  -9.653  -29.639 0.1111111119
61232  -16.848  -6.388  -32.111 0.1111111119
59261  -16.930  -8.498  -30.014 0.1111111119
130108  -16.324  -6.429  -30.679 0.1111111119
49571  -19.436  -18.103  -26.613 0.1111111119
117337  -17.512  -9.240  -29.571 0.1111111119
67758  -14.987  0.505  -32.004 0.1111111119
51523  -17.593  -15.985  -25.896 0.1111111119
52396  -17.574  -15.210  -25.975 0.1111111119
58330  -17.961  -9.727  -29.313 0.1111111119
125252  -17.942  -9.701  -29.272 0.1111111119
122699  -16.728  -8.212  -30.781 0.1111111119
68678  -15.317  1.738  -31.666 0.1111111119
69668  -14.488  2.779  -31.943 0.1111111119
72515  -13.812  5.415  -32.741 0.1111111119
66105  -15.474  -1.028  -32.327 0.1111111119
71559  -13.807  4.583  -32.657 0.1111111119
73423  -13.794  6.538  -32.758 0.1111111119
73436  -13.670  7.000  -33.720 0.1111111119
51509  -23.864  -16.662  -25.517 0.1111111119
56406  -19.355  -11.665  -30.598 0.5555555820
59314  -21.932  -8.145  -34.622 0.8888888955
65341  -21.103  -3.299  -36.699 1.0000000000
66163  -17.987  -0.975  -35.975 0.7777777910
66186  -22.187  -1.358  -38.023 0.8888888955
66941  -14.995  0.049  -32.352 0.2222222239
67023  -20.837  -0.724  -38.092 1.0000000000
67759  -15.767  0.386  -31.814 0.1111111119
67831  -20.918  -0.025  -38.462 1.0000000000
68758  -21.337  1.799  -39.051 0.8888888955
69694  -14.350  2.963  -33.258 0.1111111119
69717  -15.510  2.372  -35.414 0.6666666865
70686  -17.955  3.524  -38.284 0.7777777910
71602  -17.413  4.208  -38.149 0.7777777910
71613  -16.914  5.022  -38.050 0.7777777910
71614  -19.692  4.338  -38.762 0.6666666865
71615  -20.770  3.981  -38.575 0.6666666865
73438  -16.183  7.353  -33.499 0.1111111119
73456  -14.947  7.269  -36.553 0.4444444478
73480  -16.689  6.850  -38.268 0.6666666865
74343  -14.485  8.798  -33.016 0.2222222239
74353  -14.020  8.534  -32.988 0.1111111119
74354  -14.432  8.364  -32.583 0.1111111119
74355  -15.153  8.718  -32.938 0.1111111119
74378  -14.128  8.232  -35.078 0.4444444478
74407  -15.874  7.977  -37.371 0.6666666865
75237  -14.214  8.809  -33.530 0.2222222239
75238  -14.806  8.949  -33.622 0.2222222239
77875  -18.420  12.071  -34.055 0.1111111119
79556  -18.953  13.527  -33.498 0.1111111119
79557  -19.400  13.622  -33.254 0.1111111119
80389  -19.509  14.275  -33.285 0.1111111119
80403  -19.494  16.343  -32.895 0.1111111119
80412  -18.677  15.464  -33.708 0.1111111119
110084  -21.105  0.897  -38.835 0.8888888955
117566  -19.123  16.624  -33.167 0.1111111119
120901  -16.967  7.560  -38.414 0.6666666865
123022  -22.522  -1.789  -37.807 1.0000000000
125543  -22.139  -8.706  -34.580 0.8888888955
129092  -23.143  -19.021  -26.553 0.1111111119
129318  -24.353  -9.701  -33.890 0.4444444478
129876  -27.539  -4.538  -35.487 0.4444444478
131060  -19.124  2.427  -38.534 0.8888888955
131461  -24.179  -6.048  -36.499 0.7777777910
