#!ascii label  , from subject sub-v2s15x29746_ses-1 vox2ras=TkReg
910
47577  32.962  -19.320  34.669 0.0000000000
132468  41.994  -3.027  16.924 0.0000000000
119197  33.651  -10.720  24.052 0.0000000000
47502  14.101  -19.608  40.249 0.0000000000
50756  27.506  -16.739  35.292 0.0000000000
61961  33.834  -5.323  23.718 0.0000000000
48573  19.483  -18.203  34.989 0.0000000000
46585  17.338  -20.416  37.599 0.0000000000
47582  23.023  -19.675  33.762 0.0000000000
64080  46.523  -3.115  17.969 0.0000000000
51873  31.516  -15.510  34.119 0.0000000000
53057  32.045  -14.474  30.481 0.0000000000
49634  35.038  -17.788  33.114 0.0000000000
66942  46.197  -0.247  15.722 0.0000000000
65075  50.291  -2.774  14.902 0.0000000000
131740  39.058  -1.240  19.892 0.0000000000
124059  40.974  -4.780  20.750 0.0000000000
62033  36.533  -4.942  20.450 0.0000000000
59064  36.769  -8.980  23.955 0.0000000000
46578  30.625  -20.608  37.479 0.0000000000
43390  12.843  -23.454  43.159 0.0000000000
130922  11.211  -21.531  46.470 0.0000000000
48422  8.167  -18.464  48.542 0.0000000000
48569  30.177  -17.727  35.656 0.0000000000
46616  27.575  -20.331  35.355 0.0000000000
57043  29.632  -11.128  27.542 0.0000000000
55071  35.360  -12.639  29.598 0.0000000000
66016  54.085  -1.699  13.773 0.0000000000
64103  44.154  -3.297  17.162 0.0000000000
63051  43.807  -4.069  19.610 0.0000000000
50768  32.620  -17.406  33.854 0.0000000000
49653  32.856  -17.440  32.788 0.0000000000
48609  33.722  -18.615  33.530 0.0000000000
66932  42.583  -0.634  17.358 0.0000000000
67861  44.688  0.334  17.487 0.0000000000
118362  44.068  -1.880  16.182 0.0000000000
65064  46.079  -2.438  16.106 0.0000000000
43306  8.456  -23.275  50.080 0.0000000000
64044  36.944  -3.145  19.887 0.0000000000
65011  35.664  -3.223  21.456 0.0000000000
59998  32.832  -7.907  23.124 0.0000000000
60007  35.038  -7.859  22.056 0.0000000000
58001  35.617  -9.937  23.876 0.0000000000
57048  36.495  -10.688  26.359 0.0000000000
120931  15.145  -20.174  38.660 0.0000000000
44525  17.010  -22.296  39.782 0.0000000000
131535  14.544  -22.067  40.158 0.0000000000
43408  14.560  -23.952  42.061 0.0000000000
45544  13.013  -21.651  41.860 0.0000000000
114914  11.884  -19.936  44.748 0.0000000000
47446  9.291  -19.574  47.348 0.0000000000
125895  28.433  -16.724  35.407 0.0000000000
47540  28.902  -19.076  35.099 0.0000000000
47597  27.015  -18.525  33.669 0.0000000000
46602  22.131  -20.721  35.948 0.0000000000
111049  23.817  -21.776  35.918 0.0000000000
128811  34.716  -14.530  31.826 0.0000000000
54120  33.233  -13.386  29.813 0.0000000000
115959  35.284  -3.410  23.538 0.0000000000
60929  33.731  -6.010  25.230 0.0000000000
59065  31.902  -8.467  24.549 0.0000000000
47541  20.186  -19.948  36.070 0.0000000000
46583  19.565  -20.579  37.832 0.0000000000
47544  17.901  -19.451  36.400 0.0000000000
49570  16.305  -17.914  37.436 0.0000000000
49545  15.077  -17.377  39.339 0.0000000000
49639  25.107  -17.946  33.286 0.0000000000
49616  22.984  -17.319  34.060 0.0000000000
48591  21.556  -18.704  34.117 0.0000000000
54068  30.386  -13.742  33.772 0.0000000000
53043  29.472  -14.159  30.971 0.0000000000
51905  30.563  -15.583  32.328 0.0000000000
51903  33.806  -16.117  31.751 0.0000000000
66969  50.792  -1.084  14.694 0.0000000000
65991  48.595  -1.715  14.756 0.0000000000
110444  48.771  -2.866  16.950 0.0000000000
64108  40.212  -2.451  17.874 0.0000000000
63079  40.748  -4.042  18.605 0.0000000000
64063  38.607  -3.530  18.992 0.0000000000
62031  38.165  -5.193  20.450 0.0000000000
60968  38.529  -6.365  22.526 0.0000000000
62013  34.654  -5.430  21.536 0.0000000000
119504  36.619  -7.378  22.092 0.0000000000
47536  32.246  -20.251  35.918 0.0000000000
46613  33.730  -20.404  35.632 0.0000000000
66913  41.396  -0.403  19.273 0.0000000000
47492  13.122  -19.114  42.313 0.0000000000
46516  12.438  -20.298  43.582 0.0000000000
120100  11.657  -22.259  45.401 0.0000000000
42240  11.721  -23.966  46.794 0.0000000000
44396  10.557  -22.898  47.914 0.0000000000
45477  9.380  -22.256  48.587 0.0000000000
46488  7.002  -20.507  49.659 0.0000000000
47417  5.767  -19.332  50.969 0.0000000000
130626  31.788  -18.955  35.460 0.0000000000
47538  30.299  -19.495  36.020 0.0000000000
46600  28.746  -20.424  36.440 0.0000000000
46639  25.469  -20.368  33.981 0.0000000000
56074  31.804  -11.528  25.167 0.0000000000
54137  30.153  -13.312  28.539 0.0000000000
55102  32.411  -12.721  27.024 0.0000000000
56058  33.956  -12.040  25.850 0.0000000000
47552  35.489  -19.760  35.658 0.0000000000
66030  53.561  -1.641  11.870 0.0000000000
65089  52.778  -2.771  14.274 0.0000000000
64148  54.344  -3.899  13.924 0.0000000000
64104  43.171  -3.268  17.030 0.0000000000
63075  44.011  -3.888  18.595 0.0000000000
64083  42.798  -3.645  17.673 0.0000000000
49612  32.792  -18.158  34.234 0.0000000000
48610  33.086  -18.424  33.817 0.0000000000
48588  33.333  -19.030  34.066 0.0000000000
65069  42.020  -1.969  16.791 0.0000000000
66946  42.923  -0.974  16.752 0.0000000000
65068  42.689  -2.272  16.614 0.0000000000
64121  43.815  -2.869  16.676 0.0000000000
44373  7.865  -22.983  50.320 0.0000000000
65009  36.861  -1.889  21.687 0.0000000000
64984  36.358  -2.314  22.977 0.0000000000
58013  33.416  -9.604  23.321 0.0000000000
58023  33.863  -9.007  22.795 0.0000000000
57077  34.892  -10.147  23.737 0.0000000000
57065  35.414  -10.485  24.482 0.0000000000
57058  34.788  -11.008  24.730 0.0000000000
47510  14.514  -19.894  39.458 0.0000000000
46552  14.798  -20.806  39.310 0.0000000000
46540  14.167  -20.578  40.108 0.0000000000
44508  14.103  -22.263  40.730 0.0000000000
46530  13.612  -20.759  40.939 0.0000000000
128821  27.893  -17.038  34.841 0.0000000000
49613  27.733  -17.525  34.411 0.0000000000
49597  27.216  -17.185  34.590 0.0000000000
45644  21.888  -21.024  36.886 0.0000000000
56010  29.963  -11.296  31.827 0.0000000000
54085  35.682  -13.402  32.276 0.0000000000
59977  32.292  -7.704  24.671 0.0000000000
59966  32.417  -7.762  26.097 0.0000000000
47562  19.382  -19.057  35.362 0.0000000000
47543  18.696  -19.309  35.848 0.0000000000
47563  18.752  -18.587  35.470 0.0000000000
49569  17.042  -17.326  36.922 0.0000000000
50723  16.584  -16.919  37.623 0.0000000000
49556  15.425  -17.770  38.652 0.0000000000
49600  24.571  -17.283  34.663 0.0000000000
50770  20.678  -16.939  34.740 0.0000000000
123722  21.334  -17.271  34.399 0.0000000000
48592  20.323  -18.225  34.551 0.0000000000
47560  21.025  -19.691  35.067 0.0000000000
53024  29.942  -14.885  32.577 0.0000000000
51887  30.459  -15.264  33.034 0.0000000000
49652  33.681  -17.527  32.625 0.0000000000
50800  33.308  -16.912  32.204 0.0000000000
50799  34.398  -16.723  32.241 0.0000000000
51902  35.208  -16.089  32.421 0.0000000000
49633  35.764  -17.321  33.345 0.0000000000
67876  45.790  0.225  16.418 0.0000000000
66958  48.365  -0.419  14.971 0.0000000000
66007  46.964  -1.018  15.013 0.0000000000
64118  46.451  -2.766  16.799 0.0000000000
65063  46.992  -2.538  16.127 0.0000000000
64116  47.998  -2.768  17.172 0.0000000000
65957  39.277  -1.582  19.174 0.0000000000
65044  39.485  -2.656  18.348 0.0000000000
65038  38.319  -2.609  19.147 0.0000000000
63056  36.744  -4.213  20.058 0.0000000000
63066  37.537  -4.073  19.618 0.0000000000
62032  37.372  -5.308  20.553 0.0000000000
61990  38.560  -5.922  21.820 0.0000000000
60981  37.363  -6.296  21.529 0.0000000000
63007  34.250  -4.584  23.233 0.0000000000
63024  34.453  -4.420  22.424 0.0000000000
132889  34.180  -4.854  22.569 0.0000000000
59085  35.838  -8.356  22.441 0.0000000000
60006  35.969  -7.640  22.023 0.0000000000
59997  36.677  -7.952  22.606 0.0000000000
59996  37.389  -7.697  23.029 0.0000000000
132226  31.031  -20.371  36.810 0.0000000000
46576  32.332  -20.811  36.924 0.0000000000
66909  39.468  -0.793  20.693 0.0000000000
66915  39.760  -0.947  19.718 0.0000000000
66926  40.803  -0.931  18.622 0.0000000000
46565  18.116  -20.603  37.838 0.0000000000
45608  18.167  -21.125  38.652 0.0000000000
42304  13.610  -24.325  43.151 0.0000000000
42303  14.486  -24.696  43.352 0.0000000000
42282  13.701  -24.828  43.867 0.0000000000
42283  12.956  -24.825  44.569 0.0000000000
48483  13.179  -18.120  43.327 0.0000000000
47493  12.754  -19.695  42.938 0.0000000000
47485  12.538  -19.499  43.691 0.0000000000
46505  11.567  -20.611  45.358 0.0000000000
46504  11.813  -20.823  44.833 0.0000000000
45508  11.550  -21.570  45.573 0.0000000000
43357  11.610  -22.846  45.934 0.0000000000
115077  11.416  -22.828  46.623 0.0000000000
44406  11.084  -22.918  47.347 0.0000000000
45485  11.026  -21.827  46.951 0.0000000000
48433  8.679  -18.979  47.875 0.0000000000
46492  9.455  -20.791  47.628 0.0000000000
46493  8.339  -20.747  48.524 0.0000000000
46487  7.724  -21.115  49.263 0.0000000000
47436  7.532  -20.106  49.045 0.0000000000
49582  31.901  -17.464  36.442 0.0000000000
49595  31.832  -17.983  35.891 0.0000000000
48568  31.221  -18.396  35.738 0.0000000000
47556  31.085  -19.142  35.662 0.0000000000
47557  30.308  -18.600  35.591 0.0000000000
47559  28.003  -19.501  34.834 0.0000000000
125574  29.061  -19.790  35.873 0.0000000000
46601  27.956  -20.744  36.167 0.0000000000
47600  24.296  -18.957  33.034 0.0000000000
47599  25.666  -19.038  33.197 0.0000000000
46640  24.528  -20.435  33.873 0.0000000000
45641  24.775  -22.094  35.913 0.0000000000
63053  41.054  -4.639  20.016 0.0000000000
111943  42.531  -4.417  20.233 0.0000000000
118185  41.795  -4.573  20.761 0.0000000000
57979  30.328  -9.913  27.024 0.0000000000
124076  30.753  -9.643  25.946 0.0000000000
56060  30.699  -11.656  26.085 0.0000000000
124742  30.332  -14.586  30.342 0.0000000000
54110  29.579  -13.628  29.913 0.0000000000
53074  30.753  -14.209  29.808 0.0000000000
55073  33.819  -13.041  29.311 0.0000000000
54134  32.970  -13.200  28.915 0.0000000000
55083  33.699  -12.806  28.352 0.0000000000
113027  33.124  -12.487  26.501 0.0000000000
55082  35.157  -12.365  27.890 0.0000000000
56046  35.698  -11.909  27.230 0.0000000000
114575  34.903  -20.139  35.519 0.0000000000
66022  53.769  -1.958  12.806 0.0000000000
65091  50.680  -2.270  14.591 0.0000000000
66004  51.284  -1.758  14.584 0.0000000000
64139  51.027  -2.857  14.682 0.0000000000
63127  53.459  -4.174  14.703 0.0000000000
63139  55.029  -4.371  14.263 0.0000000000
49603  19.852  -16.921  35.144 0.0000000000
49605  18.343  -17.307  35.859 0.0000000000
64081  45.574  -3.411  18.094 0.0000000000
64060  46.608  -3.252  19.263 0.0000000000
64062  44.895  -3.685  18.590 0.0000000000
51885  31.987  -16.502  33.584 0.0000000000
50785  31.812  -16.527  32.600 0.0000000000
50784  32.344  -17.125  33.019 0.0000000000
49636  33.292  -18.022  33.169 0.0000000000
48608  34.708  -18.619  33.569 0.0000000000
67850  44.522  0.452  18.499 0.0000000000
66931  43.360  -0.385  17.126 0.0000000000
66944  44.550  -0.583  16.270 0.0000000000
65995  44.990  -0.979  15.774 0.0000000000
65993  46.414  -1.471  15.359 0.0000000000
65081  44.866  -1.693  15.900 0.0000000000
64119  45.571  -2.807  16.735 0.0000000000
43305  9.171  -23.352  49.536 0.0000000000
65949  38.557  -1.265  20.520 0.0000000000
65025  37.805  -2.347  19.670 0.0000000000
110111  36.958  -2.163  20.819 0.0000000000
65027  36.628  -2.850  20.449 0.0000000000
130660  35.584  -3.757  20.943 0.0000000000
116709  33.106  -7.037  23.160 0.0000000000
60971  34.024  -6.607  21.979 0.0000000000
59088  33.537  -8.200  22.661 0.0000000000
58022  34.769  -9.111  22.774 0.0000000000
58010  36.042  -9.425  23.524 0.0000000000
57994  36.754  -9.731  25.298 0.0000000000
57986  36.923  -9.991  26.012 0.0000000000
46560  30.235  -20.845  38.077 0.0000000000
46567  15.903  -20.491  38.192 0.0000000000
45609  17.164  -21.309  38.591 0.0000000000
45591  15.871  -21.723  39.228 0.0000000000
44506  15.737  -22.790  40.310 0.0000000000
43445  15.301  -23.229  40.878 0.0000000000
44485  13.509  -22.485  41.549 0.0000000000
116340  12.816  -22.172  42.357 0.0000000000
47473  12.332  -19.282  44.294 0.0000000000
47456  11.096  -19.044  45.708 0.0000000000
47457  10.577  -19.653  46.270 0.0000000000
46501  10.873  -20.930  46.516 0.0000000000
47445  9.870  -18.959  46.765 0.0000000000
48432  9.358  -18.408  47.431 0.0000000000
48421  8.898  -17.967  48.161 0.0000000000
48570  29.215  -17.277  35.319 0.0000000000
47558  29.570  -18.192  35.235 0.0000000000
48571  28.850  -17.992  34.734 0.0000000000
47578  28.246  -18.607  34.464 0.0000000000
46637  27.196  -19.867  34.538 0.0000000000
46620  22.559  -20.569  35.010 0.0000000000
128465  23.762  -21.301  35.221 0.0000000000
130190  23.213  -21.534  36.215 0.0000000000
63023  40.778  -5.074  22.263 0.0000000000
56038  29.402  -11.747  28.738 0.0000000000
53056  33.018  -14.174  30.749 0.0000000000
54108  32.661  -13.805  30.220 0.0000000000
54098  33.870  -13.823  31.096 0.0000000000
55053  35.064  -13.064  31.073 0.0000000000
66002  54.131  -1.319  14.575 0.0000000000
44368  6.078  -22.168  51.404 0.0000000000
132639  35.770  -3.654  25.031 0.0000000000
62989  34.422  -4.701  24.301 0.0000000000
61962  33.498  -5.997  24.264 0.0000000000
60960  32.757  -7.341  23.660 0.0000000000
59078  32.498  -8.631  23.535 0.0000000000
58002  32.085  -9.304  23.943 0.0000000000
46581  21.018  -20.715  37.362 0.0000000000
112593  20.310  -20.757  38.069 0.0000000000
127962  19.445  -20.312  37.173 0.0000000000
46606  18.860  -19.920  36.610 0.0000000000
47527  17.206  -19.822  37.080 0.0000000000
48575  17.626  -17.731  36.266 0.0000000000
47545  17.029  -19.104  36.686 0.0000000000
47528  16.436  -19.407  37.295 0.0000000000
47517  15.404  -19.449  38.263 0.0000000000
47518  14.923  -19.207  38.953 0.0000000000
48534  14.403  -18.882  39.813 0.0000000000
128362  26.339  -17.373  34.285 0.0000000000
49614  25.411  -17.498  33.946 0.0000000000
49640  24.244  -17.900  33.351 0.0000000000
48616  23.063  -18.355  33.471 0.0000000000
49602  22.597  -16.862  34.735 0.0000000000
49642  22.544  -17.775  33.756 0.0000000000
116971  22.223  -19.225  33.931 0.0000000000
46621  21.688  -20.202  35.165 0.0000000000
46622  20.926  -20.116  35.762 0.0000000000
115332  30.230  -12.397  33.277 0.0000000000
55995  29.648  -12.036  31.966 0.0000000000
54087  29.615  -13.985  32.474 0.0000000000
53025  29.660  -14.648  31.586 0.0000000000
53041  31.343  -15.192  30.901 0.0000000000
51904  31.267  -16.105  32.039 0.0000000000
51921  31.674  -15.716  31.426 0.0000000000
53040  32.320  -15.009  30.963 0.0000000000
51918  34.032  -15.094  31.577 0.0000000000
114463  35.510  -15.309  32.519 0.0000000000
66957  49.312  -0.363  14.889 0.0000000000
66006  49.391  -1.567  14.605 0.0000000000
65076  49.470  -2.600  15.133 0.0000000000
65078  47.550  -2.218  15.468 0.0000000000
65077  48.535  -2.348  15.258 0.0000000000
120957  40.849  -2.617  17.410 0.0000000000
64084  41.909  -3.644  17.756 0.0000000000
114895  40.271  -3.503  18.198 0.0000000000
63080  40.020  -3.911  18.681 0.0000000000
125749  39.545  -4.535  19.628 0.0000000000
64064  37.615  -3.216  19.446 0.0000000000
122221  38.817  -4.337  19.460 0.0000000000
62007  39.735  -5.167  20.893 0.0000000000
61988  39.904  -5.357  21.744 0.0000000000
61989  39.310  -5.778  22.343 0.0000000000
64007  35.279  -3.319  22.713 0.0000000000
64028  35.201  -3.819  21.488 0.0000000000
62012  35.209  -5.111  21.067 0.0000000000
60984  34.693  -6.292  21.562 0.0000000000
60983  35.616  -6.349  21.378 0.0000000000
60982  36.495  -6.328  21.357 0.0000000000
60969  37.719  -6.714  22.177 0.0000000000
47555  32.631  -19.700  35.261 0.0000000000
113281  33.139  -19.724  34.939 0.0000000000
46614  33.049  -20.169  35.421 0.0000000000
46597  33.083  -20.644  36.171 0.0000000000
66925  41.548  -0.621  18.363 0.0000000000
65968  41.129  -1.275  17.872 0.0000000000
48524  14.123  -18.338  40.596 0.0000000000
49521  14.076  -17.343  41.668 0.0000000000
129386  13.488  -19.387  41.475 0.0000000000
120470  13.047  -19.934  42.097 0.0000000000
45545  12.683  -21.309  42.583 0.0000000000
44464  12.445  -21.858  43.185 0.0000000000
46510  12.172  -20.141  44.240 0.0000000000
123619  12.123  -20.925  44.198 0.0000000000
118459  12.319  -23.229  44.205 0.0000000000
43356  11.915  -23.566  45.696 0.0000000000
43341  11.932  -23.996  46.182 0.0000000000
43316  10.351  -23.352  48.420 0.0000000000
127364  10.524  -22.013  47.517 0.0000000000
45476  10.243  -22.437  47.991 0.0000000000
43317  9.740  -23.216  48.870 0.0000000000
45466  8.562  -22.350  49.314 0.0000000000
45467  7.829  -21.875  49.589 0.0000000000
45468  7.138  -21.830  50.239 0.0000000000
47425  6.856  -19.454  49.599 0.0000000000
47426  6.335  -19.909  50.204 0.0000000000
46485  6.024  -20.422  50.925 0.0000000000
49594  32.570  -18.271  35.024 0.0000000000
49581  32.599  -17.678  35.915 0.0000000000
123181  32.424  -19.114  35.030 0.0000000000
47537  31.220  -19.910  36.160 0.0000000000
119255  30.366  -20.183  36.723 0.0000000000
47539  29.645  -19.221  35.621 0.0000000000
46599  29.568  -20.097  36.495 0.0000000000
46579  29.877  -20.586  37.439 0.0000000000
48612  26.444  -18.194  33.502 0.0000000000
47580  26.797  -19.373  33.821 0.0000000000
46617  26.740  -20.646  35.051 0.0000000000
45655  24.464  -21.489  35.237 0.0000000000
45654  25.353  -21.507  35.340 0.0000000000
45639  26.655  -21.745  36.358 0.0000000000
63061  42.291  -4.369  19.257 0.0000000000
59054  31.789  -8.361  25.591 0.0000000000
58003  31.500  -9.815  24.584 0.0000000000
56085  32.320  -11.046  24.508 0.0000000000
55054  29.369  -12.536  30.639 0.0000000000
55074  29.441  -12.605  29.197 0.0000000000
55085  29.950  -12.874  28.101 0.0000000000
54122  31.342  -13.702  29.240 0.0000000000
54151  30.537  -12.970  27.782 0.0000000000
55103  30.838  -12.602  26.983 0.0000000000
55117  32.174  -12.420  26.128 0.0000000000
55116  33.073  -12.195  25.705 0.0000000000
56072  33.608  -11.687  25.118 0.0000000000
56070  35.221  -11.481  25.848 0.0000000000
47575  34.212  -19.670  34.554 0.0000000000
48586  34.878  -19.299  34.227 0.0000000000
129378  35.489  -18.751  34.147 0.0000000000
132246  36.631  -18.519  35.490 0.0000000000
129109  36.438  -17.679  34.345 0.0000000000
66991  53.139  -0.917  11.363 0.0000000000
116032  53.923  -2.078  14.356 0.0000000000
65088  53.784  -2.725  14.006 0.0000000000
63114  52.519  -3.884  14.934 0.0000000000
129388  53.764  -3.547  14.106 0.0000000000
65103  54.132  -2.389  13.572 0.0000000000
65113  54.502  -2.660  12.581 0.0000000000
65112  55.176  -2.934  12.187 0.0000000000
64122  42.476  -2.918  16.786 0.0000000000
64105  42.253  -3.272  17.158 0.0000000000
48589  32.850  -18.785  34.451 0.0000000000
64123  41.984  -2.675  16.846 0.0000000000
128508  43.101  -2.756  16.652 0.0000000000
44374  7.183  -22.597  50.584 0.0000000000
132479  33.312  -10.247  23.690 0.0000000000
57078  34.032  -10.232  23.628 0.0000000000
57066  34.480  -10.649  24.175 0.0000000000
46541  13.757  -19.972  40.815 0.0000000000
45628  21.726  -21.246  37.738 0.0000000000
49619  20.071  -17.489  34.736 0.0000000000
48572  19.985  -18.817  34.916 0.0000000000
53009  30.798  -15.081  33.727 0.0000000000
49651  34.522  -17.474  32.669 0.0000000000
50783  35.366  -16.929  32.724 0.0000000000
67875  46.662  0.420  16.301 0.0000000000
124486  46.783  -0.536  15.334 0.0000000000
66959  47.479  -0.491  15.146 0.0000000000
64101  46.746  -2.909  17.394 0.0000000000
64117  47.281  -2.768  16.912 0.0000000000
64100  47.429  -2.875  17.783 0.0000000000
42216  10.530  -23.994  48.728 0.0000000000
65037  38.970  -2.252  18.862 0.0000000000
65958  38.462  -1.829  19.599 0.0000000000
63055  37.367  -4.643  20.078 0.0000000000
62010  36.913  -5.747  20.927 0.0000000000
61975  33.880  -5.400  22.653 0.0000000000
59076  36.379  -8.724  23.091 0.0000000000
59075  37.119  -8.257  23.463 0.0000000000
65956  40.046  -1.272  18.889 0.0000000000
126452  17.512  -20.842  38.139 0.0000000000
42305  12.838  -24.163  43.894 0.0000000000
47484  12.903  -18.893  43.115 0.0000000000
117301  11.350  -21.187  46.036 0.0000000000
45496  11.349  -21.874  46.339 0.0000000000
44416  11.471  -22.302  46.141 0.0000000000
44405  11.264  -22.381  46.826 0.0000000000
47447  8.729  -20.109  47.894 0.0000000000
47435  8.084  -19.572  48.395 0.0000000000
48423  7.421  -18.961  48.982 0.0000000000
49583  30.033  -16.869  35.954 0.0000000000
50737  30.937  -16.881  36.541 0.0000000000
48557  31.026  -17.590  36.076 0.0000000000
46615  28.392  -20.004  35.642 0.0000000000
45652  27.144  -21.098  35.827 0.0000000000
46655  23.974  -19.717  33.430 0.0000000000
57034  29.854  -10.371  27.998 0.0000000000
124890  30.253  -9.940  27.663 0.0000000000
57042  29.926  -10.518  27.232 0.0000000000
120748  30.159  -10.573  26.640 0.0000000000
56047  30.060  -11.426  26.803 0.0000000000
53058  31.067  -14.666  30.368 0.0000000000
55072  34.531  -12.857  29.556 0.0000000000
129879  34.284  -12.781  28.903 0.0000000000
127179  34.458  -12.609  28.312 0.0000000000
110525  34.904  -12.608  28.827 0.0000000000
55081  35.709  -12.367  28.591 0.0000000000
66017  53.308  -1.348  12.781 0.0000000000
111338  19.648  -16.401  35.924 0.0000000000
51849  20.039  -15.855  36.758 0.0000000000
50760  20.354  -16.557  35.392 0.0000000000
119714  45.082  -3.229  17.293 0.0000000000
113480  44.565  -3.586  17.867 0.0000000000
49637  32.834  -17.776  33.460 0.0000000000
49635  34.134  -18.078  33.018 0.0000000000
66924  42.307  -0.334  18.143 0.0000000000
66923  43.079  -0.057  17.926 0.0000000000
65984  43.369  -1.565  16.424 0.0000000000
66945  43.721  -0.766  16.518 0.0000000000
65983  44.236  -1.235  16.122 0.0000000000
64120  44.677  -2.857  16.692 0.0000000000
65942  38.062  -1.319  21.297 0.0000000000
65950  37.716  -1.817  20.403 0.0000000000
65943  37.396  -1.670  21.237 0.0000000000
65010  36.301  -2.588  21.351 0.0000000000
64027  36.065  -3.317  20.745 0.0000000000
60009  33.379  -7.510  22.679 0.0000000000
58012  34.376  -9.649  23.235 0.0000000000
58011  35.252  -9.592  23.324 0.0000000000
59077  35.613  -9.024  22.867 0.0000000000
57064  36.305  -9.792  24.454 0.0000000000
57056  36.189  -10.466  25.381 0.0000000000
65941  38.835  -0.906  21.441 0.0000000000
131464  15.509  -20.004  38.162 0.0000000000
46551  15.503  -21.051  38.824 0.0000000000
45592  14.625  -21.465  39.800 0.0000000000
44527  15.304  -22.173  39.786 0.0000000000
44507  14.903  -22.663  40.430 0.0000000000
45558  13.501  -21.570  41.189 0.0000000000
44463  13.169  -23.051  42.293 0.0000000000
46500  11.200  -20.201  45.836 0.0000000000
48442  10.542  -18.454  46.306 0.0000000000
50739  28.705  -16.250  36.278 0.0000000000
50755  29.200  -16.635  35.784 0.0000000000
49596  28.396  -17.360  34.815 0.0000000000
48590  27.664  -18.141  34.033 0.0000000000
130592  28.211  -17.866  34.421 0.0000000000
47579  27.566  -19.012  34.074 0.0000000000
45656  23.071  -21.172  35.653 0.0000000000
45643  22.678  -21.308  36.473 0.0000000000
57028  29.530  -10.944  29.301 0.0000000000
53038  34.271  -14.144  31.500 0.0000000000
54096  35.382  -13.199  31.683 0.0000000000
45455  5.533  -21.300  51.425 0.0000000000
62988  35.186  -4.218  24.917 0.0000000000
60959  33.057  -6.692  23.903 0.0000000000
60946  33.160  -6.597  24.828 0.0000000000
59988  32.333  -7.946  23.904 0.0000000000
129985  32.136  -8.566  23.947 0.0000000000
46604  20.562  -20.325  36.612 0.0000000000
46582  20.132  -20.453  37.305 0.0000000000
46605  19.776  -20.119  36.626 0.0000000000
47526  18.005  -20.144  37.094 0.0000000000
48560  16.963  -18.255  36.700 0.0000000000
48549  16.456  -18.713  37.126 0.0000000000
46587  15.870  -19.776  37.791 0.0000000000
47529  15.845  -18.851  37.715 0.0000000000
48541  15.358  -18.602  38.470 0.0000000000
48533  14.939  -18.285  39.184 0.0000000000
49546  14.528  -17.874  39.962 0.0000000000
49599  25.618  -17.145  34.995 0.0000000000
49615  23.885  -17.474  33.920 0.0000000000
124903  24.649  -17.594  33.728 0.0000000000
48615  23.839  -18.369  33.217 0.0000000000
49641  23.417  -17.844  33.544 0.0000000000
132177  21.011  -18.255  34.281 0.0000000000
49618  21.646  -17.788  34.022 0.0000000000
47603  22.292  -18.383  33.701 0.0000000000
46642  22.303  -19.966  34.394 0.0000000000
47583  21.568  -19.513  34.514 0.0000000000
47561  20.224  -19.488  35.369 0.0000000000
129257  30.385  -12.932  33.727 0.0000000000
114728  29.946  -13.351  33.163 0.0000000000
121556  30.152  -15.300  31.785 0.0000000000
53042  30.353  -15.104  30.959 0.0000000000
51922  30.851  -15.564  31.544 0.0000000000
50801  32.490  -16.799  32.385 0.0000000000
50810  32.899  -16.332  31.767 0.0000000000
51920  32.553  -15.671  31.399 0.0000000000
51919  33.318  -15.607  31.500 0.0000000000
51884  35.856  -15.914  32.873 0.0000000000
67860  45.503  0.507  17.291 0.0000000000
66956  50.311  -0.411  14.951 0.0000000000
66972  47.881  -1.161  14.785 0.0000000000
66971  48.865  -0.989  14.615 0.0000000000
65093  49.139  -2.144  14.812 0.0000000000
65080  45.772  -1.896  15.691 0.0000000000
65079  46.641  -2.081  15.564 0.0000000000
65062  48.041  -2.650  16.271 0.0000000000
65061  49.087  -2.866  15.905 0.0000000000
64107  40.545  -3.096  17.643 0.0000000000
64086  39.476  -3.358  18.509 0.0000000000
63064  39.426  -4.089  19.033 0.0000000000
63063  40.302  -4.406  19.312 0.0000000000
65026  37.213  -2.540  20.046 0.0000000000
63054  38.180  -4.574  19.815 0.0000000000
62030  39.084  -4.921  20.205 0.0000000000
62008  38.976  -5.512  21.198 0.0000000000
64006  35.753  -2.835  23.241 0.0000000000
63042  34.772  -4.555  21.601 0.0000000000
64016  34.863  -3.814  22.186 0.0000000000
63041  35.363  -4.380  20.961 0.0000000000
60008  34.014  -7.518  22.226 0.0000000000
60015  34.562  -7.072  21.830 0.0000000000
60014  35.341  -7.059  21.689 0.0000000000
60013  36.186  -6.970  21.697 0.0000000000
60970  36.998  -6.901  21.840 0.0000000000
112773  31.912  -19.508  35.580 0.0000000000
66912  42.123  -0.139  19.034 0.0000000000
65969  40.408  -1.656  18.139 0.0000000000
65979  40.848  -1.967  17.511 0.0000000000
46562  20.321  -21.071  38.964 0.0000000000
46563  19.655  -20.859  38.651 0.0000000000
45590  16.688  -21.797  39.188 0.0000000000
122723  15.079  -24.526  42.954 0.0000000000
49535  14.285  -17.552  40.823 0.0000000000
48500  13.336  -18.344  42.596 0.0000000000
49506  13.963  -17.176  42.482 0.0000000000
48499  13.725  -17.838  42.127 0.0000000000
48513  13.894  -18.053  41.345 0.0000000000
48514  13.534  -18.563  41.812 0.0000000000
46523  12.695  -20.501  42.757 0.0000000000
45531  12.402  -21.065  43.433 0.0000000000
47465  12.115  -18.973  44.800 0.0000000000
45507  11.816  -21.593  44.803 0.0000000000
44437  11.959  -22.338  44.578 0.0000000000
128749  12.337  -23.902  44.822 0.0000000000
43374  11.876  -22.998  45.130 0.0000000000
43342  11.623  -23.352  46.404 0.0000000000
43325  11.094  -23.463  47.617 0.0000000000
43326  10.769  -23.247  47.875 0.0000000000
43315  10.804  -23.671  48.136 0.0000000000
46497  10.015  -20.242  46.883 0.0000000000
111752  10.353  -21.297  47.246 0.0000000000
110174  9.092  -21.410  48.288 0.0000000000
45487  9.890  -21.784  47.895 0.0000000000
44397  9.950  -22.853  48.469 0.0000000000
44384  9.234  -22.817  49.060 0.0000000000
45478  8.493  -21.709  48.955 0.0000000000
111340  7.268  -21.329  49.808 0.0000000000
48412  7.047  -18.404  49.760 0.0000000000
48413  6.386  -18.839  50.360 0.0000000000
46480  5.267  -19.758  51.426 0.0000000000
113300  32.800  -17.576  34.928 0.0000000000
110411  32.172  -18.484  35.439 0.0000000000
46580  29.150  -20.793  37.260 0.0000000000
49638  26.022  -17.814  33.599 0.0000000000
48613  25.788  -18.384  33.269 0.0000000000
47581  25.964  -19.606  33.599 0.0000000000
46638  26.360  -20.171  34.258 0.0000000000
46618  25.869  -20.883  34.777 0.0000000000
45675  24.120  -20.972  34.574 0.0000000000
44568  25.170  -22.616  36.615 0.0000000000
45640  25.741  -21.990  36.098 0.0000000000
45653  26.264  -21.346  35.558 0.0000000000
63078  41.622  -4.080  18.490 0.0000000000
59044  31.968  -8.325  26.603 0.0000000000
124927  31.242  -8.975  26.026 0.0000000000
56075  31.020  -11.072  25.427 0.0000000000
57995  31.034  -9.659  25.321 0.0000000000
56086  31.610  -10.712  24.760 0.0000000000
55041  29.411  -12.726  31.444 0.0000000000
54099  29.394  -13.454  30.685 0.0000000000
54124  29.860  -13.568  29.255 0.0000000000
119500  29.577  -13.222  29.382 0.0000000000
54138  29.707  -13.070  28.756 0.0000000000
55086  29.638  -12.445  28.314 0.0000000000
54107  33.561  -13.599  30.550 0.0000000000
54121  32.325  -13.559  29.482 0.0000000000
55084  32.675  -12.961  27.970 0.0000000000
54135  31.971  -13.330  28.581 0.0000000000
54150  31.552  -12.995  27.591 0.0000000000
130028  31.604  -12.619  26.741 0.0000000000
56059  31.198  -12.257  26.204 0.0000000000
55115  34.030  -12.332  26.674 0.0000000000
131906  33.573  -12.289  26.187 0.0000000000
56071  34.558  -11.515  25.341 0.0000000000
56057  34.726  -11.903  26.196 0.0000000000
56045  36.379  -11.587  27.511 0.0000000000
47554  33.644  -19.969  34.975 0.0000000000
47576  33.532  -19.496  34.470 0.0000000000
47574  34.947  -19.769  34.929 0.0000000000
48567  35.773  -19.208  34.908 0.0000000000
48585  36.209  -18.351  34.580 0.0000000000
66038  53.775  -1.296  11.188 0.0000000000
66029  54.204  -1.780  11.461 0.0000000000
65090  51.647  -2.486  14.506 0.0000000000
113497  52.562  -2.095  14.522 0.0000000000
132863  53.938  -4.080  14.286 0.0000000000
64149  54.089  -3.082  13.708 0.0000000000
65102  54.317  -2.834  13.242 0.0000000000
127484  54.494  -3.341  13.452 0.0000000000
64082  43.663  -3.645  17.717 0.0000000000
63076  43.247  -3.900  18.247 0.0000000000
65977  42.229  -1.270  17.030 0.0000000000
65985  42.620  -1.599  16.678 0.0000000000
65067  43.534  -2.308  16.445 0.0000000000
124776  37.622  -1.442  22.125 0.0000000000
64997  36.932  -1.804  22.600 0.0000000000
64998  36.419  -2.238  22.176 0.0000000000
58024  33.082  -8.791  23.051 0.0000000000
57057  35.370  -11.058  25.266 0.0000000000
45573  14.044  -21.466  40.439 0.0000000000
49460  10.803  -17.671  46.593 0.0000000000
48611  26.952  -17.735  33.890 0.0000000000
57006  29.730  -11.089  31.045 0.0000000000
53022  35.407  -14.366  32.362 0.0000000000
54086  35.020  -13.801  31.855 0.0000000000
54075  36.093  -13.726  32.848 0.0000000000
59976  32.741  -7.235  25.385 0.0000000000
124875  32.164  -7.859  25.258 0.0000000000
47542  19.485  -19.647  35.930 0.0000000000
48558  18.177  -18.880  35.836 0.0000000000
50747  17.836  -16.802  36.563 0.0000000000
50722  17.322  -16.518  37.273 0.0000000000
49571  15.730  -18.089  38.068 0.0000000000
49601  23.496  -17.104  34.742 0.0000000000
111850  20.837  -17.633  34.405 0.0000000000
47584  20.780  -18.974  34.622 0.0000000000
54076  29.917  -14.163  33.112 0.0000000000
53010  30.308  -14.607  33.398 0.0000000000
50782  36.143  -16.604  33.357 0.0000000000
67877  44.957  0.048  16.620 0.0000000000
64099  48.387  -2.791  17.795 0.0000000000
65970  39.677  -1.974  18.476 0.0000000000
64087  38.886  -2.860  18.676 0.0000000000
64065  37.057  -3.728  19.773 0.0000000000
63067  37.149  -4.168  19.824 0.0000000000
62009  37.927  -5.766  21.173 0.0000000000
60980  38.035  -6.221  21.833 0.0000000000
63999  34.790  -3.961  23.908 0.0000000000
64008  34.735  -3.843  23.021 0.0000000000
114351  34.252  -5.072  22.028 0.0000000000
60005  37.255  -7.324  22.428 0.0000000000
46598  31.645  -20.417  36.576 0.0000000000
66899  40.233  -0.491  21.244 0.0000000000
66908  40.413  -0.524  20.460 0.0000000000
66914  40.598  -0.654  19.516 0.0000000000
46584  18.831  -20.382  37.458 0.0000000000
46564  18.933  -20.714  38.285 0.0000000000
42323  14.433  -24.335  42.684 0.0000000000
42281  14.633  -25.064  44.057 0.0000000000
41189  13.888  -25.370  44.575 0.0000000000
41190  13.207  -25.447  45.233 0.0000000000
49507  13.608  -17.640  42.889 0.0000000000
114621  11.412  -23.343  47.045 0.0000000000
45486  10.834  -22.455  47.429 0.0000000000
131216  8.913  -20.804  48.077 0.0000000000
45637  28.339  -21.129  36.964 0.0000000000
115648  25.062  -18.655  33.034 0.0000000000
46654  25.011  -19.600  33.307 0.0000000000
44569  24.203  -22.424  36.652 0.0000000000
63062  41.294  -4.414  19.228 0.0000000000
119644  41.795  -4.534  19.889 0.0000000000
57978  30.851  -9.371  27.673 0.0000000000
57987  30.811  -9.417  26.689 0.0000000000
57988  30.424  -10.088  26.286 0.0000000000
57050  30.446  -10.901  26.081 0.0000000000
53059  29.774  -14.519  30.690 0.0000000000
53060  29.574  -14.043  30.426 0.0000000000
53075  29.922  -14.161  29.895 0.0000000000
54123  30.432  -13.723  29.196 0.0000000000
54119  34.055  -13.181  30.126 0.0000000000
55101  33.383  -12.649  27.366 0.0000000000
55100  34.286  -12.496  27.602 0.0000000000
55099  34.931  -12.174  26.998 0.0000000000
47553  34.316  -20.119  35.190 0.0000000000
46612  34.476  -20.434  35.915 0.0000000000
66031  53.063  -1.259  12.157 0.0000000000
65114  54.075  -2.222  12.231 0.0000000000
66005  50.260  -1.563  14.564 0.0000000000
64138  51.888  -3.222  14.628 0.0000000000
63126  54.251  -4.350  14.594 0.0000000000
110501  55.086  -3.812  13.443 0.0000000000
49604  19.457  -17.436  35.132 0.0000000000
115437  18.841  -17.742  35.384 0.0000000000
50761  19.079  -17.002  35.489 0.0000000000
50746  18.690  -16.573  36.188 0.0000000000
50759  21.161  -16.463  35.413 0.0000000000
111612  47.060  -3.042  18.583 0.0000000000
112598  46.289  -3.276  18.593 0.0000000000
67862  43.878  0.157  17.708 0.0000000000
66930  44.147  -0.144  16.857 0.0000000000
66943  45.339  -0.395  16.011 0.0000000000
66961  45.660  -0.746  15.632 0.0000000000
66960  46.254  -0.877  15.353 0.0000000000
65994  45.622  -1.285  15.565 0.0000000000
65065  45.192  -2.348  16.173 0.0000000000
65066  44.348  -2.344  16.328 0.0000000000
64102  45.992  -3.046  17.397 0.0000000000
43304  9.942  -23.693  49.121 0.0000000000
64045  36.539  -3.568  20.164 0.0000000000
63057  36.009  -4.167  20.449 0.0000000000
61976  33.424  -6.156  23.201 0.0000000000
61992  33.717  -6.160  22.360 0.0000000000
60972  33.546  -6.832  22.533 0.0000000000
59087  34.381  -8.411  22.449 0.0000000000
59086  35.155  -8.591  22.471 0.0000000000
58000  37.096  -9.140  24.869 0.0000000000
46566  16.777  -20.763  38.087 0.0000000000
45610  16.307  -21.235  38.631 0.0000000000
126849  15.210  -21.474  39.364 0.0000000000
44526  16.224  -22.346  39.737 0.0000000000
44484  14.415  -23.034  41.048 0.0000000000
43429  13.995  -23.421  41.731 0.0000000000
43409  13.721  -23.845  42.448 0.0000000000
126573  12.654  -22.612  42.913 0.0000000000
47466  11.596  -19.586  45.232 0.0000000000
48431  10.015  -17.907  46.934 0.0000000000
130559  22.955  -20.301  34.350 0.0000000000
46641  23.631  -20.377  34.025 0.0000000000
46619  23.351  -20.814  34.794 0.0000000000
45642  23.294  -21.859  36.818 0.0000000000
63040  40.489  -5.016  21.220 0.0000000000
63039  41.307  -4.741  21.522 0.0000000000
57035  29.483  -10.985  28.351 0.0000000000
54097  34.677  -13.527  31.366 0.0000000000
54106  34.343  -13.337  30.830 0.0000000000
55062  34.796  -12.962  30.337 0.0000000000
64115  50.578  -3.491  16.150 0.0000000000
64130  50.921  -3.329  15.230 0.0000000000
44375  6.591  -22.026  50.916 0.0000000000
115128  36.089  -3.169  24.626 0.0000000000
63990  35.454  -3.544  24.346 0.0000000000
113045  34.081  -5.414  24.729 0.0000000000
60947  32.663  -7.216  24.369 0.0000000000
113382  32.735  -9.281  23.455 0.0000000000
57079  32.706  -9.933  23.687 0.0000000000
48574  18.171  -18.154  35.737 0.0000000000
48559  17.605  -18.628  36.200 0.0000000000
46586  16.552  -20.172  37.597 0.0000000000
49598  26.613  -16.916  35.122 0.0000000000
48614  24.510  -18.337  33.106 0.0000000000
47601  23.474  -19.013  33.291 0.0000000000
49617  22.064  -17.201  34.254 0.0000000000
47602  22.797  -18.927  33.557 0.0000000000
131845  21.519  -20.399  35.806 0.0000000000
46603  21.343  -20.551  36.422 0.0000000000
55994  30.188  -11.646  32.662 0.0000000000
55040  29.660  -12.827  32.424 0.0000000000
54088  29.433  -13.678  31.619 0.0000000000
51886  31.097  -15.892  33.052 0.0000000000
50811  32.071  -16.314  31.846 0.0000000000
53039  33.338  -14.713  31.206 0.0000000000
53023  34.767  -15.470  32.012 0.0000000000
66970  49.780  -0.945  14.594 0.0000000000
65092  49.829  -2.199  14.676 0.0000000000
65992  47.235  -1.625  15.159 0.0000000000
126682  47.940  -1.849  14.982 0.0000000000
64131  50.004  -3.099  15.592 0.0000000000
64106  41.450  -3.096  17.239 0.0000000000
64085  41.048  -3.606  17.925 0.0000000000
125974  39.921  -3.046  17.977 0.0000000000
62029  40.167  -4.801  20.262 0.0000000000
63065  38.110  -3.984  19.361 0.0000000000
125529  40.097  -5.442  22.602 0.0000000000
64985  35.791  -2.753  22.269 0.0000000000
64015  35.309  -3.337  22.015 0.0000000000
62034  35.763  -4.860  20.693 0.0000000000
61991  34.077  -5.821  21.888 0.0000000000
114597  35.185  -5.748  21.263 0.0000000000
62011  35.895  -5.598  20.912 0.0000000000
59995  38.024  -7.119  23.017 0.0000000000
66933  41.827  -0.898  17.589 0.0000000000
65978  41.549  -1.610  17.279 0.0000000000
65055  41.410  -2.356  17.106 0.0000000000
46550  19.112  -21.060  39.144 0.0000000000
118577  14.022  -18.964  40.529 0.0000000000
48525  13.800  -18.756  41.097 0.0000000000
47503  13.832  -19.321  40.842 0.0000000000
132277  13.392  -20.163  41.419 0.0000000000
46522  13.051  -20.822  41.799 0.0000000000
44448  12.337  -22.492  43.699 0.0000000000
45520  12.155  -21.673  44.027 0.0000000000
42259  12.434  -24.579  45.518 0.0000000000
41172  12.750  -25.412  45.876 0.0000000000
44385  8.511  -22.846  49.667 0.0000000000
44386  7.837  -22.422  49.917 0.0000000000
48411  7.695  -17.997  49.254 0.0000000000
46484  6.688  -20.913  50.255 0.0000000000
45460  6.515  -21.311  50.725 0.0000000000
45461  6.078  -21.276  51.204 0.0000000000
47598  26.324  -18.864  33.410 0.0000000000
45674  24.974  -21.003  34.585 0.0000000000
63077  42.520  -4.009  18.372 0.0000000000
63060  43.166  -4.181  18.957 0.0000000000
110792  43.061  -4.292  19.733 0.0000000000
63038  42.126  -4.413  21.734 0.0000000000
59055  31.425  -9.043  25.034 0.0000000000
59066  31.686  -9.154  24.487 0.0000000000
57068  32.133  -10.285  24.165 0.0000000000
57067  32.838  -10.608  24.020 0.0000000000
56011  29.515  -11.869  31.266 0.0000000000
56023  29.461  -11.745  30.495 0.0000000000
55063  29.393  -13.021  29.935 0.0000000000
123772  29.386  -12.355  29.982 0.0000000000
56031  29.407  -11.737  29.661 0.0000000000
56048  29.537  -11.733  27.884 0.0000000000
54109  31.707  -14.032  29.944 0.0000000000
54136  30.963  -13.398  28.428 0.0000000000
55104  30.018  -12.290  27.410 0.0000000000
131900  29.762  -11.670  27.369 0.0000000000
55118  30.514  -12.109  26.639 0.0000000000
125931  31.259  -11.783  25.680 0.0000000000
55129  32.288  -12.036  25.502 0.0000000000
56073  32.711  -11.687  25.014 0.0000000000
56084  33.188  -11.221  24.464 0.0000000000
56083  34.054  -11.191  24.578 0.0000000000
57049  35.841  -11.148  26.003 0.0000000000
56056  35.454  -11.674  26.501 0.0000000000
56055  36.141  -11.357  26.769 0.0000000000
48587  34.052  -19.230  33.929 0.0000000000
49611  35.765  -17.995  33.795 0.0000000000
49610  36.363  -17.218  33.849 0.0000000000
66003  53.799  -1.538  14.814 0.0000000000
111953  54.124  -1.988  14.125 0.0000000000
64129  51.733  -3.750  15.375 0.0000000000
111052  53.007  -3.443  14.388 0.0000000000
128520  54.165  -2.402  12.926 0.0000000000
64162  54.780  -3.183  12.927 0.0000000000
65122  54.668  -2.359  11.774 0.0000000000
42239  12.231  -24.763  46.375 0.0000000000
55130  31.709  -12.063  25.698 0.0000000000
56037  35.943  -12.101  27.864 0.0000000000
57059  31.114  -10.329  25.080 0.0000000000
57060  30.720  -10.291  25.631 0.0000000000
