#!ascii label  , from subject sub-v2s15x29746_ses-1 vox2ras=TkReg
591
124444  25.768  -24.537  48.310 0.0000000000
56959  44.025  -11.023  33.945 0.0000000000
62820  46.956  -4.963  34.010 0.0000000000
50645  44.036  -16.296  40.781 0.0000000000
42271  31.047  -24.930  44.314 0.0000000000
39023  28.492  -27.932  46.667 0.0000000000
127295  45.739  -6.757  34.462 0.0000000000
57865  48.691  -8.740  37.288 0.0000000000
49484  41.026  -17.536  43.739 0.0000000000
43331  35.619  -23.889  46.799 0.0000000000
63960  54.231  -3.483  27.252 0.0000000000
64852  49.344  -2.276  31.935 0.0000000000
52965  41.026  -14.439  39.137 0.0000000000
55894  44.470  -11.314  39.663 0.0000000000
40101  28.300  -26.424  46.647 0.0000000000
40062  26.818  -26.351  47.659 0.0000000000
57909  44.905  -9.369  33.781 0.0000000000
58931  47.727  -6.961  36.029 0.0000000000
57885  46.439  -9.390  36.379 0.0000000000
45548  40.865  -21.593  42.140 0.0000000000
40079  31.839  -27.079  46.671 0.0000000000
42250  32.934  -24.574  45.978 0.0000000000
40076  34.161  -25.941  46.432 0.0000000000
121615  52.547  -1.923  27.438 0.0000000000
62892  53.312  -4.745  28.985 0.0000000000
64864  52.260  -2.612  30.415 0.0000000000
129244  45.472  -4.451  32.213 0.0000000000
111998  46.058  -3.443  30.147 0.0000000000
63865  47.619  -3.081  34.072 0.0000000000
62833  50.199  -3.704  32.778 0.0000000000
125496  47.192  -4.847  31.835 0.0000000000
50621  42.553  -16.244  43.437 0.0000000000
50633  41.012  -16.443  41.727 0.0000000000
52933  42.232  -14.230  42.279 0.0000000000
54939  42.213  -12.404  39.705 0.0000000000
119099  43.410  -13.390  40.639 0.0000000000
54011  46.016  -12.891  39.264 0.0000000000
132683  45.273  -15.973  38.889 0.0000000000
40099  29.689  -26.859  46.342 0.0000000000
60847  44.014  -6.086  32.014 0.0000000000
61831  46.351  -4.831  34.682 0.0000000000
60816  47.255  -5.934  35.183 0.0000000000
57906  48.919  -9.281  34.643 0.0000000000
45513  38.734  -21.036  45.230 0.0000000000
46507  40.379  -20.204  44.571 0.0000000000
47489  42.299  -19.215  42.635 0.0000000000
48516  43.146  -18.023  40.621 0.0000000000
132788  43.855  -17.495  38.788 0.0000000000
44439  36.478  -22.274  44.355 0.0000000000
43346  37.658  -23.616  46.107 0.0000000000
62961  55.413  -4.546  26.088 0.0000000000
131653  49.371  -2.478  29.609 0.0000000000
64837  51.948  -2.638  32.624 0.0000000000
62895  50.099  -4.615  29.008 0.0000000000
56934  44.630  -10.776  36.668 0.0000000000
56912  46.891  -10.012  38.891 0.0000000000
54037  48.441  -12.963  37.341 0.0000000000
123698  25.682  -25.581  48.230 0.0000000000
41130  26.232  -25.589  48.078 0.0000000000
40063  25.977  -26.180  47.983 0.0000000000
56972  44.466  -10.369  33.791 0.0000000000
129269  45.717  -9.498  34.800 0.0000000000
56957  45.419  -10.236  35.004 0.0000000000
40078  32.508  -26.797  46.549 0.0000000000
119601  51.515  -2.158  27.340 0.0000000000
64896  52.132  -2.173  28.272 0.0000000000
122336  51.340  -2.230  28.311 0.0000000000
62821  46.247  -4.423  33.678 0.0000000000
63880  46.559  -3.650  32.724 0.0000000000
113352  47.095  -3.878  34.738 0.0000000000
62818  48.248  -4.282  34.691 0.0000000000
51769  42.996  -15.948  42.781 0.0000000000
52918  42.074  -14.817  42.884 0.0000000000
115083  42.935  -14.741  41.880 0.0000000000
52932  42.660  -13.847  41.606 0.0000000000
52944  43.398  -14.502  41.198 0.0000000000
52955  44.814  -14.639  39.437 0.0000000000
118275  44.379  -16.130  40.021 0.0000000000
40100  28.965  -26.873  46.840 0.0000000000
40082  29.375  -27.298  46.841 0.0000000000
39013  29.870  -27.886  46.689 0.0000000000
59883  43.865  -7.257  32.478 0.0000000000
60848  43.359  -6.700  31.301 0.0000000000
60838  44.309  -6.404  32.668 0.0000000000
119400  44.785  -5.585  32.876 0.0000000000
59869  45.368  -6.166  34.074 0.0000000000
60818  46.861  -4.692  35.040 0.0000000000
59857  46.642  -6.042  35.225 0.0000000000
58921  48.182  -7.851  36.975 0.0000000000
119378  48.745  -7.738  35.846 0.0000000000
57883  49.587  -9.053  35.927 0.0000000000
56955  49.160  -9.847  34.919 0.0000000000
55944  49.435  -10.469  36.142 0.0000000000
44418  39.211  -21.815  45.649 0.0000000000
131574  39.631  -20.689  45.127 0.0000000000
44438  40.625  -22.157  44.206 0.0000000000
45533  41.278  -21.087  42.481 0.0000000000
48505  42.762  -18.401  42.107 0.0000000000
42249  33.726  -24.393  46.268 0.0000000000
44431  34.382  -23.339  45.149 0.0000000000
114029  36.110  -22.986  46.240 0.0000000000
44420  36.982  -22.725  46.185 0.0000000000
43330  36.292  -23.636  46.802 0.0000000000
65879  53.673  -1.489  26.392 0.0000000000
62942  55.040  -4.429  26.608 0.0000000000
62921  52.878  -5.071  29.088 0.0000000000
64853  47.322  -2.913  30.749 0.0000000000
63906  46.123  -3.378  29.455 0.0000000000
64868  47.416  -2.903  29.557 0.0000000000
64881  47.823  -2.838  28.615 0.0000000000
110660  49.368  -2.400  30.596 0.0000000000
64850  51.539  -2.295  31.980 0.0000000000
64838  51.211  -2.272  33.105 0.0000000000
62851  49.058  -4.291  30.981 0.0000000000
62850  50.709  -4.277  31.271 0.0000000000
48491  39.830  -19.048  43.410 0.0000000000
48506  40.187  -17.952  41.584 0.0000000000
51792  41.133  -15.543  40.432 0.0000000000
50664  40.330  -16.759  39.751 0.0000000000
113839  43.031  -11.767  39.659 0.0000000000
55925  42.082  -12.174  37.934 0.0000000000
55909  43.309  -11.279  38.240 0.0000000000
55923  43.222  -11.351  37.176 0.0000000000
56915  44.099  -10.793  38.706 0.0000000000
56924  45.749  -10.018  38.439 0.0000000000
56902  45.213  -10.744  39.411 0.0000000000
52962  47.306  -14.192  38.153 0.0000000000
54022  47.499  -13.152  38.386 0.0000000000
52971  48.075  -13.893  37.078 0.0000000000
54056  48.059  -13.699  36.204 0.0000000000
41146  27.703  -26.405  47.269 0.0000000000
39005  27.321  -26.959  47.379 0.0000000000
39025  27.036  -27.718  45.896 0.0000000000
40084  26.891  -27.006  47.333 0.0000000000
58959  45.310  -8.158  34.001 0.0000000000
58945  46.081  -7.452  34.842 0.0000000000
123231  46.260  -8.445  35.123 0.0000000000
57884  46.926  -8.023  36.111 0.0000000000
58913  47.800  -8.134  37.291 0.0000000000
41180  31.422  -25.470  45.342 0.0000000000
42270  31.794  -24.556  44.685 0.0000000000
127172  32.197  -25.734  46.228 0.0000000000
42232  33.355  -25.038  46.503 0.0000000000
41142  34.575  -25.204  46.554 0.0000000000
41140  35.981  -24.745  46.478 0.0000000000
40109  35.094  -25.800  45.552 0.0000000000
64895  52.855  -2.062  27.690 0.0000000000
63935  53.852  -3.956  27.804 0.0000000000
64877  52.916  -2.868  28.477 0.0000000000
63917  53.037  -3.675  29.451 0.0000000000
62847  52.824  -3.904  30.889 0.0000000000
62855  44.659  -4.577  30.537 0.0000000000
62837  45.214  -4.211  31.162 0.0000000000
63892  47.231  -2.982  32.028 0.0000000000
64841  48.100  -2.674  33.065 0.0000000000
64826  49.875  -2.616  34.199 0.0000000000
63864  48.990  -3.382  34.936 0.0000000000
62834  48.719  -4.087  32.718 0.0000000000
127321  41.648  -17.279  43.701 0.0000000000
49496  40.946  -16.965  43.312 0.0000000000
50622  41.866  -15.568  43.699 0.0000000000
51780  41.724  -14.854  42.552 0.0000000000
52945  41.805  -13.745  41.424 0.0000000000
52964  41.478  -13.540  39.269 0.0000000000
54000  42.018  -13.099  41.001 0.0000000000
54924  42.814  -12.587  40.509 0.0000000000
55875  43.796  -11.894  40.044 0.0000000000
54936  45.607  -11.805  39.565 0.0000000000
120439  44.934  -12.650  39.651 0.0000000000
52954  45.599  -14.742  38.881 0.0000000000
51815  46.415  -15.471  38.169 0.0000000000
40132  28.248  -26.120  44.317 0.0000000000
40131  29.005  -26.266  44.337 0.0000000000
40113  30.200  -26.395  45.350 0.0000000000
40098  30.669  -26.797  46.277 0.0000000000
39011  31.459  -27.575  46.593 0.0000000000
61851  44.636  -5.355  32.027 0.0000000000
61842  45.257  -4.989  33.204 0.0000000000
61840  47.203  -4.929  34.398 0.0000000000
118676  47.329  -5.126  34.603 0.0000000000
128032  47.318  -6.238  34.634 0.0000000000
58958  47.228  -7.582  33.668 0.0000000000
59856  47.306  -6.178  35.242 0.0000000000
58943  48.384  -7.579  35.250 0.0000000000
46515  37.852  -21.042  43.511 0.0000000000
46514  38.514  -20.648  44.093 0.0000000000
47479  39.866  -19.501  44.219 0.0000000000
48455  40.626  -18.998  44.063 0.0000000000
45523  41.038  -21.642  43.730 0.0000000000
131865  41.214  -19.935  43.960 0.0000000000
48470  41.328  -18.006  43.810 0.0000000000
48489  42.652  -18.257  42.951 0.0000000000
48488  43.095  -17.705  42.393 0.0000000000
49525  43.584  -17.418  40.922 0.0000000000
49524  44.063  -17.082  40.350 0.0000000000
49538  43.629  -17.613  39.937 0.0000000000
45525  37.338  -21.696  44.488 0.0000000000
45500  37.789  -22.250  45.947 0.0000000000
43363  39.045  -23.706  44.994 0.0000000000
42248  36.688  -24.584  46.110 0.0000000000
42268  37.825  -24.573  44.787 0.0000000000
63983  56.335  -3.960  25.564 0.0000000000
117273  49.281  -2.620  27.989 0.0000000000
131911  50.786  -2.308  29.847 0.0000000000
64849  52.225  -2.639  31.557 0.0000000000
62848  52.423  -4.083  31.246 0.0000000000
129751  51.030  -3.241  33.418 0.0000000000
62849  51.842  -4.252  31.359 0.0000000000
117231  51.074  -4.739  29.072 0.0000000000
49526  40.439  -17.242  40.797 0.0000000000
55947  43.376  -11.589  35.217 0.0000000000
55946  44.163  -11.242  35.072 0.0000000000
129881  45.234  -10.524  36.213 0.0000000000
57868  46.417  -9.540  37.959 0.0000000000
56910  48.163  -9.676  38.188 0.0000000000
55891  46.899  -11.517  39.138 0.0000000000
55907  47.513  -11.055  38.741 0.0000000000
125280  49.069  -10.588  37.218 0.0000000000
54992  48.739  -12.308  36.194 0.0000000000
50683  44.753  -16.736  39.011 0.0000000000
122623  45.055  -16.637  38.372 0.0000000000
41118  25.667  -24.889  48.387 0.0000000000
43308  25.314  -24.167  48.668 0.0000000000
42218  26.227  -25.056  48.123 0.0000000000
56973  43.658  -10.718  33.280 0.0000000000
56958  44.570  -10.792  34.540 0.0000000000
117755  50.322  -2.378  28.180 0.0000000000
62819  47.878  -4.592  34.029 0.0000000000
62836  47.113  -5.313  33.501 0.0000000000
50646  43.571  -16.154  41.831 0.0000000000
51779  43.003  -15.346  42.265 0.0000000000
51790  43.549  -15.432  41.505 0.0000000000
51789  44.050  -15.430  40.563 0.0000000000
39015  28.046  -27.303  47.161 0.0000000000
40083  28.470  -26.984  47.195 0.0000000000
39014  29.021  -27.657  46.815 0.0000000000
37970  28.967  -28.328  46.364 0.0000000000
119631  44.915  -7.434  33.624 0.0000000000
59882  44.561  -6.823  33.212 0.0000000000
60829  45.036  -5.754  33.579 0.0000000000
59868  46.062  -5.785  35.122 0.0000000000
58912  48.439  -8.358  37.239 0.0000000000
58919  49.023  -8.394  36.530 0.0000000000
57873  49.381  -8.879  36.436 0.0000000000
132377  49.593  -9.265  36.141 0.0000000000
56933  49.466  -9.632  36.470 0.0000000000
44428  39.748  -22.447  45.118 0.0000000000
45512  40.042  -21.707  45.102 0.0000000000
44427  40.181  -22.575  44.536 0.0000000000
43332  34.700  -24.079  46.515 0.0000000000
43364  34.017  -23.775  45.742 0.0000000000
44422  34.692  -23.531  45.999 0.0000000000
120548  35.193  -23.140  45.630 0.0000000000
44421  35.437  -23.533  46.459 0.0000000000
44410  36.077  -23.390  46.779 0.0000000000
64916  54.007  -2.175  26.790 0.0000000000
65878  54.072  -1.268  26.245 0.0000000000
63959  54.830  -3.381  26.705 0.0000000000
110171  48.216  -2.612  31.828 0.0000000000
111515  48.313  -2.629  30.596 0.0000000000
64851  50.501  -2.097  32.013 0.0000000000
64839  50.350  -2.148  33.345 0.0000000000
125536  47.897  -4.548  30.003 0.0000000000
128412  48.814  -4.541  29.606 0.0000000000
113561  40.482  -18.336  43.654 0.0000000000
48507  39.854  -18.613  42.312 0.0000000000
48490  40.481  -17.724  42.932 0.0000000000
51805  40.808  -15.414  39.487 0.0000000000
51817  40.410  -15.336  38.612 0.0000000000
55895  43.624  -11.602  39.806 0.0000000000
118658  43.494  -11.308  39.212 0.0000000000
55908  44.301  -10.959  39.435 0.0000000000
56914  44.984  -10.423  39.017 0.0000000000
51814  47.083  -15.094  38.002 0.0000000000
52972  47.572  -14.468  37.614 0.0000000000
122976  47.727  -14.381  36.522 0.0000000000
41129  26.735  -25.651  47.849 0.0000000000
41147  27.171  -25.715  47.260 0.0000000000
128741  27.175  -26.168  47.537 0.0000000000
40061  27.558  -26.700  47.356 0.0000000000
57910  44.178  -9.684  33.235 0.0000000000
121823  43.341  -9.124  32.333 0.0000000000
58961  43.881  -8.918  32.752 0.0000000000
58960  44.568  -8.622  33.313 0.0000000000
57908  45.606  -8.912  34.402 0.0000000000
123839  46.114  -9.434  35.452 0.0000000000
57874  47.171  -8.431  37.019 0.0000000000
41164  31.526  -26.459  46.324 0.0000000000
41145  32.235  -26.484  46.555 0.0000000000
40077  33.365  -26.369  46.444 0.0000000000
41144  32.892  -25.902  46.552 0.0000000000
41143  33.760  -25.527  46.538 0.0000000000
42231  34.209  -24.770  46.563 0.0000000000
40095  34.847  -25.543  46.317 0.0000000000
64919  52.113  -2.001  26.585 0.0000000000
127630  53.019  -1.660  27.082 0.0000000000
64894  53.280  -2.879  27.817 0.0000000000
116577  52.525  -2.275  28.174 0.0000000000
64879  52.099  -2.449  29.249 0.0000000000
64878  52.591  -2.687  28.979 0.0000000000
64863  52.685  -2.955  29.977 0.0000000000
125648  52.904  -3.624  30.354 0.0000000000
62838  44.888  -4.729  31.585 0.0000000000
63866  46.920  -3.791  34.275 0.0000000000
63879  47.328  -3.166  33.289 0.0000000000
64828  48.011  -2.819  33.972 0.0000000000
63851  49.088  -2.952  34.919 0.0000000000
63852  48.291  -3.168  35.111 0.0000000000
62835  47.764  -4.551  33.010 0.0000000000
62852  47.860  -4.470  31.359 0.0000000000
62853  47.000  -4.774  30.572 0.0000000000
49482  42.150  -16.719  43.678 0.0000000000
49483  41.587  -16.504  43.594 0.0000000000
50612  42.017  -15.724  43.774 0.0000000000
132489  41.977  -14.763  42.885 0.0000000000
52934  41.947  -14.205  42.381 0.0000000000
51791  41.540  -14.696  41.481 0.0000000000
53983  42.164  -13.689  41.685 0.0000000000
53998  42.862  -12.991  40.904 0.0000000000
54923  43.246  -12.522  40.405 0.0000000000
53997  44.001  -12.542  40.063 0.0000000000
54013  44.325  -13.576  39.795 0.0000000000
51802  45.169  -15.546  39.107 0.0000000000
51816  45.749  -15.573  38.574 0.0000000000
41165  27.651  -25.960  45.434 0.0000000000
40116  27.600  -25.888  44.308 0.0000000000
126084  28.108  -26.190  45.138 0.0000000000
40115  28.839  -26.446  45.549 0.0000000000
40114  29.521  -26.476  45.190 0.0000000000
61852  43.813  -5.854  31.156 0.0000000000
61832  45.574  -5.007  33.906 0.0000000000
61841  45.937  -4.861  34.155 0.0000000000
61819  46.728  -5.172  34.991 0.0000000000
60827  47.287  -5.241  34.995 0.0000000000
59867  47.634  -7.015  34.827 0.0000000000
58944  46.880  -6.855  35.575 0.0000000000
58942  48.975  -8.472  35.240 0.0000000000
130593  48.337  -7.232  35.884 0.0000000000
58956  48.585  -8.599  34.526 0.0000000000
57907  48.313  -9.307  33.913 0.0000000000
45524  37.974  -21.197  44.430 0.0000000000
46508  39.834  -20.797  45.115 0.0000000000
46513  39.832  -20.166  44.759 0.0000000000
47468  40.345  -19.520  44.401 0.0000000000
47467  40.768  -19.530  44.171 0.0000000000
45534  40.998  -21.728  42.914 0.0000000000
46520  41.664  -20.255  42.720 0.0000000000
46512  41.485  -20.329  43.568 0.0000000000
47490  41.828  -19.656  43.229 0.0000000000
47477  41.387  -19.481  43.773 0.0000000000
47476  41.909  -18.742  43.530 0.0000000000
48469  42.137  -17.720  43.557 0.0000000000
48517  42.799  -18.386  41.293 0.0000000000
48504  43.193  -17.855  41.541 0.0000000000
49510  43.489  -17.260  41.837 0.0000000000
42269  32.517  -24.255  45.015 0.0000000000
44440  35.542  -22.651  43.852 0.0000000000
44453  35.980  -22.305  43.161 0.0000000000
44429  37.278  -22.170  45.487 0.0000000000
44408  37.119  -22.850  46.282 0.0000000000
43328  37.672  -22.816  46.135 0.0000000000
43345  38.438  -23.215  45.781 0.0000000000
42267  38.582  -24.226  44.464 0.0000000000
114196  55.684  -3.945  26.204 0.0000000000
126331  55.941  -4.384  25.646 0.0000000000
62979  55.354  -4.653  25.338 0.0000000000
62891  53.587  -4.752  28.258 0.0000000000
62854  45.089  -4.042  30.123 0.0000000000
62875  45.051  -3.889  29.126 0.0000000000
63907  45.594  -3.662  29.736 0.0000000000
111611  48.831  -2.636  28.732 0.0000000000
113238  49.989  -2.370  29.107 0.0000000000
63890  52.574  -3.196  31.718 0.0000000000
63891  52.130  -3.477  32.161 0.0000000000
63877  50.140  -3.156  34.067 0.0000000000
111090  50.801  -2.826  33.758 0.0000000000
114902  49.868  -4.550  29.911 0.0000000000
62872  51.177  -4.646  30.178 0.0000000000
49511  40.735  -17.174  42.163 0.0000000000
54014  41.851  -12.893  40.011 0.0000000000
56935  43.831  -11.172  36.651 0.0000000000
55934  43.310  -11.469  36.198 0.0000000000
55933  44.056  -11.231  35.842 0.0000000000
56944  44.844  -10.781  35.541 0.0000000000
56913  45.980  -10.187  39.108 0.0000000000
57856  46.779  -9.621  38.512 0.0000000000
57855  47.551  -9.129  38.160 0.0000000000
112813  47.549  -9.523  38.373 0.0000000000
55892  46.232  -11.183  39.457 0.0000000000
130053  46.350  -11.945  39.330 0.0000000000
54021  48.160  -12.642  38.021 0.0000000000
54952  47.509  -12.083  38.561 0.0000000000
54951  48.163  -11.581  38.163 0.0000000000
55922  48.685  -11.060  37.656 0.0000000000
55921  49.072  -11.338  37.071 0.0000000000
55932  49.156  -11.368  36.489 0.0000000000
54980  48.867  -12.217  36.887 0.0000000000
54055  48.173  -13.053  35.581 0.0000000000
49537  44.208  -17.277  39.257 0.0000000000
50663  44.406  -16.703  39.792 0.0000000000
57920  43.581  -9.824  32.691 0.0000000000
57898  45.143  -9.958  34.329 0.0000000000
39010  32.050  -27.450  46.481 0.0000000000
40097  32.950  -27.163  46.129 0.0000000000
62805  47.368  -3.604  34.634 0.0000000000
62803  47.939  -3.874  35.334 0.0000000000
124669  47.393  -4.108  35.182 0.0000000000
51770  42.069  -15.348  43.570 0.0000000000
129223  42.491  -15.138  42.885 0.0000000000
52917  42.512  -14.637  42.406 0.0000000000
52943  44.069  -14.493  40.140 0.0000000000
51803  44.558  -15.506  39.729 0.0000000000
50662  44.842  -16.224  39.310 0.0000000000
40081  30.232  -27.427  46.594 0.0000000000
59896  43.307  -7.411  31.816 0.0000000000
60839  43.718  -6.770  32.049 0.0000000000
60828  45.979  -4.997  34.551 0.0000000000
60817  47.097  -5.310  35.241 0.0000000000
59831  48.111  -7.355  36.504 0.0000000000
59843  48.265  -7.277  36.203 0.0000000000
59830  48.402  -7.659  36.548 0.0000000000
58930  48.838  -7.976  36.320 0.0000000000
57897  49.369  -9.131  35.351 0.0000000000
57896  49.464  -9.576  35.542 0.0000000000
56942  49.253  -10.362  35.473 0.0000000000
55958  48.755  -11.179  35.247 0.0000000000
45499  38.753  -21.494  45.728 0.0000000000
46509  39.332  -20.959  45.435 0.0000000000
45498  39.338  -21.200  45.486 0.0000000000
45511  40.752  -21.141  44.508 0.0000000000
46519  41.956  -19.786  41.875 0.0000000000
121645  42.425  -19.011  41.588 0.0000000000
43347  33.244  -24.005  45.394 0.0000000000
44432  34.148  -23.224  44.095 0.0000000000
114424  34.960  -23.001  44.488 0.0000000000
44430  35.808  -22.762  44.984 0.0000000000
130489  36.552  -22.572  45.500 0.0000000000
44409  36.596  -23.114  46.628 0.0000000000
43329  36.973  -23.221  46.562 0.0000000000
64946  55.268  -2.639  26.102 0.0000000000
130352  53.327  -4.942  28.699 0.0000000000
64854  46.645  -3.184  29.983 0.0000000000
64869  46.650  -3.179  29.236 0.0000000000
64867  48.478  -2.662  29.541 0.0000000000
64866  50.440  -2.284  30.481 0.0000000000
50648  40.838  -16.336  40.580 0.0000000000
117673  40.697  -16.098  39.770 0.0000000000
50684  40.261  -16.198  38.986 0.0000000000
54938  42.756  -12.185  40.054 0.0000000000
54954  42.102  -12.256  38.868 0.0000000000
54953  42.547  -12.045  39.492 0.0000000000
55910  42.697  -11.751  38.820 0.0000000000
55924  42.607  -11.685  37.668 0.0000000000
55935  42.612  -11.667  36.658 0.0000000000
56926  43.956  -10.955  37.564 0.0000000000
56925  44.803  -10.447  38.025 0.0000000000
56901  46.113  -10.610  39.326 0.0000000000
54023  46.746  -13.579  38.660 0.0000000000
54935  46.863  -12.516  38.934 0.0000000000
54038  47.953  -13.631  37.812 0.0000000000
54048  48.488  -13.041  36.672 0.0000000000
122754  27.692  -25.996  46.727 0.0000000000
39024  27.816  -27.851  46.422 0.0000000000
39016  27.296  -27.383  47.024 0.0000000000
40085  26.241  -26.740  47.310 0.0000000000
58970  44.191  -7.899  32.889 0.0000000000
58922  47.755  -7.602  36.724 0.0000000000
43381  40.230  -22.855  43.957 0.0000000000
41181  30.585  -25.744  44.749 0.0000000000
41163  32.253  -24.888  45.631 0.0000000000
130486  32.730  -25.189  46.290 0.0000000000
42230  35.080  -24.518  46.649 0.0000000000
42229  35.780  -24.334  46.824 0.0000000000
41141  35.314  -24.937  46.604 0.0000000000
41162  35.534  -25.233  46.054 0.0000000000
41179  35.840  -25.559  45.146 0.0000000000
64917  53.313  -1.839  27.099 0.0000000000
64893  53.680  -2.853  27.370 0.0000000000
63916  53.408  -3.916  28.566 0.0000000000
62869  52.991  -4.549  29.970 0.0000000000
62893  52.586  -4.889  29.728 0.0000000000
63894  45.642  -3.736  30.680 0.0000000000
63881  45.806  -3.942  31.997 0.0000000000
63893  46.425  -3.391  31.110 0.0000000000
64840  49.229  -2.373  33.263 0.0000000000
63863  49.976  -2.880  34.382 0.0000000000
63878  49.340  -3.699  34.103 0.0000000000
50623  41.220  -16.312  43.058 0.0000000000
50632  41.497  -15.602  42.746 0.0000000000
51771  41.955  -15.090  43.439 0.0000000000
50647  41.295  -15.628  41.506 0.0000000000
51804  41.379  -14.648  40.295 0.0000000000
52956  41.631  -13.719  40.176 0.0000000000
54925  42.383  -12.681  40.436 0.0000000000
53999  42.503  -13.138  41.020 0.0000000000
55876  43.203  -12.102  40.182 0.0000000000
54937  44.649  -11.740  39.785 0.0000000000
54012  45.259  -13.762  39.268 0.0000000000
52953  46.037  -13.955  38.836 0.0000000000
52963  46.499  -14.744  38.429 0.0000000000
41200  30.243  -25.325  43.927 0.0000000000
41182  29.804  -26.075  44.436 0.0000000000
113791  30.858  -26.156  45.590 0.0000000000
40080  31.142  -27.307  46.557 0.0000000000
61864  44.254  -5.161  30.906 0.0000000000
62822  45.387  -4.777  32.857 0.0000000000
59855  47.763  -6.857  35.678 0.0000000000
58957  47.863  -8.320  34.055 0.0000000000
46521  38.057  -20.725  42.777 0.0000000000
130357  38.690  -20.244  43.312 0.0000000000
112264  39.298  -20.596  44.935 0.0000000000
47480  39.213  -20.056  44.206 0.0000000000
47491  39.213  -19.713  43.299 0.0000000000
47478  40.475  -18.965  44.105 0.0000000000
48471  40.831  -18.402  43.994 0.0000000000
45510  41.277  -21.016  43.853 0.0000000000
45522  41.322  -21.066  43.233 0.0000000000
46506  41.055  -20.369  44.167 0.0000000000
123497  41.020  -18.764  43.954 0.0000000000
49495  42.737  -17.282  43.179 0.0000000000
49494  43.218  -16.897  42.690 0.0000000000
129704  43.524  -16.691  42.101 0.0000000000
123886  43.787  -16.837  41.313 0.0000000000
49549  43.555  -17.698  39.091 0.0000000000
48528  42.958  -18.159  39.626 0.0000000000
42292  31.449  -24.380  43.859 0.0000000000
43366  32.888  -23.784  44.362 0.0000000000
110230  37.450  -21.392  43.664 0.0000000000
45514  38.083  -21.589  45.480 0.0000000000
44419  38.484  -22.252  45.899 0.0000000000
43344  39.182  -22.789  45.431 0.0000000000
43362  39.712  -23.177  44.534 0.0000000000
128234  36.324  -24.272  46.686 0.0000000000
42228  36.943  -23.980  46.501 0.0000000000
42247  37.467  -24.384  45.732 0.0000000000
42246  38.248  -24.066  45.325 0.0000000000
43333  25.550  -23.977  48.179 0.0000000000
62960  56.486  -4.448  25.043 0.0000000000
64880  51.237  -2.310  29.371 0.0000000000
64865  51.574  -2.345  30.658 0.0000000000
63905  52.712  -3.030  30.977 0.0000000000
62870  52.527  -4.508  30.406 0.0000000000
62894  51.996  -4.870  29.897 0.0000000000
64825  50.658  -2.508  33.788 0.0000000000
63862  51.218  -2.576  33.326 0.0000000000
63876  51.556  -3.048  33.116 0.0000000000
62832  51.441  -3.675  32.422 0.0000000000
62871  52.112  -4.575  30.656 0.0000000000
55973  43.524  -11.400  33.833 0.0000000000
129640  42.753  -11.705  35.850 0.0000000000
55961  42.876  -11.772  34.191 0.0000000000
55960  43.773  -11.375  34.437 0.0000000000
56943  45.685  -10.202  35.852 0.0000000000
114420  45.721  -10.108  37.086 0.0000000000
57875  46.630  -9.296  37.275 0.0000000000
57867  47.259  -8.895  37.784 0.0000000000
57854  48.181  -8.910  37.838 0.0000000000
55893  45.382  -11.136  39.584 0.0000000000
56900  46.855  -10.674  39.169 0.0000000000
56911  47.474  -10.165  38.669 0.0000000000
55906  48.168  -10.576  38.281 0.0000000000
115597  48.717  -10.152  37.700 0.0000000000
56923  49.172  -9.846  37.107 0.0000000000
112925  49.317  -10.534  36.733 0.0000000000
55945  49.087  -11.288  35.864 0.0000000000
55006  48.499  -12.031  35.408 0.0000000000
130996  48.420  -13.046  36.186 0.0000000000
132229  44.588  -17.046  38.651 0.0000000000
50682  45.316  -16.229  38.617 0.0000000000
50703  45.768  -16.185  38.057 0.0000000000
50681  45.957  -15.886  38.198 0.0000000000
52980  47.606  -14.624  37.069 0.0000000000
54967  48.604  -11.994  37.504 0.0000000000
55974  43.060  -11.456  33.425 0.0000000000
56941  49.592  -9.681  35.937 0.0000000000
57864  49.148  -9.067  36.969 0.0000000000
57866  47.991  -8.435  37.629 0.0000000000
58911  48.909  -8.532  36.869 0.0000000000
58920  48.643  -8.095  36.752 0.0000000000
58929  49.291  -8.549  36.231 0.0000000000
58941  49.264  -8.483  35.843 0.0000000000
62788  47.516  -3.514  34.909 0.0000000000
62804  47.353  -3.798  35.054 0.0000000000
63839  47.718  -3.437  35.051 0.0000000000
63853  47.954  -2.983  34.980 0.0000000000
64815  48.302  -2.963  34.919 0.0000000000
64827  48.822  -2.693  34.236 0.0000000000
120864  48.710  -9.324  37.545 0.0000000000
125847  41.899  -15.362  43.642 0.0000000000
125874  43.118  -11.893  39.978 0.0000000000
131672  47.244  -9.564  38.520 0.0000000000
