#!ascii label  , from subject sub-v2s15x29746_ses-1 vox2ras=TkReg
895
83166  38.657  17.525  14.346 0.0000000000
83957  46.901  18.216  5.380 0.0000000000
88200  53.340  24.783  9.347 0.0000000000
84030  47.477  18.231  -5.553 0.0000000000
80926  40.776  14.268  9.443 0.0000000000
85287  51.868  20.425  16.385 0.0000000000
83997  50.613  18.934  -1.342 0.0000000000
86143  42.184  21.825  5.258 0.0000000000
111383  46.856  20.208  13.743 0.0000000000
83933  42.913  17.892  10.910 0.0000000000
123260  44.188  13.893  4.970 0.0000000000
86835  47.723  22.472  9.658 0.0000000000
85386  46.952  21.097  4.170 0.0000000000
86118  51.082  21.437  7.433 0.0000000000
85440  51.022  21.117  0.792 0.0000000000
86120  43.111  22.129  7.859 0.0000000000
110812  42.799  18.882  14.857 0.0000000000
83175  41.128  18.044  12.859 0.0000000000
128766  42.384  13.896  7.399 0.0000000000
87481  51.827  23.314  13.383 0.0000000000
86790  49.378  22.797  12.960 0.0000000000
87527  50.070  23.580  9.379 0.0000000000
87573  47.516  23.762  5.607 0.0000000000
87597  49.999  24.073  4.966 0.0000000000
83936  46.901  18.814  9.672 0.0000000000
85330  48.960  20.597  11.052 0.0000000000
84638  48.421  19.649  7.103 0.0000000000
84739  50.639  20.162  -5.166 0.0000000000
85469  53.382  21.006  -0.559 0.0000000000
85501  49.858  21.105  -3.220 0.0000000000
110067  47.111  20.255  -1.216 0.0000000000
84020  46.126  19.196  -3.897 0.0000000000
82501  45.538  15.970  -0.227 0.0000000000
82406  36.816  16.194  13.572 0.0000000000
82414  39.333  16.620  12.213 0.0000000000
86788  54.426  22.866  12.895 0.0000000000
82473  46.727  16.243  2.643 0.0000000000
130081  48.630  18.535  3.133 0.0000000000
82500  48.508  16.798  -0.856 0.0000000000
83308  49.479  17.714  -4.981 0.0000000000
129995  46.223  21.029  17.806 0.0000000000
85291  44.210  19.867  15.897 0.0000000000
126221  45.175  19.419  12.570 0.0000000000
83206  45.232  17.473  8.626 0.0000000000
82423  41.611  16.256  10.025 0.0000000000
82436  44.068  16.361  7.884 0.0000000000
82444  45.336  16.625  5.257 0.0000000000
120415  46.280  14.079  2.797 0.0000000000
82397  34.550  16.368  14.630 0.0000000000
86782  46.799  22.686  13.304 0.0000000000
86090  45.524  21.627  9.645 0.0000000000
86886  45.270  22.961  6.575 0.0000000000
85389  44.261  20.756  4.370 0.0000000000
85445  43.393  20.201  0.943 0.0000000000
111916  48.951  20.525  15.513 0.0000000000
127477  51.232  21.565  12.170 0.0000000000
86844  53.332  23.235  8.413 0.0000000000
84662  50.876  19.671  3.233 0.0000000000
86153  53.051  21.730  4.292 0.0000000000
123449  52.281  22.739  4.392 0.0000000000
85405  49.151  20.869  3.013 0.0000000000
85459  45.234  20.036  -0.158 0.0000000000
86121  42.098  22.131  7.918 0.0000000000
131703  43.047  21.665  8.603 0.0000000000
83899  40.550  18.021  14.664 0.0000000000
83164  40.170  17.613  14.116 0.0000000000
87498  52.929  24.018  11.684 0.0000000000
87499  51.444  23.653  11.647 0.0000000000
87547  50.972  24.134  8.746 0.0000000000
87561  50.113  24.246  6.990 0.0000000000
88227  51.289  24.636  6.824 0.0000000000
83941  47.110  18.668  7.960 0.0000000000
84621  47.597  19.201  8.456 0.0000000000
84639  47.696  19.128  6.681 0.0000000000
84746  49.169  19.676  -6.304 0.0000000000
129829  50.844  20.924  -4.341 0.0000000000
85520  48.322  20.250  -5.424 0.0000000000
128934  47.186  20.288  -4.641 0.0000000000
84026  46.709  18.570  -4.434 0.0000000000
83295  46.520  17.036  -3.080 0.0000000000
82520  46.981  16.151  -3.654 0.0000000000
81656  37.654  15.479  12.925 0.0000000000
86739  54.144  21.932  15.284 0.0000000000
123457  53.322  21.207  14.908 0.0000000000
81740  47.486  15.811  1.093 0.0000000000
82483  47.650  16.642  1.361 0.0000000000
81747  48.182  16.096  -0.263 0.0000000000
126505  48.900  16.070  -4.680 0.0000000000
82531  50.429  16.745  -6.265 0.0000000000
83314  50.296  17.531  -6.161 0.0000000000
125929  42.950  18.702  12.720 0.0000000000
111935  44.036  19.257  13.705 0.0000000000
119046  44.105  18.751  11.715 0.0000000000
112668  45.242  18.440  10.524 0.0000000000
83201  44.205  17.527  9.814 0.0000000000
114434  39.716  15.282  10.547 0.0000000000
82418  40.387  16.695  11.084 0.0000000000
81676  40.907  15.108  9.716 0.0000000000
80962  43.281  14.269  6.174 0.0000000000
81687  42.911  15.186  7.729 0.0000000000
81698  43.785  15.183  6.048 0.0000000000
82439  44.321  16.268  6.943 0.0000000000
81711  44.827  15.197  4.565 0.0000000000
81724  45.603  15.261  3.693 0.0000000000
80990  45.422  14.505  3.752 0.0000000000
78185  47.857  11.453  1.387 0.0000000000
86806  48.492  22.702  11.653 0.0000000000
110603  48.182  22.640  13.804 0.0000000000
86807  47.559  22.478  11.579 0.0000000000
86808  46.533  22.344  11.879 0.0000000000
110104  46.971  22.127  10.000 0.0000000000
86848  45.542  22.083  8.404 0.0000000000
86847  46.928  22.480  8.234 0.0000000000
116064  47.020  22.771  4.609 0.0000000000
86917  46.351  23.111  4.813 0.0000000000
85387  45.944  21.163  4.375 0.0000000000
113064  44.076  20.075  3.142 0.0000000000
84675  45.414  19.702  2.317 0.0000000000
85290  46.701  20.463  15.748 0.0000000000
85288  48.227  20.554  15.993 0.0000000000
110900  48.122  20.489  14.241 0.0000000000
86089  49.961  21.143  9.548 0.0000000000
86057  50.393  21.374  11.559 0.0000000000
124220  50.835  21.620  10.041 0.0000000000
86833  52.821  22.573  10.313 0.0000000000
86099  51.844  22.053  7.761 0.0000000000
83982  49.608  18.447  1.126 0.0000000000
84663  49.627  19.343  3.603 0.0000000000
84684  51.718  19.469  1.070 0.0000000000
85455  53.126  21.280  -0.471 0.0000000000
84669  53.464  20.860  1.750 0.0000000000
131412  53.065  21.505  2.551 0.0000000000
86911  53.074  22.875  4.910 0.0000000000
86176  51.692  21.521  2.434 0.0000000000
86169  51.104  21.729  3.341 0.0000000000
85441  49.762  20.631  1.271 0.0000000000
85490  45.651  20.544  -2.351 0.0000000000
85474  46.762  19.828  -0.268 0.0000000000
85491  44.137  20.474  -2.299 0.0000000000
85477  43.234  20.562  -1.225 0.0000000000
110616  50.318  20.434  17.912 0.0000000000
86889  42.242  23.382  6.365 0.0000000000
87576  42.821  23.496  6.041 0.0000000000
84550  42.399  19.699  16.212 0.0000000000
126359  41.502  18.679  15.305 0.0000000000
112150  41.695  18.355  13.692 0.0000000000
83917  41.668  18.140  12.078 0.0000000000
115556  41.561  14.002  8.545 0.0000000000
86789  50.319  23.079  13.048 0.0000000000
87512  49.675  23.291  10.857 0.0000000000
87513  49.227  23.178  9.996 0.0000000000
86867  47.503  22.822  7.807 0.0000000000
87562  48.696  23.604  7.092 0.0000000000
87587  48.164  24.121  4.993 0.0000000000
86156  48.274  21.985  4.340 0.0000000000
84608  47.245  19.832  11.744 0.0000000000
112131  47.896  20.289  12.152 0.0000000000
84614  47.870  19.748  10.526 0.0000000000
85343  48.832  20.195  8.665 0.0000000000
85352  49.656  20.575  7.449 0.0000000000
84005  51.132  19.578  -2.474 0.0000000000
84699  52.197  19.633  -0.036 0.0000000000
84725  52.061  20.713  -2.949 0.0000000000
85486  52.337  21.108  -2.734 0.0000000000
85472  50.136  20.906  -1.496 0.0000000000
111034  49.420  20.505  -0.325 0.0000000000
85502  48.301  20.777  -2.824 0.0000000000
124566  46.035  20.555  -3.324 0.0000000000
84734  44.779  19.911  -3.244 0.0000000000
82509  46.389  16.114  -1.841 0.0000000000
83179  38.164  16.917  13.902 0.0000000000
83178  38.960  17.016  13.832 0.0000000000
82416  38.184  15.984  13.028 0.0000000000
81662  38.306  15.184  11.637 0.0000000000
80919  39.373  14.319  10.445 0.0000000000
86740  53.467  21.943  15.847 0.0000000000
119286  54.224  23.143  13.389 0.0000000000
88178  53.882  24.211  10.664 0.0000000000
83238  47.069  17.841  4.204 0.0000000000
110147  47.732  18.361  3.975 0.0000000000
83247  47.757  17.598  2.602 0.0000000000
83983  48.828  17.942  1.142 0.0000000000
83266  49.184  17.926  -0.389 0.0000000000
81759  48.532  15.852  -2.110 0.0000000000
83294  48.834  17.440  -2.554 0.0000000000
83293  49.347  18.136  -2.265 0.0000000000
84024  50.394  19.410  -5.239 0.0000000000
84034  49.935  18.450  -6.410 0.0000000000
83315  47.759  17.541  -6.054 0.0000000000
116923  47.251  15.822  -4.436 0.0000000000
85270  45.195  20.501  16.608 0.0000000000
110077  46.098  20.177  14.964 0.0000000000
111296  43.916  19.473  15.194 0.0000000000
84597  45.209  19.635  13.835 0.0000000000
84602  45.963  19.604  12.474 0.0000000000
127468  46.417  19.350  11.390 0.0000000000
114286  46.276  18.340  9.228 0.0000000000
83204  46.042  17.807  7.808 0.0000000000
83185  39.820  17.133  12.750 0.0000000000
83192  40.734  17.332  11.513 0.0000000000
83197  42.104  17.489  10.807 0.0000000000
81684  42.119  15.298  9.049 0.0000000000
82428  42.808  16.410  9.434 0.0000000000
83202  43.343  17.070  9.718 0.0000000000
82430  44.535  16.957  8.477 0.0000000000
118471  45.444  17.345  7.380 0.0000000000
83220  45.740  17.242  5.616 0.0000000000
82455  46.098  16.799  4.148 0.0000000000
81733  46.666  15.417  2.326 0.0000000000
81012  47.246  14.415  1.401 0.0000000000
80133  46.256  13.159  2.918 0.0000000000
79179  47.172  12.959  1.613 0.0000000000
83168  36.645  17.604  14.349 0.0000000000
82396  35.362  16.658  14.186 0.0000000000
124107  34.314  15.531  14.391 0.0000000000
110095  47.606  22.823  15.565 0.0000000000
86783  45.930  22.662  13.129 0.0000000000
118070  44.347  21.716  8.627 0.0000000000
86870  44.674  22.516  7.273 0.0000000000
87575  44.215  23.250  5.789 0.0000000000
87564  46.782  23.361  6.293 0.0000000000
86901  44.906  23.087  5.405 0.0000000000
86161  43.568  21.038  4.685 0.0000000000
112364  50.734  20.524  15.536 0.0000000000
85323  49.343  20.804  12.662 0.0000000000
85322  50.198  21.093  13.123 0.0000000000
130287  52.130  20.902  14.660 0.0000000000
86045  53.494  22.202  12.857 0.0000000000
119987  53.785  23.602  10.234 0.0000000000
87544  53.777  24.733  8.848 0.0000000000
111577  48.693  19.453  4.935 0.0000000000
84654  49.492  19.779  4.819 0.0000000000
85369  50.960  20.674  5.302 0.0000000000
110804  52.783  20.168  1.456 0.0000000000
85383  52.706  20.964  4.035 0.0000000000
86141  51.639  21.272  5.684 0.0000000000
86884  52.870  22.655  6.309 0.0000000000
87569  53.321  24.027  6.105 0.0000000000
88230  53.115  24.512  6.437 0.0000000000
116751  51.158  24.148  5.079 0.0000000000
86155  49.279  22.080  4.226 0.0000000000
85406  48.217  20.675  3.265 0.0000000000
84700  48.299  20.002  0.093 0.0000000000
84686  47.246  19.657  1.234 0.0000000000
84674  46.241  19.707  2.244 0.0000000000
122236  43.989  20.185  0.481 0.0000000000
82493  44.818  16.170  0.275 0.0000000000
129374  42.909  21.480  9.125 0.0000000000
86092  43.475  21.442  9.569 0.0000000000
83900  39.231  18.024  14.732 0.0000000000
127273  39.895  17.854  14.601 0.0000000000
83165  39.451  17.500  14.243 0.0000000000
87525  52.662  24.504  10.028 0.0000000000
116401  52.006  24.086  10.854 0.0000000000
87546  52.228  24.576  9.056 0.0000000000
88218  52.027  24.726  7.917 0.0000000000
83949  47.162  18.652  7.106 0.0000000000
83950  47.146  18.563  6.195 0.0000000000
123066  47.713  19.117  -5.778 0.0000000000
84747  48.346  19.750  -5.929 0.0000000000
84740  47.321  19.756  -5.145 0.0000000000
84025  47.114  18.941  -5.120 0.0000000000
83310  46.954  17.551  -4.338 0.0000000000
114043  47.127  18.077  -4.890 0.0000000000
85239  51.896  20.363  18.579 0.0000000000
85266  53.148  20.513  17.150 0.0000000000
85301  53.943  21.125  15.871 0.0000000000
85286  53.203  20.593  16.288 0.0000000000
81025  47.843  14.578  0.091 0.0000000000
81748  47.790  15.530  0.290 0.0000000000
81756  48.155  15.269  -0.455 0.0000000000
81777  50.591  16.003  -6.128 0.0000000000
81784  50.589  15.933  -6.202 0.0000000000
86162  42.616  21.024  4.822 0.0000000000
83927  43.117  18.461  11.712 0.0000000000
121916  43.685  18.835  12.288 0.0000000000
110107  43.784  18.280  11.015 0.0000000000
83932  44.423  18.087  10.436 0.0000000000
83196  43.587  17.667  10.367 0.0000000000
80918  40.183  14.732  10.018 0.0000000000
81669  40.453  15.512  10.236 0.0000000000
80961  43.925  14.503  5.420 0.0000000000
114740  43.342  15.114  6.820 0.0000000000
81697  44.403  15.365  5.326 0.0000000000
80976  44.474  14.523  4.786 0.0000000000
80975  44.958  14.467  4.236 0.0000000000
110257  48.363  22.680  10.245 0.0000000000
111869  48.178  22.598  10.989 0.0000000000
86821  47.602  22.407  10.567 0.0000000000
119234  46.998  22.297  9.094 0.0000000000
86157  47.420  21.909  4.415 0.0000000000
86158  46.598  21.999  4.536 0.0000000000
85408  46.413  20.492  3.651 0.0000000000
85409  45.468  20.447  3.790 0.0000000000
85427  45.902  19.970  3.023 0.0000000000
85306  46.613  20.222  14.385 0.0000000000
85305  47.361  20.400  14.474 0.0000000000
85318  47.658  20.395  13.653 0.0000000000
86101  50.109  21.125  8.754 0.0000000000
132379  50.380  21.397  9.758 0.0000000000
86088  50.824  21.576  9.266 0.0000000000
124218  51.801  22.133  9.708 0.0000000000
86100  50.971  21.564  8.316 0.0000000000
116792  50.151  18.553  -0.347 0.0000000000
83975  50.273  18.923  1.702 0.0000000000
83989  50.658  18.870  0.496 0.0000000000
85439  52.318  21.385  0.118 0.0000000000
126889  53.215  21.322  1.460 0.0000000000
86181  52.240  21.408  1.312 0.0000000000
86175  52.909  21.508  2.188 0.0000000000
85422  50.682  21.106  1.809 0.0000000000
85504  44.415  20.281  -2.776 0.0000000000
121304  44.789  20.481  -2.538 0.0000000000
85505  43.651  20.241  -2.469 0.0000000000
86872  42.473  22.747  7.170 0.0000000000
87577  42.043  23.616  5.966 0.0000000000
86888  43.049  23.010  6.697 0.0000000000
84572  41.116  19.177  15.695 0.0000000000
83911  40.911  17.903  13.950 0.0000000000
83898  41.428  18.313  14.677 0.0000000000
110046  42.008  18.448  12.812 0.0000000000
111002  52.062  22.817  14.360 0.0000000000
86762  51.022  22.621  14.733 0.0000000000
87511  50.699  23.598  10.821 0.0000000000
87500  50.216  23.383  11.612 0.0000000000
118030  50.113  23.498  10.173 0.0000000000
87528  49.231  23.272  8.995 0.0000000000
87549  49.130  23.447  8.041 0.0000000000
87571  50.264  24.400  6.109 0.0000000000
110062  49.370  24.084  6.395 0.0000000000
87586  49.321  24.173  5.358 0.0000000000
87599  47.870  23.902  4.856 0.0000000000
87598  48.835  23.986  4.906 0.0000000000
111219  47.298  19.542  10.936 0.0000000000
118519  47.383  19.329  10.125 0.0000000000
84627  48.279  19.642  8.100 0.0000000000
84620  48.195  19.672  9.015 0.0000000000
85353  48.954  20.179  7.781 0.0000000000
85342  49.526  20.632  8.298 0.0000000000
85362  49.120  20.208  7.052 0.0000000000
84012  51.312  20.153  -3.587 0.0000000000
85509  51.648  20.911  -3.681 0.0000000000
117579  50.466  21.077  -4.038 0.0000000000
85500  51.839  21.099  -3.416 0.0000000000
111118  51.076  21.247  -2.784 0.0000000000
85471  51.948  21.334  -1.966 0.0000000000
85487  49.221  20.786  -2.128 0.0000000000
84732  46.321  20.037  -4.249 0.0000000000
127625  46.360  20.354  -3.979 0.0000000000
128255  45.628  20.220  -3.588 0.0000000000
84014  45.326  19.171  -3.241 0.0000000000
83296  45.894  17.997  -2.726 0.0000000000
82516  46.682  16.165  -2.700 0.0000000000
83180  37.152  16.971  13.806 0.0000000000
82405  37.715  16.206  13.446 0.0000000000
81663  37.801  15.157  12.167 0.0000000000
81671  38.983  15.178  11.021 0.0000000000
80913  38.474  14.322  11.169 0.0000000000
86759  54.296  22.344  14.242 0.0000000000
86760  54.170  22.358  14.537 0.0000000000
86776  54.284  22.725  13.691 0.0000000000
87486  53.901  23.571  12.437 0.0000000000
113532  54.297  23.311  12.134 0.0000000000
83239  46.687  17.249  3.773 0.0000000000
115034  47.384  17.715  3.473 0.0000000000
82472  47.311  16.797  2.229 0.0000000000
82491  48.297  16.795  0.028 0.0000000000
82482  48.195  17.299  1.231 0.0000000000
83267  48.610  17.465  0.409 0.0000000000
83275  48.822  17.499  -0.890 0.0000000000
119827  48.543  15.143  -2.639 0.0000000000
81771  48.688  15.391  -3.870 0.0000000000
82526  49.115  16.879  -4.806 0.0000000000
82519  48.715  16.350  -3.757 0.0000000000
83302  48.984  17.394  -3.767 0.0000000000
83301  49.449  18.273  -3.336 0.0000000000
110273  49.714  18.422  -4.536 0.0000000000
82536  49.592  16.933  -6.526 0.0000000000
84029  50.325  18.452  -6.097 0.0000000000
83321  49.273  17.728  -6.568 0.0000000000
84035  48.893  18.490  -6.538 0.0000000000
82537  48.387  16.962  -6.459 0.0000000000
82532  47.624  16.570  -5.948 0.0000000000
85271  44.492  20.378  16.568 0.0000000000
85254  44.799  20.843  17.444 0.0000000000
110114  44.990  20.167  15.913 0.0000000000
110723  45.830  20.372  16.028 0.0000000000
84568  45.398  20.049  15.316 0.0000000000
84571  42.638  19.184  15.501 0.0000000000
118559  43.258  19.229  15.203 0.0000000000
122301  44.530  19.348  13.084 0.0000000000
127087  44.670  19.457  13.654 0.0000000000
110846  45.058  19.515  13.261 0.0000000000
130414  46.166  19.523  11.979 0.0000000000
121156  45.694  19.360  11.895 0.0000000000
83937  45.503  17.887  9.256 0.0000000000
113372  45.744  18.329  9.919 0.0000000000
83205  45.865  17.867  8.563 0.0000000000
83940  46.484  18.271  8.312 0.0000000000
82403  39.193  16.728  13.150 0.0000000000
82424  40.780  16.227  10.438 0.0000000000
83198  41.269  16.996  10.727 0.0000000000
83191  41.494  17.635  11.405 0.0000000000
82422  42.124  16.885  10.261 0.0000000000
80942  42.016  14.349  8.308 0.0000000000
80934  41.798  14.625  8.759 0.0000000000
80933  42.345  14.906  8.391 0.0000000000
81682  43.392  15.885  8.198 0.0000000000
81683  42.747  15.540  8.563 0.0000000000
82432  43.113  16.131  8.853 0.0000000000
82427  43.417  16.597  9.185 0.0000000000
82431  43.753  16.486  8.641 0.0000000000
82426  44.009  17.004  9.191 0.0000000000
82445  44.788  16.214  5.639 0.0000000000
82434  44.994  16.846  6.759 0.0000000000
82438  45.175  16.806  5.989 0.0000000000
83213  45.611  17.334  6.447 0.0000000000
83228  45.872  17.048  4.855 0.0000000000
82456  45.538  16.394  4.546 0.0000000000
80989  45.915  14.659  3.244 0.0000000000
81723  46.187  15.571  3.124 0.0000000000
81003  46.331  14.835  2.713 0.0000000000
81741  47.119  15.189  1.610 0.0000000000
81013  46.735  14.479  2.101 0.0000000000
79152  46.331  12.125  3.041 0.0000000000
79178  47.584  12.237  1.015 0.0000000000
83153  36.134  18.107  15.062 0.0000000000
83170  34.894  17.145  14.979 0.0000000000
81640  35.032  15.851  13.902 0.0000000000
86781  47.686  22.628  13.180 0.0000000000
110435  47.881  22.690  14.636 0.0000000000
86765  47.325  22.750  13.948 0.0000000000
86745  46.902  22.997  14.854 0.0000000000
86766  46.509  22.964  14.023 0.0000000000
86058  45.929  21.878  11.093 0.0000000000
86091  44.745  21.470  9.792 0.0000000000
111770  44.198  21.508  9.276 0.0000000000
86102  44.980  21.661  8.982 0.0000000000
86869  45.431  22.441  7.556 0.0000000000
86887  44.443  23.107  6.342 0.0000000000
87563  47.716  23.348  6.870 0.0000000000
116175  46.686  23.601  5.331 0.0000000000
86159  45.210  21.848  4.670 0.0000000000
86918  45.470  22.859  4.927 0.0000000000
86919  44.653  22.534  5.019 0.0000000000
86160  44.418  21.485  4.698 0.0000000000
124305  43.769  20.419  3.968 0.0000000000
85429  43.504  19.999  2.161 0.0000000000
110613  46.930  21.004  17.992 0.0000000000
85268  48.297  20.581  16.868 0.0000000000
85267  49.221  20.509  16.420 0.0000000000
129946  49.751  20.502  15.783 0.0000000000
115794  48.697  20.566  11.901 0.0000000000
85324  48.489  20.532  12.613 0.0000000000
86047  50.245  21.237  12.394 0.0000000000
86042  51.280  21.374  13.090 0.0000000000
85315  50.810  20.995  14.020 0.0000000000
112746  52.751  21.634  13.337 0.0000000000
86046  52.178  21.707  12.663 0.0000000000
119575  53.120  22.859  9.382 0.0000000000
86818  53.595  22.852  10.931 0.0000000000
87524  53.973  24.565  9.756 0.0000000000
86832  53.831  23.901  9.061 0.0000000000
83971  48.112  18.236  3.234 0.0000000000
83963  48.141  18.942  4.618 0.0000000000
83970  48.620  18.796  3.692 0.0000000000
130738  49.605  19.564  4.226 0.0000000000
84653  50.410  19.868  4.143 0.0000000000
85385  50.333  20.245  4.882 0.0000000000
84710  52.633  20.233  -0.982 0.0000000000
84683  52.941  20.133  0.466 0.0000000000
85402  53.327  21.180  2.593 0.0000000000
85403  53.037  20.804  3.062 0.0000000000
85368  52.217  21.185  4.816 0.0000000000
86140  52.780  21.868  5.121 0.0000000000
86130  52.248  21.939  6.009 0.0000000000
86139  53.086  22.319  4.705 0.0000000000
86912  52.877  22.825  4.650 0.0000000000
86899  53.119  23.519  5.470 0.0000000000
87595  52.915  23.543  5.120 0.0000000000
87584  52.311  24.129  5.293 0.0000000000
88235  51.636  24.445  5.637 0.0000000000
87596  51.986  23.522  4.753 0.0000000000
86170  49.777  21.547  3.530 0.0000000000
86171  48.752  21.315  3.743 0.0000000000
85424  48.506  20.438  2.452 0.0000000000
85473  48.469  20.359  -0.984 0.0000000000
112242  49.009  20.315  0.682 0.0000000000
126168  47.589  19.932  -0.370 0.0000000000
85458  46.022  19.832  -0.003 0.0000000000
84701  47.421  19.713  0.389 0.0000000000
84702  46.576  19.627  0.601 0.0000000000
84673  47.068  19.776  2.069 0.0000000000
84703  45.680  19.657  0.821 0.0000000000
84688  45.753  19.608  1.670 0.0000000000
85460  44.747  19.891  0.622 0.0000000000
85493  42.539  20.451  -1.754 0.0000000000
82511  45.075  17.246  -1.092 0.0000000000
81749  45.195  15.574  0.383 0.0000000000
86105  41.617  21.623  8.688 0.0000000000
83885  40.824  18.505  15.247 0.0000000000
83886  39.923  18.391  15.145 0.0000000000
83176  40.348  17.579  13.312 0.0000000000
87487  52.389  23.618  12.489 0.0000000000
87526  51.198  23.946  9.861 0.0000000000
87548  49.947  23.701  8.463 0.0000000000
87560  50.657  24.255  7.774 0.0000000000
87585  50.532  24.324  5.476 0.0000000000
83935  47.013  18.683  8.841 0.0000000000
84618  47.501  19.237  9.319 0.0000000000
84628  47.674  19.182  7.556 0.0000000000
113585  48.274  19.485  6.187 0.0000000000
85523  50.409  20.108  -5.841 0.0000000000
84738  51.047  20.622  -4.375 0.0000000000
85518  50.552  20.437  -5.006 0.0000000000
85511  49.822  20.859  -4.589 0.0000000000
122867  48.490  20.639  -4.664 0.0000000000
115522  48.996  20.875  -3.815 0.0000000000
84741  46.699  19.449  -4.626 0.0000000000
129862  45.939  18.577  -3.360 0.0000000000
83303  46.430  17.993  -3.609 0.0000000000
115934  46.819  17.032  -3.788 0.0000000000
81772  47.015  15.374  -3.201 0.0000000000
81645  37.180  15.640  13.334 0.0000000000
86725  53.875  21.257  16.163 0.0000000000
86032  54.120  21.725  14.994 0.0000000000
86040  54.186  22.401  13.678 0.0000000000
81732  47.124  16.036  1.870 0.0000000000
82492  47.869  16.320  0.537 0.0000000000
81778  49.321  15.569  -5.211 0.0000000000
81785  49.796  16.428  -5.598 0.0000000000
82525  50.216  17.301  -5.881 0.0000000000
82535  50.484  16.884  -6.232 0.0000000000
123476  43.797  20.179  16.468 0.0000000000
84587  42.885  18.825  14.194 0.0000000000
83909  43.290  18.926  13.617 0.0000000000
83916  43.818  19.087  12.953 0.0000000000
83926  44.924  19.107  11.798 0.0000000000
112219  44.690  18.604  11.133 0.0000000000
83938  44.991  17.967  9.862 0.0000000000
81670  39.442  15.773  11.058 0.0000000000
82419  39.658  16.376  11.407 0.0000000000
82425  40.030  16.021  10.741 0.0000000000
81668  41.060  15.728  9.972 0.0000000000
80949  42.769  14.459  7.083 0.0000000000
123882  43.638  15.755  7.368 0.0000000000
81689  44.295  15.878  6.134 0.0000000000
81696  44.971  15.975  4.909 0.0000000000
81710  45.298  15.663  4.265 0.0000000000
124143  45.184  15.018  4.070 0.0000000000
78173  46.863  11.595  2.600 0.0000000000
114657  48.460  11.454  0.723 0.0000000000
110093  48.934  22.775  12.344 0.0000000000
86780  48.536  22.656  13.049 0.0000000000
111993  48.071  22.614  12.408 0.0000000000
86791  47.209  22.544  12.526 0.0000000000
86792  46.513  22.529  12.676 0.0000000000
86822  46.808  22.168  10.911 0.0000000000
86074  46.166  21.783  10.261 0.0000000000
86837  45.712  21.824  9.031 0.0000000000
86836  46.303  21.922  9.466 0.0000000000
111990  46.179  22.428  7.876 0.0000000000
86885  46.095  22.828  6.925 0.0000000000
87588  47.369  23.838  4.930 0.0000000000
127063  46.724  23.602  4.963 0.0000000000
123496  45.894  22.230  4.674 0.0000000000
85388  44.983  20.894  4.395 0.0000000000
85410  44.588  20.403  3.836 0.0000000000
85428  44.998  19.972  3.083 0.0000000000
110096  44.525  19.791  2.305 0.0000000000
85269  46.508  20.596  16.519 0.0000000000
110607  46.730  20.781  17.225 0.0000000000
85289  47.445  20.496  15.459 0.0000000000
110605  48.143  20.521  15.058 0.0000000000
114380  48.858  20.544  14.585 0.0000000000
126662  49.315  20.723  10.123 0.0000000000
85329  49.524  20.961  11.743 0.0000000000
124295  50.082  21.266  10.193 0.0000000000
86072  50.623  21.504  10.769 0.0000000000
86056  51.416  21.757  11.368 0.0000000000
86071  51.616  21.962  10.559 0.0000000000
86087  52.034  22.257  8.686 0.0000000000
123705  52.698  22.660  7.911 0.0000000000
111506  49.149  18.357  1.803 0.0000000000
83969  49.165  18.805  3.011 0.0000000000
83976  49.448  18.695  2.367 0.0000000000
84672  50.092  19.192  2.685 0.0000000000
84671  51.517  19.604  2.235 0.0000000000
85470  53.203  21.083  -1.029 0.0000000000
84682  53.420  20.749  0.865 0.0000000000
85438  53.465  21.088  1.286 0.0000000000
86174  53.318  21.257  2.134 0.0000000000
86167  53.068  21.543  2.999 0.0000000000
86152  53.063  22.157  4.131 0.0000000000
86924  52.901  22.226  3.899 0.0000000000
86925  51.921  22.316  3.889 0.0000000000
86177  50.245  21.266  2.733 0.0000000000
85423  49.464  20.692  2.175 0.0000000000
131356  46.360  20.447  -1.759 0.0000000000
85475  45.856  20.299  -1.059 0.0000000000
127834  44.864  20.393  -0.985 0.0000000000
110161  44.217  20.342  -0.412 0.0000000000
85476  44.094  20.523  -1.521 0.0000000000
84718  42.889  20.261  -2.211 0.0000000000
85253  51.625  20.370  17.363 0.0000000000
86873  41.717  23.010  7.023 0.0000000000
87591  42.053  23.392  5.790 0.0000000000
86903  42.500  22.786  5.511 0.0000000000
116975  41.896  19.149  15.673 0.0000000000
83884  42.118  18.680  15.126 0.0000000000
111001  42.249  18.596  14.385 0.0000000000
83910  42.504  18.655  13.572 0.0000000000
127074  42.361  18.410  12.131 0.0000000000
83928  42.249  18.040  11.477 0.0000000000
80082  41.115  13.652  8.995 0.0000000000
80089  41.953  13.702  7.970 0.0000000000
80088  42.262  13.152  7.353 0.0000000000
80099  42.672  13.636  6.753 0.0000000000
80098  43.139  13.187  6.069 0.0000000000
80111  43.706  13.608  5.467 0.0000000000
80122  44.721  13.687  4.447 0.0000000000
86779  49.783  22.654  14.296 0.0000000000
128514  49.789  22.774  13.506 0.0000000000
87488  50.902  23.410  12.417 0.0000000000
87489  49.795  23.108  12.337 0.0000000000
86805  49.310  23.030  11.628 0.0000000000
86820  48.876  22.889  10.902 0.0000000000
86834  48.504  22.836  9.364 0.0000000000
86846  47.787  22.666  8.651 0.0000000000
86845  48.589  23.052  8.617 0.0000000000
86866  48.242  23.145  7.889 0.0000000000
121184  49.411  23.822  7.277 0.0000000000
87572  48.460  23.938  5.954 0.0000000000
86916  47.695  22.963  4.601 0.0000000000
86172  47.848  21.140  3.987 0.0000000000
84601  47.179  20.100  12.520 0.0000000000
130531  47.173  20.240  13.151 0.0000000000
85331  48.059  20.106  11.246 0.0000000000
85338  48.486  20.194  10.396 0.0000000000
84617  48.060  19.701  9.843 0.0000000000
85340  48.702  20.219  9.544 0.0000000000
85339  49.396  20.663  9.167 0.0000000000
86119  50.260  21.045  7.891 0.0000000000
83996  51.416  19.322  -0.675 0.0000000000
84717  52.207  20.239  -1.880 0.0000000000
84716  52.607  21.106  -2.402 0.0000000000
85499  52.198  21.135  -3.019 0.0000000000
110725  52.893  21.113  -1.944 0.0000000000
85456  52.531  21.352  -1.025 0.0000000000
130699  51.376  21.218  -0.145 0.0000000000
85457  50.158  20.709  0.293 0.0000000000
85488  47.954  20.504  -1.852 0.0000000000
112821  47.332  20.644  -3.739 0.0000000000
85489  46.903  20.571  -2.453 0.0000000000
85503  45.148  20.413  -3.065 0.0000000000
85512  44.880  20.136  -3.205 0.0000000000
83297  44.983  18.463  -2.400 0.0000000000
82510  45.789  16.782  -1.418 0.0000000000
82517  46.183  16.963  -2.207 0.0000000000
81761  46.099  16.041  -1.012 0.0000000000
82404  38.502  16.493  13.377 0.0000000000
82415  38.696  16.249  12.652 0.0000000000
81655  38.228  15.676  12.347 0.0000000000
81661  38.883  15.930  11.692 0.0000000000
80073  39.927  13.860  9.879 0.0000000000
112588  52.322  22.510  15.173 0.0000000000
86761  53.447  22.467  14.957 0.0000000000
110326  53.349  23.447  13.203 0.0000000000
87497  53.828  23.926  11.562 0.0000000000
88188  53.792  24.682  10.039 0.0000000000
131892  46.812  17.917  4.789 0.0000000000
83964  47.351  18.370  4.720 0.0000000000
83257  47.791  17.244  1.849 0.0000000000
83256  48.379  17.779  1.875 0.0000000000
83990  49.425  18.222  0.415 0.0000000000
132109  49.783  18.357  -0.813 0.0000000000
122284  48.351  15.039  -1.031 0.0000000000
81755  48.415  15.828  -1.161 0.0000000000
82508  48.582  16.665  -1.815 0.0000000000
81765  48.572  15.853  -2.956 0.0000000000
82515  48.625  16.601  -2.769 0.0000000000
83286  48.820  17.434  -1.595 0.0000000000
83285  49.414  18.122  -1.302 0.0000000000
84006  50.081  18.700  -2.018 0.0000000000
84013  50.225  19.026  -2.986 0.0000000000
84019  50.464  19.387  -4.200 0.0000000000
131602  50.715  19.882  -4.944 0.0000000000
128184  50.382  18.380  -5.887 0.0000000000
121679  50.517  19.436  -6.001 0.0000000000
84751  49.531  19.147  -6.448 0.0000000000
84036  48.012  18.431  -6.204 0.0000000000
83309  47.365  17.212  -5.150 0.0000000000
82527  47.392  16.143  -5.117 0.0000000000
81779  47.352  15.214  -5.040 0.0000000000
125149  45.828  20.753  17.117 0.0000000000
85307  46.035  19.917  13.949 0.0000000000
84570  43.325  19.637  15.930 0.0000000000
84586  43.520  19.153  14.455 0.0000000000
84585  44.467  19.494  14.385 0.0000000000
84569  44.707  19.761  15.219 0.0000000000
84584  45.324  19.807  14.596 0.0000000000
84596  46.477  19.945  13.020 0.0000000000
126117  46.575  19.729  12.185 0.0000000000
84615  46.732  19.065  10.489 0.0000000000
83925  45.528  18.926  11.240 0.0000000000
83930  46.360  18.617  9.991 0.0000000000
83942  46.586  18.262  7.480 0.0000000000
124090  46.650  18.257  6.758 0.0000000000
83177  39.657  17.249  13.606 0.0000000000
83184  40.482  17.530  12.354 0.0000000000
83193  40.008  17.029  11.821 0.0000000000
83183  41.064  17.779  12.013 0.0000000000
113002  42.780  17.311  10.304 0.0000000000
80925  41.441  14.840  9.271 0.0000000000
81675  41.562  15.522  9.576 0.0000000000
81674  42.189  15.941  9.511 0.0000000000
126326  42.611  15.843  9.106 0.0000000000
125845  42.672  16.832  9.893 0.0000000000
121402  44.765  17.457  9.228 0.0000000000
82435  44.751  16.826  7.588 0.0000000000
83208  45.109  17.213  8.040 0.0000000000
119397  45.554  17.522  8.089 0.0000000000
83212  46.128  17.790  6.990 0.0000000000
83219  46.342  17.868  6.068 0.0000000000
117359  46.338  17.623  5.190 0.0000000000
83227  46.460  17.419  4.486 0.0000000000
82467  46.398  16.512  3.428 0.0000000000
82468  45.801  16.081  3.843 0.0000000000
81019  47.476  14.978  0.863 0.0000000000
122154  45.211  13.922  3.949 0.0000000000
80134  45.726  13.763  3.441 0.0000000000
80147  46.681  13.524  2.249 0.0000000000
79166  46.722  12.505  2.356 0.0000000000
80155  47.377  13.704  1.158 0.0000000000
80165  47.682  13.658  0.416 0.0000000000
83901  38.213  18.384  14.918 0.0000000000
83167  37.676  17.614  14.357 0.0000000000
83169  35.728  17.428  14.548 0.0000000000
82395  36.200  16.929  13.817 0.0000000000
82407  35.855  16.125  13.613 0.0000000000
80897  34.804  15.016  13.816 0.0000000000
86767  45.652  23.105  13.863 0.0000000000
123017  45.982  22.421  12.440 0.0000000000
86793  45.251  22.397  12.572 0.0000000000
86103  43.609  21.633  8.713 0.0000000000
86850  44.092  22.073  7.963 0.0000000000
86849  44.837  22.047  8.158 0.0000000000
86871  43.863  22.662  7.031 0.0000000000
122671  43.621  23.279  6.176 0.0000000000
87589  43.427  23.329  5.857 0.0000000000
86902  43.268  22.864  5.508 0.0000000000
86868  46.877  22.804  7.342 0.0000000000
116773  45.918  23.384  5.892 0.0000000000
86900  45.904  23.309  5.238 0.0000000000
87574  45.064  23.288  5.755 0.0000000000
122756  44.056  22.970  5.493 0.0000000000
86920  43.854  22.162  5.097 0.0000000000
86142  43.023  21.909  5.164 0.0000000000
85411  43.171  20.236  3.260 0.0000000000
110608  47.590  20.716  17.381 0.0000000000
110610  50.081  20.476  17.058 0.0000000000
111246  50.481  20.469  16.395 0.0000000000
111586  47.831  20.391  12.916 0.0000000000
85317  48.697  20.574  13.501 0.0000000000
128910  49.706  20.821  13.471 0.0000000000
85316  49.665  20.677  14.164 0.0000000000
124314  50.429  20.659  14.682 0.0000000000
85303  51.458  20.667  14.947 0.0000000000
120094  51.987  20.520  15.698 0.0000000000
130617  53.682  21.927  13.496 0.0000000000
86819  52.601  22.346  11.178 0.0000000000
86804  53.897  22.750  11.911 0.0000000000
87509  53.922  24.138  10.612 0.0000000000
88187  53.965  24.638  10.067 0.0000000000
124070  53.768  24.806  8.879 0.0000000000
83956  47.548  18.765  5.391 0.0000000000
84647  48.159  19.276  5.449 0.0000000000
84646  48.876  19.726  5.558 0.0000000000
84655  48.986  19.350  4.302 0.0000000000
84637  48.995  20.006  6.345 0.0000000000
85361  49.725  20.466  6.606 0.0000000000
85351  50.419  20.899  7.031 0.0000000000
84661  52.024  20.139  2.927 0.0000000000
84670  52.796  20.428  2.318 0.0000000000
85404  51.740  20.329  3.650 0.0000000000
85384  51.394  20.524  4.484 0.0000000000
86131  51.278  21.327  6.551 0.0000000000
86117  51.984  21.932  6.901 0.0000000000
86865  52.725  22.646  7.168 0.0000000000
86129  53.076  22.709  5.399 0.0000000000
132530  53.230  23.382  5.881 0.0000000000
86864  53.401  23.505  7.495 0.0000000000
87559  53.465  24.296  7.170 0.0000000000
88225  53.302  24.691  7.494 0.0000000000
120946  53.119  24.907  7.773 0.0000000000
88226  52.660  24.866  7.039 0.0000000000
87570  51.136  24.564  6.046 0.0000000000
86913  51.178  22.870  4.421 0.0000000000
86914  49.838  23.214  4.586 0.0000000000
85407  47.328  20.572  3.472 0.0000000000
85442  48.750  20.312  1.592 0.0000000000
84685  48.100  19.872  0.991 0.0000000000
85443  47.891  19.990  1.839 0.0000000000
85425  47.640  20.246  2.667 0.0000000000
85426  46.782  20.077  2.855 0.0000000000
84689  45.055  19.677  1.525 0.0000000000
85444  44.211  19.891  1.357 0.0000000000
85461  43.264  20.453  -0.148 0.0000000000
82528  47.160  16.607  -4.382 0.0000000000
79165  47.233  11.917  1.842 0.0000000000
80081  41.445  13.211  8.471 0.0000000000
80156  47.049  13.838  1.712 0.0000000000
80941  42.398  14.429  7.836 0.0000000000
81657  36.988  15.029  13.108 0.0000000000
81690  43.853  15.663  6.643 0.0000000000
82466  47.001  17.031  3.017 0.0000000000
83320  50.154  17.655  -6.285 0.0000000000
83322  48.384  17.832  -6.419 0.0000000000
83915  44.379  19.140  12.386 0.0000000000
83931  46.035  18.764  10.634 0.0000000000
83977  48.625  18.311  2.565 0.0000000000
84687  46.424  19.599  1.448 0.0000000000
84697  53.374  20.741  0.072 0.0000000000
84698  53.130  20.539  -0.481 0.0000000000
84709  53.142  20.983  -1.445 0.0000000000
84719  42.245  20.209  -1.934 0.0000000000
84726  44.119  20.072  -2.845 0.0000000000
84731  51.075  20.395  -4.414 0.0000000000
84733  45.423  19.948  -3.638 0.0000000000
84745  50.098  19.670  -6.237 0.0000000000
84750  50.261  19.092  -6.245 0.0000000000
84752  48.497  19.177  -6.319 0.0000000000
85302  52.834  20.729  15.423 0.0000000000
85304  49.687  20.553  15.046 0.0000000000
85360  50.595  20.787  6.148 0.0000000000
85370  49.792  20.269  5.656 0.0000000000
85382  53.120  21.430  3.421 0.0000000000
85420  53.501  21.086  2.034 0.0000000000
85421  53.435  20.954  2.349 0.0000000000
85454  53.469  21.057  0.244 0.0000000000
85492  43.344  20.498  -2.048 0.0000000000
85510  51.382  20.974  -3.993 0.0000000000
85519  49.657  20.493  -5.420 0.0000000000
85524  49.450  20.133  -6.058 0.0000000000
86018  54.298  22.072  14.792 0.0000000000
86019  54.064  21.770  15.435 0.0000000000
86031  54.298  22.243  14.345 0.0000000000
86033  52.277  21.300  14.002 0.0000000000
86041  53.744  21.696  14.113 0.0000000000
86055  52.434  22.088  12.010 0.0000000000
86073  49.759  21.096  10.908 0.0000000000
86154  50.486  22.205  4.043 0.0000000000
86168  52.645  21.742  3.015 0.0000000000
86180  53.231  21.271  0.447 0.0000000000
86186  53.358  21.090  -0.350 0.0000000000
86777  53.532  23.033  14.028 0.0000000000
86778  50.693  22.844  13.838 0.0000000000
86803  54.012  23.466  11.293 0.0000000000
86915  48.594  23.106  4.595 0.0000000000
87480  54.259  22.701  13.962 0.0000000000
87485  54.385  23.158  12.741 0.0000000000
87496  54.019  23.752  11.438 0.0000000000
87510  53.320  24.327  10.826 0.0000000000
87545  53.774  23.992  8.026 0.0000000000
87558  53.589  24.621  8.037 0.0000000000
87583  53.074  24.117  5.655 0.0000000000
87590  42.677  23.408  5.866 0.0000000000
87600  47.131  23.564  4.819 0.0000000000
88199  53.908  24.785  9.507 0.0000000000
88216  53.536  24.769  8.273 0.0000000000
88217  52.941  24.843  8.619 0.0000000000
88231  52.136  24.707  6.251 0.0000000000
88234  52.612  24.454  5.808 0.0000000000
110545  46.834  20.361  14.979 0.0000000000
110606  47.375  20.601  16.469 0.0000000000
113296  50.958  21.135  -0.815 0.0000000000
113688  53.330  23.535  6.593 0.0000000000
114270  54.209  23.509  12.047 0.0000000000
116408  46.262  22.173  8.688 0.0000000000
116487  44.881  20.539  -1.822 0.0000000000
120753  48.452  15.105  -1.692 0.0000000000
122696  49.827  23.844  7.731 0.0000000000
124265  48.622  17.287  -0.326 0.0000000000
125353  45.655  19.675  13.180 0.0000000000
126872  50.776  23.689  4.735 0.0000000000
127084  51.073  21.177  -3.595 0.0000000000
127319  45.466  16.596  -0.788 0.0000000000
127888  41.358  14.275  9.024 0.0000000000
128628  42.290  16.462  9.818 0.0000000000
129947  47.714  19.090  5.979 0.0000000000
130138  47.524  14.280  0.786 0.0000000000
130426  46.258  22.827  13.587 0.0000000000
131904  44.711  16.419  6.284 0.0000000000
131932  48.096  16.892  0.719 0.0000000000
133021  44.398  16.158  0.580 0.0000000000
