#!ascii label  , from subject sub-v2s15x29746_ses-1 vox2ras=TkReg
1547
1215  19.938  -74.288  -20.746 0.6999999881
123193  18.370  -74.534  -20.379 0.8000000119
1217  17.612  -74.543  -20.231 0.8000000119
1218  16.760  -74.432  -20.264 0.6999999881
1231  20.499  -74.604  -21.477 0.6000000238
1233  19.107  -74.846  -20.969 0.6000000238
893  17.237  -75.143  -20.630 0.6000000238
1242  20.763  -74.870  -22.066 0.6000000238
1197  18.009  -73.966  -19.713 0.8000000119
1556  17.227  -74.006  -19.856 0.6999999881
1557  16.504  -73.482  -20.081 0.6999999881
1558  15.709  -73.276  -20.728 0.6999999881
1214  20.876  -74.046  -21.042 0.6000000238
1216  18.959  -74.170  -20.219 0.6999999881
1219  15.897  -74.158  -20.528 0.6999999881
1241  21.193  -74.717  -22.563 0.6000000238
1252  21.572  -74.852  -24.124 0.6000000238
920  21.142  -75.191  -23.429 0.6000000238
926  20.991  -76.263  -25.412 0.6000000238
113649  20.990  -75.699  -24.421 0.6000000238
1917  17.516  -72.360  -19.430 0.8000000119
2339  17.464  -71.753  -19.643 0.8000000119
2353  16.695  -72.010  -20.645 0.6999999881
1941  16.668  -72.120  -21.600 0.6999999881
1950  16.523  -72.534  -22.482 0.6999999881
1538  19.061  -73.061  -19.213 0.8000000119
1541  16.813  -72.700  -19.799 0.6999999881
130632  16.227  -72.508  -21.889 0.6999999881
1537  20.162  -72.998  -19.502 0.6999999881
1540  17.324  -73.293  -19.583 0.8000000119
1932  16.343  -72.586  -20.467 0.6999999881
123797  20.492  -73.595  -20.335 0.6999999881
1230  21.141  -74.362  -21.782 0.6999999881
1251  22.193  -74.097  -23.838 0.6000000238
1584  21.725  -74.044  -22.300 0.6000000238
1260  21.336  -75.362  -25.138 0.6000000238
935  21.341  -76.512  -26.133 0.6000000238
474  22.732  -77.102  -25.499 0.6999999881
483  22.122  -77.326  -25.470 0.6000000238
115436  23.621  -76.599  -24.302 0.5000000000
117453  23.131  -77.196  -24.562 0.6000000238
670  23.832  -76.462  -23.308 0.5000000000
2351  17.897  -71.074  -19.698 0.8999999762
2352  17.244  -71.583  -20.221 0.8000000119
2360  17.857  -71.006  -21.042 0.6999999881
1900  19.116  -71.824  -18.608 0.6999999881
2338  17.997  -71.635  -19.145 0.8999999762
1949  17.248  -72.142  -22.641 0.6999999881
1914  21.046  -72.475  -19.482 0.8000000119
123687  20.331  -72.329  -18.971 0.8000000119
1929  21.805  -72.637  -20.208 0.8000000119
1948  23.060  -72.745  -21.987 0.6999999881
1553  21.364  -73.408  -20.651 0.6999999881
1568  22.416  -73.337  -21.913 0.8000000119
1583  22.297  -73.728  -22.906 0.8000000119
1259  21.971  -74.532  -24.870 0.6999999881
1269  21.623  -75.195  -25.964 0.6000000238
683  22.120  -76.922  -26.296 0.6999999881
678  23.351  -76.686  -25.285 0.6999999881
2822  19.024  -70.659  -18.756 0.8999999762
2371  18.379  -71.088  -22.228 0.6999999881
1899  19.901  -71.805  -18.605 0.8000000119
2319  19.410  -71.254  -18.593 0.8000000119
2337  20.927  -71.739  -18.870 0.6999999881
1938  23.352  -72.160  -21.642 0.6999999881
112313  22.485  -72.463  -20.704 0.6000000238
1940  22.159  -73.103  -20.985 0.8000000119
1582  22.941  -73.091  -22.660 0.8000000119
1597  22.843  -73.401  -23.506 0.8000000119
1618  22.482  -74.221  -25.738 0.6999999881
1278  21.967  -75.237  -27.104 0.8000000119
940  22.852  -76.336  -27.259 0.6999999881
687  22.254  -76.467  -27.052 0.6999999881
934  21.534  -75.995  -26.680 0.6999999881
933  23.662  -76.145  -25.909 0.6999999881
682  22.954  -76.686  -26.340 0.6999999881
4632  21.014  -68.078  -32.192 0.6000000238
5187  21.998  -66.577  -32.284 0.6000000238
5766  21.172  -66.998  -32.990 0.6000000238
5757  20.904  -66.115  -32.890 0.6999999881
2838  18.619  -70.338  -19.403 0.8999999762
2862  18.470  -70.476  -21.589 0.6999999881
2335  22.442  -71.247  -19.683 0.6000000238
119368  23.442  -71.445  -21.270 0.6000000238
2350  23.033  -71.312  -20.442 0.6000000238
1947  23.548  -72.376  -22.516 0.6999999881
1956  24.221  -72.101  -23.830 0.6999999881
1957  23.790  -72.376  -23.287 0.6999999881
130847  18.520  -67.616  -23.585 0.6999999881
3949  19.217  -68.771  -24.431 0.6999999881
1607  23.549  -72.900  -24.000 0.8000000119
1596  23.338  -72.831  -23.187 0.8000000119
5091  18.149  -66.563  -23.465 0.6000000238
131242  18.745  -67.552  -24.505 0.6000000238
4534  19.087  -67.963  -24.978 0.6999999881
1608  22.727  -73.726  -24.486 0.6999999881
125115  19.090  -67.419  -25.654 0.5000000000
125932  19.426  -68.069  -25.753 0.6999999881
130183  22.641  -74.259  -26.757 0.8000000119
5107  18.390  -66.427  -24.317 0.5000000000
5120  18.799  -66.704  -25.692 0.5000000000
692  22.392  -76.108  -27.684 0.6999999881
125503  18.324  -65.255  -25.435 0.5000000000
7067  18.432  -63.949  -26.094 0.6000000238
5720  18.574  -65.672  -26.838 0.5000000000
5153  18.786  -66.249  -27.482 0.6000000238
125780  19.169  -66.627  -28.359 0.6999999881
4031  20.186  -68.166  -29.768 0.6999999881
127606  18.737  -64.825  -27.793 0.5000000000
5168  18.771  -65.908  -28.169 0.6000000238
114677  19.551  -66.509  -29.459 0.6000000238
121824  21.256  -66.871  -31.606 0.6000000238
6382  18.579  -64.297  -26.751 0.6000000238
5742  19.804  -65.665  -29.629 0.6000000238
5741  20.517  -65.617  -30.182 0.6000000238
7079  19.673  -63.735  -27.545 0.5000000000
6392  19.411  -64.389  -28.209 0.5000000000
5746  22.152  -65.700  -31.486 0.6000000238
5195  23.055  -65.946  -33.212 0.6000000238
6426  21.871  -65.677  -33.307 0.6999999881
7108  20.079  -64.102  -31.566 0.6000000238
6411  18.283  -64.289  -30.727 0.6999999881
6407  20.401  -64.993  -29.632 0.6000000238
6406  21.343  -64.491  -29.654 0.6000000238
5745  23.159  -65.321  -32.009 0.6000000238
6423  23.861  -64.848  -33.171 0.6999999881
7107  21.157  -63.810  -31.957 0.5000000000
2851  18.329  -70.386  -20.494 0.8999999762
2336  21.710  -71.192  -19.052 0.6000000238
2820  20.528  -70.423  -18.536 0.6999999881
3372  18.688  -69.828  -21.885 0.8000000119
2883  18.834  -71.105  -23.135 0.6999999881
2870  18.856  -69.703  -22.792 0.6999999881
112920  18.629  -69.068  -22.082 0.8000000119
2370  23.848  -71.618  -22.067 0.6999999881
4500  18.216  -67.564  -22.388 0.8000000119
3938  18.839  -68.649  -23.694 0.6000000238
5072  17.861  -66.727  -22.455 0.6999999881
5092  17.726  -65.949  -22.943 0.6000000238
1617  23.237  -73.542  -26.060 0.8000000119
113648  23.811  -72.955  -26.402 0.8000000119
125506  23.175  -73.715  -27.107 0.8000000119
5671  18.004  -65.748  -23.872 0.5000000000
1638  22.531  -74.707  -27.882 0.8000000119
5678  18.113  -65.204  -24.614 0.5000000000
6351  17.829  -64.265  -24.216 0.5000000000
116953  18.115  -63.575  -24.765 0.6000000238
6369  18.136  -64.352  -25.276 0.6000000238
7053  18.854  -63.295  -25.888 0.6000000238
7066  19.082  -63.617  -26.739 0.6000000238
112935  19.211  -62.773  -30.212 0.5000000000
131156  20.189  -63.841  -28.165 0.5000000000
7098  20.259  -63.345  -31.206 0.5000000000
121026  18.452  -63.563  -30.598 0.6000000238
6399  21.389  -63.944  -29.007 0.6000000238
6405  22.434  -64.736  -30.673 0.6999999881
6410  24.233  -64.000  -31.806 0.6999999881
6417  22.104  -64.678  -33.038 0.6999999881
7077  21.529  -63.283  -27.840 0.6000000238
7110  24.102  -63.578  -32.397 0.6000000238
7086  21.915  -63.539  -28.594 0.6999999881
7096  24.022  -63.343  -30.976 0.6000000238
7105  24.192  -63.456  -31.921 0.5000000000
2821  19.669  -70.108  -18.622 0.6999999881
2837  19.159  -69.869  -18.912 0.6999999881
3363  18.627  -69.697  -20.168 0.6999999881
111483  18.582  -69.206  -21.048 0.8000000119
115503  18.465  -68.455  -20.576 0.6999999881
5055  17.908  -67.174  -21.539 0.6999999881
130122  18.223  -67.840  -21.672 0.6999999881
7776  18.143  -62.468  -28.859 0.5000000000
8432  18.628  -61.793  -23.435 0.5000000000
126426  18.286  -62.958  -24.489 0.6000000238
123074  17.958  -62.698  -29.972 0.5000000000
7705  19.138  -61.870  -24.114 0.5000000000
8431  19.481  -61.308  -23.514 0.5000000000
7731  19.464  -62.630  -25.489 0.6000000238
7065  20.177  -63.161  -26.866 0.6000000238
115898  22.372  -62.611  -31.899 0.5000000000
8443  19.969  -61.533  -24.193 0.5000000000
7717  19.818  -62.003  -24.763 0.6000000238
129548  20.919  -62.711  -26.546 0.6000000238
113037  21.249  -62.361  -25.989 0.6000000238
3335  19.837  -69.112  -18.671 0.6999999881
3896  19.027  -68.639  -19.341 0.6999999881
113636  18.665  -68.896  -20.009 0.6999999881
7761  22.770  -62.537  -27.622 0.5000000000
126133  20.098  -60.806  -23.269 0.5000000000
7788  23.729  -62.807  -30.067 0.5000000000
8442  20.913  -61.557  -24.610 0.5000000000
7729  22.161  -62.111  -26.096 0.5000000000
7762  22.016  -62.780  -27.346 0.5000000000
7789  23.348  -63.036  -29.175 0.5000000000
8481  23.393  -61.549  -27.883 0.5000000000
9272  23.178  -60.625  -28.365 0.5000000000
8440  23.000  -61.002  -24.914 0.5000000000
8465  23.230  -61.331  -26.334 0.5000000000
7773  23.458  -62.417  -29.112 0.5000000000
9211  21.669  -60.898  -23.975 0.5000000000
8452  22.714  -61.518  -25.585 0.5000000000
8466  22.807  -61.853  -26.358 0.5000000000
8430  20.530  -61.141  -23.814 0.5000000000
8453  21.632  -61.857  -25.386 0.5000000000
8451  23.262  -60.729  -25.569 0.5000000000
8470  15.722  -61.469  -27.495 0.6000000238
8502  15.802  -61.802  -28.438 0.6000000238
8485  17.248  -61.988  -27.135 0.5000000000
9256  15.230  -60.704  -27.571 0.6999999881
9276  15.140  -60.839  -28.555 0.6000000238
9298  14.679  -60.718  -29.412 0.6000000238
10165  13.636  -59.963  -29.402 0.6999999881
115893  15.107  -60.009  -27.011 0.6000000238
9257  14.775  -59.951  -28.176 0.6999999881
9277  14.460  -59.972  -29.017 0.6999999881
9299  13.719  -60.529  -29.665 0.6999999881
11036  12.836  -58.821  -28.988 0.8000000119
117990  15.333  -59.738  -25.921 0.5000000000
9226  15.668  -60.504  -26.032 0.5000000000
113338  14.313  -59.315  -28.582 0.8000000119
10135  14.598  -59.131  -27.823 0.6000000238
11022  11.809  -58.059  -28.137 0.6999999881
10986  15.155  -58.838  -25.658 0.5000000000
132349  15.823  -60.152  -25.397 0.5000000000
11037  12.218  -58.304  -28.538 0.6999999881
10167  12.166  -59.423  -28.729 0.6999999881
11035  13.962  -58.554  -28.568 0.6999999881
10987  14.531  -57.969  -26.549 0.6999999881
11005  12.183  -58.296  -27.020 0.6999999881
11935  11.928  -57.459  -28.275 0.6999999881
11896  14.865  -57.940  -25.284 0.6000000238
11910  14.093  -57.438  -27.645 0.8000000119
15100  9.657  -53.478  -23.929 0.6999999881
14284  10.590  -53.722  -23.951 0.8000000119
11856  15.699  -57.757  -23.290 0.4000000060
118819  12.019  -57.515  -26.705 0.6999999881
11875  15.229  -57.705  -24.210 0.5000000000
11925  11.651  -57.341  -27.964 0.6999999881
11897  14.365  -57.190  -25.980 0.6000000238
11924  13.589  -57.015  -28.222 0.6999999881
121446  14.150  -57.139  -26.907 0.8000000119
12773  13.889  -56.641  -27.713 0.8000000119
17564  6.231  -50.455  -13.567 0.5000000000
16718  5.502  -50.874  -14.055 0.5000000000
16725  5.013  -51.194  -14.696 0.5000000000
15090  5.300  -53.287  -22.592 0.5000000000
15118  7.078  -53.013  -23.805 0.6000000238
15970  5.652  -53.028  -23.201 0.6000000238
15072  5.127  -53.357  -21.842 0.6000000238
15871  6.270  -52.443  -17.521 0.6000000238
15102  7.510  -53.245  -23.593 0.6999999881
15089  6.112  -53.446  -22.886 0.6999999881
15101  8.600  -53.300  -23.892 0.6999999881
15087  9.011  -53.563  -21.943 0.6999999881
12756  11.546  -55.881  -26.335 0.6999999881
124682  11.390  -55.237  -26.155 0.6999999881
14292  11.128  -54.213  -25.028 0.8000000119
12732  15.200  -57.106  -23.649 0.5000000000
12766  11.587  -56.151  -27.280 0.6999999881
12743  14.828  -56.842  -24.284 0.6000000238
12776  12.067  -56.140  -27.921 0.8000000119
12763  14.000  -56.388  -26.644 0.6999999881
13530  13.420  -55.183  -27.767 0.8000000119
12774  13.535  -56.082  -27.988 0.8000000119
18440  7.305  -49.953  -13.227 0.5000000000
18441  5.632  -49.087  -13.483 0.6000000238
18442  3.997  -48.020  -13.596 0.5000000000
17565  4.901  -49.536  -13.753 0.6000000238
16726  3.969  -50.469  -14.994 0.6000000238
16736  4.713  -51.452  -15.327 0.6000000238
16737  3.756  -50.788  -15.740 0.6000000238
16744  4.505  -51.607  -16.060 0.5000000000
15949  5.051  -52.777  -22.618 0.5000000000
15073  4.689  -53.042  -22.206 0.5000000000
15969  6.452  -52.933  -23.501 0.6000000238
15933  4.697  -53.153  -20.995 0.6000000238
15912  5.432  -52.780  -19.822 0.6999999881
15872  5.302  -52.148  -17.471 0.6000000238
15968  7.540  -52.716  -23.703 0.6000000238
15117  8.106  -53.024  -24.077 0.6999999881
120896  7.180  -53.556  -22.179 0.6999999881
15071  6.218  -53.528  -21.710 0.6999999881
15052  7.157  -53.262  -20.223 0.8000000119
15889  6.271  -52.586  -18.503 0.6999999881
15983  8.198  -52.863  -24.060 0.6999999881
15116  8.988  -53.044  -24.457 0.6999999881
15992  9.726  -52.793  -24.656 0.6999999881
15115  9.820  -53.214  -24.651 0.8000000119
15136  10.851  -53.115  -25.473 0.8000000119
14293  10.636  -53.595  -24.765 0.8000000119
12733  14.734  -56.323  -23.696 0.5000000000
14281  13.935  -54.877  -24.080 0.6000000238
14312  12.181  -54.447  -27.299 0.8000000119
124301  11.931  -53.591  -26.723 0.8000000119
12744  14.303  -56.101  -24.890 0.6000000238
13509  13.946  -55.143  -24.936 0.6999999881
14311  13.071  -54.218  -27.555 0.8000000119
13515  13.919  -55.342  -25.677 0.6999999881
13524  13.609  -54.593  -27.412 0.6999999881
12764  13.725  -55.563  -27.420 0.8000000119
18439  7.970  -48.961  -13.157 0.4000000060
112698  6.504  -48.531  -13.392 0.5000000000
18443  2.926  -47.801  -14.168 0.4000000060
17585  3.066  -49.751  -15.466 0.5000000000
16745  3.535  -50.938  -16.516 0.5000000000
15948  5.806  -52.583  -22.915 0.5000000000
129096  3.896  -52.053  -21.269 0.6000000238
15913  4.390  -52.354  -20.292 0.6000000238
15861  4.360  -51.611  -16.982 0.6000000238
16841  8.195  -52.287  -23.132 0.6000000238
15890  4.981  -52.256  -18.821 0.6999999881
131171  5.737  -52.425  -18.061 0.6999999881
15967  8.671  -52.474  -23.902 0.6000000238
15137  10.260  -52.878  -25.036 0.8000000119
15124  13.086  -53.390  -25.257 0.6999999881
15133  13.386  -53.717  -26.151 0.6999999881
14306  12.869  -53.682  -27.118 0.8000000119
15146  11.930  -52.590  -25.890 0.8000000119
13510  13.724  -54.557  -25.963 0.6999999881
19341  7.135  -47.704  -13.490 0.4000000060
19340  8.599  -47.992  -13.118 0.4000000060
19332  9.328  -48.392  -12.456 0.4000000060
19344  3.294  -47.060  -13.870 0.5000000000
128778  5.092  -47.985  -13.495 0.4000000060
20263  9.317  -47.983  -10.952 0.5000000000
16738  2.935  -50.118  -16.169 0.5000000000
16770  3.012  -50.566  -18.736 0.5000000000
16769  3.167  -50.906  -18.544 0.5000000000
18518  3.974  -49.609  -18.944 0.5000000000
15873  4.165  -51.567  -18.112 0.6999999881
15981  10.083  -52.487  -24.463 0.6000000238
16001  11.182  -52.688  -25.462 0.8000000119
14282  13.293  -53.999  -24.017 0.6000000238
121742  12.828  -52.987  -24.453 0.6000000238
15979  12.461  -52.698  -23.791 0.6999999881
15980  11.644  -52.383  -24.115 0.6999999881
15134  12.913  -53.123  -26.065 0.6999999881
22136  8.364  -46.355  -10.869 0.3000000119
20324  3.790  -46.842  -13.880 0.4000000060
19342  5.529  -47.429  -13.611 0.3000000119
129801  9.500  -47.784  -12.245 0.4000000060
20284  9.463  -47.516  -11.670 0.5000000000
19369  2.965  -47.803  -15.105 0.4000000060
21260  9.259  -46.655  -11.652 0.3000000119
18451  2.516  -48.817  -15.243 0.4000000060
16789  3.173  -50.677  -19.401 0.5000000000
18489  2.884  -49.701  -16.544 0.4000000060
17647  3.844  -50.974  -20.654 0.6000000238
18470  2.951  -48.991  -15.798 0.4000000060
18539  4.622  -49.514  -19.745 0.4000000060
18504  2.959  -49.895  -17.502 0.5000000000
15991  10.553  -52.560  -24.925 0.6999999881
16000  12.082  -52.470  -25.482 0.6999999881
20264  8.679  -47.686  -10.432 0.4000000060
119223  9.492  -46.991  -12.464 0.4000000060
22156  8.948  -45.712  -11.768 0.3000000119
20349  3.614  -47.187  -14.677 0.3000000119
117174  4.310  -49.594  -17.046 0.4000000060
18517  4.976  -49.182  -19.262 0.4000000060
18502  4.669  -49.453  -18.099 0.4000000060
20322  6.029  -46.935  -13.976 0.3000000119
20321  7.623  -46.893  -13.849 0.3000000119
20320  8.838  -46.892  -13.400 0.4000000060
21287  9.083  -46.196  -13.520 0.3000000119
21259  9.464  -46.255  -12.315 0.3000000119
20331  5.388  -46.639  -14.430 0.3000000119
18469  4.387  -48.977  -15.608 0.3000000119
113473  5.758  -49.813  -16.929 0.3000000119
18487  5.367  -49.668  -15.997 0.3000000119
110975  5.816  -49.411  -18.200 0.3000000119
126852  7.941  -46.069  -14.530 0.3000000119
22186  9.301  -45.556  -13.424 0.3000000119
21288  6.536  -46.484  -14.688 0.3000000119
22187  8.677  -45.430  -14.312 0.3000000119
18486  6.546  -49.806  -16.086 0.3000000119
18501  6.921  -49.718  -17.128 0.3000000119
18516  6.597  -48.896  -18.791 0.3000000119
22157  7.964  -45.540  -11.085 0.3000000119
21298  6.035  -46.617  -15.206 0.3000000119
21297  6.676  -46.174  -15.722 0.3000000119
18485  7.605  -49.685  -16.137 0.3000000119
131946  19.069  -67.102  -26.074 0.6000000238
5152  19.270  -67.094  -27.320 0.6999999881
4593  19.652  -67.804  -27.275 0.6999999881
4608  19.939  -68.047  -28.678 0.6999999881
16746  2.924  -50.223  -16.926 0.4000000060
122180  3.128  -50.933  -19.302 0.6000000238
22174  9.405  -45.611  -12.704 0.3000000119
892  18.166  -75.059  -20.834 0.6999999881
1570  15.384  -73.300  -21.615 0.6999999881
1569  21.632  -73.741  -21.427 0.8000000119
684  21.579  -77.008  -26.000 0.6000000238
688  21.811  -76.498  -26.671 0.6999999881
1913  21.801  -71.890  -19.537 0.6000000238
2871  18.757  -70.452  -22.536 0.6999999881
113529  23.330  -73.275  -25.082 0.8000000119
941  22.059  -76.045  -27.508 0.6999999881
1288  22.438  -75.506  -28.193 0.8000000119
6418  20.952  -64.907  -32.503 0.6999999881
129294  18.877  -66.626  -26.535 0.5000000000
5188  20.380  -66.468  -30.462 0.6000000238
123946  17.595  -63.466  -30.487 0.6000000238
7093  22.384  -63.921  -29.562 0.6999999881
3393  18.722  -68.878  -22.969 0.8000000119
5672  17.649  -65.186  -23.224 0.5000000000
5679  17.827  -64.982  -23.907 0.6000000238
7747  20.314  -62.650  -26.088 0.6000000238
13532  11.906  -55.427  -27.500 0.8000000119
119983  26.789  -74.647  -18.136 0.4000000060
1169  28.306  -74.397  -17.705 0.4000000060
889  25.887  -75.198  -19.723 0.3000000119
1184  26.112  -74.935  -18.230 0.4000000060
1171  26.428  -74.377  -17.559 0.4000000060
1170  27.378  -74.316  -17.586 0.4000000060
1580  27.095  -73.550  -22.636 0.4000000060
1566  27.950  -73.842  -21.916 0.5000000000
1226  28.233  -74.312  -20.904 0.5000000000
1567  26.786  -73.708  -21.547 0.3000000119
125785  27.452  -74.061  -20.987 0.4000000060
1196  27.575  -74.801  -19.638 0.4000000060
1228  25.610  -73.945  -21.265 0.3000000119
1211  26.659  -74.888  -19.851 0.3000000119
1183  26.751  -74.967  -18.760 0.3000000119
1212  25.758  -74.706  -20.358 0.3000000119
1595  26.176  -73.671  -23.301 0.4000000060
124099  27.343  -73.642  -23.705 0.4000000060
1579  28.097  -73.629  -23.093 0.5000000000
1581  26.153  -73.585  -22.197 0.3000000119
1229  24.698  -74.448  -21.728 0.4000000060
1238  25.307  -73.843  -22.408 0.3000000119
660  24.018  -76.181  -22.331 0.4000000060
661  23.579  -77.065  -22.463 0.4000000060
1248  26.645  -73.790  -24.392 0.4000000060
1256  27.028  -73.774  -25.218 0.4000000060
1257  25.994  -74.048  -25.137 0.4000000060
123881  26.420  -73.940  -25.895 0.4000000060
1276  26.021  -74.128  -27.257 0.5000000000
1249  25.606  -74.108  -24.236 0.4000000060
1267  25.386  -74.547  -25.910 0.4000000060
912  24.237  -75.082  -22.213 0.4000000060
919  24.168  -75.410  -23.124 0.5000000000
1268  24.430  -75.355  -25.660 0.4000000060
116547  24.083  -75.701  -24.071 0.4000000060
475  22.182  -77.665  -24.599 0.6000000238
671  23.374  -77.188  -23.574 0.4000000060
1284  25.986  -74.031  -28.159 0.6000000238
1291  24.965  -74.458  -28.917 0.6000000238
125439  25.277  -74.670  -27.037 0.6000000238
1285  25.241  -74.643  -27.875 0.6000000238
938  24.546  -75.250  -27.557 0.6000000238
948  23.631  -75.585  -28.207 0.6999999881
932  23.976  -75.776  -26.427 0.6000000238
949  22.844  -75.490  -28.672 0.6999999881
1997  24.735  -73.137  -30.381 0.6999999881
1998  24.150  -73.283  -30.271 0.6999999881
1642  24.791  -73.875  -29.825 0.6000000238
1643  23.954  -73.846  -30.164 0.6999999881
1992  23.638  -73.153  -28.762 0.6999999881
1982  23.709  -73.046  -27.466 0.6999999881
1964  24.114  -72.434  -24.812 0.6999999881
132841  23.628  -74.885  -29.370 0.6999999881
1637  23.082  -73.935  -28.383 0.6999999881
1287  22.815  -74.820  -29.023 0.6999999881
131402  24.448  -71.679  -29.775 0.5000000000
128991  24.515  -71.306  -27.963 0.6000000238
1995  23.759  -73.301  -29.982 0.6999999881
1991  24.114  -72.447  -27.765 0.6000000238
1981  24.246  -72.351  -26.763 0.6999999881
2419  24.542  -71.573  -26.254 0.6999999881
120192  23.210  -74.448  -29.602 0.6999999881
1971  24.289  -72.338  -25.796 0.6999999881
2426  24.434  -71.820  -27.374 0.6000000238
128841  24.557  -70.207  -27.025 0.6000000238
2406  24.499  -71.678  -25.212 0.6000000238
2916  24.572  -70.562  -26.325 0.6000000238
2849  23.402  -70.681  -20.933 0.5000000000
1571  14.739  -74.035  -22.029 0.6000000238
1234  14.815  -74.737  -21.426 0.6000000238
2393  24.603  -71.014  -24.641 0.6000000238
2380  24.494  -71.229  -23.711 0.6000000238
2369  24.218  -71.010  -22.514 0.5000000000
111061  23.830  -70.854  -21.748 0.5000000000
1600  15.600  -73.680  -23.981 0.6000000238
1585  16.247  -73.097  -23.337 0.6000000238
1586  15.407  -73.456  -22.691 0.6000000238
125451  24.503  -70.165  -24.997 0.6000000238
2881  24.404  -70.447  -23.166 0.5000000000
2381  24.146  -71.696  -22.970 0.5000000000
1975  17.803  -73.319  -25.756 0.6000000238
1958  18.315  -72.301  -24.025 0.6000000238
1599  17.020  -72.976  -24.105 0.6000000238
1609  16.511  -73.520  -24.669 0.6000000238
2384  18.125  -71.724  -23.034 0.6000000238
120456  17.600  -72.438  -23.575 0.6000000238
3334  20.308  -69.573  -18.553 0.6000000238
2894  24.511  -70.342  -24.111 0.6000000238
1966  18.466  -72.822  -25.060 0.6000000238
125411  19.734  -71.096  -24.662 0.6000000238
2383  18.737  -71.668  -23.699 0.6000000238
111464  19.596  -70.389  -24.203 0.6000000238
2382  19.302  -71.226  -24.004 0.6000000238
3392  19.191  -69.499  -23.739 0.5000000000
2882  19.163  -70.409  -23.385 0.6000000238
1620  17.361  -73.336  -26.142 0.6999999881
1974  18.677  -73.155  -26.207 0.6000000238
2395  18.919  -72.070  -24.449 0.6000000238
2895  19.991  -70.550  -25.007 0.6000000238
3401  19.705  -69.646  -24.688 0.6000000238
2433  19.084  -72.681  -28.734 0.6000000238
1965  19.017  -72.541  -25.296 0.6000000238
1973  19.411  -72.612  -25.908 0.6000000238
3414  20.216  -69.936  -25.494 0.5000000000
123473  19.854  -72.510  -26.547 0.6000000238
2917  20.594  -71.281  -27.109 0.6000000238
114113  19.900  -72.694  -28.398 0.6000000238
2432  19.389  -72.719  -28.927 0.6000000238
1983  19.150  -73.235  -26.844 0.6000000238
3965  19.689  -68.895  -25.394 0.6000000238
2407  20.376  -71.639  -26.504 0.6000000238
3413  20.517  -70.486  -26.281 0.5000000000
3427  20.630  -70.019  -26.916 0.6000000238
129098  20.431  -72.084  -27.896 0.5000000000
2925  20.441  -72.001  -28.664 0.5000000000
111291  19.811  -68.286  -26.930 0.6000000238
115109  20.511  -69.541  -27.512 0.6000000238
3996  20.571  -69.659  -28.355 0.6000000238
4013  20.650  -69.859  -29.400 0.6000000238
131382  20.642  -70.096  -30.317 0.6999999881
2942  19.951  -71.305  -31.086 0.6999999881
2944  18.760  -71.006  -31.392 0.6999999881
3472  18.604  -70.365  -31.837 0.6999999881
4014  20.377  -68.822  -28.940 0.6999999881
4047  20.792  -68.881  -31.795 0.6999999881
121640  20.554  -69.698  -31.145 0.6999999881
4060  19.846  -69.710  -32.229 0.6999999881
4067  19.675  -68.992  -32.482 0.6000000238
4624  20.615  -68.227  -31.087 0.6000000238
3361  23.269  -69.848  -20.761 0.5000000000
2850  22.866  -70.456  -20.013 0.5000000000
3904  22.531  -68.619  -20.231 0.5000000000
3362  22.743  -69.493  -20.086 0.5000000000
3893  22.196  -69.016  -19.466 0.6000000238
4486  21.901  -66.846  -20.754 0.6000000238
4472  22.248  -67.720  -20.456 0.6000000238
3905  21.831  -68.178  -19.481 0.6000000238
132491  21.741  -68.742  -19.109 0.6000000238
3880  20.388  -68.806  -18.636 0.6000000238
116091  21.371  -66.521  -20.203 0.5000000000
5033  20.732  -66.740  -19.480 0.6000000238
3881  19.656  -68.463  -18.830 0.6000000238
123327  20.058  -65.842  -19.554 0.6000000238
5035  19.094  -66.051  -19.357 0.5000000000
4462  19.693  -67.609  -18.971 0.6000000238
122282  19.128  -67.964  -19.167 0.6000000238
5628  19.032  -65.166  -19.482 0.5000000000
4463  18.910  -67.119  -19.297 0.6000000238
125304  17.515  -66.011  -22.151 0.5000000000
5046  17.478  -65.839  -20.708 0.5000000000
4487  18.191  -67.671  -20.737 0.6000000238
4474  18.185  -67.013  -19.953 0.6000000238
677  23.846  -75.919  -24.992 0.6000000238
939  23.689  -75.855  -27.285 0.6999999881
3350  22.300  -69.821  -19.387 0.5000000000
3979  20.235  -69.020  -26.899 0.6000000238
130808  20.572  -68.805  -30.717 0.6999999881
3351  21.807  -70.021  -18.912 0.6000000238
3906  18.597  -67.979  -19.794 0.6000000238
5045  17.783  -66.711  -20.655 0.6000000238
871  26.031  -75.253  -18.774 0.3000000119
1227  26.595  -74.234  -20.631 0.3000000119
119901  27.499  -74.555  -20.288 0.4000000060
123151  25.208  -74.070  -23.362 0.4000000060
1250  24.643  -74.696  -23.921 0.4000000060
1627  26.814  -73.823  -26.617 0.4000000060
1258  25.035  -74.604  -24.959 0.3000000119
1277  25.859  -74.232  -26.528 0.5000000000
931  24.679  -75.187  -26.613 0.5000000000
925  24.417  -75.234  -24.720 0.5000000000
128569  24.125  -74.887  -29.154 0.6000000238
112869  24.279  -72.127  -28.863 0.6999999881
2408  19.916  -71.604  -25.506 0.6000000238
131397  17.888  -69.187  -32.116 0.6000000238
4473  21.556  -67.245  -19.805 0.6000000238
5634  20.598  -65.132  -20.236 0.5000000000
4460  21.023  -67.648  -19.098 0.6000000238
4461  20.331  -67.355  -19.026 0.6000000238
5044  20.947  -65.863  -20.260 0.5000000000
5034  19.795  -66.774  -19.177 0.6000000238
5627  19.802  -65.034  -19.691 0.5000000000
126868  18.391  -66.402  -19.627 0.5000000000
5036  17.841  -66.167  -20.078 0.5000000000
788  13.870  -75.944  -7.877 0.4000000060
787  14.567  -75.333  -7.905 0.4000000060
540  14.266  -76.208  -8.638 0.5000000000
131127  12.430  -76.873  -7.375 0.5000000000
117147  11.698  -77.390  -7.343 0.5000000000
354  10.620  -78.685  -7.045 0.5000000000
542  12.505  -77.220  -8.084 0.5000000000
531  13.138  -76.382  -7.390 0.5000000000
786  15.243  -74.836  -8.301 0.4000000060
124339  29.213  -73.588  -13.288 0.3000000119
1458  28.831  -73.690  -12.751 0.3000000119
1474  27.568  -73.335  -14.440 0.3000000119
1488  27.970  -73.480  -15.195 0.3000000119
532  12.301  -76.799  -6.355 0.4000000060
346  10.874  -77.641  -6.312 0.5000000000
120913  13.343  -76.115  -6.358 0.4000000060
1047  14.755  -74.932  -6.771 0.3000000119
1035  14.630  -75.146  -5.852 0.3000000119
1067  16.331  -74.527  -9.143 0.4000000060
1046  15.310  -74.378  -6.557 0.3000000119
1056  15.476  -74.230  -7.547 0.4000000060
1079  15.774  -75.054  -9.031 0.5000000000
1390  15.776  -73.728  -6.808 0.3000000119
1456  30.022  -73.299  -13.102 0.3000000119
1104  28.927  -73.759  -11.270 0.3000000119
1487  29.004  -73.519  -14.999 0.3000000119
1504  28.175  -73.659  -16.005 0.3000000119
1505  27.333  -73.574  -16.139 0.3000000119
519  12.268  -77.102  -4.862 0.3000000119
339  11.388  -77.488  -5.376 0.4000000060
525  13.182  -76.388  -5.382 0.3000000119
1411  16.349  -73.714  -8.756 0.4000000060
1419  16.860  -74.028  -9.251 0.4000000060
1401  15.904  -73.686  -7.802 0.4000000060
1846  30.373  -72.884  -13.605 0.4000000060
1441  29.864  -73.193  -12.699 0.4000000060
1823  29.632  -73.102  -12.204 0.4000000060
1811  28.387  -72.861  -11.080 0.4000000060
113757  27.152  -72.686  -10.692 0.4000000060
1801  26.295  -72.779  -10.042 0.5000000000
1486  30.185  -73.467  -14.507 0.3000000119
1473  29.638  -73.548  -13.916 0.3000000119
1154  28.192  -74.035  -16.808 0.3000000119
1182  27.505  -74.633  -18.383 0.3000000119
518  13.194  -76.826  -4.221 0.3000000119
1400  16.275  -73.102  -7.937 0.3000000119
130973  16.789  -73.510  -9.113 0.3000000119
1417  18.080  -73.633  -9.541 0.4000000060
1076  19.019  -73.955  -9.430 0.4000000060
1380  16.231  -73.420  -5.354 0.3000000119
118796  16.103  -73.248  -7.127 0.3000000119
1389  16.201  -73.155  -6.256 0.3000000119
2205  22.462  -72.134  -8.796 0.5000000000
2291  29.113  -71.979  -14.997 0.3000000119
2279  29.867  -72.424  -14.228 0.3000000119
1861  30.377  -72.559  -14.984 0.3000000119
2267  29.518  -72.390  -13.488 0.3000000119
2249  29.260  -72.490  -12.683 0.4000000060
2238  25.202  -72.157  -11.468 0.5000000000
1803  24.172  -72.316  -9.956 0.5000000000
117720  30.615  -72.896  -14.218 0.3000000119
1824  28.946  -72.674  -11.882 0.4000000060
1812  27.312  -72.358  -11.557 0.4000000060
1813  26.012  -72.445  -10.913 0.5000000000
1814  25.397  -72.451  -10.594 0.5000000000
1502  30.200  -73.806  -16.056 0.3000000119
1503  29.013  -73.741  -16.006 0.3000000119
1153  29.217  -74.242  -16.890 0.3000000119
119677  28.394  -74.638  -18.643 0.3000000119
1195  28.357  -74.707  -19.389 0.4000000060
1784  16.720  -72.943  -8.793 0.3000000119
1793  17.945  -72.751  -9.638 0.4000000060
1766  16.376  -72.626  -7.091 0.3000000119
117927  18.658  -73.146  -9.665 0.4000000060
1415  20.361  -73.021  -9.363 0.4000000060
1782  21.033  -72.888  -9.060 0.5000000000
2212  21.871  -71.646  -9.360 0.4000000060
1781  21.631  -72.318  -8.965 0.5000000000
2301  27.598  -71.413  -15.991 0.3000000119
2211  22.597  -71.748  -9.401 0.5000000000
2280  28.535  -71.743  -14.358 0.3000000119
2225  23.592  -71.936  -10.590 0.4000000060
2226  22.738  -71.537  -10.176 0.5000000000
2300  29.320  -72.149  -15.747 0.3000000119
2268  28.364  -71.828  -13.468 0.4000000060
130661  27.071  -71.657  -12.907 0.4000000060
2210  23.402  -72.010  -9.616 0.5000000000
1860  30.879  -72.987  -14.795 0.3000000119
2250  27.983  -71.974  -12.660 0.4000000060
2251  26.908  -71.934  -12.336 0.5000000000
2237  26.328  -72.232  -11.594 0.5000000000
1501  31.255  -73.261  -16.355 0.3000000119
1168  30.683  -74.338  -17.732 0.4000000060
1180  30.387  -74.511  -18.561 0.3000000119
1181  29.496  -74.503  -17.924 0.4000000060
115917  29.291  -74.634  -19.010 0.4000000060
466  19.906  -78.629  -23.693 0.5000000000
1210  28.308  -74.613  -20.096 0.3000000119
1758  16.936  -72.294  -4.942 0.3000000119
131567  16.496  -72.490  -6.218 0.3000000119
1792  18.809  -72.295  -9.966 0.3000000119
1759  16.537  -72.724  -5.532 0.3000000119
2214  19.581  -71.468  -10.052 0.3000000119
124388  21.245  -71.721  -9.446 0.5000000000
2227  21.989  -71.276  -9.865 0.4000000060
2729  21.220  -71.124  -9.828 0.3000000119
116500  27.317  -71.432  -16.764 0.3000000119
2742  22.060  -71.138  -10.623 0.5000000000
2292  27.983  -71.506  -15.231 0.3000000119
2239  24.035  -71.826  -11.606 0.4000000060
126754  22.892  -71.485  -11.317 0.4000000060
2281  27.395  -71.408  -14.250 0.4000000060
110007  26.238  -71.527  -13.151 0.4000000060
131588  24.811  -71.746  -12.193 0.4000000060
1877  30.354  -72.472  -15.902 0.3000000119
1884  31.714  -72.865  -17.396 0.3000000119
2252  25.729  -71.812  -12.300 0.5000000000
1167  31.332  -73.974  -18.109 0.3000000119
1193  31.236  -74.097  -19.049 0.4000000060
1194  30.195  -74.501  -19.505 0.4000000060
456  19.329  -77.791  -23.305 0.5000000000
1209  29.172  -74.572  -19.847 0.4000000060
1208  30.081  -74.357  -20.410 0.5000000000
2187  16.797  -72.048  -5.746 0.3000000119
1610  15.897  -73.866  -25.513 0.5000000000
130461  21.481  -70.914  -10.240 0.3000000119
1261  15.004  -74.171  -24.574 0.5000000000
1622  16.109  -73.595  -26.320 0.6000000238
2307  26.545  -71.317  -17.513 0.3000000119
2302  26.755  -71.134  -16.320 0.3000000119
2306  27.531  -71.735  -17.632 0.3000000119
2293  27.021  -71.202  -15.501 0.3000000119
2786  26.513  -71.023  -14.984 0.3000000119
2254  23.373  -71.464  -12.210 0.4000000060
895  15.443  -74.712  -20.890 0.5000000000
2410  15.753  -71.936  -26.220 0.5000000000
2282  26.398  -71.239  -14.136 0.3000000119
2270  25.423  -71.220  -13.841 0.3000000119
121995  25.091  -71.504  -12.944 0.3000000119
126834  24.354  -71.239  -13.548 0.3000000119
908  16.221  -75.880  -21.211 0.5000000000
121503  30.971  -72.546  -17.698 0.3000000119
1528  31.986  -72.812  -18.141 0.3000000119
654  18.418  -76.254  -21.906 0.5000000000
1535  32.108  -72.811  -18.919 0.3000000119
112525  18.856  -76.945  -22.591 0.5000000000
1536  31.905  -73.286  -19.476 0.4000000060
663  19.637  -76.882  -22.866 0.6000000238
1551  31.537  -73.328  -20.463 0.4000000060
1224  30.059  -74.067  -21.413 0.5000000000
662  20.192  -76.579  -23.225 0.5000000000
112370  30.474  -73.543  -22.333 0.4000000060
1225  29.103  -74.427  -20.727 0.4000000060
465  20.658  -78.157  -23.787 0.6000000238
1970  29.649  -72.952  -25.681 0.3000000119
1613  29.882  -73.106  -25.214 0.4000000060
1592  29.003  -73.683  -23.551 0.4000000060
1565  28.964  -74.207  -21.667 0.3000000119
477  21.135  -77.616  -24.451 0.6000000238
298  21.085  -78.189  -23.792 0.5000000000
1979  29.054  -72.899  -26.407 0.3000000119
1614  29.366  -73.180  -25.699 0.5000000000
1605  28.816  -73.533  -25.071 0.4000000060
1594  27.677  -73.677  -24.633 0.4000000060
297  21.613  -77.843  -24.192 0.6000000238
1980  28.400  -72.444  -27.151 0.3000000119
1625  29.056  -73.073  -26.289 0.5000000000
1615  28.527  -73.428  -25.867 0.4000000060
1606  27.913  -73.626  -25.335 0.4000000060
1634  28.397  -72.981  -27.035 0.4000000060
1626  27.945  -73.371  -26.685 0.5000000000
1616  27.480  -73.687  -25.937 0.4000000060
1636  26.901  -73.632  -27.438 0.5000000000
117044  16.879  -73.538  -25.764 0.6000000238
1629  16.184  -73.298  -26.528 0.6000000238
2315  26.001  -71.222  -18.647 0.3000000119
2808  26.047  -70.813  -16.741 0.3000000119
2803  25.595  -70.465  -16.300 0.3000000119
2798  26.208  -70.742  -15.832 0.3000000119
1621  16.760  -73.389  -26.195 0.6000000238
2422  16.086  -72.622  -26.646 0.6000000238
2314  26.874  -71.636  -18.622 0.3000000119
2774  25.547  -70.803  -14.739 0.3000000119
2775  24.847  -70.924  -14.262 0.3000000119
2833  28.589  -70.808  -20.056 0.3000000119
2910  16.144  -71.107  -25.565 0.6000000238
1895  31.479  -72.574  -18.368 0.3000000119
2908  17.716  -70.625  -26.215 0.6000000238
2896  16.536  -70.284  -24.933 0.6000000238
3403  16.883  -69.408  -24.565 0.6000000238
120839  16.912  -68.371  -24.420 0.5000000000
1577  30.682  -73.137  -23.280 0.4000000060
1591  29.987  -73.439  -23.783 0.4000000060
1990  27.926  -72.561  -27.732 0.4000000060
1635  27.634  -73.113  -27.612 0.5000000000
2316  25.852  -70.841  -19.209 0.3000000119
2818  25.289  -70.593  -18.483 0.3000000119
128723  25.788  -70.943  -17.716 0.3000000119
2809  25.362  -70.528  -17.242 0.3000000119
128666  25.697  -70.500  -15.846 0.3000000119
2800  25.015  -70.368  -15.392 0.3000000119
2788  23.607  -70.388  -14.871 0.3000000119
2334  26.481  -71.220  -19.279 0.3000000119
2333  27.518  -71.532  -19.459 0.3000000119
126782  17.540  -73.186  -26.312 0.5000000000
1986  16.563  -73.057  -26.527 0.6000000238
2834  27.556  -70.545  -19.871 0.3000000119
128354  24.076  -70.859  -14.223 0.3000000119
116608  17.185  -72.741  -26.525 0.6000000238
2848  28.388  -69.599  -20.348 0.3000000119
130598  17.328  -71.304  -26.250 0.6000000238
1946  30.914  -72.841  -22.909 0.3000000119
1937  31.232  -72.678  -21.959 0.3000000119
3415  17.644  -69.407  -25.861 0.6000000238
4576  17.442  -67.896  -26.492 0.6000000238
1985  18.383  -73.154  -26.583 0.6000000238
2421  18.992  -73.225  -27.096 0.5000000000
115187  18.797  -72.970  -27.228 0.6000000238
2919  18.389  -71.490  -27.033 0.6000000238
3430  18.177  -70.033  -26.615 0.6000000238
3966  17.470  -68.376  -25.773 0.6000000238
3999  17.781  -68.403  -27.360 0.6000000238
3441  18.268  -69.508  -27.268 0.6000000238
4594  17.407  -67.838  -28.065 0.5000000000
1984  18.716  -73.243  -26.768 0.5000000000
2420  19.397  -73.098  -27.260 0.5000000000
2918  18.860  -72.457  -27.799 0.5000000000
3440  18.536  -70.184  -27.942 0.6000000238
4618  16.115  -68.164  -29.583 0.5000000000
4062  17.323  -69.152  -31.721 0.6000000238
4049  16.327  -68.766  -31.133 0.6000000238
4034  15.133  -68.250  -29.847 0.5000000000
118028  15.540  -68.502  -31.118 0.6000000238
4051  14.190  -68.324  -30.645 0.6000000238
2428  19.353  -72.863  -27.871 0.5000000000
3449  18.564  -70.578  -28.869 0.5000000000
3458  18.566  -71.125  -30.087 0.5000000000
3998  18.316  -69.176  -28.208 0.6000000238
3467  18.513  -71.027  -30.882 0.6000000238
3459  18.011  -70.124  -30.738 0.5000000000
4609  17.126  -68.137  -29.196 0.5000000000
121857  18.231  -70.359  -31.443 0.6000000238
119829  20.751  -68.509  -32.311 0.6000000238
3473  17.726  -69.727  -31.519 0.6000000238
4064  15.255  -68.266  -31.285 0.5000000000
129403  14.082  -59.714  -23.201 0.5000000000
2427  20.025  -72.597  -27.434 0.5000000000
122884  18.715  -71.568  -28.328 0.5000000000
2936  19.030  -71.996  -30.075 0.6000000238
115190  13.787  -58.704  -21.602 0.5000000000
10002  13.316  -59.141  -20.953 0.6000000238
10939  13.908  -58.823  -22.292 0.6000000238
131998  13.423  -58.520  -23.820 0.6000000238
10037  14.003  -59.980  -21.995 0.5000000000
9215  13.755  -59.803  -24.698 0.5000000000
8457  13.887  -60.972  -25.591 0.5000000000
5192  13.570  -66.438  -31.135 0.5000000000
126342  14.089  -67.698  -31.224 0.5000000000
14283  11.255  -54.275  -24.159 0.6000000238
14270  11.347  -54.328  -23.143 0.6999999881
13503  11.891  -55.031  -23.529 0.6000000238
13489  12.082  -54.969  -22.432 0.6999999881
13473  12.583  -55.719  -21.606 0.6000000238
130118  13.318  -57.058  -20.597 0.6000000238
12734  12.554  -56.441  -23.340 0.6000000238
13488  12.465  -55.908  -22.737 0.6000000238
13511  11.636  -55.114  -24.620 0.6000000238
12745  12.095  -56.001  -24.751 0.6000000238
11836  12.940  -56.811  -22.606 0.6000000238
12719  13.050  -56.551  -21.723 0.5000000000
11796  12.797  -57.776  -20.007 0.6000000238
12746  11.625  -55.569  -25.496 0.6000000238
11858  12.858  -57.153  -23.486 0.6000000238
11835  13.701  -58.043  -22.057 0.5000000000
11815  13.655  -57.901  -21.264 0.6000000238
11878  12.477  -56.944  -24.671 0.6000000238
11857  13.515  -58.102  -23.061 0.6000000238
10969  12.653  -57.734  -24.973 0.6000000238
11877  12.974  -57.835  -24.105 0.6000000238
10968  13.103  -58.434  -24.669 0.6000000238
131153  13.489  -59.925  -25.726 0.5000000000
8471  13.712  -61.374  -26.404 0.5000000000
8486  13.450  -61.600  -27.294 0.5000000000
7765  13.539  -62.449  -27.517 0.5000000000
7780  12.827  -62.386  -28.697 0.5000000000
128009  12.190  -54.964  -21.472 0.6000000238
13458  12.558  -55.528  -20.508 0.6999999881
12765  11.731  -56.686  -26.519 0.5000000000
10988  12.561  -58.222  -25.769 0.6000000238
118930  12.708  -59.675  -26.959 0.6000000238
9241  13.330  -60.480  -26.590 0.5000000000
9258  12.586  -60.164  -27.632 0.6000000238
9278  12.383  -60.533  -28.399 0.5000000000
115974  12.112  -60.680  -29.128 0.6000000238
8504  12.177  -61.486  -29.493 0.6000000238
16839  10.902  -52.337  -22.840 0.4000000060
15086  10.116  -53.645  -21.538 0.6999999881
129761  10.153  -53.558  -19.606 0.5000000000
15049  10.495  -53.632  -18.715 0.5000000000
111829  11.543  -52.409  -23.178 0.6000000238
111237  10.672  -52.328  -23.882 0.5000000000
14227  11.048  -53.941  -19.437 0.6000000238
14242  11.735  -54.556  -19.748 0.5000000000
15964  12.724  -52.865  -22.752 0.5000000000
114309  9.703  -53.591  -22.808 0.6000000238
14243  11.083  -53.965  -20.543 0.8000000119
14271  10.615  -53.800  -22.966 0.6999999881
14257  11.077  -53.979  -21.392 0.8000000119
13459  12.292  -55.096  -19.865 0.6999999881
10136  12.144  -59.486  -28.039 0.6000000238
9259  12.208  -59.904  -28.460 0.6000000238
15031  9.930  -53.320  -18.160 0.5000000000
131107  10.178  -52.320  -23.299 0.5000000000
126654  8.423  -53.551  -21.505 0.6999999881
15030  10.637  -53.740  -17.744 0.5000000000
15945  12.735  -52.870  -21.811 0.4000000060
117067  12.217  -52.551  -22.452 0.4000000060
15085  13.106  -53.257  -22.049 0.4000000060
14269  13.487  -53.993  -22.887 0.5000000000
114291  14.012  -54.717  -23.140 0.4000000060
15032  8.939  -53.078  -18.624 0.5000000000
15011  10.109  -53.410  -17.215 0.5000000000
16821  10.225  -52.204  -22.216 0.3000000119
16840  9.346  -52.294  -23.175 0.3000000119
15069  9.156  -53.479  -20.360 0.6000000238
115261  13.609  -53.930  -21.936 0.4000000060
126237  13.996  -54.574  -22.340 0.4000000060
13501  14.439  -55.498  -23.340 0.4000000060
15070  7.773  -53.483  -20.945 0.6000000238
14268  14.621  -55.483  -22.213 0.4000000060
15910  7.874  -52.954  -19.038 0.5000000000
15886  9.313  -53.016  -17.672 0.5000000000
15931  11.235  -52.204  -20.306 0.3000000119
112473  9.887  -51.914  -21.021 0.3000000119
16822  9.102  -52.058  -21.948 0.3000000119
16842  6.962  -52.402  -22.981 0.4000000060
12717  14.896  -56.155  -22.821 0.4000000060
127554  15.415  -56.970  -22.846 0.4000000060
16823  7.874  -51.929  -21.643 0.4000000060
15911  6.708  -52.889  -19.409 0.6000000238
15870  7.913  -52.596  -17.354 0.4000000060
16824  6.578  -51.810  -21.456 0.4000000060
16784  10.697  -51.856  -19.255 0.3000000119
16785  9.893  -51.537  -19.147 0.3000000119
15888  7.405  -52.666  -18.336 0.5000000000
16825  5.246  -52.148  -21.946 0.4000000060
16826  4.635  -52.107  -22.155 0.4000000060
116977  3.381  -51.243  -20.113 0.5000000000
16807  4.909  -51.342  -21.038 0.4000000060
16808  4.108  -51.586  -21.114 0.4000000060
19460  7.436  -47.973  -21.194 0.3000000119
19461  6.820  -48.120  -20.853 0.3000000119
18559  5.921  -49.100  -20.624 0.3000000119
18538  5.425  -48.801  -20.040 0.3000000119
19412  5.824  -48.674  -19.563 0.3000000119
113282  8.927  -49.142  -12.619 0.4000000060
20405  7.591  -47.730  -21.111 0.3000000119
2271  23.284  -71.221  -13.176 0.3000000119
114582  31.038  -73.082  -22.489 0.4000000060
17646  4.543  -50.556  -20.545 0.3000000119
10166  12.668  -59.674  -29.240 0.6000000238
19299  8.874  -48.468  -10.286 0.4000000060
111810  13.000  -53.253  -23.395 0.5000000000
18560  5.301  -49.310  -20.329 0.3000000119
1593  28.394  -73.654  -24.091 0.4000000060
3429  18.501  -70.807  -27.411 0.5000000000
781  14.023  -75.577  -6.862 0.4000000060
347  10.603  -78.017  -6.959 0.5000000000
117753  16.337  -75.200  -9.288 0.5000000000
1442  29.374  -73.388  -12.020 0.4000000060
128835  13.903  -75.751  -5.699 0.4000000060
127276  17.631  -74.846  -9.413 0.4000000060
1472  30.406  -73.145  -13.740 0.4000000060
1810  29.091  -73.397  -11.380 0.4000000060
1799  28.121  -73.334  -10.236 0.4000000060
331  11.240  -77.942  -4.183 0.3000000119
1381  15.773  -73.866  -5.909 0.3000000119
1410  17.286  -73.342  -9.321 0.4000000060
1418  17.485  -74.191  -9.412 0.4000000060
1471  30.579  -72.993  -13.982 0.3000000119
117767  30.873  -73.182  -15.173 0.4000000060
1416  19.479  -73.103  -9.594 0.4000000060
1802  24.546  -72.266  -10.694 0.5000000000
457  18.300  -77.691  -23.041 0.5000000000
1152  30.502  -74.148  -16.959 0.4000000060
1791  19.940  -72.300  -9.728 0.4000000060
1790  20.806  -72.278  -9.378 0.5000000000
116966  27.437  -71.351  -14.861 0.3000000119
1885  30.980  -72.662  -16.709 0.3000000119
126511  31.207  -72.954  -15.719 0.3000000119
123644  31.760  -73.060  -16.979 0.3000000119
673  20.036  -77.626  -23.589 0.6000000238
2213  20.550  -71.553  -9.717 0.3000000119
2253  24.133  -71.516  -12.611 0.3000000119
914  19.227  -76.183  -22.158 0.5000000000
1207  31.100  -74.081  -20.010 0.4000000060
112735  21.400  -70.670  -10.891 0.3000000119
1961  30.173  -72.989  -25.011 0.4000000060
124217  29.853  -73.640  -22.925 0.4000000060
1578  28.939  -73.845  -22.654 0.4000000060
2418  28.261  -71.868  -26.834 0.3000000119
3310  25.166  -70.217  -15.918 0.3000000119
124092  17.836  -72.124  -26.698 0.6000000238
1590  30.561  -72.991  -24.087 0.3000000119
113237  24.492  -69.853  -15.751 0.3000000119
2801  24.327  -70.168  -15.350 0.3000000119
3360  28.835  -69.561  -20.837 0.3000000119
4016  17.827  -68.563  -28.805 0.5000000000
4048  16.984  -69.250  -30.969 0.6000000238
14256  11.426  -54.351  -22.021 0.6999999881
128186  10.628  -53.801  -22.113 0.6999999881
15068  10.229  -53.641  -20.425 0.6000000238
15932  10.766  -52.152  -21.206 0.3000000119
913  20.614  -75.487  -22.728 0.5000000000
904  20.283  -75.222  -21.917 0.5000000000
2436  24.868  -71.836  -30.837 0.6000000238
2438  19.358  -72.468  -29.648 0.4000000060
2935  20.400  -71.849  -29.607 0.5000000000
4633  16.732  -68.403  -31.671 0.5000000000
5207  20.467  -67.621  -32.717 0.5000000000
129760  18.655  -68.040  -32.370 0.5000000000
123214  17.757  -68.625  -32.059 0.5000000000
5202  15.208  -67.527  -31.299 0.5000000000
5200  17.573  -67.676  -31.691 0.5000000000
4638  21.171  -67.469  -32.706 0.5000000000
5191  14.723  -66.415  -30.827 0.4000000060
5198  20.001  -66.854  -32.646 0.5000000000
5199  18.830  -67.172  -32.028 0.5000000000
5190  15.791  -66.708  -30.878 0.5000000000
5752  13.839  -65.519  -30.866 0.5000000000
5758  18.919  -66.106  -31.571 0.6000000238
5759  17.954  -66.432  -31.051 0.5000000000
5751  15.481  -65.818  -30.581 0.5000000000
110550  11.775  -61.908  -30.001 0.5000000000
5748  18.142  -65.366  -30.778 0.6000000238
6414  12.054  -64.000  -31.214 0.5000000000
7095  11.354  -63.372  -30.551 0.5000000000
5749  17.197  -65.619  -30.595 0.6000000238
129439  14.842  -64.502  -30.577 0.6000000238
126065  12.941  -64.707  -31.085 0.5000000000
6419  19.979  -65.061  -31.839 0.6000000238
6412  17.211  -64.345  -30.543 0.6000000238
126884  16.484  -64.906  -30.520 0.6000000238
7103  13.495  -63.006  -30.640 0.6000000238
123567  16.146  -64.007  -30.495 0.6000000238
8527  12.175  -61.648  -30.093 0.5000000000
131781  12.272  -61.155  -29.464 0.5000000000
123000  15.246  -63.857  -30.532 0.6000000238
121463  14.300  -63.812  -30.618 0.6000000238
11774  12.475  -57.086  -19.480 0.5000000000
12667  12.493  -56.338  -19.265 0.5000000000
12688  12.813  -56.346  -19.861 0.5000000000
9300  12.687  -60.417  -29.468 0.6000000238
7101  15.714  -63.087  -30.480 0.6000000238
8518  12.859  -61.016  -29.896 0.6000000238
7102  14.700  -63.008  -30.546 0.6000000238
7803  14.014  -62.247  -30.463 0.6000000238
7802  15.143  -62.348  -30.339 0.6000000238
123354  6.034  -51.430  -20.815 0.3000000119
18432  8.448  -49.972  -12.692 0.3000000119
1290  25.740  -73.771  -29.055 0.5000000000
476  21.583  -77.457  -25.128 0.5000000000
1996  25.650  -72.852  -30.173 0.4000000060
679  21.181  -77.018  -25.453 0.4000000060
2430  24.687  -71.268  -30.423 0.4000000060
112772  19.950  -75.951  -22.433 0.4000000060
921  20.612  -76.126  -23.759 0.4000000060
672  20.508  -77.262  -24.008 0.4000000060
927  20.770  -76.769  -24.689 0.4000000060
4012  25.056  -68.649  -29.308 0.4000000060
3447  24.646  -69.035  -28.514 0.4000000060
2924  24.578  -70.486  -27.835 0.4000000060
905  19.588  -75.445  -21.703 0.4000000060
3456  24.770  -69.569  -29.558 0.4000000060
110225  24.559  -71.015  -28.994 0.4000000060
3426  24.505  -69.541  -26.442 0.4000000060
3412  24.522  -70.073  -25.747 0.5000000000
7100  16.658  -63.276  -30.456 0.5000000000
123890  17.908  -63.058  -30.365 0.5000000000
7801  16.112  -62.602  -30.259 0.5000000000
7800  17.137  -62.799  -30.263 0.5000000000
7777  17.375  -62.439  -28.473 0.5000000000
7794  15.487  -61.904  -30.013 0.5000000000
7764  16.462  -62.066  -27.609 0.5000000000
13431  11.859  -55.356  -18.478 0.4000000060
14216  11.115  -54.112  -18.345 0.4000000060
7793  16.417  -62.351  -29.857 0.5000000000
126072  14.838  -61.343  -29.796 0.5000000000
110447  24.441  -72.370  -30.406 0.5000000000
2929  24.649  -70.363  -29.695 0.4000000060
3438  24.569  -69.452  -27.559 0.4000000060
353  11.501  -77.846  -7.916 0.4000000060
211  11.578  -78.403  -7.715 0.4000000060
85  15.586  -79.243  -5.022 0.4000000060
363  12.408  -77.855  -8.347 0.4000000060
82  15.274  -78.967  -4.976 0.4000000060
210  12.627  -78.302  -8.232 0.4000000060
338  16.721  -78.166  -4.890 0.4000000060
190  15.174  -78.735  -5.330 0.4000000060
123222  14.564  -78.936  -5.351 0.4000000060
541  13.479  -76.615  -8.321 0.5000000000
550  13.290  -77.340  -8.585 0.4000000060
362  13.208  -77.876  -8.542 0.4000000060
199  14.354  -78.708  -6.416 0.4000000060
371  14.723  -76.855  -9.120 0.5000000000
114529  13.942  -76.921  -8.888 0.5000000000
209  13.875  -78.251  -8.376 0.4000000060
370  15.477  -77.039  -9.155 0.4000000060
115631  13.994  -77.515  -8.831 0.4000000060
351  17.190  -77.319  -7.523 0.4000000060
352  16.330  -77.932  -7.037 0.4000000060
198  15.456  -78.379  -6.762 0.4000000060
345  16.846  -77.656  -5.751 0.4000000060
189  16.088  -78.277  -5.492 0.4000000060
369  16.141  -77.207  -9.002 0.5000000000
360  15.625  -77.703  -8.705 0.4000000060
208  15.037  -78.290  -8.187 0.4000000060
358  16.874  -77.022  -8.814 0.5000000000
359  16.400  -77.634  -8.291 0.4000000060
207  15.788  -78.127  -8.010 0.4000000060
785  19.341  -75.276  -7.173 0.3000000119
779  19.778  -75.096  -6.166 0.3000000119
538  18.657  -75.933  -7.745 0.3000000119
791  19.225  -75.154  -8.275 0.4000000060
1388  22.887  -73.908  -6.456 0.3000000119
1053  21.735  -73.973  -6.667 0.4000000060
1054  20.780  -74.233  -7.056 0.4000000060
1055  19.936  -74.679  -7.395 0.4000000060
1398  22.082  -73.388  -7.500 0.4000000060
1064  20.391  -74.087  -8.198 0.4000000060
1409  19.976  -73.743  -9.116 0.3000000119
539  17.950  -76.606  -7.429 0.3000000119
1066  18.827  -74.813  -9.140 0.3000000119
792  18.616  -75.457  -8.788 0.4000000060
1406  22.943  -73.198  -7.442 0.4000000060
1065  19.635  -74.473  -8.713 0.3000000119
1399  21.188  -73.697  -7.801 0.4000000060
110221  21.511  -73.115  -8.459 0.4000000060
1408  20.745  -73.451  -8.740 0.4000000060
548  17.610  -76.664  -8.448 0.4000000060
793  18.006  -75.980  -8.909 0.4000000060
129878  23.627  -73.648  -6.827 0.4000000060
1779  23.975  -72.730  -8.076 0.4000000060
1773  23.774  -73.206  -7.455 0.4000000060
117950  24.301  -72.562  -8.931 0.4000000060
1789  23.273  -72.239  -8.804 0.4000000060
555  17.155  -76.266  -9.179 0.4000000060
799  18.126  -75.193  -9.292 0.3000000119
800  17.411  -75.482  -9.343 0.4000000060
1077  18.214  -74.456  -9.421 0.3000000119
1777  25.479  -73.290  -8.483 0.4000000060
1787  26.572  -73.428  -8.931 0.4000000060
1788  25.236  -72.664  -9.645 0.4000000060
1407  22.300  -72.763  -8.237 0.4000000060
549  15.522  -76.427  -9.238 0.4000000060
1078  16.939  -74.860  -9.379 0.3000000119
794  15.114  -75.766  -9.003 0.4000000060
802  15.946  -75.788  -9.308 0.4000000060
556  16.248  -76.502  -9.240 0.4000000060
801  16.671  -75.702  -9.348 0.4000000060
1780  23.107  -72.589  -8.117 0.4000000060
0  15.183  -79.820  -5.700 0.4000000060
361  14.789  -77.668  -8.884 0.4000000060
880  26.311  -75.196  -19.264 0.3000000119
894  16.235  -75.138  -20.706 0.6999999881
906  18.745  -75.564  -21.484 0.4000000060
909  15.382  -75.607  -21.263 0.5000000000
945  22.800  -75.968  -28.005 0.6999999881
946  22.483  -75.752  -28.178 0.6999999881
950  22.731  -75.356  -28.718 0.6999999881
1068  15.796  -74.307  -8.513 0.4000000060
1151  31.336  -73.703  -17.269 0.4000000060
1155  27.342  -73.911  -16.860 0.4000000060
1232  19.900  -74.868  -21.360 0.6000000238
1239  24.640  -74.491  -22.778 0.3000000119
1240  21.699  -74.422  -23.187 0.6000000238
1270  21.191  -75.885  -25.970 0.6000000238
1286  24.372  -75.116  -28.485 0.6999999881
1292  23.492  -75.226  -29.002 0.6999999881
1293  22.997  -74.973  -29.353 0.6999999881
1294  24.072  -74.434  -29.716 0.6000000238
1295  23.423  -74.335  -29.742 0.6999999881
1455  30.275  -73.042  -13.324 0.4000000060
1457  29.598  -73.492  -12.506 0.3000000119
1517  31.881  -72.941  -17.280 0.3000000119
1518  31.865  -73.215  -17.651 0.3000000119
1529  31.907  -73.314  -18.530 0.3000000119
1539  18.134  -73.133  -19.258 0.8000000119
1552  30.876  -73.946  -20.816 0.4000000060
1554  19.569  -73.654  -19.934 0.6999999881
1555  18.726  -73.618  -19.613 0.8000000119
1564  31.118  -73.339  -21.535 0.4000000060
1598  17.757  -72.930  -24.597 0.6000000238
1603  30.312  -73.033  -24.624 0.4000000060
1604  29.481  -73.464  -24.439 0.4000000060
1619  18.025  -73.193  -26.381 0.5000000000
1628  17.106  -73.258  -26.239 0.6000000238
1640  23.271  -73.927  -29.498 0.6999999881
1641  25.607  -73.355  -29.713 0.5000000000
1644  23.558  -73.930  -29.959 0.6999999881
1798  28.699  -73.514  -10.656 0.4000000060
1825  27.914  -72.315  -11.924 0.4000000060
1835  30.067  -72.930  -12.913 0.4000000060
1875  31.540  -72.959  -16.595 0.3000000119
1876  31.161  -72.911  -15.707 0.3000000119
1901  18.686  -71.441  -18.775 0.8999999762
1915  19.479  -72.418  -18.821 0.8000000119
1916  18.475  -72.251  -18.868 0.6999999881
1928  22.495  -71.929  -20.209 0.6000000238
1930  21.002  -73.063  -20.024 0.6999999881
1931  16.907  -72.125  -19.936 0.6999999881
1933  15.969  -72.627  -21.315 0.6999999881
1939  22.781  -72.643  -21.335 0.6999999881
1942  15.876  -72.844  -22.196 0.6999999881
1955  30.468  -72.973  -24.396 0.3000000119
1959  16.932  -72.612  -23.219 0.6000000238
1963  24.447  -71.713  -24.412 0.6000000238
1972  23.805  -72.899  -25.590 0.8000000119
1987  15.561  -73.103  -26.968 0.6000000238
2269  27.229  -71.538  -13.448 0.4000000060
2317  21.034  -71.036  -18.656 0.6000000238
2318  20.267  -71.168  -18.559 0.8000000119
2359  23.001  -72.001  -20.895 0.6000000238
2361  17.139  -71.594  -21.046 0.6999999881
2372  17.578  -71.554  -21.958 0.6999999881
2394  19.424  -71.830  -24.923 0.6000000238
2409  16.715  -71.814  -26.328 0.6000000238
2417  28.818  -72.540  -26.515 0.3000000119
2431  19.864  -72.508  -29.243 0.4000000060
2437  19.750  -72.207  -30.013 0.5000000000
2442  19.559  -71.793  -30.630 0.6999999881
2443  19.322  -72.133  -30.225 0.6000000238
2787  24.617  -70.565  -14.835 0.3000000119
2799  25.714  -70.600  -15.464 0.3000000119
2819  21.459  -70.531  -18.757 0.6000000238
2836  22.167  -70.567  -19.250 0.5000000000
2869  24.105  -70.236  -22.306 0.5000000000
2906  24.607  -70.859  -25.514 0.6000000238
2907  20.315  -70.944  -25.760 0.6000000238
2909  16.994  -70.807  -25.731 0.6000000238
2930  18.838  -72.030  -29.355 0.5000000000
2940  20.221  -71.596  -30.447 0.5000000000
2941  19.058  -71.677  -30.743 0.6000000238
2943  19.412  -71.246  -31.279 0.6999999881
3315  24.919  -70.157  -16.699 0.3000000119
3333  21.163  -69.840  -18.604 0.6000000238
3352  19.342  -69.173  -18.961 0.6999999881
3353  18.934  -69.419  -19.430 0.6999999881
3402  17.314  -68.905  -25.123 0.5000000000
3416  17.274  -69.882  -25.318 0.6000000238
3428  20.264  -69.440  -26.175 0.6000000238
3439  20.701  -70.781  -27.869 0.5000000000
3448  20.682  -70.849  -28.956 0.6000000238
3457  20.710  -70.938  -30.006 0.6999999881
3466  20.446  -70.800  -30.891 0.6999999881
3468  17.855  -69.962  -31.185 0.6000000238
3469  17.114  -69.221  -31.308 0.6000000238
3470  20.064  -70.488  -31.664 0.6999999881
3471  19.227  -70.545  -31.889 0.6999999881
3474  18.962  -69.800  -32.315 0.6999999881
3879  20.969  -69.195  -18.597 0.6000000238
3894  21.169  -68.523  -18.812 0.6000000238
3895  20.387  -68.039  -18.787 0.6000000238
3916  18.414  -68.436  -21.410 0.6999999881
3929  18.528  -68.037  -23.169 0.6999999881
3950  18.741  -67.973  -24.052 0.6999999881
3967  17.123  -67.452  -25.702 0.6000000238
3980  19.789  -68.536  -26.267 0.6999999881
3981  17.799  -68.904  -26.499 0.6000000238
3997  20.119  -68.545  -27.777 0.6999999881
4015  18.249  -69.658  -29.472 0.5000000000
4030  20.548  -69.155  -30.021 0.6999999881
4032  17.557  -68.960  -30.010 0.5000000000
4033  15.839  -68.571  -30.680 0.6000000238
4050  14.839  -68.342  -31.082 0.6000000238
4059  20.335  -68.963  -32.368 0.6000000238
4061  18.119  -69.732  -31.971 0.6000000238
4063  16.273  -68.601  -31.355 0.6000000238
4065  14.312  -68.107  -31.160 0.5000000000
4066  20.445  -68.320  -32.564 0.5000000000
4068  18.643  -68.998  -32.421 0.6000000238
4555  18.723  -67.059  -24.901 0.5000000000
4575  19.399  -67.601  -26.461 0.6000000238
4625  20.062  -67.352  -30.198 0.6000000238
4634  15.702  -68.134  -31.497 0.5000000000
4635  14.810  -67.919  -31.374 0.5000000000
4639  19.649  -68.272  -32.613 0.5000000000
5056  17.562  -66.360  -21.469 0.5000000000
5189  16.872  -66.679  -30.897 0.5000000000
5196  22.154  -66.579  -33.067 0.6000000238
5197  21.402  -67.239  -32.489 0.5000000000
5201  16.229  -67.676  -31.476 0.5000000000
5203  14.297  -67.299  -31.193 0.5000000000
5208  19.580  -67.614  -32.601 0.5000000000
5700  18.560  -65.872  -25.954 0.5000000000
5732  18.627  -65.481  -27.634 0.5000000000
5736  19.101  -65.793  -28.925 0.6000000238
5737  18.892  -65.205  -28.362 0.5000000000
5740  21.273  -65.222  -30.374 0.6000000238
5747  21.231  -66.074  -31.005 0.6000000238
5750  16.279  -65.783  -30.544 0.6000000238
5754  23.879  -64.748  -32.524 0.6999999881
5755  23.544  -65.542  -33.012 0.6999999881
5756  22.806  -66.060  -32.744 0.6000000238
5763  23.490  -65.453  -33.244 0.6999999881
5764  22.823  -65.941  -33.350 0.6000000238
5765  21.990  -66.401  -33.255 0.6000000238
6339  17.635  -64.550  -23.478 0.6000000238
6383  18.373  -64.883  -26.235 0.5000000000
6393  18.899  -64.233  -27.419 0.5000000000
6400  20.434  -64.282  -28.883 0.6000000238
6401  19.529  -64.978  -29.038 0.5000000000
6413  14.052  -64.625  -30.717 0.6000000238
6416  24.125  -64.234  -32.727 0.6999999881
6420  19.027  -65.133  -31.282 0.6999999881
6424  23.381  -65.331  -33.365 0.6999999881
6425  22.686  -65.440  -33.435 0.6999999881
7054  18.374  -63.613  -25.434 0.6000000238
7064  21.157  -62.981  -27.161 0.6000000238
7076  22.352  -63.080  -28.089 0.6999999881
7078  20.621  -63.450  -27.652 0.6000000238
7085  22.755  -63.332  -28.888 0.5000000000
7087  20.987  -63.686  -28.369 0.6000000238
7088  12.852  -63.349  -28.883 0.5000000000
7092  23.382  -63.436  -29.807 0.6000000238
7097  23.512  -64.013  -30.645 0.6000000238
7099  19.358  -63.415  -30.753 0.6000000238
7104  12.045  -63.176  -30.774 0.5000000000
7106  22.420  -63.664  -32.555 0.5000000000
7109  19.174  -64.218  -31.134 0.6000000238
7111  23.615  -63.459  -32.520 0.6000000238
7112  23.365  -64.544  -33.225 0.6999999881
7706  18.269  -62.497  -23.815 0.5000000000
7718  18.887  -62.456  -24.662 0.6000000238
7730  20.581  -62.185  -25.372 0.6000000238
7732  18.586  -63.034  -25.148 0.6000000238
7745  22.525  -62.315  -26.819 0.5000000000
7746  21.697  -62.547  -26.641 0.5000000000
7748  19.538  -63.057  -26.235 0.6000000238
7760  23.331  -62.221  -28.107 0.5000000000
7774  23.033  -62.844  -28.432 0.5000000000
7778  16.615  -62.338  -28.637 0.5000000000
7779  15.897  -62.030  -29.250 0.5000000000
7781  11.827  -62.302  -29.753 0.5000000000
7791  18.755  -62.553  -29.666 0.5000000000
7792  17.288  -62.548  -29.457 0.5000000000
7795  11.557  -62.733  -30.217 0.5000000000
7796  23.979  -62.674  -31.138 0.5000000000
7799  18.580  -62.977  -30.326 0.5000000000
7804  12.679  -62.245  -30.444 0.5000000000
7805  11.739  -62.456  -30.253 0.5000000000
8441  22.180  -61.309  -24.763 0.5000000000
8482  23.179  -61.945  -27.097 0.5000000000
8503  12.623  -61.372  -28.467 0.5000000000
8514  23.587  -61.999  -30.194 0.5000000000
8516  15.325  -61.413  -29.306 0.6000000238
8517  14.018  -61.077  -29.969 0.5000000000
8525  14.517  -61.679  -30.204 0.5000000000
8526  13.313  -61.571  -30.269 0.6000000238
9210  22.663  -60.654  -24.346 0.5000000000
9236  23.325  -60.600  -26.520 0.5000000000
9252  23.369  -61.094  -27.205 0.5000000000
9279  12.061  -60.000  -28.895 0.6000000238
9301  12.097  -60.241  -29.048 0.6000000238
10021  13.705  -59.367  -21.510 0.5000000000
10056  14.047  -59.615  -22.431 0.6000000238
10076  14.122  -60.176  -23.784 0.5000000000
10077  13.658  -59.238  -24.091 0.6000000238
10094  15.642  -59.592  -25.042 0.5000000000
10095  13.250  -59.095  -25.218 0.6000000238
10096  12.683  -59.047  -26.338 0.6000000238
10115  14.865  -58.954  -26.802 0.6000000238
10116  12.158  -58.952  -27.520 0.6000000238
10152  13.721  -59.301  -29.070 0.6999999881
10153  12.130  -59.490  -28.678 0.6000000238
10911  13.589  -58.543  -21.003 0.6000000238
10912  13.090  -58.439  -20.506 0.6000000238
10925  13.939  -59.349  -21.890 0.5000000000
10952  13.827  -58.999  -23.143 0.6000000238
11021  14.389  -58.267  -27.615 0.6000000238
11795  13.390  -57.673  -20.598 0.6000000238
11876  14.644  -57.047  -25.028 0.6000000238
11898  12.239  -57.229  -25.697 0.6000000238
11911  11.643  -57.029  -27.377 0.6999999881
11923  13.898  -57.692  -28.201 0.8000000119
11926  11.669  -56.745  -27.799 0.6999999881
11933  13.196  -57.918  -28.620 0.6999999881
11934  12.743  -57.285  -28.525 0.6999999881
11936  11.764  -56.901  -28.103 0.6999999881
12646  12.260  -55.928  -18.815 0.5000000000
12687  13.080  -56.456  -20.728 0.6000000238
12701  13.462  -57.132  -21.049 0.5000000000
12718  13.433  -57.308  -21.833 0.5000000000
12754  13.961  -55.870  -26.004 0.6999999881
12755  11.957  -56.348  -25.606 0.6000000238
12775  12.987  -55.884  -28.155 0.8000000119
12781  13.169  -56.538  -28.316 0.8000000119
12782  12.382  -56.693  -28.301 0.6999999881
13445  12.523  -55.731  -19.496 0.5000000000
13446  12.195  -55.192  -19.127 0.4000000060
13487  15.334  -56.454  -22.100 0.4000000060
13502  12.222  -55.807  -23.852 0.6000000238
13516  13.839  -54.998  -26.704 0.6999999881
13517  11.307  -54.797  -25.579 0.6999999881
13525  11.533  -55.287  -26.891 0.6999999881
13531  12.776  -55.041  -27.809 0.8000000119
14226  11.658  -54.612  -18.846 0.4000000060
14291  13.511  -54.310  -25.041 0.6000000238
14298  13.619  -54.095  -26.900 0.6999999881
14299  11.233  -53.778  -25.913 0.8000000119
14305  13.406  -54.021  -27.329 0.8000000119
15050  9.546  -53.353  -19.186 0.5000000000
15051  8.430  -53.260  -19.710 0.5000000000
15053  5.768  -53.295  -20.742 0.6000000238
15088  7.922  -53.537  -22.582 0.6999999881
15099  13.184  -53.409  -22.583 0.4000000060
15103  6.441  -53.163  -23.425 0.6000000238
15104  5.701  -53.144  -23.154 0.6000000238
15105  5.128  -53.034  -22.723 0.5000000000
15114  12.234  -52.486  -24.773 0.6999999881
15119  6.209  -53.071  -23.464 0.6000000238
15125  12.619  -52.762  -25.370 0.6999999881
15126  10.230  -53.096  -25.059 0.8000000119
15127  9.608  -53.067  -24.741 0.6999999881
15128  8.931  -52.969  -24.431 0.6999999881
15135  11.577  -53.024  -26.063 0.8000000119
15144  13.232  -53.508  -26.797 0.6999999881
15145  12.473  -53.071  -26.418 0.8000000119
15860  5.204  -52.007  -16.487 0.6000000238
15887  8.396  -52.781  -18.046 0.5000000000
15891  3.720  -51.545  -19.525 0.6000000238
15914  3.786  -51.948  -20.866 0.6000000238
15934  4.284  -52.385  -21.595 0.6000000238
15950  4.585  -52.717  -22.145 0.4000000060
15951  4.105  -52.230  -21.456 0.6000000238
15965  12.166  -52.534  -23.266 0.6000000238
15966  9.708  -52.327  -23.831 0.6000000238
15982  9.208  -52.650  -24.281 0.6999999881
15990  11.463  -52.396  -25.049 0.8000000119
16752  3.333  -50.924  -17.467 0.5000000000
16753  2.916  -50.269  -17.845 0.4000000060
16803  10.398  -51.873  -20.161 0.3000000119
16809  3.718  -51.655  -20.842 0.5000000000
17566  3.719  -48.820  -13.962 0.6000000238
17572  4.380  -50.054  -14.302 0.6000000238
17573  3.009  -49.009  -14.644 0.5000000000
17586  2.726  -49.466  -15.821 0.5000000000
17593  2.798  -49.744  -16.399 0.5000000000
17599  2.823  -49.932  -17.064 0.4000000060
17608  3.124  -50.050  -18.584 0.5000000000
17627  3.642  -50.148  -19.526 0.5000000000
18450  2.452  -48.056  -14.721 0.4000000060
18471  2.713  -49.246  -15.675 0.4000000060
18488  3.215  -49.657  -16.869 0.4000000060
18503  3.492  -49.666  -17.965 0.5000000000
18558  6.604  -48.626  -20.706 0.3000000119
18561  4.195  -50.192  -20.190 0.6000000238
19321  9.535  -48.412  -11.684 0.5000000000
19343  4.165  -47.150  -13.691 0.4000000060
19350  2.818  -47.473  -14.442 0.4000000060
19351  2.475  -48.250  -15.022 0.4000000060
19435  6.260  -48.449  -20.304 0.3000000119
19462  6.158  -48.689  -20.571 0.3000000119
20285  8.908  -47.196  -10.944 0.5000000000
20307  9.302  -47.521  -12.839 0.4000000060
20319  9.379  -46.823  -13.071 0.4000000060
20323  4.669  -46.848  -13.911 0.4000000060
20332  4.377  -46.690  -14.280 0.4000000060
20333  3.410  -46.885  -14.018 0.5000000000
21277  9.511  -46.287  -12.973 0.3000000119
110263  14.247  -56.538  -25.669 0.6000000238
110472  18.444  -68.306  -22.294 0.6999999881
110514  18.517  -67.208  -23.990 0.6000000238
110965  18.503  -66.055  -25.053 0.5000000000
111473  11.746  -57.747  -27.679 0.6999999881
111760  21.663  -69.302  -18.902 0.6000000238
111908  12.439  -56.462  -24.027 0.6000000238
112918  24.564  -71.015  -27.086 0.6000000238
113426  8.673  -53.527  -22.897 0.6999999881
113574  7.026  -52.525  -17.729 0.5000000000
113668  20.922  -67.518  -31.481 0.6000000238
114357  18.513  -64.896  -27.142 0.5000000000
114388  14.910  -68.394  -30.628 0.5000000000
114814  19.739  -70.703  -18.561 0.8000000119
115009  11.458  -54.508  -26.494 0.6999999881
115533  18.311  -67.283  -23.171 0.6999999881
115568  11.807  -58.382  -27.916 0.6999999881
115601  6.883  -53.418  -23.088 0.6999999881
115675  19.165  -72.513  -29.374 0.4000000060
115860  13.183  -63.865  -30.807 0.6000000238
116324  3.480  -50.842  -20.205 0.5000000000
116518  20.935  -60.616  -23.357 0.5000000000
116719  19.626  -69.558  -18.699 0.6999999881
117488  15.161  -73.965  -21.053 0.6999999881
118251  19.769  -65.863  -32.060 0.6000000238
118991  24.626  -69.946  -28.661 0.4000000060
119437  19.648  -67.562  -28.025 0.6999999881
119682  11.959  -58.871  -28.341 0.6999999881
120005  13.138  -60.881  -27.331 0.5000000000
120092  18.397  -71.039  -19.066 0.8999999762
122086  3.775  -47.861  -15.256 0.3000000119
122361  28.580  -73.503  -14.215 0.3000000119
123415  32.011  -72.686  -19.917 0.4000000060
123462  27.589  -74.843  -19.066 0.4000000060
123526  23.416  -76.261  -26.686 0.6999999881
124011  13.105  -57.048  -20.136 0.5000000000
124260  14.799  -65.293  -30.621 0.6000000238
124343  4.035  -49.403  -16.127 0.4000000060
124466  24.024  -64.189  -32.919 0.6000000238
124468  23.525  -64.570  -31.487 0.6999999881
125158  23.214  -59.960  -25.377 0.5000000000
125320  19.682  -67.328  -29.066 0.6000000238
125620  20.227  -71.718  -26.055 0.6000000238
125669  10.859  -52.384  -24.559 0.6999999881
126057  10.832  -53.523  -25.282 0.8000000119
126211  13.337  -57.477  -22.587 0.6000000238
126316  22.627  -77.418  -24.821 0.6000000238
126719  11.810  -54.615  -20.782 0.6999999881
127311  15.626  -64.876  -30.527 0.6000000238
127455  18.585  -69.956  -21.076 0.8999999762
127730  14.279  -55.587  -24.155 0.4000000060
128529  5.358  -46.585  -14.857 0.3000000119
129048  26.984  -74.976  -19.321 0.3000000119
129090  20.537  -69.390  -32.040 0.6999999881
129967  30.692  -73.023  -14.342 0.3000000119
130009  17.235  -73.398  -25.031 0.6000000238
130112  21.680  -66.889  -33.019 0.6000000238
130145  22.396  -65.960  -33.433 0.6999999881
130279  21.665  -63.182  -31.902 0.5000000000
130351  5.804  -48.735  -20.350 0.3000000119
130432  26.903  -71.048  -19.575 0.3000000119
130520  19.484  -65.516  -19.504 0.6000000238
130547  17.863  -68.391  -28.071 0.5000000000
130599  16.332  -72.280  -20.982 0.6999999881
130693  4.237  -52.434  -20.901 0.6000000238
130717  29.623  -73.921  -22.198 0.4000000060
130784  26.169  -73.379  -29.134 0.5000000000
130793  12.423  -52.717  -25.885 0.8000000119
130822  13.900  -57.167  -28.018 0.6999999881
131377  29.846  -73.638  -15.305 0.3000000119
131502  11.711  -52.513  -25.504 0.8000000119
131641  12.914  -61.092  -27.851 0.5000000000
131651  29.368  -73.665  -23.216 0.4000000060
132010  13.374  -54.510  -27.617 0.8000000119
132199  18.125  -76.380  -8.233 0.3000000119
132223  16.703  -68.604  -30.179 0.5000000000
132302  13.860  -55.662  -26.749 0.8000000119
132318  24.398  -71.107  -23.058 0.5000000000
132408  18.276  -65.877  -24.490 0.5000000000
132473  23.895  -65.005  -33.107 0.6999999881
132474  23.743  -71.078  -13.739 0.3000000119
132499  25.292  -74.636  -26.514 0.4000000060
132588  32.103  -72.736  -19.366 0.3000000119
132721  14.248  -60.245  -29.383 0.6999999881
132789  9.397  -53.568  -22.253 0.6000000238
132927  28.298  -71.615  -19.592 0.3000000119
132955  9.404  -53.582  -21.124 0.6000000238
