#!ascii label  , from subject sub-v2s15x29729_ses-1 vox2ras=TkReg
395
60502  -22.605  -5.694  -29.093 0.0000000000
58556  -19.811  -7.968  -25.813 0.0000000000
56575  -26.038  -9.255  -27.534 0.0000000000
52419  -22.942  -13.615  -25.214 0.0000000000
70639  -25.480  4.308  -36.566 0.0000000000
113817  -27.204  0.481  -36.639 0.0000000000
64369  -22.282  -2.809  -30.097 0.0000000000
48423  -22.586  -17.423  -22.457 0.0000000000
114597  -21.443  -10.978  -25.566 0.0000000000
53463  -20.232  -12.846  -23.863 0.0000000000
69689  -25.961  2.869  -36.657 0.0000000000
66626  -24.550  0.689  -34.475 0.0000000000
62402  -18.217  -3.692  -27.046 0.0000000000
131980  -16.808  -1.467  -27.446 0.0000000000
62435  -22.333  -3.692  -28.964 0.0000000000
120349  -25.783  -3.502  -32.018 0.0000000000
136901  -26.055  -4.754  -31.279 0.0000000000
60522  -27.054  -5.395  -30.197 0.0000000000
60456  -16.646  -5.326  -25.764 0.0000000000
59511  -21.289  -6.499  -26.553 0.0000000000
58610  -24.668  -8.031  -29.227 0.0000000000
56572  -22.618  -9.611  -27.058 0.0000000000
54548  -24.585  -11.832  -26.735 0.0000000000
53488  -26.135  -12.162  -24.200 0.0000000000
65443  -22.531  -1.153  -31.600 0.0000000000
65459  -25.458  -1.079  -34.015 0.0000000000
65481  -28.566  -0.823  -35.621 0.0000000000
51301  -20.245  -14.820  -23.000 0.0000000000
127769  -23.136  -15.009  -24.297 0.0000000000
54510  -19.612  -11.286  -24.065 0.0000000000
53462  -19.406  -12.787  -23.252 0.0000000000
67768  -24.323  1.612  -34.672 0.0000000000
66615  -22.958  0.988  -32.986 0.0000000000
61440  -21.757  -4.503  -26.624 0.0000000000
62404  -20.904  -3.437  -26.656 0.0000000000
60518  -22.418  -5.023  -29.265 0.0000000000
61503  -24.650  -4.758  -31.034 0.0000000000
60534  -25.129  -5.379  -30.841 0.0000000000
130653  -26.497  -4.968  -30.989 0.0000000000
59575  -25.683  -5.780  -30.661 0.0000000000
119052  -18.553  -6.993  -25.577 0.0000000000
60458  -18.781  -5.524  -26.231 0.0000000000
58575  -20.661  -7.397  -26.330 0.0000000000
57627  -21.984  -8.054  -27.280 0.0000000000
56562  -21.267  -9.008  -26.388 0.0000000000
53503  -22.097  -12.530  -25.334 0.0000000000
54546  -22.834  -11.468  -26.265 0.0000000000
52432  -24.153  -12.885  -26.121 0.0000000000
53506  -25.258  -12.408  -25.583 0.0000000000
52422  -24.924  -13.142  -25.272 0.0000000000
70630  -24.195  4.869  -35.435 0.0000000000
71576  -23.882  5.677  -35.203 0.0000000000
71587  -25.530  5.611  -36.812 0.0000000000
72574  -25.830  6.767  -38.222 0.0000000000
70657  -26.892  4.504  -38.314 0.0000000000
67786  -26.890  1.272  -36.815 0.0000000000
64336  -21.183  -2.543  -27.020 0.0000000000
64335  -21.567  -2.198  -27.221 0.0000000000
123982  -22.311  -2.185  -30.362 0.0000000000
64392  -23.408  -1.473  -32.430 0.0000000000
63424  -23.534  -2.300  -32.074 0.0000000000
63441  -27.160  -2.486  -32.716 0.0000000000
64407  -27.414  -2.247  -33.491 0.0000000000
64425  -29.056  -1.308  -34.586 0.0000000000
56584  -25.535  -9.044  -28.473 0.0000000000
58613  -26.678  -6.628  -29.064 0.0000000000
134958  -20.524  -16.697  -22.152 0.0000000000
49310  -21.509  -16.124  -23.028 0.0000000000
51340  -21.471  -14.863  -23.767 0.0000000000
49329  -22.780  -16.244  -23.377 0.0000000000
56546  -19.604  -9.334  -25.067 0.0000000000
56547  -20.425  -9.694  -25.453 0.0000000000
55549  -20.429  -10.504  -25.024 0.0000000000
54512  -20.911  -11.907  -24.769 0.0000000000
52395  -21.689  -13.464  -24.664 0.0000000000
69683  -24.557  3.399  -35.847 0.0000000000
69697  -26.029  3.823  -36.831 0.0000000000
68784  -25.104  2.575  -36.063 0.0000000000
67776  -25.423  1.554  -35.830 0.0000000000
66636  -25.746  0.669  -35.578 0.0000000000
62400  -15.641  -3.161  -27.011 0.0000000000
63345  -16.670  -2.433  -27.285 0.0000000000
63348  -21.406  -2.982  -26.844 0.0000000000
63380  -22.309  -3.158  -29.633 0.0000000000
63411  -24.390  -3.121  -31.961 0.0000000000
62470  -25.396  -3.903  -31.738 0.0000000000
62481  -25.974  -4.084  -31.668 0.0000000000
62483  -26.834  -3.450  -31.675 0.0000000000
62474  -27.580  -3.631  -30.995 0.0000000000
47573  -24.263  -17.785  -21.280 0.0000000000
49313  -24.163  -16.797  -22.272 0.0000000000
62384  -17.863  -4.381  -26.703 0.0000000000
61438  -19.444  -4.847  -26.472 0.0000000000
59544  -22.067  -6.045  -27.842 0.0000000000
59546  -23.331  -6.916  -29.115 0.0000000000
58595  -22.697  -7.314  -28.336 0.0000000000
57629  -23.506  -8.859  -28.073 0.0000000000
56574  -24.562  -9.895  -27.863 0.0000000000
55561  -22.516  -10.516  -26.520 0.0000000000
55573  -24.022  -10.622  -27.454 0.0000000000
55575  -25.324  -10.712  -27.211 0.0000000000
55551  -26.190  -10.625  -25.652 0.0000000000
54514  -26.355  -11.404  -24.426 0.0000000000
69706  -27.182  3.505  -38.057 0.0000000000
136551  -23.475  0.068  -33.403 0.0000000000
66618  -24.838  -0.329  -34.197 0.0000000000
66628  -26.214  -0.156  -35.268 0.0000000000
130964  -25.289  -2.094  -32.965 0.0000000000
65469  -26.758  -1.016  -34.916 0.0000000000
65480  -28.069  -0.783  -35.989 0.0000000000
58624  -26.397  -5.940  -30.319 0.0000000000
60506  -27.446  -5.594  -29.559 0.0000000000
52356  -19.171  -13.411  -22.692 0.0000000000
52374  -19.862  -13.553  -23.297 0.0000000000
51339  -21.446  -14.104  -24.203 0.0000000000
51341  -23.003  -14.310  -24.763 0.0000000000
50259  -24.465  -15.988  -22.617 0.0000000000
51320  -24.434  -14.838  -23.750 0.0000000000
51344  -24.807  -14.059  -24.034 0.0000000000
131883  -22.688  0.580  -32.612 0.0000000000
60501  -22.300  -5.489  -28.462 0.0000000000
125762  -22.270  -4.754  -28.474 0.0000000000
60519  -23.062  -5.433  -29.704 0.0000000000
60533  -23.783  -5.130  -30.436 0.0000000000
60520  -23.990  -5.793  -30.182 0.0000000000
60535  -25.904  -5.274  -31.035 0.0000000000
59574  -24.823  -6.019  -30.417 0.0000000000
57594  -19.052  -8.483  -25.139 0.0000000000
58555  -18.806  -7.634  -25.413 0.0000000000
59490  -19.525  -7.119  -25.940 0.0000000000
57614  -21.350  -8.173  -26.665 0.0000000000
57613  -20.659  -8.414  -26.142 0.0000000000
53504  -22.857  -12.821  -25.617 0.0000000000
129864  -23.624  -12.618  -26.121 0.0000000000
52420  -23.629  -13.280  -25.697 0.0000000000
52421  -24.262  -13.460  -25.544 0.0000000000
70638  -24.684  4.297  -36.152 0.0000000000
119070  -24.640  5.121  -36.121 0.0000000000
122775  -25.236  5.000  -36.515 0.0000000000
71593  -25.869  5.554  -37.354 0.0000000000
71594  -26.234  5.064  -37.810 0.0000000000
70648  -25.894  4.793  -36.975 0.0000000000
67794  -27.364  1.400  -37.280 0.0000000000
67787  -27.696  0.714  -37.246 0.0000000000
66645  -27.957  0.208  -36.891 0.0000000000
63379  -22.337  -2.981  -28.839 0.0000000000
123474  -20.074  -2.034  -27.250 0.0000000000
64351  -22.532  -2.475  -27.730 0.0000000000
120051  -22.310  -2.443  -29.238 0.0000000000
63409  -22.348  -2.215  -30.946 0.0000000000
63423  -22.772  -1.827  -31.837 0.0000000000
128941  -22.505  -2.166  -31.324 0.0000000000
63429  -27.786  -2.363  -32.638 0.0000000000
64408  -28.285  -2.170  -33.742 0.0000000000
57630  -25.676  -8.787  -28.416 0.0000000000
57631  -25.967  -8.027  -27.801 0.0000000000
48422  -21.744  -17.637  -22.206 0.0000000000
48421  -21.241  -16.790  -22.420 0.0000000000
49309  -20.731  -16.131  -22.589 0.0000000000
122133  -22.147  -16.739  -22.831 0.0000000000
49328  -22.169  -16.056  -23.364 0.0000000000
49311  -22.950  -16.838  -22.905 0.0000000000
56526  -19.160  -9.891  -24.441 0.0000000000
56527  -19.932  -9.989  -24.900 0.0000000000
55532  -19.820  -10.578  -24.525 0.0000000000
53484  -20.261  -11.979  -24.236 0.0000000000
53485  -20.789  -12.547  -24.428 0.0000000000
53486  -21.475  -12.695  -24.862 0.0000000000
52394  -21.042  -13.248  -24.327 0.0000000000
69676  -24.116  3.426  -34.987 0.0000000000
68783  -24.495  2.767  -35.418 0.0000000000
68777  -24.148  2.480  -34.856 0.0000000000
67761  -23.724  1.076  -34.134 0.0000000000
67769  -25.019  1.168  -35.087 0.0000000000
135685  -16.420  -3.485  -26.785 0.0000000000
62401  -17.261  -3.133  -27.205 0.0000000000
62418  -22.371  -3.730  -27.799 0.0000000000
63347  -20.060  -2.926  -26.975 0.0000000000
63349  -22.298  -3.246  -26.915 0.0000000000
63365  -22.396  -3.300  -28.333 0.0000000000
62436  -22.324  -3.659  -29.834 0.0000000000
62456  -22.713  -3.654  -30.606 0.0000000000
62457  -23.789  -4.043  -31.114 0.0000000000
61513  -25.744  -5.066  -31.538 0.0000000000
124072  -25.729  -4.441  -31.482 0.0000000000
62472  -26.041  -4.270  -31.635 0.0000000000
62482  -26.194  -3.716  -31.796 0.0000000000
62473  -27.040  -3.976  -31.304 0.0000000000
132105  -27.010  -3.844  -31.418 0.0000000000
60538  -26.904  -4.946  -30.696 0.0000000000
61504  -27.012  -4.847  -30.694 0.0000000000
61492  -27.262  -5.044  -30.263 0.0000000000
113227  -23.846  -18.522  -21.127 0.0000000000
113035  -25.187  -17.988  -20.171 0.0000000000
61436  -16.678  -4.607  -26.307 0.0000000000
128191  -17.527  -4.939  -26.307 0.0000000000
59510  -20.303  -6.390  -26.186 0.0000000000
60459  -19.942  -5.575  -26.226 0.0000000000
60460  -21.038  -5.664  -26.356 0.0000000000
122997  -21.848  -5.837  -26.778 0.0000000000
59531  -21.916  -6.616  -27.209 0.0000000000
59532  -22.187  -6.732  -27.984 0.0000000000
57628  -22.700  -8.741  -27.586 0.0000000000
56582  -24.347  -9.232  -28.272 0.0000000000
56573  -23.546  -9.609  -27.663 0.0000000000
55550  -21.001  -10.407  -25.536 0.0000000000
56548  -21.146  -9.721  -25.986 0.0000000000
55560  -21.652  -10.420  -26.011 0.0000000000
128912  -23.566  -11.870  -26.511 0.0000000000
55562  -23.408  -11.042  -26.843 0.0000000000
54547  -24.129  -11.508  -27.085 0.0000000000
55574  -24.805  -10.562  -27.472 0.0000000000
54560  -24.757  -11.239  -27.178 0.0000000000
55563  -25.709  -10.795  -26.533 0.0000000000
54549  -25.183  -11.433  -26.746 0.0000000000
53487  -25.537  -12.660  -24.739 0.0000000000
54513  -25.813  -11.876  -24.974 0.0000000000
122787  -26.578  -11.631  -23.674 0.0000000000
69698  -26.692  3.033  -37.359 0.0000000000
65387  -16.065  -1.528  -27.204 0.0000000000
64378  -22.305  -1.995  -30.465 0.0000000000
66607  -22.714  -0.039  -32.381 0.0000000000
65450  -22.990  -0.540  -32.547 0.0000000000
64405  -24.801  -1.203  -33.523 0.0000000000
134070  -24.296  -0.504  -33.698 0.0000000000
65468  -25.777  -0.609  -34.615 0.0000000000
63425  -25.405  -3.429  -32.077 0.0000000000
64394  -25.300  -2.742  -32.491 0.0000000000
63439  -25.862  -2.638  -32.612 0.0000000000
64423  -28.051  -2.059  -34.340 0.0000000000
64422  -27.255  -1.818  -34.317 0.0000000000
65470  -27.984  -1.387  -35.189 0.0000000000
65479  -27.255  -0.609  -35.668 0.0000000000
58622  -24.320  -7.240  -29.548 0.0000000000
58623  -25.308  -7.326  -29.751 0.0000000000
59547  -27.128  -6.089  -29.341 0.0000000000
123722  -19.703  -15.005  -22.517 0.0000000000
51300  -19.601  -14.251  -22.727 0.0000000000
51318  -20.233  -14.179  -23.276 0.0000000000
50275  -22.577  -15.552  -23.786 0.0000000000
50293  -22.256  -14.786  -24.229 0.0000000000
52396  -22.270  -13.938  -24.717 0.0000000000
49331  -23.969  -16.404  -22.950 0.0000000000
55531  -19.208  -10.581  -24.093 0.0000000000
54487  -19.111  -11.536  -23.488 0.0000000000
115524  -19.612  -12.084  -23.685 0.0000000000
67767  -23.418  2.023  -34.321 0.0000000000
67760  -23.010  1.367  -33.751 0.0000000000
125054  -23.311  0.634  -33.528 0.0000000000
62386  -20.139  -4.114  -26.570 0.0000000000
62403  -19.405  -3.509  -26.848 0.0000000000
62387  -21.135  -4.071  -26.514 0.0000000000
62405  -21.973  -3.808  -26.712 0.0000000000
61490  -22.353  -4.277  -29.263 0.0000000000
61502  -23.305  -4.435  -30.548 0.0000000000
124923  -22.802  -4.814  -29.958 0.0000000000
60547  -25.842  -5.080  -31.130 0.0000000000
60548  -26.046  -5.217  -31.384 0.0000000000
61515  -26.600  -4.654  -31.161 0.0000000000
60536  -26.001  -5.169  -31.084 0.0000000000
59577  -26.310  -5.560  -30.628 0.0000000000
59488  -17.894  -6.533  -25.466 0.0000000000
60439  -18.115  -6.011  -25.944 0.0000000000
60457  -17.801  -5.475  -26.102 0.0000000000
59489  -19.015  -6.316  -25.960 0.0000000000
58576  -21.581  -7.320  -26.904 0.0000000000
57615  -21.952  -8.879  -26.919 0.0000000000
54529  -21.603  -11.790  -25.329 0.0000000000
54545  -22.068  -11.184  -25.878 0.0000000000
133772  -23.085  -12.169  -26.006 0.0000000000
53516  -24.093  -12.247  -26.562 0.0000000000
53518  -24.981  -12.109  -26.264 0.0000000000
53505  -24.668  -12.820  -25.955 0.0000000000
70622  -23.959  4.344  -34.865 0.0000000000
131696  -25.546  6.333  -37.345 0.0000000000
71602  -26.607  5.490  -38.734 0.0000000000
68798  -26.814  2.184  -36.901 0.0000000000
64334  -19.246  -1.657  -27.393 0.0000000000
64350  -22.350  -2.207  -28.150 0.0000000000
64380  -22.465  -1.606  -31.402 0.0000000000
65449  -22.711  -0.922  -31.964 0.0000000000
65451  -24.459  -1.800  -32.874 0.0000000000
63440  -26.565  -2.651  -32.567 0.0000000000
64434  -28.698  -1.221  -35.045 0.0000000000
57643  -25.848  -8.412  -29.008 0.0000000000
57649  -25.545  -8.062  -29.299 0.0000000000
57644  -26.148  -7.700  -29.068 0.0000000000
58596  -26.554  -6.952  -28.189 0.0000000000
49308  -20.018  -16.198  -22.134 0.0000000000
50257  -20.191  -15.525  -22.593 0.0000000000
50258  -20.963  -15.372  -23.190 0.0000000000
50274  -21.818  -15.491  -23.601 0.0000000000
57595  -20.079  -8.814  -25.589 0.0000000000
54528  -20.947  -11.152  -25.151 0.0000000000
54511  -20.349  -11.228  -24.613 0.0000000000
52418  -22.203  -13.225  -25.111 0.0000000000
125935  -23.502  3.849  -34.578 0.0000000000
120862  -24.261  4.050  -35.397 0.0000000000
69688  -25.260  3.534  -36.378 0.0000000000
67775  -24.817  2.052  -35.203 0.0000000000
67785  -26.111  1.967  -36.386 0.0000000000
67777  -26.261  0.993  -36.283 0.0000000000
66637  -26.672  0.155  -36.020 0.0000000000
64319  -17.355  -1.794  -27.485 0.0000000000
122507  -18.661  -3.011  -27.219 0.0000000000
63346  -17.970  -2.417  -27.439 0.0000000000
116503  -19.361  -2.439  -27.250 0.0000000000
63364  -22.418  -3.058  -27.451 0.0000000000
135905  -22.355  -2.849  -30.451 0.0000000000
63397  -22.433  -2.834  -30.978 0.0000000000
62468  -23.042  -3.358  -31.223 0.0000000000
62469  -24.139  -3.592  -31.547 0.0000000000
61512  -24.925  -4.329  -31.421 0.0000000000
62480  -25.790  -4.025  -31.718 0.0000000000
63426  -26.097  -3.391  -32.034 0.0000000000
63427  -26.440  -3.111  -32.102 0.0000000000
63428  -27.143  -2.794  -31.981 0.0000000000
63412  -27.475  -2.937  -31.574 0.0000000000
136687  -27.946  -3.014  -30.998 0.0000000000
62458  -27.103  -4.413  -31.024 0.0000000000
56565  -26.373  -9.494  -26.619 0.0000000000
47586  -23.072  -17.910  -22.071 0.0000000000
48424  -23.596  -17.374  -22.193 0.0000000000
129697  -23.149  -17.291  -22.501 0.0000000000
128180  -17.085  -3.854  -26.735 0.0000000000
61437  -18.405  -4.892  -26.484 0.0000000000
62385  -18.884  -4.231  -26.753 0.0000000000
61439  -20.720  -4.811  -26.423 0.0000000000
129402  -21.581  -5.155  -26.556 0.0000000000
59545  -22.563  -6.331  -28.610 0.0000000000
59560  -24.096  -6.480  -29.803 0.0000000000
58609  -23.630  -7.718  -28.839 0.0000000000
124553  -22.451  -7.932  -27.854 0.0000000000
57640  -23.081  -8.182  -28.240 0.0000000000
57641  -24.014  -8.499  -28.602 0.0000000000
57642  -25.111  -8.766  -28.801 0.0000000000
56583  -25.087  -9.391  -28.297 0.0000000000
121172  -25.432  -9.740  -27.795 0.0000000000
130720  -20.715  -9.131  -25.940 0.0000000000
56563  -21.853  -9.689  -26.491 0.0000000000
55572  -23.221  -10.270  -27.126 0.0000000000
56564  -25.846  -10.071  -27.043 0.0000000000
55564  -26.142  -10.169  -26.314 0.0000000000
54531  -25.604  -11.514  -25.872 0.0000000000
54532  -26.132  -11.224  -25.143 0.0000000000
70649  -26.463  4.134  -37.520 0.0000000000
69699  -27.388  2.553  -38.003 0.0000000000
66616  -23.060  0.167  -32.934 0.0000000000
66617  -23.902  0.110  -33.896 0.0000000000
65458  -23.745  -0.646  -33.175 0.0000000000
66627  -25.352  0.290  -34.856 0.0000000000
64393  -24.417  -2.512  -32.371 0.0000000000
119466  -25.754  -1.818  -33.402 0.0000000000
64406  -26.583  -2.167  -33.367 0.0000000000
65460  -26.254  -1.451  -34.152 0.0000000000
66638  -27.675  -0.222  -36.359 0.0000000000
59561  -25.069  -6.627  -30.211 0.0000000000
59562  -25.882  -6.423  -30.295 0.0000000000
58612  -26.559  -6.506  -29.682 0.0000000000
59563  -26.859  -5.814  -30.054 0.0000000000
51319  -20.840  -14.506  -23.556 0.0000000000
52375  -20.618  -13.741  -23.775 0.0000000000
51362  -23.619  -13.845  -25.151 0.0000000000
49312  -23.554  -16.851  -22.711 0.0000000000
49330  -23.475  -16.327  -23.236 0.0000000000
50276  -23.326  -15.667  -23.732 0.0000000000
50277  -24.057  -15.728  -23.438 0.0000000000
50294  -23.815  -15.050  -24.134 0.0000000000
51342  -23.652  -14.421  -24.646 0.0000000000
51363  -24.055  -13.969  -24.969 0.0000000000
52397  -24.558  -13.737  -24.824 0.0000000000
51343  -24.209  -14.384  -24.468 0.0000000000
53517  -24.475  -12.396  -26.349 0.0000000000
54530  -22.434  -11.972  -25.695 0.0000000000
58594  -22.127  -7.324  -27.604 0.0000000000
58611  -26.055  -7.182  -29.597 0.0000000000
59559  -23.228  -6.114  -29.387 0.0000000000
59576  -25.932  -5.974  -30.515 0.0000000000
60480  -22.165  -5.174  -27.377 0.0000000000
60521  -26.549  -5.455  -30.553 0.0000000000
60537  -26.279  -5.180  -30.937 0.0000000000
61454  -22.312  -4.353  -27.508 0.0000000000
61471  -22.314  -4.167  -28.491 0.0000000000
61491  -22.504  -4.237  -30.009 0.0000000000
61514  -26.124  -4.946  -31.191 0.0000000000
62383  -15.651  -3.998  -26.426 0.0000000000
62455  -22.349  -3.160  -30.313 0.0000000000
62471  -25.843  -4.532  -31.451 0.0000000000
63410  -23.149  -2.732  -31.610 0.0000000000
64379  -22.311  -1.776  -31.019 0.0000000000
64424  -28.617  -1.735  -34.528 0.0000000000
112889  -23.684  -17.913  -21.678 0.0000000000
128092  -28.254  -2.282  -32.175 0.0000000000
128729  -24.432  -11.003  -27.307 0.0000000000
134135  -22.496  -4.573  -29.607 0.0000000000
