#!ascii label  , from subject sub-v2s15x29753_ses-1 vox2ras=TkReg
1386
8086  -40.415  -66.742  -34.030 0.5000000000
8085  -39.516  -66.752  -34.288 0.6000000238
8773  -46.558  -65.735  -30.022 0.3000000119
7391  -39.082  -67.409  -34.410 0.5000000000
9504  -46.150  -64.415  -31.140 0.4000000060
9505  -46.852  -64.059  -30.810 0.4000000060
9489  -47.234  -64.308  -30.130 0.4000000060
8774  -47.152  -65.092  -29.833 0.3000000119
10245  -40.759  -62.546  -33.029 0.5000000000
9517  -40.184  -63.187  -33.291 0.5000000000
8087  -40.707  -65.879  -33.660 0.5000000000
117246  -39.317  -62.381  -33.031 0.6000000238
9516  -39.199  -63.354  -33.384 0.5000000000
8819  -39.779  -65.817  -33.880 0.6000000238
7340  -47.209  -66.684  -29.201 0.3000000119
8084  -38.091  -66.052  -34.367 0.5000000000
9514  -46.073  -63.799  -31.824 0.5000000000
8801  -44.872  -64.757  -31.913 0.5000000000
8044  -47.208  -65.912  -29.529 0.3000000119
8818  -38.138  -64.989  -33.944 0.6000000238
119746  -38.756  -66.708  -34.437 0.5000000000
10232  -46.504  -63.208  -31.639 0.5000000000
111929  -46.545  -63.784  -31.355 0.4000000060
110266  -47.868  -63.916  -29.992 0.4000000060
9490  -47.823  -64.591  -29.581 0.3000000119
8775  -47.625  -65.346  -29.376 0.3000000119
10986  -47.020  -62.486  -31.374 0.4000000060
10234  -47.638  -62.784  -30.819 0.4000000060
10225  -48.213  -63.179  -30.121 0.4000000060
10987  -47.817  -61.925  -30.991 0.4000000060
12550  -42.626  -60.317  -30.989 0.6999999881
11815  -42.769  -60.687  -31.540 0.6999999881
11820  -42.365  -61.376  -31.889 0.6999999881
8811  -41.729  -65.989  -33.557 0.5000000000
11803  -42.513  -60.769  -30.267 0.6999999881
11811  -42.287  -61.083  -31.110 0.6999999881
10988  -40.964  -61.988  -32.371 0.8000000119
10994  -40.409  -62.086  -32.740 0.5000000000
10238  -39.832  -62.266  -32.825 0.6999999881
8812  -42.610  -65.610  -33.267 0.5000000000
10231  -40.398  -62.274  -32.223 0.6999999881
9520  -43.659  -64.752  -33.081 0.4000000060
9521  -44.230  -64.656  -32.853 0.5000000000
8021  -48.203  -66.520  -28.232 0.3000000119
9512  -38.523  -62.897  -32.780 0.6000000238
10242  -44.675  -63.998  -32.710 0.5000000000
122869  -46.031  -63.208  -32.066 0.5000000000
8750  -48.430  -65.716  -28.365 0.3000000119
10236  -38.288  -62.840  -32.997 0.5000000000
10993  -46.305  -62.535  -31.873 0.5000000000
11816  -46.992  -60.884  -31.503 0.4000000060
11817  -46.633  -61.746  -31.659 0.4000000060
124839  -48.132  -62.373  -30.356 0.4000000060
10226  -48.999  -63.301  -29.609 0.4000000060
9491  -48.413  -63.895  -29.587 0.4000000060
11818  -47.850  -60.911  -31.229 0.3000000119
130437  -48.137  -61.231  -30.797 0.4000000060
112873  -43.402  -61.128  -28.451 0.5000000000
11791  -42.740  -60.976  -28.710 0.6000000238
12535  -43.461  -60.370  -29.086 0.6000000238
12543  -42.857  -60.108  -30.133 0.6000000238
10942  -43.021  -62.104  -27.185 0.5000000000
11790  -42.060  -61.418  -27.852 0.5000000000
10974  -42.314  -61.285  -29.328 0.6000000238
118440  -42.313  -61.488  -30.347 0.6999999881
10240  -42.339  -62.694  -32.589 0.6000000238
7310  -45.681  -67.163  -28.160 0.3000000119
10939  -40.455  -62.494  -27.369 0.6999999881
11776  -41.523  -61.677  -27.304 0.6000000238
10957  -41.488  -61.688  -27.885 0.6000000238
10958  -42.025  -61.368  -28.410 0.6000000238
10223  -41.958  -63.224  -30.464 0.6999999881
10990  -42.743  -61.991  -32.362 0.6000000238
10241  -43.385  -63.070  -32.592 0.6000000238
9519  -42.671  -64.728  -33.168 0.5000000000
10925  -40.289  -62.237  -26.933 0.6999999881
10180  -40.511  -63.162  -27.637 0.6000000238
10181  -41.109  -63.573  -28.201 0.6000000238
10195  -41.567  -63.440  -28.775 0.6000000238
108525  -41.942  -64.060  -29.842 0.6999999881
9502  -41.249  -63.381  -31.212 0.6999999881
10248  -43.916  -64.010  -32.878 0.5000000000
7324  -47.037  -67.175  -28.852 0.3000000119
10169  -39.837  -62.926  -27.078 0.6999999881
9459  -40.229  -63.946  -27.240 0.6999999881
8749  -41.420  -65.084  -29.101 0.6000000238
116590  -41.654  -64.614  -29.705 0.6000000238
10230  -39.436  -62.523  -32.639 0.6999999881
10991  -43.872  -62.325  -32.427 0.5000000000
11823  -45.342  -61.522  -32.128 0.5000000000
9460  -40.892  -64.275  -27.854 0.6000000238
8748  -40.912  -65.845  -28.631 0.6000000238
8785  -40.129  -64.741  -31.368 0.6000000238
8784  -38.841  -64.364  -32.015 0.6000000238
9500  -37.983  -63.584  -32.620 0.6000000238
12560  -44.969  -60.439  -31.895 0.5000000000
8762  -48.775  -64.819  -28.450 0.3000000119
7990  -40.114  -65.701  -26.692 0.6999999881
8735  -40.584  -65.159  -27.376 0.6000000238
8736  -41.069  -65.150  -28.211 0.6000000238
8760  -40.942  -65.714  -29.436 0.6000000238
8771  -40.453  -65.764  -30.331 0.5000000000
8770  -39.513  -65.745  -31.104 0.5000000000
8783  -37.972  -64.682  -32.194 0.5000000000
9511  -37.831  -63.107  -32.996 0.5000000000
12561  -45.783  -60.697  -31.857 0.5000000000
13386  -50.030  -59.498  -30.164 0.3000000119
12552  -49.259  -60.059  -30.475 0.3000000119
11812  -49.254  -60.959  -30.276 0.3000000119
11808  -49.518  -61.683  -29.328 0.4000000060
10976  -49.346  -62.452  -29.256 0.4000000060
8798  -37.337  -63.818  -32.867 0.5000000000
13385  -49.215  -58.845  -30.483 0.3000000119
12557  -48.220  -59.939  -31.241 0.3000000119
114818  -48.401  -61.579  -30.309 0.4000000060
121806  -43.934  -62.824  -27.228 0.5000000000
10944  -45.510  -62.998  -27.864 0.5000000000
10959  -44.829  -62.464  -28.293 0.5000000000
10171  -43.703  -63.465  -25.840 0.5000000000
10928  -43.575  -63.081  -26.544 0.5000000000
11778  -43.806  -62.110  -27.839 0.5000000000
11792  -44.186  -61.629  -28.460 0.5000000000
12545  -44.101  -59.771  -29.403 0.6000000238
13376  -44.402  -58.790  -30.033 0.6000000238
10913  -42.040  -62.594  -25.785 0.5000000000
13375  -43.814  -59.012  -30.478 0.6000000238
12558  -43.369  -60.503  -31.760 0.8000000119
129043  -46.811  -66.955  -26.432 0.3000000119
10912  -41.649  -62.889  -25.071 0.6000000238
119051  -41.056  -62.255  -25.842 0.6000000238
10927  -42.402  -62.253  -26.539 0.6000000238
13384  -44.483  -58.498  -30.651 0.4000000060
7301  -47.508  -67.291  -26.720 0.3000000119
10924  -39.632  -62.571  -26.410 0.6999999881
12554  -44.368  -59.259  -31.434 0.5000000000
11821  -43.091  -61.264  -32.130 0.6000000238
7313  -48.032  -67.238  -27.365 0.3000000119
8007  -48.385  -66.799  -27.457 0.3000000119
10923  -38.984  -62.811  -26.186 0.6999999881
13389  -45.130  -58.337  -31.212 0.4000000060
8008  -48.727  -66.084  -27.194 0.3000000119
9448  -39.109  -64.062  -26.424 0.6000000238
8724  -39.917  -64.658  -26.710 0.6999999881
12555  -45.428  -59.461  -31.591 0.4000000060
9470  -49.204  -64.105  -28.169 0.3000000119
117611  -38.568  -64.408  -25.906 0.6000000238
8723  -39.345  -65.200  -26.132 0.6999999881
127439  -40.799  -65.847  -27.913 0.6000000238
8030  -40.369  -66.489  -29.231 0.5000000000
8038  -39.622  -66.545  -30.187 0.5000000000
13390  -46.057  -58.401  -31.317 0.4000000060
12556  -46.435  -59.839  -31.550 0.4000000060
15025  -50.077  -58.202  -29.658 0.3000000119
14159  -50.050  -58.293  -30.182 0.3000000119
13383  -51.042  -59.242  -29.200 0.3000000119
119396  -50.366  -59.852  -29.485 0.3000000119
113828  -49.570  -61.231  -29.746 0.4000000060
9477  -49.009  -64.030  -29.015 0.3000000119
114878  -39.923  -67.112  -27.496 0.6000000238
129286  -39.374  -67.392  -28.846 0.5000000000
8029  -39.487  -67.123  -29.359 0.5000000000
129677  -37.904  -65.696  -31.764 0.5000000000
8063  -36.785  -65.388  -32.471 0.6000000238
8062  -36.223  -65.231  -32.879 0.5000000000
13391  -47.107  -58.612  -31.300 0.3000000119
14158  -49.227  -57.870  -30.394 0.3000000119
7320  -39.317  -67.548  -28.308 0.5000000000
8028  -38.690  -67.100  -30.135 0.5000000000
8036  -37.109  -67.004  -31.114 0.5000000000
7349  -36.516  -67.532  -30.627 0.5000000000
113344  -44.772  -63.673  -24.725 0.5000000000
113415  -44.867  -63.659  -25.568 0.5000000000
10183  -45.411  -63.342  -27.126 0.5000000000
10184  -46.082  -63.220  -27.344 0.5000000000
10945  -46.360  -62.868  -27.934 0.5000000000
10960  -45.713  -62.528  -28.640 0.5000000000
10157  -42.549  -63.240  -25.141 0.5000000000
10172  -44.382  -63.559  -26.106 0.5000000000
11806  -46.399  -61.028  -29.655 0.4000000060
12546  -45.769  -59.547  -29.796 0.4000000060
7993  -45.805  -66.366  -26.575 0.3000000119
7994  -47.506  -67.444  -25.771 0.3000000119
10903  -40.849  -62.659  -25.025 0.6000000238
112793  -44.819  -59.272  -29.743 0.4000000060
13377  -45.309  -58.400  -29.973 0.4000000060
10911  -40.097  -62.416  -25.555 0.6000000238
7302  -47.994  -67.425  -26.624 0.3000000119
7303  -48.298  -67.105  -26.722 0.3000000119
10910  -39.194  -62.586  -25.716 0.6000000238
14153  -45.122  -58.028  -30.805 0.4000000060
9433  -38.055  -63.779  -25.658 0.6000000238
14149  -47.064  -57.850  -30.230 0.4000000060
14155  -46.396  -57.636  -30.618 0.4000000060
8751  -48.780  -65.467  -27.725 0.3000000119
14157  -48.356  -57.796  -30.587 0.3000000119
15022  -49.015  -57.834  -30.205 0.3000000119
10173  -45.326  -63.555  -26.236 0.5000000000
10174  -46.109  -63.336  -26.660 0.5000000000
10930  -47.348  -62.144  -27.066 0.4000000060
10158  -43.399  -63.516  -25.210 0.5000000000
10946  -47.100  -62.459  -27.862 0.4000000060
10975  -46.034  -61.952  -29.355 0.4000000060
10145  -43.072  -63.577  -24.465 0.6000000238
11807  -47.221  -61.063  -29.525 0.4000000060
12547  -46.902  -60.028  -29.836 0.4000000060
113999  -47.880  -67.508  -25.938 0.3000000119
7289  -47.893  -67.761  -25.205 0.3000000119
10901  -39.432  -62.515  -25.041 0.6000000238
13378  -46.316  -58.445  -29.935 0.4000000060
14148  -45.924  -57.847  -30.293 0.4000000060
111316  -48.262  -58.450  -29.886 0.4000000060
14150  -48.147  -57.833  -30.321 0.3000000119
109545  -48.975  -58.167  -29.831 0.3000000119
8710  -37.987  -64.780  -25.272 0.6000000238
10160  -45.502  -63.549  -25.307 0.5000000000
10161  -46.134  -63.375  -25.826 0.5000000000
112280  -47.085  -61.809  -25.143 0.4000000060
11762  -47.161  -62.172  -26.163 0.4000000060
113591  -44.958  -63.568  -23.820 0.5000000000
10147  -45.518  -63.448  -24.438 0.5000000000
11763  -47.592  -61.340  -26.642 0.4000000060
10144  -42.193  -63.375  -24.374 0.6000000238
115652  -43.638  -63.682  -23.780 0.6000000238
10132  -45.113  -63.391  -23.016 0.6000000238
11779  -47.702  -61.666  -27.724 0.4000000060
10143  -41.242  -63.151  -24.237 0.6000000238
120188  -42.759  -63.603  -23.675 0.6000000238
12537  -48.368  -60.619  -28.652 0.4000000060
12536  -47.839  -60.444  -29.466 0.4000000060
10902  -40.203  -62.696  -24.462 0.6000000238
13379  -47.511  -58.995  -29.850 0.4000000060
12548  -48.501  -59.823  -29.340 0.4000000060
13380  -49.089  -59.346  -29.198 0.4000000060
13369  -49.497  -59.274  -28.396 0.4000000060
119759  -48.570  -66.579  -26.796 0.3000000119
7995  -48.544  -66.604  -26.012 0.3000000119
109640  -39.216  -62.583  -24.250 0.6000000238
13381  -49.629  -58.842  -29.024 0.4000000060
8737  -48.886  -65.063  -26.917 0.3000000119
7996  -48.733  -65.855  -26.438 0.3000000119
10155  -37.789  -63.201  -25.298 0.6000000238
9421  -37.514  -63.938  -25.101 0.6000000238
10899  -37.094  -62.906  -24.288 0.6999999881
121626  -38.030  -62.430  -23.108 0.6999999881
10142  -37.267  -63.344  -24.713 0.6000000238
10886  -37.381  -62.612  -23.808 0.6999999881
127855  -37.382  -62.452  -23.200 0.6999999881
10141  -36.629  -63.432  -24.108 0.6000000238
112953  -38.832  -62.588  -22.397 0.6999999881
10860  -38.676  -62.452  -21.518 0.6000000238
129339  -36.217  -63.137  -23.503 0.6999999881
110210  -38.032  -62.338  -22.164 0.6999999881
10148  -46.136  -63.256  -24.950 0.5000000000
11743  -46.976  -61.515  -24.401 0.5000000000
10133  -45.606  -63.276  -23.639 0.5000000000
10891  -46.209  -62.720  -23.574 0.5000000000
125154  -46.067  -63.128  -24.182 0.5000000000
11744  -47.258  -60.835  -24.854 0.5000000000
11753  -47.414  -61.078  -25.724 0.4000000060
10130  -43.374  -63.622  -22.949 0.6000000238
130157  -44.651  -63.434  -22.472 0.6000000238
10875  -46.259  -62.320  -22.839 0.6000000238
12523  -47.972  -60.825  -27.137 0.4000000060
10129  -41.899  -63.471  -23.580 0.6000000238
10107  -44.518  -63.354  -21.774 0.6000000238
10862  -45.679  -62.564  -21.519 0.6000000238
11780  -48.153  -61.052  -28.003 0.4000000060
10127  -40.664  -63.093  -23.695 0.6000000238
115696  -41.568  -63.487  -22.834 0.6000000238
109363  -43.052  -63.591  -21.993 0.6000000238
10084  -44.215  -63.259  -20.993 0.6000000238
13368  -48.941  -59.947  -28.320 0.4000000060
109092  -49.287  -58.527  -25.989 0.4000000060
10116  -40.658  -63.257  -22.871 0.6000000238
110244  -42.024  -63.600  -22.111 0.6000000238
10105  -42.369  -63.514  -21.284 0.6000000238
10846  -43.810  -63.056  -20.219 0.6000000238
11685  -44.389  -61.676  -19.567 0.6000000238
13360  -49.314  -59.344  -27.513 0.4000000060
14128  -49.680  -58.645  -26.963 0.4000000060
10889  -39.921  -62.822  -23.517 0.6000000238
112638  -41.185  -63.492  -22.106 0.5000000000
10104  -41.633  -63.516  -21.520 0.6000000238
10082  -42.495  -63.378  -20.531 0.6000000238
10828  -43.368  -62.608  -19.584 0.6000000238
12443  -44.001  -61.028  -19.260 0.6999999881
10900  -37.747  -62.775  -24.721 0.6999999881
10873  -39.714  -62.899  -22.612 0.6000000238
10103  -40.975  -63.412  -21.313 0.6000000238
10081  -41.686  -63.410  -20.697 0.6000000238
11665  -43.248  -61.406  -18.993 0.6000000238
12423  -43.936  -60.175  -19.072 0.6000000238
111868  -43.583  -59.197  -18.898 0.6000000238
10826  -41.723  -62.775  -19.303 0.6000000238
10816  -42.036  -62.145  -18.782 0.6000000238
12422  -43.123  -60.637  -18.807 0.6000000238
13241  -43.299  -59.816  -18.864 0.6000000238
115735  -39.502  -62.832  -21.702 0.6000000238
113346  -40.540  -63.109  -20.192 0.6000000238
10815  -41.336  -62.350  -18.875 0.5000000000
128049  -42.309  -60.682  -18.472 0.6000000238
115469  -42.545  -60.012  -18.524 0.6000000238
10825  -40.519  -62.770  -19.571 0.5000000000
10884  -36.169  -62.736  -23.090 0.6999999881
11715  -37.880  -62.089  -21.366 0.6999999881
10843  -38.517  -62.179  -20.661 0.5000000000
10813  -39.883  -62.376  -19.383 0.6000000238
10814  -40.604  -62.258  -18.897 0.5000000000
123633  -41.741  -61.106  -18.330 0.5000000000
126556  -39.914  -61.960  -18.824 0.6000000238
14080  -30.497  -58.320  -22.227 0.6000000238
13297  -29.220  -59.694  -22.148 0.6000000238
109285  -46.577  -62.467  -24.453 0.5000000000
11732  -46.696  -61.744  -23.588 0.5000000000
12492  -47.093  -60.735  -24.019 0.5000000000
12503  -47.619  -60.108  -25.341 0.5000000000
12511  -47.829  -60.401  -26.223 0.4000000060
10848  -45.388  -62.329  -20.640 0.5000000000
10863  -46.275  -61.974  -21.968 0.5000000000
11717  -46.374  -61.333  -21.359 0.5000000000
128032  -47.950  -59.842  -25.784 0.4000000060
14116  -48.642  -58.742  -25.292 0.4000000060
11716  -46.029  -61.864  -20.958 0.5000000000
12446  -45.989  -59.782  -19.897 0.5000000000
13359  -48.712  -59.796  -27.135 0.4000000060
14127  -48.667  -59.087  -25.866 0.4000000060
14117  -49.169  -58.312  -25.255 0.4000000060
11686  -45.048  -61.102  -19.602 0.5000000000
12445  -45.354  -60.165  -19.535 0.5000000000
11703  -45.618  -61.528  -20.211 0.5000000000
13350  -48.978  -59.162  -26.576 0.4000000060
12444  -44.617  -60.423  -19.319 0.6000000238
13242  -43.955  -59.585  -18.948 0.6000000238
13256  -44.679  -59.647  -19.161 0.5000000000
14859  -43.364  -58.087  -18.823 0.4000000060
120877  -43.746  -57.138  -18.578 0.4000000060
16480  -44.154  -55.935  -18.390 0.4000000060
130691  -42.332  -58.875  -18.893 0.6000000238
14026  -42.306  -58.448  -19.152 0.6000000238
15718  -42.359  -56.696  -19.058 0.5000000000
16479  -43.211  -55.546  -18.431 0.4000000060
17250  -43.632  -54.673  -18.053 0.4000000060
18123  -43.057  -53.774  -18.490 0.4000000060
10115  -35.547  -63.119  -23.052 0.6999999881
126557  -41.644  -60.311  -18.085 0.6000000238
14875  -41.535  -57.734  -19.986 0.5000000000
17263  -42.811  -54.644  -18.569 0.4000000060
11701  -37.650  -61.709  -20.502 0.6000000238
11651  -40.823  -60.983  -17.966 0.5000000000
12402  -40.811  -60.265  -17.667 0.5000000000
117671  -41.684  -58.015  -19.685 0.5000000000
15717  -41.598  -57.144  -20.434 0.5000000000
110649  -42.203  -55.785  -19.216 0.4000000060
127162  -42.446  -54.526  -19.600 0.4000000060
11682  -38.476  -61.847  -19.802 0.6000000238
13221  -41.125  -59.627  -17.717 0.5000000000
14934  -32.671  -57.309  -22.577 0.6999999881
120596  -31.865  -57.450  -22.202 0.6000000238
14920  -33.220  -57.018  -21.858 0.6999999881
14918  -31.428  -57.602  -21.390 0.6000000238
124500  -33.468  -56.629  -20.455 0.6000000238
14049  -29.746  -59.093  -20.959 0.6000000238
14900  -32.022  -57.258  -20.124 0.6000000238
15728  -32.846  -56.916  -19.905 0.6000000238
15730  -34.249  -56.083  -19.493 0.6000000238
126091  -34.450  -55.461  -18.550 0.6000000238
13283  -29.443  -59.560  -21.436 0.5000000000
14050  -30.314  -58.682  -20.328 0.6000000238
14871  -31.503  -57.743  -19.646 0.6000000238
14873  -33.117  -57.061  -19.097 0.6000000238
15714  -33.882  -56.611  -18.843 0.6000000238
12493  -47.403  -60.013  -24.495 0.5000000000
12451  -29.701  -60.561  -20.758 0.5000000000
13267  -30.021  -59.402  -20.391 0.5000000000
14854  -32.661  -57.693  -18.680 0.5000000000
15705  -34.169  -56.786  -18.035 0.5000000000
125940  -46.567  -61.582  -22.755 0.4000000060
12472  -46.742  -60.305  -22.303 0.5000000000
14102  -47.604  -59.253  -24.141 0.5000000000
13327  -47.727  -59.504  -24.836 0.4000000060
12436  -31.008  -59.969  -19.637 0.5000000000
13254  -31.231  -59.124  -19.282 0.5000000000
14024  -33.164  -58.025  -18.125 0.5000000000
14838  -33.935  -57.612  -17.738 0.5000000000
11727  -46.621  -61.096  -22.154 0.5000000000
13328  -48.100  -58.969  -24.732 0.4000000060
14103  -48.717  -58.292  -24.527 0.4000000060
14937  -49.356  -57.495  -23.107 0.4000000060
120295  -30.289  -61.145  -20.533 0.5000000000
13255  -31.787  -59.840  -19.206 0.5000000000
14023  -32.421  -58.476  -18.569 0.6000000238
14011  -33.800  -58.321  -17.700 0.6000000238
11678  -32.763  -60.868  -19.815 0.6000000238
12414  -32.559  -59.774  -18.827 0.6000000238
111088  -32.711  -59.205  -18.487 0.6999999881
13257  -45.516  -59.235  -19.461 0.5000000000
10099  -32.689  -63.210  -21.383 0.6000000238
14028  -44.856  -58.064  -18.941 0.5000000000
16472  -45.064  -55.714  -18.266 0.4000000060
10100  -33.391  -63.583  -21.650 0.6000000238
122240  -44.686  -56.592  -18.625 0.4000000060
10101  -34.226  -63.370  -22.198 0.6000000238
10858  -34.983  -62.146  -22.176 0.6000000238
17251  -44.304  -54.397  -17.645 0.4000000060
11700  -36.677  -61.492  -20.718 0.6000000238
10872  -36.763  -62.207  -22.420 0.6999999881
11660  -38.523  -61.418  -18.885 0.6000000238
12421  -38.992  -61.017  -18.012 0.6000000238
12401  -39.855  -61.081  -17.890 0.5000000000
125812  -40.137  -60.478  -17.558 0.5000000000
14935  -33.634  -57.147  -22.654 0.6999999881
15760  -33.683  -56.615  -21.233 0.6999999881
16499  -34.383  -55.794  -21.007 0.6000000238
15747  -34.122  -56.196  -20.520 0.6000000238
114516  -34.355  -55.253  -20.121 0.6000000238
16487  -34.381  -55.422  -19.071 0.6000000238
116228  -34.476  -54.928  -18.489 0.6999999881
16477  -34.522  -55.427  -18.065 0.6000000238
15706  -34.574  -56.146  -17.689 0.6000000238
115077  -46.962  -59.062  -22.284 0.5000000000
13313  -46.986  -59.638  -22.830 0.5000000000
12481  -47.204  -59.889  -23.693 0.5000000000
13314  -47.340  -59.234  -23.431 0.5000000000
16461  -34.793  -55.350  -17.351 0.5000000000
13298  -47.286  -58.845  -22.871 0.5000000000
111549  -48.043  -58.690  -24.119 0.5000000000
14083  -48.533  -57.726  -22.966 0.4000000060
13994  -35.120  -58.050  -16.673 0.6000000238
114461  -34.486  -57.953  -17.171 0.6000000238
15686  -34.971  -56.120  -16.922 0.5000000000
110131  -46.590  -59.744  -21.052 0.5000000000
10855  -32.359  -62.562  -21.134 0.6000000238
10842  -32.891  -61.882  -20.985 0.4000000060
11696  -32.320  -61.368  -20.361 0.6000000238
13237  -34.400  -59.578  -17.999 0.6000000238
13214  -33.961  -59.035  -17.789 0.6000000238
14819  -34.994  -57.550  -16.757 0.6000000238
14040  -46.102  -58.746  -19.918 0.4000000060
14877  -46.389  -57.471  -19.955 0.4000000060
118950  -33.876  -61.737  -21.259 0.5000000000
125305  -34.009  -61.243  -20.496 0.5000000000
124553  -33.647  -60.875  -19.854 0.6000000238
12439  -34.074  -60.486  -19.139 0.6999999881
13238  -35.135  -59.828  -17.965 0.6000000238
13200  -35.589  -59.103  -16.966 0.6000000238
13995  -35.747  -58.462  -16.448 0.6000000238
14039  -45.575  -58.105  -19.385 0.5000000000
10856  -33.333  -62.556  -21.518 0.6000000238
11679  -34.485  -60.937  -19.929 0.6000000238
12440  -34.999  -60.620  -19.256 0.6000000238
13216  -36.305  -59.594  -17.163 0.6000000238
126437  -36.214  -59.043  -16.593 0.6000000238
13986  -37.017  -58.160  -15.723 0.6000000238
14861  -45.190  -57.301  -19.021 0.4000000060
11712  -34.791  -61.736  -21.599 0.5000000000
11698  -34.699  -61.345  -20.732 0.6000000238
12441  -35.868  -60.754  -19.306 0.6000000238
13217  -37.246  -59.794  -17.070 0.6000000238
13201  -36.897  -59.231  -16.533 0.6000000238
10857  -34.264  -62.389  -21.945 0.6000000238
11713  -35.540  -61.840  -21.904 0.6000000238
11699  -35.657  -61.443  -20.946 0.6000000238
12442  -36.704  -60.929  -19.225 0.6000000238
12419  -37.175  -60.654  -18.439 0.6000000238
11659  -37.553  -61.139  -19.040 0.6000000238
124048  -37.839  -61.501  -19.621 0.6000000238
122370  -39.377  -60.514  -17.512 0.5000000000
14013  -40.513  -59.085  -17.306 0.5000000000
15774  -34.225  -56.942  -22.796 0.6999999881
15767  -33.962  -56.733  -22.104 0.6999999881
15782  -35.245  -57.075  -24.135 0.6999999881
16526  -35.002  -55.849  -23.114 0.6999999881
15768  -34.469  -56.332  -22.469 0.6999999881
16514  -34.542  -55.595  -21.803 0.6999999881
17280  -34.471  -54.353  -20.753 0.6000000238
17269  -34.385  -54.035  -19.821 0.6000000238
18121  -34.454  -53.240  -18.168 0.5000000000
17260  -34.404  -54.541  -19.132 0.6999999881
18112  -34.671  -53.863  -17.589 0.5000000000
17238  -35.294  -54.363  -16.454 0.5000000000
14081  -47.245  -58.461  -22.157 0.4000000060
14082  -47.784  -58.165  -22.776 0.5000000000
14936  -48.155  -57.601  -22.170 0.5000000000
110272  -48.970  -57.403  -22.312 0.4000000060
14052  -46.627  -58.202  -20.661 0.4000000060
14069  -47.579  -57.898  -21.984 0.4000000060
121426  -36.150  -56.085  -15.732 0.6000000238
14809  -36.179  -57.400  -15.792 0.6000000238
15668  -36.528  -56.785  -15.589 0.6000000238
13987  -37.856  -58.085  -15.740 0.6000000238
15669  -37.370  -56.865  -15.452 0.6000000238
13218  -38.148  -59.876  -16.985 0.6000000238
13202  -37.724  -59.297  -16.507 0.6000000238
14811  -37.895  -57.365  -15.553 0.6000000238
12420  -38.079  -60.834  -18.252 0.6000000238
14821  -38.582  -58.324  -16.128 0.5000000000
12400  -38.557  -60.443  -17.525 0.6000000238
13203  -38.640  -59.178  -16.529 0.5000000000
13204  -39.625  -59.340  -16.914 0.5000000000
15783  -35.772  -56.532  -24.527 0.6999999881
16533  -35.539  -55.676  -23.896 0.6999999881
17304  -35.276  -54.253  -22.909 0.6999999881
17303  -34.899  -54.947  -22.521 0.6999999881
18162  -34.994  -53.838  -22.278 0.6000000238
17292  -34.640  -54.591  -21.625 0.6999999881
18132  -34.500  -53.410  -20.523 0.4000000060
15784  -36.514  -56.127  -25.308 0.6999999881
17315  -35.985  -54.767  -24.086 0.6999999881
17311  -35.705  -54.122  -23.443 0.6000000238
109914  -35.384  -52.941  -22.472 0.6000000238
109157  -34.342  -52.712  -18.817 0.5000000000
16546  -37.131  -56.880  -27.209 0.6999999881
16541  -37.456  -55.837  -26.216 0.6999999881
19048  -34.396  -52.324  -18.037 0.5000000000
15794  -37.761  -56.317  -27.814 0.6999999881
112733  -34.567  -52.015  -17.380 0.5000000000
16553  -37.717  -55.786  -28.207 0.6000000238
17334  -37.285  -55.266  -28.166 0.6000000238
18184  -37.773  -54.516  -27.733 0.6000000238
17321  -35.650  -53.888  -26.286 0.5000000000
116041  -37.002  -53.018  -26.679 0.5000000000
14921  -47.709  -57.477  -21.423 0.4000000060
14922  -48.562  -57.229  -21.409 0.4000000060
15671  -38.887  -56.869  -15.867 0.6000000238
118583  -34.780  -52.137  -21.188 0.5000000000
19083  -34.504  -52.443  -20.378 0.5000000000
17316  -36.647  -54.218  -24.478 0.6000000238
17312  -36.191  -53.984  -23.884 0.6000000238
19131  -35.930  -52.804  -23.074 0.6000000238
19107  -35.179  -52.304  -21.924 0.6000000238
20090  -34.675  -51.594  -20.737 0.5000000000
19062  -34.355  -52.336  -19.455 0.5000000000
20025  -34.280  -51.728  -18.811 0.5000000000
125772  -37.624  -55.105  -25.796 0.6999999881
17317  -37.372  -54.447  -25.240 0.6000000238
18169  -36.620  -53.487  -24.096 0.6000000238
19123  -36.320  -52.197  -23.136 0.6000000238
20107  -36.327  -51.487  -22.890 0.6000000238
110051  -34.421  -50.546  -17.538 0.5000000000
16542  -38.437  -55.326  -26.669 0.6999999881
18175  -38.188  -54.031  -25.622 0.6000000238
19138  -38.001  -53.183  -25.109 0.6000000238
19133  -37.609  -52.343  -24.433 0.6000000238
20120  -36.976  -51.062  -23.447 0.6000000238
17329  -38.970  -55.147  -27.377 0.6000000238
17323  -39.162  -54.574  -26.700 0.6000000238
19139  -38.905  -52.638  -25.398 0.6000000238
20128  -38.628  -51.793  -24.910 0.6000000238
17336  -39.054  -54.830  -27.584 0.6000000238
18183  -40.106  -53.801  -27.169 0.6000000238
19143  -40.212  -52.816  -26.370 0.6000000238
20129  -39.721  -52.174  -25.635 0.6000000238
18185  -38.870  -54.415  -27.626 0.5000000000
18182  -38.094  -53.496  -27.372 0.5000000000
19150  -40.110  -53.073  -27.381 0.5000000000
19144  -40.775  -52.647  -26.915 0.6000000238
20989  -39.976  -51.473  -25.488 0.6000000238
14904  -48.648  -57.060  -20.447 0.4000000060
18173  -35.179  -52.955  -25.163 0.5000000000
19146  -38.904  -52.736  -27.433 0.5000000000
20140  -40.774  -52.403  -27.078 0.6000000238
20990  -41.155  -51.008  -25.948 0.6000000238
19140  -35.742  -52.610  -25.476 0.5000000000
116551  -37.298  -51.693  -26.503 0.5000000000
112221  -38.263  -51.825  -26.959 0.4000000060
19147  -39.589  -52.110  -27.322 0.5000000000
20991  -41.448  -51.207  -26.568 0.6000000238
20091  -35.116  -51.513  -21.549 0.6000000238
115650  -34.549  -51.027  -20.262 0.5000000000
117260  -34.314  -50.905  -19.419 0.5000000000
20932  -35.499  -50.837  -21.841 0.6000000238
21829  -34.995  -50.027  -21.022 0.5000000000
20886  -34.257  -50.747  -18.445 0.5000000000
114044  -36.364  -50.074  -22.660 0.6999999881
21830  -35.433  -49.491  -21.445 0.6999999881
20966  -37.605  -50.714  -23.941 0.6000000238
20965  -37.081  -50.151  -23.378 0.6999999881
20981  -38.554  -50.978  -24.576 0.6000000238
21845  -37.510  -49.198  -23.558 0.6999999881
20982  -39.710  -50.535  -25.111 0.6000000238
21868  -38.185  -49.993  -24.249 0.6999999881
21869  -39.448  -49.575  -24.725 0.6000000238
20127  -35.458  -51.158  -24.773 0.5000000000
20134  -36.679  -51.103  -25.975 0.5000000000
20139  -38.756  -51.183  -27.067 0.4000000060
121114  -41.723  -50.425  -26.480 0.6000000238
20983  -40.975  -50.065  -25.552 0.6000000238
20992  -37.071  -50.409  -26.294 0.5000000000
123837  -39.271  -50.657  -27.080 0.4000000060
112693  -40.633  -50.691  -27.083 0.5000000000
20897  -34.312  -50.051  -19.067 0.5000000000
21809  -34.496  -49.388  -19.674 0.5000000000
111503  -35.329  -50.251  -21.530 0.6000000238
22607  -35.218  -48.824  -20.901 0.5000000000
22597  -34.731  -48.084  -19.571 0.5000000000
108033  -36.114  -49.322  -22.176 0.6999999881
21844  -36.744  -49.247  -22.903 0.6999999881
22626  -37.270  -48.348  -23.041 0.6000000238
22657  -39.258  -48.677  -24.414 0.6999999881
23396  -38.045  -47.795  -23.417 0.6000000238
22663  -42.261  -49.548  -25.858 0.6000000238
23406  -40.176  -48.345  -24.700 0.6000000238
21878  -37.071  -49.738  -26.235 0.5000000000
21880  -39.037  -49.791  -26.844 0.4000000060
21875  -42.356  -49.455  -26.162 0.6000000238
22665  -38.020  -48.902  -26.465 0.4000000060
22666  -39.295  -48.861  -26.692 0.4000000060
22667  -40.747  -48.802  -26.663 0.5000000000
21882  -42.048  -49.438  -26.498 0.5000000000
22614  -35.862  -48.506  -21.553 0.6000000238
23352  -35.165  -47.343  -19.801 0.5000000000
23381  -36.434  -47.851  -21.873 0.6000000238
23358  -35.777  -47.182  -20.606 0.5000000000
23382  -37.075  -47.618  -22.381 0.6000000238
127789  -37.507  -47.687  -22.910 0.6000000238
24097  -37.208  -46.363  -21.641 0.5000000000
23383  -37.808  -47.032  -22.773 0.6000000238
110812  -39.175  -47.800  -24.094 0.6999999881
23397  -38.721  -47.035  -23.418 0.5000000000
22659  -41.800  -48.534  -25.526 0.6000000238
23413  -42.451  -48.130  -25.972 0.5000000000
120898  -39.574  -48.149  -26.552 0.4000000060
23417  -42.376  -47.993  -26.060 0.5000000000
23378  -29.712  -47.715  -23.347 0.4000000060
118024  -30.802  -46.845  -22.421 0.3000000119
24094  -31.573  -46.575  -22.244 0.4000000060
24874  -36.093  -45.986  -20.218 0.5000000000
130230  -32.376  -46.733  -24.012 0.3000000119
129268  -32.636  -46.400  -22.513 0.4000000060
24111  -37.836  -46.206  -22.211 0.5000000000
24875  -36.609  -45.552  -20.587 0.5000000000
24126  -33.639  -46.945  -24.377 0.3000000119
117237  -32.891  -46.530  -23.237 0.4000000060
128466  -38.381  -45.904  -22.464 0.5000000000
24127  -34.563  -46.951  -24.462 0.3000000119
24123  -39.347  -46.307  -23.451 0.6000000238
24132  -41.286  -46.841  -24.701 0.6999999881
24124  -40.333  -46.345  -23.985 0.6000000238
24142  -41.924  -46.978  -26.116 0.5000000000
23409  -42.091  -47.059  -25.613 0.5000000000
24134  -41.989  -46.453  -25.543 0.4000000060
24929  -42.009  -45.525  -24.859 0.4000000060
24092  -28.605  -46.545  -21.522 0.3000000119
24093  -29.549  -46.555  -21.589 0.3000000119
121723  -30.901  -46.282  -21.610 0.3000000119
24891  -32.631  -45.579  -21.290 0.3000000119
24095  -33.127  -46.090  -22.001 0.4000000060
24876  -37.138  -45.205  -21.008 0.5000000000
24110  -34.665  -46.226  -23.108 0.4000000060
24904  -33.875  -45.662  -21.846 0.4000000060
24896  -37.543  -45.679  -21.579 0.5000000000
24121  -35.104  -46.550  -23.911 0.4000000060
24907  -36.072  -45.350  -22.740 0.4000000060
24908  -38.988  -45.613  -22.859 0.5000000000
24897  -38.302  -45.394  -22.065 0.5000000000
24122  -36.070  -46.384  -23.941 0.4000000060
24909  -39.723  -45.036  -22.977 0.5000000000
24125  -41.249  -45.954  -24.405 0.5000000000
24920  -40.220  -45.608  -23.583 0.5000000000
24137  -38.811  -46.675  -25.792 0.3000000119
24932  -40.529  -45.652  -25.951 0.4000000060
24930  -42.011  -45.589  -25.292 0.4000000060
25694  -40.647  -44.711  -23.422 0.4000000060
24888  -28.130  -45.777  -21.120 0.3000000119
24890  -30.059  -45.852  -21.195 0.3000000119
115945  -32.010  -44.856  -20.833 0.4000000060
25668  -33.782  -44.518  -20.978 0.4000000060
25627  -36.265  -44.493  -17.663 0.4000000060
24893  -34.246  -45.061  -21.463 0.4000000060
25641  -36.163  -44.385  -18.492 0.4000000060
24906  -35.364  -45.499  -22.506 0.4000000060
24894  -35.079  -44.823  -21.804 0.4000000060
25659  -37.376  -44.392  -20.687 0.4000000060
25677  -35.841  -44.766  -22.258 0.4000000060
25671  -38.597  -44.433  -21.732 0.5000000000
24918  -36.601  -45.583  -23.324 0.4000000060
24926  -37.869  -45.601  -24.431 0.3000000119
25672  -39.516  -43.901  -22.028 0.5000000000
25705  -40.970  -44.983  -25.774 0.3000000119
24889  -29.065  -45.753  -21.091 0.3000000119
120384  -30.267  -44.958  -20.821 0.3000000119
120825  -31.052  -44.905  -20.842 0.3000000119
25656  -32.321  -43.991  -20.684 0.4000000060
25657  -33.257  -43.910  -20.724 0.4000000060
27310  -34.234  -42.802  -21.198 0.3000000119
26451  -34.047  -43.711  -20.936 0.4000000060
25610  -37.269  -44.407  -16.485 0.4000000060
25601  -38.496  -44.682  -15.227 0.4000000060
128004  -35.101  -44.081  -21.522 0.4000000060
26435  -36.667  -43.724  -18.942 0.4000000060
25678  -36.644  -44.593  -22.682 0.3000000119
25660  -38.149  -43.968  -21.058 0.4000000060
24919  -37.323  -45.410  -23.729 0.3000000119
25691  -37.201  -44.845  -23.286 0.3000000119
25700  -38.678  -44.789  -24.572 0.3000000119
25695  -41.747  -44.245  -24.035 0.4000000060
25653  -28.586  -44.975  -19.994 0.3000000119
120445  -31.316  -44.025  -20.755 0.4000000060
27308  -31.834  -42.439  -21.322 0.4000000060
27309  -33.122  -42.578  -21.177 0.4000000060
25588  -39.108  -44.473  -14.320 0.4000000060
25611  -37.991  -44.161  -15.942 0.4000000060
27311  -35.193  -42.743  -21.644 0.4000000060
26429  -36.636  -43.758  -18.056 0.4000000060
26465  -36.130  -43.916  -22.095 0.4000000060
26436  -37.464  -43.241  -19.374 0.4000000060
26430  -37.331  -43.178  -18.497 0.4000000060
26466  -36.803  -43.435  -22.551 0.3000000119
26442  -37.773  -43.551  -20.235 0.4000000060
119245  -38.115  -43.707  -23.667 0.3000000119
26455  -39.155  -43.552  -21.280 0.5000000000
25692  -37.878  -44.615  -23.823 0.3000000119
26492  -39.554  -43.122  -24.638 0.3000000119
26456  -40.411  -43.106  -21.400 0.5000000000
26496  -41.962  -43.959  -25.175 0.3000000119
25682  -41.065  -43.803  -23.102 0.4000000060
25707  -42.046  -44.708  -25.224 0.4000000060
26433  -29.754  -44.068  -20.142 0.3000000119
28188  -33.725  -41.944  -21.632 0.3000000119
27324  -34.752  -42.006  -21.829 0.3000000119
121679  -38.663  -44.045  -14.850 0.4000000060
26454  -36.115  -42.798  -22.127 0.3000000119
26401  -37.737  -43.467  -16.733 0.4000000060
112838  -38.399  -43.951  -15.420 0.3000000119
27272  -38.152  -42.775  -18.039 0.4000000060
26417  -37.405  -43.275  -17.659 0.4000000060
26480  -37.979  -42.979  -23.507 0.3000000119
27346  -39.369  -42.020  -24.676 0.3000000119
27299  -39.749  -42.635  -19.873 0.4000000060
26493  -40.756  -43.185  -25.204 0.3000000119
27349  -41.691  -42.406  -24.552 0.3000000119
26483  -42.005  -42.810  -24.112 0.3000000119
26457  -41.596  -42.548  -21.585 0.3000000119
114655  -35.122  -41.253  -22.694 0.3000000119
127534  -34.666  -40.725  -22.896 0.3000000119
27326  -36.346  -41.901  -22.838 0.3000000119
26394  -38.329  -43.298  -15.923 0.3000000119
26418  -38.134  -42.876  -17.354 0.4000000060
27248  -38.514  -42.709  -15.416 0.4000000060
28215  -38.000  -40.750  -24.347 0.3000000119
27283  -38.249  -42.744  -18.841 0.4000000060
27273  -38.975  -42.478  -17.503 0.4000000060
27347  -40.255  -42.218  -24.967 0.3000000119
27348  -40.994  -42.187  -25.043 0.3000000119
27300  -41.156  -42.270  -19.944 0.3000000119
27314  -42.223  -42.061  -21.958 0.3000000119
29103  -37.834  -39.885  -24.234 0.3000000119
120454  -39.402  -41.074  -24.457 0.3000000119
110376  -39.817  -42.145  -17.721 0.3000000119
27257  -39.037  -42.026  -16.600 0.3000000119
28217  -40.209  -41.350  -24.422 0.3000000119
27293  -40.704  -42.235  -19.233 0.3000000119
28219  -41.959  -41.928  -23.233 0.3000000119
27312  -41.453  -42.359  -20.732 0.3000000119
29089  -37.469  -39.577  -23.681 0.3000000119
29065  -36.673  -39.955  -21.667 0.3000000119
28205  -38.862  -40.556  -23.823 0.3000000119
27285  -40.413  -41.963  -18.228 0.3000000119
29075  -38.186  -40.399  -23.085 0.3000000119
29074  -37.455  -40.393  -22.066 0.3000000119
25696  -42.011  -43.755  -24.563 0.4000000060
24928  -39.751  -45.006  -25.328 0.3000000119
26494  -41.624  -43.112  -25.079 0.3000000119
10239  -41.184  -62.235  -32.651 0.6000000238
9518  -41.426  -64.053  -33.108 0.5000000000
8810  -39.993  -64.663  -33.570 0.5000000000
8809  -38.971  -64.589  -33.721 0.5000000000
110735  -41.011  -64.909  -33.355 0.5000000000
8800  -44.268  -65.014  -32.617 0.5000000000
10984  -41.116  -61.946  -32.096 0.6999999881
12553  -43.125  -59.864  -31.213 0.6999999881
127334  -41.417  -62.417  -31.511 0.6999999881
10983  -40.466  -62.096  -32.570 0.6999999881
8813  -43.328  -65.276  -33.092 0.4000000060
9501  -40.224  -63.277  -31.839 0.6999999881
117295  -44.822  -63.052  -32.478 0.5000000000
115670  -49.010  -64.746  -27.701 0.3000000119
109730  -46.036  -61.735  -32.004 0.5000000000
120457  -47.440  -59.859  -31.393 0.3000000119
11805  -45.157  -60.671  -29.492 0.6000000238
12534  -43.041  -60.286  -29.425 0.6000000238
11761  -41.676  -61.734  -26.868 0.6000000238
10210  -42.219  -62.352  -29.960 0.6999999881
125314  -47.689  -67.268  -27.294 0.3000000119
9469  -41.385  -64.375  -28.571 0.6000000238
10209  -41.974  -63.361  -29.532 0.6000000238
9488  -41.634  -64.262  -30.349 0.6999999881
11822  -43.991  -61.333  -32.181 0.5000000000
126142  -44.207  -63.341  -32.629 0.6000000238
10247  -43.041  -63.836  -32.857 0.5000000000
128582  -40.765  -65.125  -30.680 0.6000000238
8020  -40.486  -66.496  -28.157 0.5000000000
8051  -38.596  -65.698  -31.513 0.5000000000
9461  -49.145  -64.150  -27.223 0.3000000119
121330  -39.663  -66.204  -26.198 0.6000000238
8037  -38.099  -66.560  -31.111 0.5000000000
11813  -49.975  -60.495  -29.990 0.3000000119
13388  -44.523  -58.491  -30.999 0.5000000000
10185  -49.262  -63.508  -26.704 0.3000000119
7351  -37.799  -67.200  -30.462 0.5000000000
11795  -47.773  -61.384  -28.844 0.4000000060
7987  -48.418  -67.093  -25.381 0.3000000119
115002  -42.437  -63.591  -22.866 0.6000000238
10887  -38.264  -62.550  -24.092 0.6999999881
108166  -39.906  -62.786  -20.096 0.6000000238
10106  -43.815  -63.458  -21.594 0.6000000238
13349  -48.353  -59.682  -26.216 0.4000000060
10847  -44.635  -62.740  -20.437 0.6000000238
11702  -44.933  -61.985  -19.957 0.5000000000
10827  -42.537  -62.704  -19.384 0.6000000238
111767  -44.091  -58.522  -18.814 0.4000000060
10871  -35.622  -62.377  -22.550 0.6000000238
11714  -36.306  -61.702  -21.525 0.6999999881
14898  -30.746  -58.027  -20.752 0.6000000238
12480  -46.837  -60.688  -23.087 0.4000000060
14025  -41.807  -58.420  -19.092 0.4000000060
10114  -34.929  -63.479  -22.695 0.6000000238
111968  -31.944  -57.324  -20.870 0.6000000238
14853  -31.856  -58.000  -19.001 0.6000000238
14091  -47.698  -58.712  -23.505 0.5000000000
12453  -31.754  -60.651  -19.765 0.5000000000
121008  -34.633  -57.034  -17.258 0.6000000238
11695  -31.308  -61.318  -20.322 0.4000000060
111026  -37.103  -61.316  -19.869 0.5000000000
15733  -46.437  -56.747  -19.398 0.5000000000
12397  -35.925  -60.039  -17.907 0.6000000238
11680  -35.342  -61.072  -20.026 0.5000000000
16551  -35.313  -55.655  -28.475 0.6000000238
19141  -36.603  -52.251  -26.094 0.5000000000
20106  -35.654  -51.515  -22.243 0.5000000000
19137  -37.174  -53.060  -24.380 0.6000000238
112618  -36.866  -51.853  -23.596 0.6000000238
20947  -36.046  -50.811  -22.436 0.6000000238
18179  -39.995  -54.060  -27.004 0.6000000238
20133  -35.934  -51.687  -25.364 0.5000000000
21817  -34.849  -49.428  -20.576 0.5000000000
22646  -38.468  -48.342  -23.912 0.6000000238
20993  -37.962  -50.296  -26.731 0.5000000000
23407  -40.622  -47.691  -24.660 0.6000000238
23380  -31.423  -47.005  -23.631 0.3000000119
114689  -36.301  -46.974  -21.113 0.5000000000
23412  -39.449  -47.322  -26.323 0.3000000119
24862  -36.139  -45.270  -19.791 0.4000000060
25658  -36.721  -44.795  -20.263 0.4000000060
24139  -41.283  -46.228  -26.146 0.4000000060
24931  -39.288  -45.899  -25.624 0.3000000119
25681  -40.018  -44.310  -22.694 0.5000000000
25628  -36.864  -43.968  -17.230 0.4000000060
24873  -29.497  -45.064  -20.742 0.3000000119
25679  -37.450  -43.897  -23.131 0.3000000119
26443  -38.828  -43.211  -20.513 0.4000000060
26482  -41.863  -43.220  -23.653 0.3000000119
26467  -37.383  -42.997  -23.010 0.3000000119
26468  -40.663  -43.434  -22.228 0.4000000060
26434  -30.184  -43.484  -19.943 0.3000000119
27292  -39.443  -42.549  -19.083 0.4000000060
28216  -38.610  -40.514  -24.264 0.3000000119
6649  -34.051  -68.816  -29.433 0.5000000000
6664  -34.495  -68.528  -30.058 0.5000000000
6665  -35.214  -68.328  -29.941 0.5000000000
7348  -35.788  -67.859  -30.549 0.4000000060
5966  -32.961  -69.317  -28.827 0.5000000000
5967  -33.733  -69.053  -28.744 0.5000000000
6650  -34.726  -68.613  -29.243 0.5000000000
6651  -35.472  -68.427  -29.275 0.5000000000
7335  -36.399  -67.910  -29.996 0.5000000000
7350  -37.131  -67.549  -30.237 0.4000000060
5957  -32.967  -69.302  -28.030 0.4000000060
6635  -34.451  -68.821  -28.548 0.5000000000
127700  -35.735  -68.479  -28.879 0.5000000000
7337  -37.877  -67.588  -29.728 0.4000000060
6625  -34.792  -68.892  -27.862 0.5000000000
6626  -35.590  -68.810  -27.793 0.5000000000
6636  -35.245  -68.629  -28.571 0.5000000000
6614  -36.021  -69.123  -27.009 0.5000000000
6637  -36.110  -68.540  -28.426 0.5000000000
6627  -36.406  -68.753  -27.626 0.5000000000
6638  -37.603  -68.373  -28.123 0.5000000000
118335  -38.557  -68.050  -28.115 0.4000000060
5959  -35.211  -69.147  -27.121 0.5000000000
6615  -36.834  -68.909  -26.837 0.5000000000
6629  -38.062  -68.389  -27.358 0.5000000000
7308  -39.236  -67.695  -27.625 0.5000000000
5909  -33.852  -69.176  -23.884 0.5000000000
5944  -34.896  -69.406  -26.331 0.5000000000
5933  -35.429  -69.384  -25.449 0.5000000000
5946  -36.458  -69.185  -26.084 0.5000000000
5934  -36.210  -69.150  -25.295 0.5000000000
118599  -37.220  -68.889  -26.095 0.5000000000
6603  -37.866  -68.431  -25.743 0.5000000000
6617  -38.356  -68.276  -26.526 0.5000000000
130054  -39.378  -67.585  -27.014 0.5000000000
6591  -35.644  -68.665  -24.128 0.5000000000
6581  -35.080  -68.289  -23.570 0.5000000000
7247  -34.809  -67.231  -22.912 0.5000000000
117397  -36.370  -68.689  -24.598 0.5000000000
7259  -36.045  -67.425  -23.549 0.5000000000
7951  -36.319  -66.507  -23.598 0.5000000000
128609  -37.615  -68.148  -24.971 0.5000000000
7269  -37.640  -67.355  -24.561 0.5000000000
7268  -36.805  -67.341  -23.964 0.5000000000
7283  -38.186  -67.744  -25.231 0.5000000000
7270  -38.327  -67.105  -25.020 0.5000000000
6604  -38.529  -67.981  -25.846 0.5000000000
7298  -38.985  -67.782  -26.407 0.5000000000
114588  -40.040  -66.508  -26.786 0.5000000000
8645  -34.016  -65.196  -21.987 0.5000000000
108942  -34.741  -65.301  -22.483 0.6000000238
8684  -35.772  -65.710  -23.254 0.5000000000
9409  -35.907  -64.755  -23.377 0.5000000000
8700  -37.596  -65.512  -24.704 0.5000000000
8699  -36.965  -65.100  -24.326 0.5000000000
7967  -38.662  -66.403  -25.338 0.5000000000
8701  -38.191  -65.724  -25.094 0.5000000000
7285  -39.262  -66.637  -25.814 0.5000000000
118348  -32.603  -64.920  -21.460 0.5000000000
9386  -33.913  -64.252  -21.965 0.5000000000
10126  -36.030  -63.794  -23.494 0.6000000238
13339  -30.311  -58.988  -25.092 0.5000000000
13326  -30.133  -58.952  -24.295 0.6000000238
14114  -30.610  -58.925  -26.022 0.5000000000
127681  -30.504  -58.569  -24.696 0.5000000000
14948  -30.845  -58.045  -23.270 0.6000000238
14949  -31.674  -57.567  -23.860 0.6000000238
14115  -31.170  -57.972  -25.379 0.5000000000
14963  -32.360  -57.414  -24.406 0.6000000238
14975  -33.148  -57.407  -25.087 0.5000000000
112169  -33.271  -57.350  -23.202 0.6000000238
109076  -33.251  -57.411  -23.983 0.6000000238
14976  -34.279  -57.459  -25.412 0.5000000000
14964  -34.151  -57.447  -24.370 0.6000000238
15775  -34.744  -56.862  -23.360 0.6000000238
14977  -35.128  -57.444  -25.665 0.5000000000
14965  -35.064  -57.379  -24.745 0.5000000000
15004  -36.364  -57.264  -27.291 0.5000000000
15799  -36.801  -56.881  -28.047 0.6000000238
16550  -34.065  -55.407  -28.259 0.6000000238
16557  -33.604  -56.167  -28.862 0.5000000000
15793  -36.421  -57.175  -26.304 0.6000000238
14978  -35.739  -57.284  -25.490 0.5000000000
16559  -35.634  -56.191  -28.675 0.5000000000
17327  -35.370  -54.600  -26.917 0.6000000238
17333  -36.019  -55.185  -27.986 0.6000000238
17328  -36.501  -54.524  -27.387 0.6000000238
10186  -49.539  -62.821  -27.104 0.3000000119
11764  -49.766  -61.413  -26.561 0.3000000119
10977  -50.047  -62.070  -28.938 0.3000000119
12495  -49.717  -60.296  -25.198 0.3000000119
11796  -50.274  -61.550  -28.289 0.3000000119
10212  -49.815  -62.768  -28.544 0.3000000119
10211  -49.449  -63.409  -28.783 0.3000000119
7319  -37.821  -68.051  -28.916 0.4000000060
7966  -37.957  -66.446  -24.758 0.5000000000
9410  -36.454  -64.446  -23.955 0.5000000000
123517  -30.172  -58.643  -22.798 0.5000000000
7336  -37.050  -67.957  -29.489 0.4000000060
6653  -36.939  -68.317  -28.731 0.5000000000
5919  -34.341  -69.420  -24.658 0.5000000000
5920  -35.187  -69.230  -24.638 0.5000000000
6580  -34.255  -68.435  -23.390 0.5000000000
7258  -35.320  -67.606  -23.299 0.5000000000
6592  -36.330  -68.113  -23.968 0.5000000000
8685  -36.436  -65.476  -23.754 0.5000000000
10196  -49.793  -62.700  -27.849 0.3000000119
12525  -50.362  -60.706  -27.033 0.3000000119
10947  -49.919  -62.206  -27.596 0.3000000119
11781  -50.103  -61.502  -27.320 0.3000000119
12513  -50.224  -60.462  -26.354 0.3000000119
27256  -38.594  -42.540  -16.127 0.3000000119
5910  -34.766  -68.937  -23.999 0.5000000000
5921  -35.813  -69.107  -24.765 0.5000000000
5945  -35.670  -69.324  -26.316 0.5000000000
5968  -33.959  -69.074  -27.910 0.4000000060
5977  -33.335  -69.128  -29.461 0.5000000000
6579  -33.408  -68.716  -23.347 0.5000000000
6582  -35.740  -68.071  -23.644 0.5000000000
6593  -37.018  -68.124  -24.468 0.5000000000
6602  -37.015  -68.748  -25.277 0.5000000000
6616  -37.629  -68.633  -26.663 0.5000000000
6628  -37.227  -68.617  -27.460 0.5000000000
6652  -36.205  -68.280  -29.253 0.5000000000
7257  -34.733  -67.866  -23.194 0.5000000000
7284  -38.869  -67.301  -25.648 0.5000000000
7290  -48.139  -67.400  -25.864 0.3000000119
7307  -38.806  -68.045  -27.188 0.5000000000
7311  -46.818  -67.247  -27.993 0.3000000119
7312  -47.414  -67.202  -28.101 0.3000000119
7325  -47.870  -67.062  -28.111 0.3000000119
7338  -38.757  -67.610  -29.084 0.4000000060
7390  -38.052  -67.055  -34.501 0.5000000000
7950  -35.490  -66.692  -23.119 0.5000000000
7981  -39.178  -66.001  -25.749 0.6999999881
8004  -40.431  -66.198  -27.369 0.6000000238
8019  -39.879  -67.099  -28.570 0.5000000000
8022  -48.565  -66.183  -27.775 0.3000000119
8031  -47.859  -66.069  -28.951 0.3000000119
8050  -37.348  -66.102  -31.837 0.5000000000
8711  -38.670  -65.421  -25.556 0.6000000238
8761  -48.198  -65.174  -29.016 0.3000000119
8772  -41.266  -65.121  -30.086 0.6000000238
8782  -37.317  -65.000  -32.370 0.5000000000
8799  -43.597  -65.366  -32.832 0.5000000000
8814  -43.891  -65.072  -33.017 0.4000000060
9385  -33.253  -64.605  -21.594 0.5000000000
9399  -34.661  -64.391  -22.452 0.6000000238
9420  -36.971  -64.129  -24.556 0.6000000238
9447  -38.573  -63.518  -26.122 0.6999999881
9449  -39.601  -63.689  -26.803 0.6999999881
9476  -41.749  -64.237  -29.256 0.6000000238
9487  -40.989  -64.446  -30.937 0.6000000238
9503  -45.460  -64.348  -31.884 0.5000000000
9510  -37.433  -63.574  -32.973 0.5000000000
9513  -44.786  -64.406  -32.478 0.5000000000
10065  -41.218  -63.170  -19.880 0.6000000238
10066  -42.120  -63.212  -19.892 0.6000000238
10067  -42.962  -63.189  -20.019 0.6000000238
10080  -40.912  -63.312  -20.607 0.6000000238
10083  -43.261  -63.408  -20.917 0.6000000238
10102  -40.350  -63.271  -21.921 0.5000000000
10108  -45.269  -63.154  -22.141 0.6000000238
10117  -43.966  -63.548  -22.315 0.6000000238
10128  -41.215  -63.332  -23.441 0.6000000238
10131  -44.299  -63.594  -23.172 0.6000000238
10146  -43.908  -63.705  -24.586 0.5000000000
10156  -38.266  -63.121  -25.787 0.6000000238
10159  -44.190  -63.672  -25.348 0.5000000000
10167  -38.660  -63.052  -26.150 0.6000000238
10168  -39.117  -63.169  -26.502 0.6000000238
10170  -42.952  -63.106  -25.858 0.5000000000
10182  -44.559  -63.322  -26.856 0.5000000000
10194  -41.012  -62.471  -27.984 0.6000000238
10224  -47.333  -63.539  -30.323 0.4000000060
10233  -47.023  -63.346  -31.112 0.4000000060
10235  -37.884  -63.129  -33.038 0.5000000000
10237  -38.930  -62.526  -32.966 0.6000000238
10243  -38.460  -62.763  -33.038 0.5000000000
10244  -40.015  -62.178  -32.965 0.5000000000
10246  -41.905  -63.373  -32.851 0.5000000000
10824  -39.203  -62.319  -19.965 0.6000000238
10829  -44.182  -62.368  -19.784 0.6000000238
10844  -39.317  -62.609  -20.810 0.6000000238
10845  -40.188  -63.123  -20.934 0.6000000238
10859  -37.316  -62.120  -21.975 0.6999999881
10861  -45.017  -63.018  -21.215 0.5000000000
10870  -34.897  -62.730  -22.510 0.6000000238
10874  -45.867  -62.652  -22.272 0.5000000000
10885  -36.685  -62.833  -23.727 0.6999999881
10888  -39.000  -62.615  -23.314 0.6000000238
10890  -45.755  -63.002  -22.890 0.6000000238
10904  -46.670  -62.717  -25.447 0.5000000000
10908  -38.170  -62.835  -25.381 0.6000000238
10909  -38.608  -62.798  -25.768 0.6000000238
10914  -46.604  -62.982  -26.241 0.5000000000
10926  -41.014  -61.863  -26.736 0.6999999881
10929  -46.758  -62.847  -27.037 0.5000000000
10932  -49.616  -62.222  -26.784 0.3000000119
10940  -40.870  -61.932  -27.366 0.6000000238
10941  -42.157  -61.598  -27.238 0.5000000000
10943  -44.688  -62.955  -27.574 0.5000000000
10961  -46.638  -62.410  -28.718 0.4000000060
10962  -47.319  -62.097  -28.588 0.4000000060
10963  -50.031  -62.298  -28.307 0.3000000119
10973  -41.734  -62.125  -28.803 0.6000000238
10981  -42.067  -61.965  -31.125 0.6999999881
10982  -49.120  -61.774  -29.885 0.4000000060
10985  -41.879  -61.698  -31.815 0.6999999881
10989  -41.754  -61.927  -32.208 0.6999999881
10992  -45.593  -62.596  -32.241 0.5000000000
11661  -39.491  -61.508  -18.491 0.6000000238
11662  -40.320  -61.609  -18.375 0.5000000000
11663  -41.250  -61.745  -18.468 0.5000000000
11664  -42.903  -62.049  -19.068 0.6000000238
11681  -36.232  -61.184  -20.016 0.5000000000
11683  -39.256  -61.892  -19.215 0.6000000238
11684  -43.693  -61.870  -19.349 0.6000000238
11697  -33.273  -61.367  -20.485 0.5000000000
11704  -46.193  -61.068  -20.624 0.5000000000
11726  -36.182  -62.012  -22.189 0.6999999881
11777  -42.732  -61.424  -27.828 0.5000000000
11782  -50.746  -60.754  -27.872 0.3000000119
11793  -45.020  -61.830  -29.020 0.5000000000
11794  -46.955  -61.842  -29.294 0.4000000060
11804  -44.111  -60.765  -28.873 0.6000000238
11809  -50.169  -61.213  -29.225 0.4000000060
11814  -42.377  -61.039  -31.453 0.6999999881
11819  -48.671  -60.608  -30.959 0.3000000119
11824  -46.368  -61.002  -31.751 0.5000000000
12398  -36.762  -60.194  -17.783 0.6000000238
12399  -37.657  -60.338  -17.645 0.6000000238
12415  -33.542  -59.711  -18.419 0.6000000238
12416  -34.600  -60.136  -18.505 0.6000000238
12417  -35.483  -60.348  -18.572 0.6000000238
12418  -36.321  -60.504  -18.554 0.6000000238
12435  -30.511  -59.319  -19.835 0.5000000000
12437  -32.396  -60.337  -19.323 0.6000000238
12438  -33.140  -60.391  -19.138 0.6999999881
12452  -30.249  -60.143  -20.234 0.5000000000
12454  -45.841  -60.681  -19.950 0.5000000000
12455  -46.299  -60.220  -20.473 0.4000000060
12463  -29.232  -60.370  -21.414 0.5000000000
12464  -46.559  -60.518  -21.351 0.5000000000
12505  -50.184  -60.140  -25.759 0.3000000119
12512  -48.245  -60.220  -26.830 0.4000000060
12524  -48.450  -60.454  -27.666 0.4000000060
12544  -43.481  -59.591  -29.827 0.6000000238
12551  -43.199  -59.563  -30.673 0.6000000238
12559  -44.130  -60.407  -31.885 0.5000000000
13215  -34.834  -59.200  -17.464 0.6000000238
13219  -39.015  -59.930  -17.025 0.6000000238
13220  -40.312  -59.821  -17.359 0.5000000000
13234  -31.706  -58.613  -18.955 0.6000000238
13235  -31.999  -59.179  -18.780 0.6000000238
13236  -33.210  -58.776  -18.144 0.6000000238
13239  -41.976  -59.385  -18.429 0.4000000060
13240  -42.769  -59.357  -18.813 0.6000000238
13266  -29.622  -59.834  -20.810 0.5000000000
13268  -46.384  -59.292  -20.494 0.5000000000
13312  -30.135  -58.770  -23.520 0.6000000238
13340  -48.117  -59.394  -25.423 0.4000000060
13382  -50.343  -59.157  -29.626 0.3000000119
13387  -43.743  -59.038  -30.997 0.6999999881
13392  -48.089  -58.863  -31.254 0.3000000119
13393  -48.717  -59.352  -31.124 0.3000000119
13985  -36.283  -58.029  -15.877 0.6000000238
13996  -36.581  -58.629  -16.164 0.6000000238
13997  -37.358  -58.713  -16.093 0.6000000238
13998  -38.059  -58.719  -16.147 0.5000000000
14012  -35.005  -58.577  -16.992 0.6000000238
14014  -41.308  -58.801  -18.024 0.5000000000
14027  -43.054  -58.803  -18.951 0.6000000238
14036  -30.755  -58.657  -19.702 0.6000000238
14037  -31.269  -58.343  -19.395 0.6000000238
14038  -44.892  -58.802  -19.018 0.5000000000
14051  -30.852  -58.082  -19.935 0.6000000238
14067  -30.239  -58.505  -21.243 0.6000000238
14079  -29.749  -58.950  -21.950 0.6000000238
14092  -48.276  -58.228  -23.602 0.5000000000
14100  -30.575  -58.383  -24.103 0.5000000000
14101  -31.079  -57.908  -24.153 0.5000000000
14104  -49.443  -57.995  -24.973 0.4000000060
14147  -45.123  -58.034  -30.358 0.4000000060
14154  -45.665  -57.758  -30.613 0.4000000060
14156  -47.407  -57.654  -30.630 0.3000000119
14160  -45.802  -57.764  -30.953 0.4000000060
14161  -46.762  -57.768  -30.992 0.4000000060
14162  -47.806  -57.932  -31.016 0.3000000119
14163  -48.628  -58.210  -30.994 0.3000000119
14810  -36.771  -57.528  -15.603 0.6000000238
14812  -38.468  -57.526  -15.781 0.6000000238
14820  -35.580  -57.633  -16.227 0.6000000238
14855  -33.476  -57.310  -18.374 0.5000000000
14858  -42.605  -57.641  -19.051 0.5000000000
14860  -44.351  -57.602  -18.728 0.4000000060
14872  -32.267  -57.435  -19.372 0.6000000238
14899  -31.334  -57.625  -20.387 0.6000000238
14901  -32.800  -56.995  -20.877 0.6000000238
14919  -32.321  -57.269  -21.645 0.6999999881
14932  -31.207  -57.778  -22.295 0.6000000238
14933  -31.761  -57.492  -22.978 0.6999999881
14950  -32.488  -57.392  -23.504 0.6000000238
14951  -34.075  -57.307  -23.424 0.6000000238
14952  -34.718  -57.280  -23.954 0.6000000238
14953  -48.944  -57.778  -23.745 0.4000000060
14962  -31.569  -57.655  -24.784 0.5000000000
14966  -36.196  -56.958  -25.398 0.5000000000
14990  -34.631  -57.448  -26.672 0.5000000000
15023  -49.704  -58.034  -29.711 0.3000000119
15667  -35.821  -56.809  -15.930 0.6000000238
15670  -38.220  -56.702  -15.536 0.6000000238
15687  -35.222  -56.896  -16.537 0.6000000238
15715  -34.372  -56.047  -18.554 0.6000000238
15719  -43.356  -56.537  -18.535 0.4000000060
15729  -33.686  -56.522  -19.705 0.6000000238
15761  -34.229  -56.227  -21.534 0.6999999881
15776  -35.247  -56.517  -23.781 0.6999999881
15790  -36.934  -56.647  -26.266 0.6000000238
15798  -36.011  -56.921  -28.467 0.6000000238
15805  -36.283  -56.466  -28.547 0.5000000000
16471  -44.201  -55.165  -18.034 0.4000000060
16527  -35.366  -54.910  -23.333 0.6999999881
16537  -36.095  -55.642  -24.538 0.6999999881
16538  -36.730  -55.111  -25.072 0.6000000238
16547  -38.298  -55.903  -27.354 0.6999999881
16552  -36.528  -55.817  -28.445 0.6000000238
16554  -38.440  -55.546  -27.779 0.6000000238
17247  -34.620  -54.695  -17.817 0.6000000238
17322  -38.148  -54.710  -25.996 0.6000000238
17330  -39.591  -54.346  -27.246 0.6000000238
17332  -34.829  -55.042  -27.693 0.6000000238
17335  -38.342  -55.190  -27.995 0.6000000238
17337  -39.671  -54.127  -27.332 0.6000000238
18101  -34.988  -53.721  -16.801 0.5000000000
18122  -42.735  -53.824  -19.391 0.4000000060
18124  -34.375  -53.092  -19.625 0.4000000060
18146  -34.678  -53.681  -21.383 0.6000000238
18163  -35.529  -53.537  -22.960 0.6000000238
18168  -36.088  -53.424  -23.502 0.6000000238
18174  -37.287  -53.714  -24.757 0.6000000238
18180  -40.387  -53.468  -26.994 0.6000000238
18181  -36.835  -53.801  -26.895 0.5000000000
18186  -40.115  -53.646  -27.289 0.6000000238
19121  -34.933  -53.098  -21.901 0.5000000000
19122  -35.808  -52.194  -22.620 0.5000000000
19132  -36.615  -52.707  -23.724 0.6000000238
19136  -35.163  -52.179  -24.800 0.5000000000
19142  -39.340  -53.579  -26.202 0.6000000238
19145  -37.669  -52.468  -26.832 0.4000000060
19148  -40.429  -53.267  -27.126 0.6000000238
19149  -39.420  -53.620  -27.475 0.5000000000
20001  -34.358  -51.433  -17.850 0.5000000000
20069  -34.395  -51.670  -19.844 0.5000000000
20121  -37.610  -51.423  -24.143 0.6000000238
20135  -40.804  -52.156  -26.367 0.6000000238
20136  -41.198  -51.930  -26.782 0.6000000238
20138  -37.586  -51.037  -26.624 0.5000000000
20913  -34.560  -50.215  -20.183 0.5000000000
20931  -34.932  -50.769  -21.080 0.5000000000
20948  -36.536  -50.727  -22.958 0.6999999881
20994  -40.178  -51.440  -27.227 0.4000000060
20995  -41.250  -51.495  -26.861 0.5000000000
21799  -34.330  -49.871  -18.162 0.5000000000
21843  -35.756  -50.127  -22.076 0.6000000238
21858  -38.345  -49.024  -24.096 0.6999999881
21874  -41.928  -50.284  -26.264 0.6000000238
21876  -42.441  -49.187  -26.268 0.5000000000
21879  -37.732  -49.526  -26.513 0.5000000000
21881  -40.733  -49.734  -26.794 0.4000000060
22598  -35.332  -48.026  -20.602 0.5000000000
22606  -34.758  -48.728  -20.137 0.5000000000
22625  -36.556  -48.479  -22.340 0.6999999881
22645  -37.858  -48.516  -23.620 0.6000000238
22658  -40.670  -49.148  -25.118 0.6000000238
22664  -42.545  -48.905  -26.108 0.5000000000
22668  -42.017  -48.634  -26.398 0.5000000000
23367  -36.063  -47.597  -21.275 0.5000000000
23368  -36.735  -47.097  -21.661 0.5000000000
23379  -30.636  -47.412  -23.517 0.3000000119
23398  -39.852  -47.001  -23.991 0.6000000238
23408  -41.854  -47.623  -25.457 0.6999999881
23415  -40.648  -47.914  -26.472 0.5000000000
23416  -41.640  -47.684  -26.288 0.5000000000
24082  -36.175  -46.546  -20.687 0.5000000000
24096  -36.662  -46.484  -21.210 0.5000000000
24107  -30.021  -47.105  -22.346 0.3000000119
24108  -32.152  -46.641  -23.207 0.4000000060
24109  -33.830  -46.176  -22.608 0.4000000060
24112  -38.487  -46.353  -22.830 0.5000000000
24133  -41.952  -46.215  -25.176 0.5000000000
24138  -40.034  -46.422  -26.198 0.3000000119
24140  -41.886  -46.170  -25.696 0.4000000060
24141  -40.857  -47.030  -26.338 0.5000000000
24892  -33.473  -45.309  -21.306 0.4000000060
24895  -36.963  -45.897  -21.170 0.5000000000
24905  -34.564  -45.593  -22.177 0.4000000060
24917  -35.675  -46.000  -23.212 0.4000000060
24921  -41.509  -45.137  -24.246 0.4000000060
24922  -42.135  -44.729  -24.853 0.4000000060
24925  -37.000  -46.122  -24.056 0.3000000119
24933  -41.538  -45.474  -25.816 0.4000000060
24934  -41.884  -45.314  -25.507 0.4000000060
25609  -36.525  -44.746  -16.935 0.4000000060
25648  -36.333  -44.478  -19.404 0.4000000060
25649  -36.956  -43.955  -19.860 0.4000000060
25654  -29.283  -44.683  -20.320 0.3000000119
25655  -29.916  -44.340  -20.554 0.3000000119
25667  -32.955  -44.711  -20.812 0.4000000060
25669  -34.516  -44.295  -21.273 0.4000000060
25670  -37.818  -44.868  -21.380 0.5000000000
25680  -39.091  -44.781  -22.426 0.5000000000
25693  -38.681  -43.913  -24.230 0.3000000119
25701  -39.673  -44.088  -24.839 0.3000000119
25702  -40.815  -44.260  -25.465 0.3000000119
25703  -41.546  -43.811  -25.321 0.3000000119
25704  -42.121  -44.115  -25.001 0.4000000060
25706  -41.721  -44.643  -25.518 0.4000000060
26383  -38.537  -43.422  -15.047 0.3000000119
26437  -38.483  -42.884  -19.702 0.4000000060
26444  -40.128  -42.814  -20.634 0.4000000060
26449  -31.446  -43.173  -20.949 0.4000000060
26450  -32.637  -43.232  -20.843 0.4000000060
26452  -34.770  -43.515  -21.313 0.4000000060
26453  -35.487  -43.516  -21.681 0.4000000060
26469  -41.738  -42.773  -22.581 0.3000000119
26470  -42.038  -42.302  -23.087 0.3000000119
26481  -38.691  -42.996  -24.058 0.3000000119
26495  -41.960  -43.379  -24.825 0.3000000119
27274  -39.478  -42.039  -17.200 0.3000000119
27284  -39.393  -42.474  -18.230 0.3000000119
27301  -41.759  -41.977  -20.408 0.3000000119
27325  -35.629  -41.955  -22.333 0.3000000119
27327  -36.884  -42.452  -22.884 0.3000000119
27328  -42.147  -42.058  -22.731 0.3000000119
27333  -37.621  -42.092  -23.660 0.3000000119
27334  -38.470  -41.883  -24.278 0.3000000119
27335  -42.035  -42.169  -23.618 0.3000000119
28203  -34.245  -41.306  -22.296 0.3000000119
28229  -40.064  -41.536  -24.793 0.3000000119
28230  -41.020  -41.722  -24.633 0.3000000119
28231  -41.700  -41.881  -24.098 0.3000000119
29088  -36.993  -39.429  -23.070 0.3000000119
29090  -38.038  -39.810  -24.119 0.3000000119
107880  -40.417  -62.217  -26.326 0.6000000238
107991  -36.822  -62.500  -23.120 0.6999999881
108816  -38.602  -62.596  -25.060 0.6000000238
109242  -42.700  -60.636  -29.542 0.6000000238
109696  -37.096  -61.779  -21.352 0.6999999881
110516  -34.488  -54.130  -18.356 0.6999999881
110670  -29.172  -59.888  -22.860 0.6000000238
110813  -38.907  -65.895  -34.191 0.6000000238
110993  -36.535  -46.081  -20.808 0.5000000000
111279  -30.890  -60.663  -20.044 0.5000000000
111598  -41.065  -62.704  -19.248 0.5000000000
111809  -34.730  -52.842  -21.224 0.5000000000
111955  -36.849  -68.535  -28.084 0.5000000000
112371  -34.379  -53.609  -18.969 0.6000000238
113065  -40.314  -42.238  -18.673 0.3000000119
113630  -29.640  -59.224  -22.856 0.5000000000
113699  -44.264  -59.144  -18.925 0.6000000238
113876  -30.738  -58.441  -25.363 0.5000000000
114289  -43.620  -59.701  -31.421 0.8000000119
114750  -35.392  -64.074  -23.006 0.6999999881
114775  -36.744  -64.393  -32.957 0.5000000000
115137  -37.328  -46.836  -22.124 0.6000000238
115637  -34.387  -69.245  -27.129 0.5000000000
115692  -37.404  -64.698  -24.767 0.6000000238
115844  -34.905  -54.535  -17.084 0.5000000000
116786  -39.515  -40.912  -24.178 0.3000000119
117015  -30.285  -46.557  -21.769 0.3000000119
117169  -41.595  -62.059  -26.394 0.5000000000
117196  -38.935  -66.423  -30.829 0.5000000000
117225  -39.586  -67.095  -26.399 0.5000000000
117243  -41.176  -51.629  -26.360 0.6000000238
117287  -37.135  -66.275  -24.175 0.5000000000
117333  -41.979  -65.199  -33.340 0.5000000000
117420  -36.276  -62.378  -22.654 0.6999999881
117652  -38.604  -42.634  -16.771 0.4000000060
117704  -50.461  -60.491  -29.292 0.3000000119
117761  -35.521  -56.093  -16.250 0.6000000238
117977  -36.900  -56.057  -15.438 0.6000000238
117992  -32.467  -64.110  -21.341 0.6000000238
118175  -39.344  -63.354  -32.240 0.6000000238
119152  -42.177  -47.173  -25.806 0.4000000060
119451  -44.751  -62.066  -32.295 0.5000000000
119756  -33.510  -43.254  -20.883 0.4000000060
120024  -35.556  -59.558  -17.481 0.6000000238
120237  -33.634  -46.603  -23.700 0.4000000060
121051  -48.835  -62.526  -30.024 0.4000000060
121508  -39.018  -41.133  -24.540 0.3000000119
122004  -35.564  -44.248  -21.840 0.4000000060
122310  -31.650  -45.836  -21.302 0.3000000119
122932  -30.878  -58.109  -24.734 0.5000000000
123076  -45.429  -63.681  -32.340 0.5000000000
123106  -35.956  -69.306  -25.783 0.5000000000
123462  -35.624  -57.127  -24.811 0.5000000000
123546  -34.390  -58.619  -17.408 0.6000000238
123600  -37.385  -62.336  -22.671 0.6999999881
123859  -37.121  -56.312  -28.321 0.5000000000
124003  -42.534  -49.023  -26.074 0.6000000238
124227  -47.214  -61.617  -31.278 0.4000000060
124545  -49.766  -57.785  -30.087 0.3000000119
125095  -36.721  -61.937  -21.899 0.6999999881
125160  -36.085  -57.157  -28.099 0.5000000000
125489  -47.686  -66.713  -28.675 0.3000000119
125608  -34.445  -55.138  -21.063 0.6000000238
125783  -37.032  -63.997  -32.977 0.5000000000
125820  -30.807  -45.613  -21.131 0.3000000119
126038  -32.332  -46.322  -21.966 0.4000000060
126133  -34.273  -46.676  -24.003 0.3000000119
126135  -35.499  -53.286  -25.622 0.5000000000
126660  -48.421  -64.478  -29.095 0.3000000119
127137  -44.671  -61.219  -32.130 0.5000000000
127175  -35.814  -68.190  -29.812 0.5000000000
127306  -37.411  -57.607  -15.573 0.6000000238
127585  -49.503  -63.357  -27.757 0.3000000119
127959  -30.798  -58.015  -21.573 0.6000000238
128100  -34.245  -68.818  -28.985 0.5000000000
128207  -34.583  -50.685  -16.987 0.5000000000
128337  -42.472  -61.386  -18.669 0.6000000238
128589  -34.730  -55.691  -22.481 0.6999999881
128628  -41.881  -61.594  -18.526 0.6000000238
128743  -44.013  -56.508  -18.471 0.4000000060
129004  -33.781  -62.938  -21.885 0.6000000238
129065  -37.702  -56.503  -27.142 0.6999999881
129101  -40.449  -41.288  -23.833 0.3000000119
129914  -39.690  -60.031  -17.253 0.5000000000
130352  -44.321  -63.677  -23.989 0.5000000000
