#!ascii label  , from subject sub-v2s15x29753_ses-1 vox2ras=TkReg
1419
25351  29.144  -41.951  -32.469 0.6000000238
24541  31.346  -43.592  -31.434 0.5000000000
26905  28.649  -40.394  -33.067 0.6999999881
26896  28.575  -40.498  -32.851 0.6000000238
112416  29.262  -40.181  -32.068 0.6000000238
26099  30.013  -41.899  -32.236 0.6999999881
26108  29.153  -41.053  -32.852 0.6000000238
26109  28.314  -41.234  -32.705 0.5000000000
26100  28.375  -41.071  -32.702 0.5000000000
110761  28.542  -40.862  -32.167 0.5000000000
26890  30.266  -40.250  -30.444 0.6000000238
25342  30.978  -42.628  -31.581 0.5000000000
24542  30.367  -43.357  -31.722 0.5000000000
23677  31.634  -44.417  -31.531 0.5000000000
22803  31.957  -45.142  -31.837 0.5000000000
27720  30.561  -39.208  -32.153 0.6000000238
27716  31.219  -39.297  -30.866 0.6999999881
26107  30.181  -41.157  -32.596 0.6000000238
26904  29.312  -40.330  -33.429 0.6999999881
27721  29.392  -39.501  -32.850 0.6000000238
27717  30.288  -39.729  -31.449 0.6000000238
26098  30.968  -41.800  -31.801 0.6000000238
108850  32.018  -42.939  -31.390 0.5000000000
115890  31.814  -42.083  -31.525 0.5000000000
27710  30.937  -39.692  -29.432 0.6000000238
27696  30.839  -39.676  -28.422 0.6000000238
23676  32.480  -44.525  -31.518 0.5000000000
26872  30.374  -40.321  -28.153 0.6000000238
27682  30.529  -39.699  -27.385 0.6999999881
27668  30.213  -39.325  -26.321 0.6999999881
27683  29.923  -40.086  -26.628 0.6000000238
27669  29.369  -39.601  -25.765 0.6000000238
27650  28.668  -39.346  -25.436 0.6000000238
28573  25.848  -38.209  -28.302 0.5000000000
118986  23.738  -37.438  -30.348 0.6999999881
29445  25.194  -38.117  -29.244 0.6000000238
30273  23.393  -37.272  -30.293 0.8000000119
29466  23.431  -37.886  -30.012 0.6999999881
26915  29.696  -39.750  -34.065 0.6999999881
27726  29.334  -39.445  -33.679 0.6999999881
27725  29.985  -38.988  -32.965 0.6000000238
119703  30.877  -39.649  -30.347 0.6999999881
27709  31.455  -39.191  -29.822 0.6999999881
26895  31.474  -41.254  -31.912 0.6000000238
26903  30.815  -40.503  -33.020 0.6000000238
27695  31.495  -39.045  -28.790 0.8000000119
25341  32.662  -42.364  -31.391 0.5000000000
109236  32.844  -43.135  -31.297 0.5000000000
27681  31.164  -39.093  -27.847 0.8000000119
22802  32.686  -45.172  -31.815 0.5000000000
28555  30.838  -38.908  -26.919 0.8000000119
28538  30.462  -38.597  -26.065 0.8000000119
28516  29.303  -38.140  -25.187 0.6999999881
120144  28.639  -37.910  -25.137 0.6999999881
28539  29.753  -38.781  -25.597 0.6999999881
118916  27.872  -38.058  -25.362 0.6000000238
118386  28.460  -38.659  -25.306 0.6000000238
116818  29.108  -38.900  -25.375 0.6000000238
29420  26.846  -37.511  -26.789 0.6999999881
28540  26.964  -38.267  -25.902 0.6999999881
116910  26.057  -37.439  -28.832 0.6999999881
28556  26.366  -38.247  -27.152 0.6000000238
29464  24.932  -37.515  -29.908 0.8000000119
30272  24.234  -36.958  -30.649 0.8999999762
30257  23.422  -36.876  -29.604 0.6999999881
30278  23.772  -36.337  -31.059 0.8000000119
28601  31.674  -38.749  -31.404 0.6000000238
28598  31.794  -38.818  -30.339 0.6999999881
29463  32.666  -37.889  -29.679 0.6999999881
28605  30.729  -38.679  -32.988 0.6000000238
28571  32.488  -37.997  -29.016 0.6000000238
117373  30.236  -38.974  -34.237 0.4000000060
121686  29.974  -38.879  -33.942 0.6000000238
28588  32.087  -38.539  -29.484 0.6999999881
26914  30.826  -39.561  -33.950 0.6000000238
28572  32.072  -38.366  -28.600 0.8000000119
110700  33.362  -41.879  -31.437 0.4000000060
26097  32.482  -41.534  -31.598 0.5000000000
26894  32.181  -40.799  -32.104 0.6000000238
113528  31.635  -38.613  -28.113 0.8000000119
25340  33.292  -42.608  -31.334 0.5000000000
28554  31.428  -38.458  -27.386 0.8000000119
24539  33.706  -43.209  -31.273 0.4000000060
129537  30.590  -38.148  -25.904 0.8000000119
121758  33.247  -44.731  -31.561 0.5000000000
29398  29.950  -37.311  -25.206 0.8000000119
31094  28.189  -36.026  -25.706 0.8000000119
29399  29.070  -37.342  -25.009 0.6999999881
28515  30.112  -38.110  -25.502 0.8000000119
30221  27.306  -36.750  -26.722 0.8000000119
29400  28.259  -37.328  -25.306 0.6999999881
124999  27.219  -36.224  -27.612 0.8999999762
30207  27.846  -36.629  -25.770 0.6999999881
30235  26.735  -36.978  -27.693 0.8999999762
29401  27.462  -37.400  -25.821 0.6999999881
29428  26.422  -37.665  -27.757 0.6000000238
30271  25.657  -36.726  -29.845 0.8999999762
31146  23.897  -35.882  -29.708 0.8000000119
32052  24.817  -35.017  -28.540 0.8000000119
31124  24.354  -35.975  -28.441 0.8000000119
31163  23.645  -36.455  -30.658 0.8000000119
28597  32.317  -38.354  -30.386 0.6999999881
29442  32.991  -37.394  -28.985 0.6000000238
114888  32.492  -38.194  -31.202 0.5000000000
28609  30.741  -38.765  -34.117 0.4000000060
28604  31.231  -38.447  -33.681 0.5000000000
29443  32.450  -37.703  -28.375 0.6999999881
26913  32.087  -39.660  -33.586 0.5000000000
29444  31.974  -38.076  -27.855 0.6999999881
26901  33.800  -40.847  -31.952 0.5000000000
26902  31.796  -40.222  -33.018 0.6000000238
26106  34.462  -41.360  -31.779 0.4000000060
123930  33.818  -41.387  -31.626 0.4000000060
30203  31.080  -36.071  -25.455 0.8000000119
124519  31.352  -37.369  -26.193 0.8000000119
25339  34.457  -42.680  -31.335 0.4000000060
29397  30.829  -36.894  -25.517 0.8000000119
28537  31.056  -38.163  -26.430 0.8000000119
23675  33.880  -44.131  -31.326 0.3000000119
31106  28.292  -35.324  -26.001 0.8000000119
31093  28.852  -35.862  -25.362 0.8000000119
30205  29.452  -36.563  -25.110 0.8000000119
31107  27.742  -35.909  -26.629 0.8000000119
30206  28.600  -36.620  -25.272 0.8000000119
30255  27.232  -35.702  -28.427 0.8999999762
30256  26.651  -36.525  -28.624 0.8999999762
31160  27.035  -35.367  -29.385 0.8999999762
31145  26.587  -36.048  -29.282 0.8999999762
114774  25.619  -34.526  -27.448 0.8000000119
31162  24.658  -36.338  -30.936 0.8999999762
120968  23.608  -35.682  -30.758 0.8000000119
31173  23.746  -35.579  -31.380 0.8000000119
112428  32.999  -37.731  -31.092 0.6000000238
29473  32.849  -37.790  -30.445 0.6000000238
113614  33.448  -36.888  -29.339 0.6000000238
29477  32.817  -37.974  -31.894 0.6000000238
28608  31.510  -38.431  -34.132 0.4000000060
28600  31.999  -38.443  -32.285 0.5000000000
30254  32.831  -37.002  -28.139 0.6999999881
27732  31.315  -39.060  -34.274 0.4000000060
29426  32.304  -37.383  -27.579 0.6999999881
26912  33.265  -39.927  -33.312 0.5000000000
30234  32.028  -37.018  -26.746 0.6999999881
125842  33.796  -40.467  -32.606 0.5000000000
31090  31.318  -35.423  -25.496 0.8000000119
30220  31.578  -36.562  -26.009 0.8000000119
32000  29.091  -35.076  -25.537 0.8000000119
30204  30.281  -36.346  -25.253 0.8000000119
31121  28.017  -35.018  -27.088 0.8000000119
32051  27.524  -34.961  -28.599 0.8999999762
31122  27.574  -35.584  -27.534 0.8999999762
130063  27.440  -34.829  -29.119 0.8999999762
31161  26.029  -35.944  -30.203 0.8999999762
31171  25.203  -35.715  -31.205 1.0000000000
126446  24.953  -34.441  -29.035 0.8000000119
31172  23.974  -35.789  -31.543 1.0000000000
32053  24.258  -35.090  -29.816 0.8000000119
31178  23.862  -35.214  -31.857 1.0000000000
32069  23.624  -35.120  -31.062 0.8000000119
29462  33.210  -37.349  -29.833 0.6000000238
31159  33.836  -36.317  -29.216 0.6000000238
29476  33.429  -37.452  -31.521 0.6000000238
30232  33.205  -36.270  -27.856 0.6999999881
29480  32.146  -37.929  -33.798 0.4000000060
112603  32.321  -38.105  -32.914 0.4000000060
27738  31.919  -38.741  -34.352 0.4000000060
30233  32.602  -36.623  -27.337 0.6999999881
27730  33.683  -39.497  -33.973 0.5000000000
30219  32.261  -36.209  -26.540 0.8000000119
31091  30.596  -35.431  -25.309 0.8000000119
31089  31.886  -35.016  -25.658 0.8000000119
32909  29.019  -33.762  -26.484 0.8000000119
123962  29.930  -34.893  -25.309 0.8000000119
115444  28.436  -34.200  -27.238 0.8000000119
32012  28.625  -34.560  -26.274 0.8000000119
32031  27.943  -34.536  -27.976 0.8999999762
32066  27.282  -34.705  -29.682 0.8999999762
32067  26.433  -35.189  -30.377 1.0000000000
32076  25.572  -34.968  -31.497 1.0000000000
32077  24.287  -35.400  -31.877 1.0000000000
32068  24.585  -34.380  -29.948 0.8000000119
32934  25.543  -34.133  -28.267 0.8000000119
32966  24.109  -34.377  -31.117 0.8000000119
32078  23.644  -34.983  -31.778 0.8000000119
30277  33.962  -36.902  -31.012 0.6000000238
29472  33.385  -37.337  -30.628 0.6000000238
31119  33.397  -35.551  -27.621 0.6999999881
31103  33.185  -34.923  -26.896 0.6999999881
29479  33.187  -37.627  -32.723 0.5000000000
31120  32.879  -35.835  -27.096 0.8000000119
28615  31.777  -38.403  -34.269 0.4000000060
31104  32.453  -35.363  -26.295 0.8000000119
28614  32.623  -38.191  -34.496 0.4000000060
29483  32.372  -37.912  -34.284 0.4000000060
128188  30.584  -34.694  -25.354 0.8000000119
115030  31.208  -34.841  -25.419 0.8000000119
31999  29.402  -34.310  -25.703 0.8000000119
32050  27.806  -34.322  -28.911 0.8999999762
32962  28.303  -33.563  -29.157 0.8000000119
32075  26.869  -34.455  -30.584 1.0000000000
32972  27.454  -33.611  -30.797 1.0000000000
32975  23.945  -34.251  -32.135 1.0000000000
32965  25.009  -33.620  -30.075 0.8999999762
32948  26.081  -33.368  -28.356 0.8999999762
32974  24.493  -33.485  -31.183 1.0000000000
33902  25.388  -32.771  -30.288 1.0000000000
32964  25.844  -33.044  -29.292 1.0000000000
33912  23.835  -33.281  -32.052 1.0000000000
34803  24.106  -31.728  -33.150 1.0000000000
33911  24.643  -32.537  -31.385 1.0000000000
34793  24.603  -31.422  -31.589 1.0000000000
35668  24.159  -30.919  -33.327 1.0000000000
31158  34.283  -35.634  -29.193 0.6999999881
31144  33.739  -35.767  -28.425 0.6999999881
31143  34.244  -35.101  -28.590 0.6999999881
30276  34.368  -36.241  -30.539 0.6000000238
30270  34.236  -36.125  -29.773 0.6000000238
32049  33.822  -34.873  -27.811 0.6999999881
30282  33.999  -36.993  -32.063 0.6000000238
30286  33.853  -36.960  -33.203 0.5000000000
32010  33.255  -33.995  -26.484 0.8000000119
118423  33.193  -37.361  -34.611 0.4000000060
32011  32.542  -34.402  -25.980 0.8000000119
31997  30.942  -34.158  -25.434 0.8000000119
32895  30.523  -33.482  -25.614 0.8000000119
117111  29.519  -33.163  -26.304 0.8000000119
32896  29.741  -33.576  -25.810 0.8000000119
32947  28.424  -33.769  -28.156 0.6999999881
32932  28.733  -33.610  -27.357 0.8000000119
33900  28.614  -32.851  -29.543 0.8000000119
32963  27.654  -33.983  -29.815 0.8999999762
32971  28.108  -33.371  -29.956 1.0000000000
32973  26.250  -34.166  -31.549 1.0000000000
33909  27.700  -32.891  -31.446 1.0000000000
32982  25.426  -33.917  -32.452 1.0000000000
33921  26.944  -32.713  -32.249 1.0000000000
33922  25.745  -33.181  -32.674 1.0000000000
33935  24.749  -32.758  -33.297 1.0000000000
33936  24.278  -32.508  -33.111 1.0000000000
34813  24.461  -31.744  -33.566 1.0000000000
33910  25.531  -31.802  -30.550 1.0000000000
34792  25.438  -30.750  -30.833 1.0000000000
35660  24.697  -30.354  -31.860 1.0000000000
32065  34.697  -34.790  -29.278 0.6999999881
31177  34.851  -35.635  -31.036 0.5000000000
31170  34.668  -35.489  -30.068 0.6999999881
32030  33.638  -34.300  -27.149 0.6999999881
30281  34.486  -36.312  -31.521 0.6000000238
32908  32.718  -33.457  -25.984 0.8000000119
33828  32.023  -32.813  -25.740 0.8000000119
33829  30.973  -32.743  -25.749 0.6999999881
33830  30.070  -32.877  -25.951 0.8000000119
33847  29.681  -32.614  -26.633 0.8000000119
33885  28.814  -32.897  -28.537 0.6999999881
33866  29.326  -32.577  -27.624 0.6999999881
34781  29.597  -31.752  -29.639 0.8000000119
34780  30.091  -31.279  -30.158 0.8000000119
35659  30.624  -30.801  -30.673 0.8000000119
33908  28.341  -32.806  -30.555 0.8999999762
33899  29.044  -32.287  -30.059 0.8000000119
34791  29.511  -31.747  -30.569 0.8000000119
33907  28.909  -32.166  -30.918 0.8999999762
34800  29.325  -31.662  -31.570 0.8999999762
34790  30.062  -31.313  -31.138 0.8000000119
33919  28.670  -32.023  -31.600 0.8999999762
33920  27.959  -32.230  -32.076 1.0000000000
33934  26.097  -32.345  -32.935 1.0000000000
32990  24.900  -33.658  -33.204 1.0000000000
34812  25.272  -31.643  -33.592 1.0000000000
34824  24.419  -30.862  -33.648 1.0000000000
34783  26.324  -31.144  -29.909 1.0000000000
119759  25.597  -30.371  -33.870 1.0000000000
35676  24.442  -30.159  -33.568 1.0000000000
35651  26.081  -30.204  -30.324 1.0000000000
35690  24.839  -29.891  -33.900 1.0000000000
36517  24.790  -29.388  -33.510 1.0000000000
107635  25.866  -29.734  -31.422 1.0000000000
32074  35.084  -34.805  -30.096 0.6999999881
32064  35.232  -34.169  -29.726 0.6999999881
32961  34.913  -34.015  -29.008 0.6999999881
32048  34.464  -34.288  -28.334 0.6999999881
32929  34.424  -33.502  -27.702 0.6999999881
31169  35.118  -35.081  -30.669 0.6000000238
32930  33.825  -33.541  -26.958 0.6999999881
31182  35.003  -35.665  -31.982 0.5000000000
32907  33.279  -33.268  -26.375 0.6999999881
30285  34.510  -36.334  -32.576 0.5000000000
112781  32.877  -32.656  -26.140 0.8000000119
33846  30.443  -32.081  -26.349 0.6999999881
33845  31.462  -31.959  -26.023 0.6999999881
34732  29.856  -32.077  -27.068 0.6999999881
34749  29.772  -31.857  -27.854 0.6999999881
33884  29.166  -32.288  -29.147 0.6999999881
125629  29.349  -32.274  -28.392 0.6999999881
34765  30.095  -31.171  -29.176 0.8000000119
35649  30.591  -30.721  -29.663 0.8000000119
35648  31.182  -30.258  -30.118 0.8000000119
35658  31.256  -30.411  -31.189 0.8000000119
35666  30.622  -30.840  -31.667 0.8000000119
34801  28.654  -31.669  -32.330 1.0000000000
34799  29.969  -31.210  -32.090 0.8999999762
35675  30.490  -30.777  -32.598 0.8000000119
113954  29.307  -31.357  -32.456 1.0000000000
34810  29.642  -30.930  -32.971 0.8000000119
33933  27.120  -32.077  -32.658 1.0000000000
34811  26.490  -31.461  -33.258 1.0000000000
34822  26.693  -30.622  -33.698 1.0000000000
35689  25.393  -29.341  -34.142 1.0000000000
35637  27.013  -30.074  -29.221 1.0000000000
36547  25.098  -29.109  -34.063 1.0000000000
36532  25.194  -28.981  -33.722 1.0000000000
115290  25.601  -29.346  -32.647 1.0000000000
36506  26.106  -29.834  -30.585 1.0000000000
36515  26.667  -29.698  -31.886 1.0000000000
32960  35.381  -33.374  -29.239 0.6999999881
33883  34.843  -32.669  -27.877 0.6000000238
121761  34.217  -32.780  -27.146 0.6000000238
125676  33.899  -32.139  -26.801 0.6000000238
34728  33.234  -31.861  -26.437 0.6999999881
34729  31.889  -31.212  -26.315 0.6999999881
121783  32.636  -31.315  -26.388 0.6999999881
34730  30.993  -31.193  -26.492 0.6999999881
34731  30.314  -31.442  -27.126 0.6999999881
35635  31.085  -30.201  -29.013 0.8000000119
34748  30.254  -31.047  -28.085 0.6999999881
35636  30.562  -30.655  -28.767 0.8000000119
36502  31.765  -29.772  -30.638 0.8000000119
36512  31.773  -29.936  -31.683 0.8000000119
113398  30.095  -30.546  -33.521 0.8000000119
34821  27.380  -30.450  -33.769 1.0000000000
35687  28.927  -30.345  -33.880 1.0000000000
35688  27.635  -29.862  -34.242 1.0000000000
121980  26.310  -29.388  -34.269 1.0000000000
36546  25.646  -28.906  -34.211 1.0000000000
36545  26.441  -28.672  -34.535 1.0000000000
36482  27.361  -29.757  -28.424 1.0000000000
36531  26.037  -29.000  -33.577 1.0000000000
36496  26.536  -29.720  -29.906 1.0000000000
32946  34.883  -33.463  -28.464 0.6999999881
35597  33.204  -30.990  -26.608 0.6000000238
35598  32.440  -30.616  -26.647 0.6999999881
35617  31.517  -30.200  -27.431 0.6999999881
35599  31.579  -30.609  -26.762 0.6999999881
117826  30.940  -30.385  -28.077 0.6999999881
36481  31.578  -29.817  -28.229 0.8000000119
36495  31.734  -29.549  -29.330 0.6999999881
36528  31.683  -30.014  -32.639 0.6999999881
35674  31.037  -30.474  -33.130 0.6999999881
35700  29.204  -29.839  -34.427 0.8000000119
35686  30.518  -30.140  -34.043 0.6999999881
35701  27.803  -29.290  -34.772 0.8999999762
35702  26.755  -28.739  -34.902 1.0000000000
36561  26.494  -28.215  -35.084 1.0000000000
111465  27.058  -29.216  -29.281 1.0000000000
36530  26.951  -28.736  -33.799 1.0000000000
108547  26.928  -29.334  -29.818 1.0000000000
36504  27.521  -29.522  -31.012 1.0000000000
33882  35.402  -32.188  -28.400 0.6000000238
33864  35.022  -31.744  -27.730 0.6000000238
34747  34.564  -31.348  -27.294 0.6000000238
119019  34.339  -30.811  -27.156 0.6000000238
33842  33.946  -31.370  -26.847 0.6000000238
35596  33.742  -30.549  -26.928 0.6000000238
35615  33.440  -29.839  -27.140 0.6000000238
35616  32.680  -29.934  -27.056 0.6000000238
36466  32.161  -29.717  -27.540 0.6000000238
36480  32.259  -29.242  -28.276 0.6999999881
36494  32.291  -29.070  -30.074 0.6999999881
36501  32.334  -29.333  -31.164 0.6999999881
36511  32.262  -29.452  -32.139 0.6999999881
36527  32.099  -29.478  -33.084 0.6999999881
36543  31.432  -29.940  -33.577 0.6999999881
41547  34.466  -24.741  -37.288 0.3000000119
36559  29.548  -29.379  -34.901 0.6999999881
36558  30.947  -29.653  -34.495 0.6999999881
113330  34.905  -24.227  -37.891 0.3000000119
37374  26.740  -28.440  -25.029 0.8999999762
124794  26.784  -28.301  -35.224 1.0000000000
36453  27.623  -29.228  -26.305 1.0000000000
37406  27.331  -28.871  -28.333 1.0000000000
37388  27.601  -28.861  -27.139 1.0000000000
36514  27.614  -29.607  -32.260 1.0000000000
36505  26.615  -29.550  -30.557 1.0000000000
34764  35.535  -31.371  -28.231 0.6000000238
34746  35.007  -30.797  -27.596 0.6000000238
35634  35.682  -30.507  -28.213 0.6000000238
35613  35.151  -29.807  -27.762 0.6000000238
36462  35.042  -28.826  -28.006 0.6000000238
36463  34.249  -28.763  -27.762 0.6999999881
37386  33.574  -28.567  -27.918 0.6999999881
36464  33.829  -29.209  -27.482 0.6000000238
37387  32.875  -28.587  -28.360 0.6999999881
126869  37.871  -26.380  -32.381 0.3000000119
39390  37.468  -26.368  -31.779 0.3000000119
119822  32.362  -28.895  -29.041 0.6999999881
37431  32.815  -28.589  -30.600 0.6999999881
40502  34.859  -24.725  -36.259 0.3000000119
40503  34.138  -25.489  -36.828 0.4000000060
40512  33.995  -25.255  -37.267 0.4000000060
37363  25.995  -28.623  -24.515 0.6999999881
38291  25.314  -27.827  -24.673 0.6999999881
45432  33.537  -20.868  -37.463 0.3000000119
41558  34.411  -24.507  -37.503 0.3000000119
38298  26.857  -27.745  -25.489 0.8999999762
121629  33.098  -21.309  -37.875 0.3000000119
126097  33.206  -23.549  -37.619 0.3000000119
36560  27.745  -28.572  -35.276 0.8000000119
129862  27.339  -27.855  -25.927 0.8999999762
127700  32.396  -22.391  -37.812 0.3000000119
37474  26.909  -27.862  -35.241 0.8000000119
36529  28.081  -28.629  -33.626 1.0000000000
36513  28.572  -29.428  -32.372 1.0000000000
37425  27.262  -28.821  -29.377 1.0000000000
108439  27.207  -28.309  -28.861 1.0000000000
36503  28.594  -29.485  -31.344 1.0000000000
37435  27.269  -29.168  -30.028 1.0000000000
37434  28.169  -29.094  -30.295 1.0000000000
37424  27.668  -28.510  -29.546 1.0000000000
37423  28.698  -28.424  -29.687 1.0000000000
37403  34.964  -27.970  -28.498 0.6999999881
38328  34.308  -27.749  -28.667 0.6999999881
38367  37.567  -27.124  -31.247 0.3000000119
37405  33.568  -28.036  -28.651 0.6999999881
128830  33.422  -27.898  -29.270 0.6999999881
40440  36.920  -25.837  -31.604 0.4000000060
37443  32.788  -28.782  -31.629 0.6999999881
40452  36.506  -25.301  -32.216 0.3000000119
40441  36.267  -25.695  -31.480 0.5000000000
37442  33.197  -28.204  -32.107 0.6999999881
37454  32.640  -28.866  -32.587 0.6999999881
109163  35.903  -25.381  -31.918 0.5000000000
37464  32.473  -28.864  -33.537 0.6999999881
40475  35.102  -24.929  -34.143 0.4000000060
127555  34.226  -25.982  -34.114 0.6000000238
40476  34.407  -25.669  -34.698 0.5000000000
36542  31.854  -29.398  -34.027 0.6999999881
40488  34.931  -24.884  -35.108 0.3000000119
42594  31.974  -23.299  -36.064 0.4000000060
39423  33.736  -26.091  -36.325 0.4000000060
37473  30.165  -29.037  -35.269 0.6999999881
38300  24.675  -27.172  -24.956 0.6999999881
43576  33.218  -22.325  -35.672 0.4000000060
40504  33.606  -25.815  -36.906 0.4000000060
38292  24.266  -28.038  -24.707 0.6000000238
44505  33.185  -21.420  -37.124 0.3000000119
43588  31.983  -22.449  -37.451 0.3000000119
43587  32.695  -21.978  -36.812 0.4000000060
40513  33.111  -25.247  -37.296 0.4000000060
40505  32.770  -25.898  -37.023 0.4000000060
36569  28.313  -28.296  -35.594 0.6999999881
37484  29.421  -28.224  -35.863 0.6999999881
38290  26.176  -27.730  -24.941 0.6999999881
43589  31.510  -22.921  -37.622 0.4000000060
41559  32.224  -24.103  -37.579 0.4000000060
114301  31.963  -25.011  -37.392 0.4000000060
125032  27.387  -27.975  -35.497 0.8000000119
43598  32.057  -22.373  -37.762 0.3000000119
42617  31.805  -22.860  -37.695 0.3000000119
41560  31.067  -24.099  -37.627 0.4000000060
38396  27.745  -27.506  -35.317 0.8000000119
118923  27.367  -28.123  -27.936 1.0000000000
37466  27.599  -27.811  -34.670 0.8999999762
37433  29.240  -28.959  -30.460 1.0000000000
37445  29.478  -29.227  -31.483 1.0000000000
38350  27.480  -27.704  -28.962 1.0000000000
38349  27.951  -27.557  -29.272 1.0000000000
36479  35.727  -28.512  -28.630 0.6000000238
37419  35.600  -27.727  -28.985 0.6000000238
38327  34.830  -27.368  -29.123 0.6000000238
38357  36.621  -27.188  -30.119 0.5000000000
39343  35.857  -26.896  -29.915 0.6000000238
38345  33.944  -27.537  -29.276 0.6999999881
39365  36.955  -26.780  -30.713 0.5000000000
40424  35.922  -26.021  -30.907 0.4000000060
37420  33.353  -27.954  -29.977 0.6999999881
39380  35.240  -26.099  -30.931 0.6000000238
37430  33.411  -28.005  -31.012 0.6999999881
40442  35.585  -25.718  -31.466 0.6000000238
40454  35.245  -25.527  -32.297 0.6000000238
39391  34.442  -26.196  -32.628 0.6000000238
37453  32.940  -28.192  -33.041 0.6999999881
40465  34.651  -25.528  -33.766 0.5000000000
39401  33.835  -26.502  -34.474 0.6000000238
38405  33.290  -27.394  -34.496 0.6000000238
37472  32.232  -28.771  -34.486 0.6000000238
42583  32.469  -23.687  -34.979 0.4000000060
40489  34.327  -25.575  -35.843 0.4000000060
39412  33.848  -26.279  -35.441 0.4000000060
39413  33.486  -26.888  -35.176 0.5000000000
36557  31.391  -29.102  -34.863 0.6999999881
43567  32.836  -23.012  -35.327 0.4000000060
39424  33.381  -26.745  -35.934 0.5000000000
43577  32.329  -22.631  -36.438 0.4000000060
41533  31.568  -23.910  -35.736 0.5000000000
39434  33.198  -26.415  -36.557 0.4000000060
39435  32.398  -26.521  -36.741 0.4000000060
38299  25.574  -27.028  -25.085 0.8999999762
40514  30.703  -24.700  -37.463 0.4000000060
37485  28.024  -27.403  -35.898 0.6999999881
42618  30.957  -23.368  -37.611 0.4000000060
38308  27.420  -27.676  -26.531 0.8999999762
37455  29.508  -28.578  -33.215 0.8999999762
38316  27.370  -27.480  -27.434 0.8999999762
129256  29.364  -29.144  -32.437 1.0000000000
38329  27.355  -27.448  -28.403 1.0000000000
37422  29.759  -28.251  -29.835 1.0000000000
39328  29.326  -26.261  -28.800 0.8999999762
39348  29.732  -26.952  -28.934 1.0000000000
127121  28.712  -26.929  -29.066 1.0000000000
39350  27.737  -26.639  -29.041 1.0000000000
111757  27.451  -26.703  -28.577 1.0000000000
128254  27.521  -26.135  -28.805 0.8999999762
39349  28.355  -26.151  -29.122 1.0000000000
118547  27.808  -25.860  -29.153 0.8999999762
39344  35.152  -26.856  -29.788 0.6000000238
38344  34.472  -27.122  -29.837 0.6999999881
38358  34.061  -27.194  -30.728 0.6999999881
123501  34.802  -26.278  -31.037 0.6999999881
38369  33.722  -27.442  -31.679 0.6999999881
39381  34.792  -26.071  -31.621 0.6000000238
38381  34.088  -26.846  -32.168 0.6000000238
38382  33.498  -27.550  -32.601 0.6999999881
38392  33.838  -26.916  -33.052 0.6999999881
38393  33.351  -27.557  -33.503 0.6000000238
37463  32.850  -28.182  -34.006 0.6000000238
43559  33.802  -22.702  -33.737 0.3000000119
39400  34.170  -26.255  -33.558 0.6000000238
118940  33.673  -26.942  -33.812 0.6000000238
42572  32.802  -24.023  -33.941 0.4000000060
42571  33.394  -23.428  -33.401 0.4000000060
38415  33.011  -27.373  -35.507 0.6000000238
38406  32.607  -28.045  -34.967 0.6000000238
38416  32.098  -27.706  -35.912 0.5000000000
37482  31.740  -28.499  -35.342 0.6000000238
38428  32.062  -27.084  -36.485 0.4000000060
37483  30.797  -28.670  -35.483 0.6000000238
41521  31.460  -24.591  -35.296 0.5000000000
39444  30.271  -25.464  -37.303 0.4000000060
39443  31.615  -25.742  -37.227 0.4000000060
38418  28.880  -27.336  -36.317 0.6000000238
41534  30.497  -24.269  -36.404 0.5000000000
40515  30.483  -23.863  -37.399 0.4000000060
38408  27.954  -27.037  -35.875 0.6000000238
41548  30.378  -23.958  -37.318 0.4000000060
119193  29.807  -24.675  -37.204 0.4000000060
113286  26.361  -26.978  -25.468 0.8999999762
37465  28.778  -27.824  -34.296 0.8999999762
38309  27.029  -27.096  -26.084 0.8999999762
130299  27.258  -27.038  -26.850 0.8999999762
39305  26.885  -26.403  -26.743 0.8999999762
37432  30.116  -28.641  -30.700 1.0000000000
38348  29.196  -27.657  -29.286 1.0000000000
40406  28.113  -25.386  -29.297 1.0000000000
40407  27.688  -25.293  -29.272 1.0000000000
40396  27.324  -25.597  -28.858 0.8999999762
41457  27.703  -24.649  -29.473 1.0000000000
38368  34.342  -26.707  -31.284 0.6999999881
44476  34.716  -21.461  -33.659 0.3000000119
43545  33.997  -22.788  -32.761 0.3000000119
42561  33.503  -23.635  -32.594 0.3000000119
129940  32.420  -24.674  -33.991 0.5000000000
41511  32.702  -24.576  -33.251 0.4000000060
38429  31.068  -27.206  -36.511 0.5000000000
112424  31.262  -26.437  -36.916 0.5000000000
117420  29.867  -27.142  -36.519 0.5000000000
41520  32.174  -24.367  -34.712 0.5000000000
39436  29.751  -26.263  -37.025 0.5000000000
40478  30.835  -25.222  -35.361 0.5000000000
40506  28.958  -25.448  -36.826 0.5000000000
40490  29.678  -24.978  -36.388 0.5000000000
41535  29.576  -24.779  -36.921 0.5000000000
38407  28.358  -26.850  -35.568 0.6999999881
39414  30.461  -26.021  -34.892 0.5000000000
40479  29.339  -25.491  -35.899 0.5000000000
38395  29.418  -27.398  -34.463 0.6000000238
38384  30.228  -27.874  -33.386 0.8999999762
37444  30.145  -28.820  -31.876 0.8999999762
38347  30.184  -27.515  -29.380 0.8999999762
39329  27.167  -25.999  -28.303 0.8999999762
39315  27.136  -26.634  -27.792 0.8999999762
40395  28.838  -25.526  -28.845 0.8000000119
41456  28.354  -24.713  -29.229 0.6999999881
40397  26.726  -25.263  -28.230 0.8999999762
40408  27.142  -24.952  -29.087 0.8999999762
120819  34.757  -21.467  -32.858 0.3000000119
130228  34.431  -22.032  -32.559 0.3000000119
43544  34.344  -22.326  -31.826 0.4000000060
121455  34.595  -21.672  -31.423 0.3000000119
43528  33.927  -23.221  -31.910 0.3000000119
127017  34.140  -22.857  -31.196 0.4000000060
41498  33.117  -24.413  -32.417 0.4000000060
38417  30.636  -27.977  -36.071 0.6000000238
40466  32.245  -25.215  -33.615 0.5000000000
40455  32.555  -25.249  -32.602 0.4000000060
40492  27.859  -25.876  -36.742 0.5000000000
38430  28.625  -26.433  -36.653 0.5000000000
40467  31.502  -25.656  -34.192 0.5000000000
40491  28.805  -25.442  -36.616 0.5000000000
38419  27.986  -26.447  -36.249 0.5000000000
39415  28.968  -26.180  -35.599 0.5000000000
39403  30.057  -26.793  -34.632 0.5000000000
39402  31.187  -26.423  -33.873 0.5000000000
38394  30.779  -27.194  -33.610 0.6000000238
39383  31.752  -26.843  -31.692 0.6999999881
121080  31.218  -27.594  -31.634 0.6999999881
38370  30.622  -28.133  -32.300 0.6999999881
38360  31.398  -27.367  -30.593 0.6999999881
116870  30.773  -28.094  -31.153 0.8000000119
39316  26.794  -25.861  -27.459 0.8999999762
39347  30.572  -26.838  -29.015 0.8999999762
38361  30.600  -27.893  -30.119 0.8999999762
40394  29.853  -25.453  -28.324 0.6999999881
41420  26.217  -24.497  -27.592 0.8999999762
41447  26.506  -24.405  -28.651 0.8999999762
127503  27.482  -24.082  -29.687 1.0000000000
43527  34.379  -22.148  -30.832 0.3000000119
43508  34.064  -22.951  -30.392 0.4000000060
44428  34.507  -21.556  -30.190 0.3000000119
120619  33.586  -23.911  -31.923 0.4000000060
43507  34.217  -22.305  -29.877 0.3000000119
41487  32.964  -24.988  -31.840 0.4000000060
42549  33.745  -23.627  -31.046 0.4000000060
42529  33.717  -23.710  -29.968 0.4000000060
40456  31.914  -25.866  -33.182 0.4000000060
41486  33.353  -24.440  -31.469 0.4000000060
41469  33.447  -24.397  -30.467 0.4000000060
39392  32.146  -26.053  -32.228 0.4000000060
40443  32.581  -25.574  -31.643 0.4000000060
119345  31.567  -26.626  -32.827 0.5000000000
39346  31.686  -26.770  -29.782 0.6000000238
38346  31.019  -27.252  -29.613 0.8000000119
39327  30.197  -26.264  -28.624 0.6999999881
41446  29.209  -24.666  -28.418 0.6999999881
117673  26.921  -24.218  -29.518 0.8999999762
42491  26.110  -23.705  -29.039 0.8999999762
42513  27.211  -23.633  -30.043 0.8999999762
42514  26.389  -23.532  -29.890 0.8000000119
42530  27.192  -23.037  -30.454 0.6999999881
43511  26.734  -22.537  -30.846 0.8000000119
45330  34.525  -20.854  -29.580 0.3000000119
44406  34.224  -21.694  -29.376 0.3000000119
42511  33.820  -23.010  -29.495 0.3000000119
43487  33.883  -22.349  -29.066 0.4000000060
120675  33.339  -24.436  -29.513 0.4000000060
41441  33.453  -23.763  -29.013 0.4000000060
41442  32.937  -24.476  -28.730 0.5000000000
39369  32.517  -25.875  -30.745 0.5000000000
40405  32.380  -25.684  -29.199 0.5000000000
40391  32.287  -25.144  -28.604 0.5000000000
39345  32.284  -26.185  -29.839 0.5000000000
129290  32.008  -25.684  -28.776 0.5000000000
39325  31.770  -26.182  -29.068 0.6000000238
39326  31.006  -26.262  -28.700 0.6999999881
40393  30.645  -25.735  -28.367 0.6999999881
42490  28.728  -23.847  -28.820 0.6999999881
42512  27.972  -23.883  -29.658 0.8000000119
43488  28.431  -23.045  -29.401 0.6999999881
46205  34.929  -20.159  -30.083 0.3000000119
45324  34.287  -20.404  -28.714 0.3000000119
45325  33.728  -20.744  -28.179 0.4000000060
44397  34.070  -21.179  -28.794 0.3000000119
44398  33.545  -21.481  -28.244 0.4000000060
42485  33.442  -22.972  -28.621 0.4000000060
42486  32.747  -23.657  -28.207 0.4000000060
42463  32.060  -23.110  -27.603 0.3000000119
117758  32.299  -24.408  -28.252 0.5000000000
41443  31.586  -24.746  -28.076 0.6000000238
41419  30.914  -24.227  -27.704 0.5000000000
42464  31.161  -23.390  -27.471 0.4000000060
40392  31.454  -25.575  -28.456 0.6999999881
41444  30.725  -25.060  -28.028 0.6999999881
41445  30.066  -24.486  -27.906 0.6999999881
42489  29.493  -23.761  -28.044 0.6000000238
109322  33.108  -21.064  -27.711 0.3000000119
43456  32.977  -21.851  -27.779 0.3000000119
43457  32.251  -22.226  -27.528 0.3000000119
44390  32.397  -21.374  -27.492 0.3000000119
44391  31.626  -21.649  -27.353 0.3000000119
111609  31.148  -21.116  -27.352 0.3000000119
43458  31.391  -22.514  -27.370 0.3000000119
44392  30.711  -21.839  -27.395 0.4000000060
42488  30.317  -23.602  -27.636 0.5000000000
43459  30.548  -22.767  -27.437 0.5000000000
43460  30.064  -22.262  -27.596 0.5000000000
42465  29.782  -22.928  -27.753 0.6000000238
43469  29.083  -22.968  -28.467 0.6000000238
48215  34.519  -17.724  -28.461 0.4000000060
47131  33.784  -18.139  -27.807 0.3000000119
45316  33.270  -20.287  -27.677 0.3000000119
47121  33.170  -18.921  -27.594 0.3000000119
45317  32.521  -20.578  -27.472 0.3000000119
117466  31.937  -20.180  -27.335 0.3000000119
45318  31.799  -20.864  -27.328 0.3000000119
46182  31.671  -19.467  -27.320 0.3000000119
113252  31.127  -20.287  -27.384 0.3000000119
45319  30.470  -20.977  -27.551 0.4000000060
46184  30.172  -20.116  -27.791 0.4000000060
43468  29.494  -22.193  -28.107 0.6000000238
45320  29.900  -20.920  -27.912 0.4000000060
45326  29.546  -20.538  -28.462 0.4000000060
44399  29.451  -21.383  -28.393 0.5000000000
123324  28.894  -22.065  -29.112 0.6000000238
43512  25.937  -22.728  -30.890 0.8000000119
48216  34.013  -17.116  -27.946 0.4000000060
114093  32.906  -18.180  -27.458 0.3000000119
47122  32.303  -18.769  -27.335 0.3000000119
46183  30.777  -19.303  -27.478 0.3000000119
116096  29.670  -19.782  -28.410 0.4000000060
45331  29.314  -20.033  -29.359 0.4000000060
44408  29.042  -21.011  -29.217 0.4000000060
45332  28.750  -20.628  -30.058 0.4000000060
43509  28.195  -22.344  -29.956 0.6000000238
44409  28.497  -21.493  -29.907 0.4000000060
43510  27.516  -22.435  -30.470 0.6999999881
44429  28.122  -21.107  -30.547 0.4000000060
45349  27.755  -20.768  -31.071 0.4000000060
44430  27.281  -21.636  -30.967 0.6000000238
44447  26.458  -21.547  -31.568 0.5000000000
128060  26.648  -22.034  -31.192 0.6000000238
43529  26.114  -22.271  -31.296 0.6999999881
44448  25.637  -21.898  -31.799 0.6999999881
49369  34.257  -16.278  -28.126 0.3000000119
48203  33.105  -17.274  -27.506 0.3000000119
48204  32.098  -17.771  -27.237 0.3000000119
47123  31.411  -18.564  -27.296 0.3000000119
47124  30.610  -18.397  -27.552 0.3000000119
46191  29.997  -19.047  -27.920 0.4000000060
118646  29.558  -19.164  -28.876 0.3000000119
47141  29.536  -18.503  -29.468 0.3000000119
46206  29.367  -19.219  -29.884 0.3000000119
45347  29.031  -19.817  -30.385 0.3000000119
46222  29.158  -19.146  -30.618 0.3000000119
45348  28.386  -20.299  -30.815 0.3000000119
45368  27.826  -20.052  -31.564 0.3000000119
45369  27.134  -20.776  -31.587 0.3000000119
128136  27.285  -20.203  -31.887 0.4000000060
127631  26.499  -20.893  -31.978 0.5000000000
50408  33.260  -15.545  -27.568 0.3000000119
116687  32.337  -16.924  -27.305 0.3000000119
117523  31.588  -16.943  -27.250 0.3000000119
48205  31.132  -17.691  -27.318 0.3000000119
47132  30.095  -18.216  -27.902 0.3000000119
47149  29.383  -18.568  -30.359 0.3000000119
46223  28.654  -19.404  -31.191 0.3000000119
46241  28.071  -19.177  -31.965 0.3000000119
45370  26.827  -20.329  -32.147 0.4000000060
44462  25.879  -21.236  -32.165 0.5000000000
45386  25.429  -20.863  -32.782 0.5000000000
44463  25.058  -21.583  -32.435 0.5000000000
50409  32.475  -15.694  -27.362 0.3000000119
49359  32.021  -16.234  -27.253 0.3000000119
49360  31.211  -16.172  -27.297 0.3000000119
119198  30.788  -16.912  -27.438 0.3000000119
48217  29.860  -17.638  -28.213 0.3000000119
48218  29.612  -17.753  -29.092 0.3000000119
48234  29.390  -17.952  -30.886 0.3000000119
47162  29.132  -18.635  -31.088 0.3000000119
46242  27.315  -19.666  -32.267 0.4000000060
46243  26.515  -19.862  -32.722 0.4000000060
45398  25.762  -20.173  -33.129 0.4000000060
112122  25.394  -19.726  -33.811 0.4000000060
44477  24.822  -21.098  -33.008 0.5000000000
45399  24.944  -20.508  -33.491 0.4000000060
51316  33.924  -14.979  -27.850 0.3000000119
50411  30.807  -15.438  -27.514 0.3000000119
49371  29.818  -16.202  -28.416 0.3000000119
119675  29.675  -16.979  -28.718 0.3000000119
48226  29.536  -17.093  -29.689 0.3000000119
117184  29.355  -17.264  -31.440 0.3000000119
47163  28.699  -18.602  -31.732 0.3000000119
47176  28.235  -18.359  -32.444 0.3000000119
117294  27.637  -18.934  -32.546 0.3000000119
46259  26.942  -19.072  -33.039 0.4000000060
46260  26.151  -19.459  -33.420 0.3000000119
52149  33.259  -13.680  -27.613 0.3000000119
120629  32.553  -14.172  -27.447 0.3000000119
116431  31.770  -13.892  -27.466 0.3000000119
50410  31.726  -15.380  -27.292 0.3000000119
120054  30.360  -14.882  -27.910 0.3000000119
50424  29.638  -15.503  -29.002 0.3000000119
51330  29.657  -14.811  -29.567 0.3000000119
49372  29.587  -16.287  -29.352 0.3000000119
116714  29.475  -17.198  -30.612 0.3000000119
50435  29.610  -15.604  -29.966 0.3000000119
48247  29.156  -17.997  -31.591 0.3000000119
51303  31.129  -14.581  -27.522 0.3000000119
116530  31.521  -13.063  -27.651 0.3000000119
52151  30.948  -13.692  -27.780 0.3000000119
51318  29.852  -14.803  -28.621 0.3000000119
49390  29.545  -16.502  -31.224 0.3000000119
48259  29.108  -17.357  -32.132 0.3000000119
52150  32.460  -13.196  -27.488 0.3000000119
53047  32.008  -12.352  -27.536 0.3000000119
52168  30.258  -13.500  -28.518 0.3000000119
52167  30.746  -12.931  -28.180 0.4000000060
51329  29.821  -14.084  -29.066 0.3000000119
51340  29.698  -14.927  -30.544 0.3000000119
50444  29.664  -15.725  -30.932 0.3000000119
52180  29.958  -13.347  -29.410 0.4000000060
53061  30.538  -12.257  -28.668 0.4000000060
51339  29.792  -14.049  -30.160 0.4000000060
53060  31.193  -12.268  -27.983 0.3000000119
127597  30.420  -11.628  -29.341 0.4000000060
32084  24.015  -34.557  -32.136 1.0000000000
32991  24.302  -33.448  -32.987 1.0000000000
43489  27.766  -23.094  -30.073 0.8000000119
27722  28.804  -39.895  -33.248 0.6000000238
24540  32.249  -43.763  -31.348 0.5000000000
110399  33.068  -43.917  -31.288 0.5000000000
123586  29.555  -39.303  -33.967 0.6000000238
121705  33.802  -42.463  -31.354 0.4000000060
26096  33.140  -41.043  -31.728 0.5000000000
29427  31.709  -37.757  -27.042 0.6999999881
30253  33.377  -36.624  -28.650 0.6999999881
111213  32.920  -40.441  -32.507 0.5000000000
31105  31.785  -35.771  -25.856 0.8000000119
24538  34.568  -43.519  -31.309 0.4000000060
31092  29.724  -35.714  -25.232 0.8000000119
27731  32.494  -39.255  -34.144 0.4000000060
32949  25.380  -33.806  -29.083 0.8000000119
112968  33.779  -36.744  -30.033 0.6000000238
27737  32.994  -38.852  -34.457 0.4000000060
31996  31.723  -34.276  -25.555 0.8000000119
32082  25.045  -34.538  -32.327 1.0000000000
29482  33.044  -37.457  -33.952 0.5000000000
32981  26.664  -33.413  -31.801 1.0000000000
128069  25.511  -30.030  -31.177 1.0000000000
36516  24.983  -29.581  -32.386 1.0000000000
34766  29.686  -31.718  -28.721 0.8000000119
35665  31.219  -30.491  -32.186 0.8000000119
121418  28.544  -30.926  -33.229 1.0000000000
108719  27.641  -31.404  -32.952 1.0000000000
36544  26.577  -27.968  -34.831 1.0000000000
36465  32.922  -29.172  -27.574 0.6999999881
41509  35.861  -24.557  -33.775 0.4000000060
37373  27.261  -28.428  -25.572 1.0000000000
129076  27.578  -28.117  -26.998 1.0000000000
41508  36.168  -24.718  -32.951 0.4000000060
40464  35.366  -25.044  -33.176 0.5000000000
42595  30.933  -23.460  -36.806 0.4000000060
42607  30.940  -23.445  -37.541 0.4000000060
38427  32.805  -27.067  -36.253 0.5000000000
40477  31.868  -25.006  -34.502 0.5000000000
39425  28.215  -25.828  -36.358 0.5000000000
38383  31.140  -27.431  -32.573 0.6999999881
39382  32.239  -26.179  -31.417 0.5000000000
39370  32.039  -26.568  -30.674 0.5000000000
40425  33.230  -25.001  -29.959 0.5000000000
47133  29.739  -18.387  -28.490 0.3000000119
27651  27.974  -39.482  -25.395 0.5000000000
28517  27.568  -38.864  -25.479 0.5000000000
26040  28.056  -40.953  -25.611 0.5000000000
27652  27.212  -39.664  -25.558 0.5000000000
26050  29.108  -41.209  -26.550 0.5000000000
26835  28.498  -40.144  -25.589 0.5000000000
26861  29.669  -40.774  -27.027 0.5000000000
26873  29.920  -40.897  -27.895 0.4000000060
26885  30.074  -40.884  -28.796 0.4000000060
26891  29.464  -40.862  -30.912 0.5000000000
34702  26.819  -31.427  -24.248 0.6999999881
34688  26.217  -31.463  -23.688 0.6999999881
33831  27.199  -32.488  -25.950 0.8000000119
33869  26.573  -32.904  -27.597 0.8000000119
35576  26.402  -30.559  -24.067 0.6999999881
33849  26.995  -32.543  -26.918 0.8999999762
34715  27.509  -31.492  -25.693 0.8999999762
33868  27.138  -32.151  -27.630 0.8999999762
33887  26.557  -32.449  -28.572 0.8999999762
36435  26.847  -29.961  -24.523 0.6000000238
35575  27.116  -30.628  -24.619 0.8000000119
33848  27.427  -31.875  -26.674 0.8999999762
33886  27.163  -31.575  -28.426 0.8999999762
34767  26.747  -31.703  -29.176 0.8999999762
115133  36.650  -32.041  -30.399 0.5000000000
33897  36.243  -32.139  -29.670 0.5000000000
34779  35.897  -31.797  -28.883 0.5000000000
120419  35.690  -33.561  -30.147 0.6000000238
33906  35.845  -32.892  -29.727 0.5000000000
33898  35.679  -32.551  -29.090 0.5000000000
109561  26.190  -29.591  -24.282 0.6000000238
36445  27.344  -29.781  -25.032 0.8999999762
34733  27.588  -31.167  -26.445 0.8999999762
35589  27.509  -30.651  -25.241 0.8999999762
34750  27.509  -31.201  -27.402 0.8999999762
109558  27.369  -30.664  -28.395 0.8999999762
34782  27.028  -30.965  -29.196 0.8999999762
35633  36.257  -30.465  -28.848 0.5000000000
110638  35.900  -29.534  -28.445 0.5000000000
35647  36.701  -30.608  -29.565 0.5000000000
34778  36.335  -31.274  -29.262 0.5000000000
35657  37.068  -30.753  -30.199 0.5000000000
34789  36.710  -31.389  -29.981 0.5000000000
108391  27.478  -29.144  -25.677 0.8999999762
36436  26.762  -29.224  -24.725 0.6999999881
109701  27.649  -29.952  -25.860 0.8999999762
108654  27.639  -30.504  -26.640 0.8999999762
35618  27.568  -30.240  -27.545 0.8999999762
36492  36.958  -28.946  -29.647 0.5000000000
36500  37.122  -29.960  -29.929 0.5000000000
35656  37.494  -30.329  -30.797 0.5000000000
109145  27.633  -29.722  -26.820 0.8999999762
130304  27.538  -29.501  -27.637 0.8999999762
129582  36.357  -28.991  -28.983 0.5000000000
37418  36.349  -28.262  -29.211 0.5000000000
36499  37.474  -29.342  -30.435 0.5000000000
38356  37.265  -27.565  -30.492 0.4000000060
39288  24.088  -26.608  -25.398 0.6000000238
39306  23.462  -26.111  -25.952 0.6000000238
39287  25.030  -26.357  -25.259 0.8000000119
40343  24.469  -25.795  -25.639 0.6999999881
40363  23.906  -25.296  -26.171 0.6999999881
40364  22.863  -25.572  -26.643 0.6999999881
40382  22.106  -25.424  -27.314 0.6999999881
40342  25.339  -25.675  -25.645 0.8000000119
39286  25.837  -26.254  -25.477 0.8000000119
40362  24.844  -25.098  -25.976 0.6999999881
109971  23.469  -24.872  -26.697 0.6999999881
40381  22.809  -24.765  -27.296 0.6999999881
41423  23.727  -24.346  -27.135 0.6999999881
41449  23.240  -24.137  -27.689 0.6999999881
40360  26.192  -25.438  -26.353 0.8000000119
41399  25.225  -24.602  -26.557 0.8000000119
118517  26.559  -25.786  -26.652 0.8000000119
42467  24.070  -23.731  -27.666 0.6999999881
41422  24.682  -24.102  -27.088 0.6999999881
41421  25.575  -24.150  -27.243 0.8000000119
42466  25.030  -23.610  -27.763 0.6999999881
41448  25.850  -23.816  -28.059 0.8000000119
42516  24.576  -22.982  -29.282 0.6000000238
40380  26.445  -25.181  -27.078 0.8000000119
42492  25.291  -23.364  -28.622 0.6000000238
107631  23.845  -22.740  -29.971 0.6000000238
42515  25.537  -23.200  -29.596 0.6000000238
42533  24.827  -22.789  -30.200 0.6000000238
43514  24.097  -22.635  -30.986 0.6000000238
42532  25.777  -22.986  -30.358 0.6000000238
43530  25.383  -22.395  -31.410 0.6999999881
43531  24.615  -22.417  -31.598 0.6000000238
43513  25.122  -22.668  -30.954 0.6000000238
43546  24.988  -22.138  -31.943 0.6000000238
42531  26.552  -23.147  -30.446 0.6999999881
26092  29.001  -41.484  -31.069 0.4000000060
121644  30.034  -40.757  -29.754 0.5000000000
26884  30.483  -40.278  -29.113 0.5000000000
26846  29.250  -40.475  -26.164 0.5000000000
33901  26.170  -32.179  -29.628 0.8999999762
37441  37.775  -28.077  -31.014 0.3000000119
40341  25.949  -25.694  -25.840 0.8000000119
26847  28.683  -40.872  -25.888 0.5000000000
34701  27.313  -31.409  -24.839 0.8000000119
32970  36.244  -32.844  -30.488 0.5000000000
40361  25.622  -25.191  -26.149 0.8000000119
41400  24.321  -24.658  -26.532 0.6999999881
41398  25.976  -24.748  -26.738 0.8000000119
42493  24.317  -23.349  -28.421 0.6999999881
30290  33.613  -36.882  -34.279 0.4000000060
30293  34.037  -36.371  -34.677 0.4000000060
30289  34.348  -36.351  -33.661 0.4000000060
30297  33.910  -36.487  -35.396 0.4000000060
32081  35.702  -34.379  -31.628 0.5000000000
32073  35.473  -34.400  -30.687 0.5000000000
111427  35.525  -34.817  -33.152 0.5000000000
31185  35.198  -35.224  -33.791 0.4000000060
31186  35.019  -35.607  -33.091 0.4000000060
31199  34.402  -35.776  -35.204 0.4000000060
31191  35.058  -35.237  -34.557 0.4000000060
31192  34.696  -35.773  -34.169 0.4000000060
110833  35.947  -33.707  -31.049 0.5000000000
31181  35.409  -34.955  -32.289 0.5000000000
32097  35.588  -34.696  -34.012 0.4000000060
32109  35.456  -34.723  -34.913 0.4000000060
33032  35.489  -33.947  -37.052 0.4000000060
32116  35.080  -34.767  -35.893 0.4000000060
31198  34.901  -35.180  -35.305 0.4000000060
121373  34.999  -34.327  -37.818 0.4000000060
32117  34.471  -34.997  -36.691 0.4000000060
32980  36.164  -33.832  -31.853 0.5000000000
32089  35.896  -34.347  -32.456 0.5000000000
35736  39.199  -31.278  -40.025 0.3000000119
34859  38.420  -31.622  -40.104 0.3000000119
127102  38.482  -31.975  -40.477 0.3000000119
34856  37.726  -31.939  -39.815 0.3000000119
116300  36.464  -32.874  -38.948 0.3000000119
33969  36.556  -32.848  -37.702 0.3000000119
33031  36.063  -33.425  -37.269 0.4000000060
33025  35.601  -34.142  -36.127 0.4000000060
33015  35.733  -34.307  -35.347 0.4000000060
33976  36.682  -33.090  -39.865 0.3000000119
124237  35.952  -33.388  -38.322 0.3000000119
129411  35.439  -33.777  -37.897 0.4000000060
32979  36.405  -33.162  -31.417 0.4000000060
128882  36.482  -33.354  -32.058 0.4000000060
32088  36.147  -34.178  -33.312 0.4000000060
32989  36.341  -33.768  -32.541 0.4000000060
35735  40.046  -30.996  -39.857 0.3000000119
35723  38.964  -31.097  -38.470 0.3000000119
34855  38.269  -31.448  -39.168 0.3000000119
34852  37.690  -31.817  -38.737 0.3000000119
33961  37.300  -32.420  -36.950 0.3000000119
33962  36.695  -33.001  -36.583 0.4000000060
33024  36.138  -33.579  -36.314 0.4000000060
33014  36.190  -33.784  -35.430 0.4000000060
33968  37.159  -32.343  -38.184 0.3000000119
125385  38.793  -31.296  -35.892 0.3000000119
34833  38.246  -31.426  -34.266 0.3000000119
110090  37.717  -32.094  -34.135 0.4000000060
114656  37.328  -32.709  -33.933 0.4000000060
33932  36.718  -33.156  -32.564 0.4000000060
35717  39.150  -31.050  -37.330 0.3000000119
34834  37.917  -32.070  -35.033 0.3000000119
33949  37.288  -32.812  -34.782 0.4000000060
33950  36.873  -33.306  -34.144 0.4000000060
33000  36.537  -33.629  -33.638 0.4000000060
124412  38.605  -31.421  -36.847 0.3000000119
34843  38.130  -31.939  -36.145 0.3000000119
33956  37.373  -32.598  -35.830 0.4000000060
112730  36.678  -33.441  -34.861 0.4000000060
34848  37.869  -31.866  -37.488 0.3000000119
33957  36.764  -33.225  -35.611 0.4000000060
107736  37.810  -30.237  -31.586 0.4000000060
34798  37.607  -30.999  -31.621 0.4000000060
34788  37.125  -31.416  -30.819 0.4000000060
33918  36.763  -32.353  -31.114 0.4000000060
126229  38.353  -30.930  -33.712 0.3000000119
34809  37.679  -31.450  -32.577 0.4000000060
33931  37.239  -32.432  -32.542 0.4000000060
127118  36.786  -32.735  -31.910 0.4000000060
34820  37.931  -31.440  -33.498 0.4000000060
33942  37.529  -32.184  -33.311 0.4000000060
42494  23.243  -23.634  -28.363 0.6000000238
41450  22.543  -24.316  -28.040 0.6000000238
111119  23.608  -23.159  -29.131 0.5000000000
42534  23.149  -22.735  -30.653 0.5000000000
43532  23.777  -22.439  -31.808 0.5000000000
43547  24.284  -22.067  -32.322 0.5000000000
50472  29.620  -15.870  -32.707 0.3000000119
49429  29.240  -16.119  -33.356 0.3000000119
49430  28.601  -16.495  -33.685 0.3000000119
129354  29.913  -14.395  -31.064 0.3000000119
51353  29.806  -15.025  -31.472 0.3000000119
50458  29.698  -15.817  -31.834 0.3000000119
50457  29.899  -15.065  -32.323 0.3000000119
50484  29.479  -15.438  -33.447 0.3000000119
50485  28.858  -15.801  -33.998 0.3000000119
50499  29.057  -14.935  -34.299 0.3000000119
52190  30.068  -13.207  -30.323 0.3000000119
51352  30.140  -13.737  -31.057 0.3000000119
111537  30.209  -14.253  -31.885 0.3000000119
52215  30.484  -13.667  -32.453 0.3000000119
51367  29.863  -15.089  -32.963 0.3000000119
51378  29.828  -14.662  -33.539 0.3000000119
51390  28.936  -14.287  -35.114 0.3000000119
125195  28.231  -14.267  -35.963 0.3000000119
53075  30.180  -12.527  -29.603 0.3000000119
123988  30.311  -13.107  -31.058 0.3000000119
52200  30.425  -13.383  -31.758 0.3000000119
53121  30.677  -12.815  -32.464 0.3000000119
52225  30.591  -13.448  -33.139 0.3000000119
52226  30.284  -13.932  -33.669 0.3000000119
116286  29.698  -14.203  -34.303 0.3000000119
126617  30.504  -10.986  -29.583 0.3000000119
54024  30.463  -11.771  -31.007 0.3000000119
53106  30.494  -12.605  -31.500 0.3000000119
53132  30.868  -12.623  -33.364 0.3000000119
52237  30.569  -13.170  -33.917 0.3000000119
53144  30.148  -12.855  -34.943 0.3000000119
54928  30.435  -10.532  -30.087 0.3000000119
126286  30.664  -11.219  -31.599 0.3000000119
54052  30.692  -11.929  -31.981 0.3000000119
54976  30.964  -11.183  -32.336 0.3000000119
53143  30.893  -12.431  -34.173 0.3000000119
120688  30.514  -9.997  -30.739 0.3000000119
54957  30.775  -10.370  -31.718 0.3000000119
55962  31.089  -9.544  -32.271 0.3000000119
54975  31.231  -10.439  -32.643 0.3000000119
55963  30.669  -9.425  -31.338 0.3000000119
56905  30.776  -8.727  -31.762 0.3000000119
109261  30.558  -8.068  -30.944 0.3000000119
119973  34.509  -35.356  -36.001 0.4000000060
30294  33.454  -37.017  -35.176 0.4000000060
121625  34.197  -35.934  -36.013 0.4000000060
32132  34.989  -34.531  -38.271 0.4000000060
32125  34.559  -34.911  -37.419 0.4000000060
31205  34.431  -35.390  -36.714 0.4000000060
33989  39.931  -32.013  -40.761 0.3000000119
33991  38.341  -32.463  -40.354 0.3000000119
33983  37.390  -32.626  -40.113 0.3000000119
33046  36.413  -33.654  -39.710 0.3000000119
33038  36.084  -33.525  -39.238 0.3000000119
33039  35.353  -33.942  -38.670 0.3000000119
108689  39.611  -31.859  -40.672 0.3000000119
35728  39.616  -30.888  -38.983 0.3000000119
119370  39.276  -30.957  -36.257 0.3000000119
126870  40.289  -30.606  -38.130 0.3000000119
36526  38.113  -29.756  -32.004 0.4000000060
35673  37.965  -30.552  -32.273 0.4000000060
35685  38.126  -30.777  -33.059 0.4000000060
35699  38.776  -30.673  -34.315 0.3000000119
35710  39.202  -30.711  -35.273 0.3000000119
36510  37.823  -29.550  -31.210 0.4000000060
127726  30.660  -11.014  -29.004 0.3000000119
55930  30.572  -9.680  -29.769 0.3000000119
56897  30.626  -8.560  -30.469 0.3000000119
57833  30.778  -8.087  -30.096 0.3000000119
107945  40.709  -31.229  -40.454 0.3000000119
31176  35.299  -35.019  -31.391 0.5000000000
32108  36.179  -34.035  -34.441 0.4000000060
33917  37.286  -31.932  -31.737 0.4000000060
53091  30.300  -12.536  -30.615 0.3000000119
120339  29.495  -13.653  -35.060 0.3000000119
54068  31.012  -11.946  -32.827 0.3000000119
54067  31.309  -11.183  -33.116 0.3000000119
57851  30.872  -7.286  -30.261 0.3000000119
29485  33.062  -37.604  -34.568 0.3000000119
30237  23.934  -36.807  -28.197 0.6000000238
30236  24.807  -36.138  -27.282 0.6999999881
108197  35.261  -42.987  -31.369 0.3000000119
26094  35.092  -42.068  -31.533 0.3000000119
32001  26.369  -34.476  -25.412 0.6999999881
28613  33.664  -38.423  -34.850 0.3000000119
32002  25.949  -34.959  -25.995 0.6999999881
31108  25.421  -35.503  -26.576 0.6999999881
28621  33.441  -37.681  -35.060 0.3000000119
31123  25.140  -35.317  -27.487 0.6999999881
28620  34.404  -38.162  -35.505 0.3000000119
28626  34.814  -37.697  -36.257 0.3000000119
29488  33.988  -37.234  -35.695 0.3000000119
29492  35.391  -37.414  -37.030 0.3000000119
30303  34.993  -36.587  -37.197 0.3000000119
29493  34.448  -36.868  -36.431 0.3000000119
26105  35.272  -41.320  -32.234 0.3000000119
26911  34.363  -40.225  -33.260 0.4000000060
111002  26.686  -33.776  -25.215 0.6999999881
113921  33.976  -39.074  -34.502 0.3000000119
32013  26.322  -34.128  -26.342 0.6999999881
32033  25.654  -34.864  -26.761 0.6999999881
27736  34.600  -38.954  -34.954 0.3000000119
27743  35.249  -38.866  -35.569 0.3000000119
28619  35.253  -38.362  -36.044 0.3000000119
30298  34.054  -36.527  -35.818 0.3000000119
28629  36.418  -37.806  -37.743 0.3000000119
26900  34.467  -40.805  -32.361 0.4000000060
32885  27.055  -32.884  -24.978 0.6999999881
26910  35.336  -40.364  -33.614 0.3000000119
27729  34.765  -39.676  -34.243 0.3000000119
111681  35.449  -39.457  -35.062 0.3000000119
124170  35.918  -39.307  -35.743 0.3000000119
31212  34.478  -35.302  -37.208 0.3000000119
120737  34.396  -35.951  -36.629 0.3000000119
29496  36.055  -37.183  -37.975 0.3000000119
32897  26.815  -33.287  -25.806 0.6999999881
26922  35.807  -40.051  -34.520 0.3000000119
32910  26.659  -33.170  -26.687 0.6999999881
26921  36.704  -40.466  -34.920 0.3000000119
27735  36.335  -39.827  -35.454 0.3000000119
32933  26.202  -33.738  -27.455 0.6999999881
30308  35.574  -35.876  -38.352 0.3000000119
31211  34.688  -35.114  -37.923 0.3000000119
36525  38.463  -29.238  -32.533 0.3000000119
30258  23.316  -37.761  -29.753 0.5000000000
30222  25.265  -36.296  -26.131 0.6999999881
30223  24.403  -37.047  -26.965 0.6000000238
29446  23.334  -37.499  -29.015 0.6000000238
31989  26.523  -34.324  -24.578 0.6999999881
25350  35.792  -41.930  -31.923 0.3000000119
114485  26.832  -32.813  -24.245 0.6999999881
26116  35.780  -40.930  -33.056 0.4000000060
26899  35.055  -40.708  -32.855 0.4000000060
33819  27.339  -32.100  -25.137 0.6999999881
26909  36.204  -40.630  -33.914 0.3000000119
120393  37.239  -41.509  -33.691 0.3000000119
26122  37.015  -41.028  -34.269 0.3000000119
26115  36.571  -41.226  -33.404 0.3000000119
28518  26.919  -39.097  -25.753 0.5000000000
28557  25.672  -39.017  -27.834 0.5000000000
28494  24.903  -38.638  -23.567 0.4000000060
27622  24.690  -39.532  -21.961 0.5000000000
28541  26.387  -39.007  -26.534 0.5000000000
28574  25.081  -38.816  -28.884 0.5000000000
28452  23.947  -39.102  -20.902 0.4000000060
115365  23.208  -38.919  -20.582 0.4000000060
27633  24.705  -39.487  -23.015 0.5000000000
28591  23.326  -38.330  -29.643 0.4000000060
29329  22.915  -38.116  -20.548 0.4000000060
27595  22.575  -39.547  -20.477 0.4000000060
29327  24.312  -38.476  -21.237 0.4000000060
28483  24.837  -38.684  -22.469 0.5000000000
112856  24.650  -38.648  -21.747 0.4000000060
28504  25.077  -38.059  -24.461 0.5000000000
29403  24.771  -37.879  -25.464 0.4000000060
29421  24.321  -37.772  -26.356 0.4000000060
29429  23.614  -37.618  -28.030 0.4000000060
28453  22.296  -38.761  -20.519 0.4000000060
29358  19.682  -37.443  -22.355 0.4000000060
30147  23.508  -37.483  -20.759 0.4000000060
119285  20.240  -36.041  -22.681 0.4000000060
29356  24.978  -37.991  -22.039 0.5000000000
29342  24.302  -37.592  -21.170 0.4000000060
31052  20.712  -35.569  -22.473 0.4000000060
28482  25.184  -37.956  -22.787 0.5000000000
31051  21.199  -35.086  -22.301 0.4000000060
28493  25.294  -37.858  -23.554 0.5000000000
29383  25.525  -37.298  -23.965 0.5000000000
31969  21.480  -34.468  -22.494 0.4000000060
31981  21.139  -34.211  -23.332 0.4000000060
114957  25.315  -37.297  -24.901 0.6000000238
29402  25.015  -37.178  -25.867 0.6000000238
30173  19.958  -36.670  -22.530 0.4000000060
29330  22.032  -38.025  -20.586 0.4000000060
30162  20.608  -36.310  -21.920 0.4000000060
30158  24.577  -36.737  -21.456 0.5000000000
30159  23.940  -36.800  -20.964 0.4000000060
30161  21.455  -36.442  -21.337 0.4000000060
29355  25.236  -37.302  -22.356 0.5000000000
31038  22.046  -35.627  -21.366 0.4000000060
31039  21.264  -35.628  -21.787 0.4000000060
29372  25.516  -37.275  -23.084 0.5000000000
30189  25.699  -36.597  -24.431 0.5000000000
32861  21.843  -33.715  -22.743 0.4000000060
30208  25.446  -36.672  -25.276 0.6000000238
29357  20.246  -37.125  -21.848 0.4000000060
121882  23.206  -36.833  -20.801 0.4000000060
109755  20.817  -36.956  -21.488 0.4000000060
120384  22.841  -35.687  -21.157 0.4000000060
30172  25.554  -36.584  -22.675 0.5000000000
31953  22.758  -34.854  -21.430 0.4000000060
31954  21.769  -34.904  -21.773 0.4000000060
120739  25.769  -36.551  -23.487 0.5000000000
31968  22.228  -34.130  -21.971 0.4000000060
31077  25.777  -36.002  -25.099 0.6000000238
31063  26.071  -35.720  -24.016 0.6000000238
29331  21.306  -37.937  -20.856 0.4000000060
29343  21.308  -37.253  -21.111 0.4000000060
30160  22.461  -36.426  -20.993 0.4000000060
110158  24.197  -36.047  -21.235 0.5000000000
31037  23.600  -35.420  -21.236 0.5000000000
122503  25.437  -35.881  -22.314 0.5000000000
31035  24.874  -35.960  -21.723 0.5000000000
31036  24.432  -35.271  -21.516 0.5000000000
113058  25.893  -35.818  -23.015 0.6000000238
32847  23.211  -33.964  -21.694 0.5000000000
32860  22.648  -33.333  -22.248 0.4000000060
31095  25.707  -35.565  -25.776 0.6000000238
31076  26.185  -35.150  -24.986 0.6000000238
31049  25.734  -35.107  -22.595 0.6000000238
31050  25.147  -35.170  -21.973 0.5000000000
31952  23.814  -34.634  -21.483 0.5000000000
31967  25.359  -34.405  -22.240 0.6000000238
31951  24.640  -34.509  -21.756 0.5000000000
31062  26.355  -34.865  -24.072 0.6000000238
34689  25.433  -31.430  -23.289 0.5000000000
33807  25.903  -32.159  -23.252 0.6000000238
33794  25.002  -32.036  -22.736 0.5000000000
32872  26.539  -33.185  -23.701 0.6000000238
33793  25.662  -32.832  -22.815 0.6000000238
117586  24.811  -32.927  -22.356 0.5000000000
33795  23.996  -32.281  -22.449 0.5000000000
31980  26.169  -34.989  -23.324 0.6000000238
32858  24.739  -33.736  -22.001 0.5000000000
32846  24.059  -33.970  -21.700 0.5000000000
32859  23.747  -33.156  -22.004 0.5000000000
33796  23.019  -32.550  -22.595 0.5000000000
33820  27.058  -32.161  -24.510 0.6000000238
33806  26.570  -32.295  -23.811 0.6000000238
32857  25.518  -33.618  -22.507 0.6000000238
32886  26.707  -33.514  -24.359 0.6000000238
32873  26.128  -33.482  -23.090 0.6000000238
28575  24.185  -39.150  -29.258 0.4000000060
29430  23.223  -38.355  -29.071 0.4000000060
29465  24.204  -38.076  -29.913 0.5000000000
28589  24.504  -38.564  -29.442 0.4000000060
31979  26.419  -34.105  -23.663 0.6000000238
27653  26.457  -39.750  -26.041 0.5000000000
128735  25.250  -39.661  -28.089 0.5000000000
27670  25.711  -39.702  -27.182 0.5000000000
27697  24.811  -39.505  -28.646 0.5000000000
29328  23.760  -38.277  -20.813 0.4000000060
31064  20.271  -35.549  -23.228 0.4000000060
31970  20.846  -34.939  -22.967 0.4000000060
30148  22.539  -37.319  -20.696 0.4000000060
119636  23.398  -36.188  -20.996 0.4000000060
29344  20.639  -37.728  -21.353 0.4000000060
31966  25.978  -34.296  -22.858 0.6000000238
30181  19.810  -36.233  -23.261 0.3000000119
31078  20.378  -34.840  -23.887 0.3000000119
31079  19.782  -35.175  -24.671 0.3000000119
25343  29.996  -42.586  -31.991 0.5000000000
26095  34.194  -41.942  -31.449 0.4000000060
26860  30.122  -40.381  -27.423 0.5000000000
26916  29.165  -39.678  -33.567 0.6999999881
27739  31.165  -38.741  -34.230 0.4000000060
28590  23.679  -38.521  -29.629 0.4000000060
29340  25.139  -36.640  -22.003 0.5000000000
29341  24.851  -37.377  -21.732 0.5000000000
29419  30.669  -37.679  -25.714 0.8000000119
30149  21.879  -36.965  -20.918 0.4000000060
30309  34.774  -35.760  -37.461 0.3000000119
31998  30.164  -34.164  -25.458 0.8000000119
32029  34.080  -34.128  -27.572 0.6999999881
32032  27.642  -35.138  -27.908 0.8999999762
32083  24.267  -34.881  -32.258 1.0000000000
32124  34.999  -34.556  -36.865 0.4000000060
32893  32.127  -33.685  -25.664 0.8000000119
32894  31.395  -33.515  -25.580 0.8000000119
32931  29.139  -33.141  -27.029 0.8000000119
32945  35.265  -32.869  -28.608 0.5000000000
32983  24.358  -34.126  -32.679 1.0000000000
32984  24.097  -33.609  -32.709 1.0000000000
33047  35.787  -33.863  -39.305 0.3000000119
33052  37.796  -32.726  -40.259 0.3000000119
33843  33.581  -32.703  -26.583 0.6999999881
33844  32.374  -31.954  -26.117 0.6999999881
33865  34.450  -32.008  -27.239 0.6000000238
33867  28.856  -33.198  -27.769 0.6999999881
33923  24.150  -32.389  -32.617 1.0000000000
33943  37.020  -33.044  -33.296 0.4000000060
33975  37.139  -32.427  -39.389 0.3000000119
33990  39.043  -32.142  -40.541 0.3000000119
33992  37.972  -32.189  -40.298 0.3000000119
34763  35.977  -31.098  -28.672 0.5000000000
34802  24.249  -31.130  -32.630 1.0000000000
34814  24.212  -31.573  -33.380 1.0000000000
34823  24.769  -30.881  -33.829 1.0000000000
34842  38.546  -31.355  -35.115 0.3000000119
34851  38.400  -31.422  -38.003 0.3000000119
34864  39.030  -31.733  -40.479 0.3000000119
35600  30.855  -30.707  -27.220 0.6999999881
35601  27.630  -30.740  -25.915 0.8999999762
35614  34.339  -30.033  -27.312 0.6000000238
35650  26.567  -30.345  -29.704 1.0000000000
35667  24.408  -30.105  -32.926 1.0000000000
35722  39.704  -30.722  -37.797 0.3000000119
35729  38.840  -31.226  -39.427 0.3000000119
35742  39.764  -31.517  -40.481 0.3000000119
36446  27.158  -29.010  -25.200 0.8999999762
36493  36.586  -29.746  -29.209 0.5000000000
37380  27.552  -28.461  -26.256 0.8999999762
37404  34.285  -28.260  -28.179 0.6999999881
37421  32.886  -28.355  -29.399 0.6999999881
37428  37.406  -28.435  -30.339 0.5000000000
37429  36.896  -27.954  -29.812 0.5000000000
37467  26.646  -28.045  -35.234 1.0000000000
38342  36.174  -27.523  -29.544 0.6000000238
38343  35.502  -27.242  -29.446 0.6000000238
38359  33.839  -27.499  -30.106 0.6999999881
38420  27.809  -25.900  -36.654 0.5000000000
39285  26.469  -26.168  -25.981 0.8000000119
39366  36.261  -26.542  -30.483 0.4000000060
39367  35.532  -26.459  -30.398 0.4000000060
39368  34.801  -26.554  -30.488 0.6999999881
39378  37.118  -26.411  -31.234 0.3000000119
39379  36.579  -26.178  -31.049 0.4000000060
39416  27.998  -26.344  -36.263 0.5000000000
39426  27.665  -25.910  -36.698 0.5000000000
39437  28.507  -25.797  -36.902 0.5000000000
40404  32.922  -25.111  -29.257 0.5000000000
40426  32.802  -25.552  -29.935 0.5000000000
40453  35.826  -25.094  -32.456 0.5000000000
40493  27.657  -25.870  -37.030 0.5000000000
41424  22.079  -24.817  -27.721 0.6000000238
41470  33.053  -25.157  -30.882 0.4000000060
41510  33.074  -24.006  -33.102 0.4000000060
42487  31.793  -23.950  -27.786 0.5000000000
42606  31.413  -22.886  -37.134 0.4000000060
42608  30.707  -23.674  -37.494 0.4000000060
43466  33.446  -22.201  -28.364 0.4000000060
43467  32.873  -22.697  -27.925 0.3000000119
43558  34.344  -22.086  -33.283 0.3000000119
43597  32.781  -21.799  -37.882 0.3000000119
44393  29.962  -21.589  -27.733 0.5000000000
44407  33.851  -21.791  -28.762 0.3000000119
44446  34.648  -21.434  -30.900 0.3000000119
44506  32.549  -21.919  -37.695 0.3000000119
45385  26.163  -20.570  -32.488 0.4000000060
46180  33.417  -19.607  -27.705 0.3000000119
46181  32.605  -19.687  -27.444 0.3000000119
47130  34.427  -18.607  -28.507 0.4000000060
48206  30.404  -17.621  -27.663 0.3000000119
48248  28.820  -17.984  -32.135 0.3000000119
49358  32.822  -16.352  -27.429 0.3000000119
49361  30.432  -16.179  -27.666 0.3000000119
49382  29.563  -16.402  -30.314 0.3000000119
50423  30.053  -15.478  -28.125 0.3000000119
51301  33.265  -14.596  -27.589 0.3000000119
51302  31.949  -14.603  -27.328 0.3000000119
51317  30.309  -14.227  -28.162 0.3000000119
51366  30.271  -14.337  -32.867 0.3000000119
52238  30.111  -13.582  -34.338 0.3000000119
54011  30.317  -11.953  -30.155 0.3000000119
54080  31.199  -11.852  -33.620 0.3000000119
54912  30.649  -10.441  -29.312 0.3000000119
55947  30.551  -9.187  -30.522 0.3000000119
110751  30.494  -10.856  -30.908 0.3000000119
112096  33.907  -19.131  -27.992 0.3000000119
114900  29.531  -17.870  -30.050 0.3000000119
114982  32.060  -30.171  -27.020 0.6999999881
115867  30.253  -12.887  -28.824 0.4000000060
116104  35.585  -36.446  -37.932 0.3000000119
116239  26.215  -32.803  -23.301 0.6000000238
117119  30.572  -8.783  -31.009 0.3000000119
117356  27.523  -27.680  -35.412 0.8000000119
117701  31.233  -26.690  -29.198 0.6000000238
118088  32.541  -14.997  -27.387 0.3000000119
118193  34.740  -25.636  -33.066 0.6000000238
118950  30.394  -11.287  -30.188 0.3000000119
119866  30.079  -16.912  -27.904 0.3000000119
120912  36.541  -33.563  -33.060 0.4000000060
122256  37.167  -33.244  -40.072 0.3000000119
122510  28.368  -32.438  -31.293 0.8999999762
123777  33.486  -24.680  -37.456 0.4000000060
124730  23.646  -36.883  -30.609 0.8000000119
125580  29.286  -25.398  -37.088 0.5000000000
125879  34.543  -29.306  -27.623 0.6000000238
126384  24.655  -38.008  -21.563 0.4000000060
127636  27.933  -21.812  -30.394 0.6999999881
128504  33.475  -36.824  -34.981 0.4000000060
129662  24.995  -29.159  -33.172 1.0000000000
129776  33.108  -30.351  -26.806 0.6000000238
130312  21.796  -37.487  -20.778 0.4000000060
