#!ascii label  , from subject sub-v2s15x29734_ses-1 vox2ras=TkReg
1219
46759  -9.690  -6.283  61.448 0.0000000000
55009  -30.942  1.438  47.736 0.0000000000
111950  -26.687  5.718  44.203 0.0000000000
56022  -24.442  2.736  51.646 0.0000000000
66289  -33.308  14.148  31.401 0.0000000000
60948  -29.537  6.927  35.853 0.0000000000
59852  -31.906  5.474  55.195 0.0000000000
123517  -27.867  2.010  50.812 0.0000000000
69743  -40.542  17.078  33.762 0.0000000000
69760  -44.329  18.320  30.743 0.0000000000
71451  -46.267  19.087  28.265 0.0000000000
63598  -30.333  9.804  44.742 0.0000000000
121215  -25.942  7.717  39.082 0.0000000000
122717  -32.341  9.467  40.201 0.0000000000
108848  -36.102  9.475  37.207 0.0000000000
49168  -19.117  -3.850  50.826 0.0000000000
44553  -7.777  -7.745  66.136 0.0000000000
58098  -30.308  4.653  46.358 0.0000000000
63531  -29.341  11.056  49.613 0.0000000000
51210  -20.395  -2.626  47.528 0.0000000000
52971  -22.453  0.018  44.316 0.0000000000
68997  -44.786  17.207  23.771 0.0000000000
71484  -49.461  19.926  25.086 0.0000000000
63691  -31.302  9.986  34.509 0.0000000000
66246  -38.468  13.272  35.047 0.0000000000
116485  -10.771  -5.528  57.043 0.0000000000
40475  -3.869  -14.095  63.236 0.0000000000
69750  -42.552  17.369  32.419 0.0000000000
62660  -30.970  9.903  41.833 0.0000000000
113779  -17.229  -5.538  49.950 0.0000000000
105628  -8.731  -6.692  63.759 0.0000000000
55060  -30.748  1.065  44.659 0.0000000000
56093  -31.940  3.059  47.173 0.0000000000
53852  -21.688  0.253  49.386 0.0000000000
52106  -21.109  -1.221  46.683 0.0000000000
56071  -22.961  2.222  47.873 0.0000000000
115756  -29.357  1.256  49.237 0.0000000000
55040  -26.331  1.084  45.851 0.0000000000
53918  -28.037  -0.073  45.144 0.0000000000
54911  -23.887  1.008  53.244 0.0000000000
52078  -21.200  -1.070  50.572 0.0000000000
122587  -39.842  16.515  26.617 0.0000000000
68990  -43.470  17.050  24.551 0.0000000000
71471  -47.301  19.569  26.528 0.0000000000
60938  -27.722  7.421  36.298 0.0000000000
60957  -30.939  7.381  34.618 0.0000000000
64563  -36.866  11.074  36.158 0.0000000000
48076  -14.929  -4.813  53.233 0.0000000000
49098  -14.008  -4.476  55.261 0.0000000000
113037  -12.988  -5.534  57.712 0.0000000000
46824  -11.112  -5.946  55.250 0.0000000000
41518  -5.616  -12.361  61.597 0.0000000000
56028  -32.436  3.021  51.596 0.0000000000
127387  -32.476  4.485  50.390 0.0000000000
61636  -31.463  8.214  54.693 0.0000000000
58010  -26.755  4.474  54.597 0.0000000000
57120  -26.556  3.866  50.588 0.0000000000
57071  -28.579  3.298  53.405 0.0000000000
55989  -31.955  2.476  54.336 0.0000000000
67198  -37.368  15.060  31.941 0.0000000000
68937  -39.235  16.644  30.419 0.0000000000
108725  -40.912  17.674  28.960 0.0000000000
70633  -42.424  18.428  27.481 0.0000000000
70644  -44.049  18.662  26.446 0.0000000000
70614  -45.253  18.673  29.369 0.0000000000
62607  -26.741  9.137  44.709 0.0000000000
60014  -25.668  6.631  41.521 0.0000000000
63626  -27.769  10.184  41.886 0.0000000000
62676  -28.391  9.543  39.525 0.0000000000
127604  -30.898  9.097  37.685 0.0000000000
61790  -33.299  8.377  36.394 0.0000000000
62694  -33.640  9.290  38.488 0.0000000000
121271  -17.959  -4.241  52.794 0.0000000000
48103  -15.466  -5.473  51.516 0.0000000000
71515  -48.147  19.788  20.948 0.0000000000
43496  -5.635  -9.226  68.116 0.0000000000
56146  -29.714  2.390  43.529 0.0000000000
59074  -28.308  5.568  45.715 0.0000000000
59930  -30.806  6.390  49.749 0.0000000000
123685  -29.141  6.942  48.424 0.0000000000
109632  -27.715  8.281  46.780 0.0000000000
63555  -29.177  10.835  47.433 0.0000000000
57147  -24.723  2.915  46.963 0.0000000000
52064  -21.093  -1.786  52.433 0.0000000000
50283  -19.569  -3.680  49.308 0.0000000000
70656  -45.201  19.091  25.393 0.0000000000
71501  -45.763  19.060  23.632 0.0000000000
118400  -47.314  19.579  22.423 0.0000000000
111062  -49.433  20.930  24.009 0.0000000000
127714  -8.074  -7.873  59.313 0.0000000000
44603  -7.345  -8.436  60.613 0.0000000000
65444  -32.053  12.704  32.996 0.0000000000
63681  -34.030  9.972  35.559 0.0000000000
65412  -34.556  12.132  34.781 0.0000000000
118834  -36.159  13.448  33.457 0.0000000000
68055  -38.818  15.575  34.436 0.0000000000
46798  -10.230  -6.303  58.962 0.0000000000
43542  -6.582  -9.854  63.232 0.0000000000
42483  -5.104  -11.287  64.659 0.0000000000
41490  -3.365  -11.404  65.850 0.0000000000
106830  -8.728  -6.660  62.862 0.0000000000
53903  -29.742  0.007  45.884 0.0000000000
55025  -31.021  1.659  46.172 0.0000000000
56074  -31.237  1.978  47.004 0.0000000000
54954  -23.343  1.472  50.357 0.0000000000
116082  -22.287  0.773  48.996 0.0000000000
56034  -23.992  2.307  50.089 0.0000000000
53867  -29.876  0.834  48.148 0.0000000000
55008  -28.334  0.867  47.387 0.0000000000
111543  -29.235  0.277  46.456 0.0000000000
53919  -29.236  -0.409  45.241 0.0000000000
57057  -24.738  3.383  54.397 0.0000000000
55973  -24.333  2.446  54.801 0.0000000000
54929  -23.921  1.633  52.429 0.0000000000
53840  -23.507  0.800  51.263 0.0000000000
68989  -42.838  17.196  24.911 0.0000000000
58146  -27.402  4.358  43.241 0.0000000000
58157  -26.852  4.436  42.494 0.0000000000
60939  -28.761  7.385  36.127 0.0000000000
60064  -28.885  6.386  35.341 0.0000000000
60949  -30.978  7.328  35.734 0.0000000000
126572  -13.253  -5.540  52.761 0.0000000000
49118  -14.158  -4.530  54.726 0.0000000000
107560  -12.980  -5.529  54.152 0.0000000000
49096  -12.594  -4.530  55.378 0.0000000000
46842  -12.119  -5.967  53.743 0.0000000000
57074  -33.006  3.392  53.666 0.0000000000
58947  -32.860  5.057  53.162 0.0000000000
59865  -31.969  6.148  54.586 0.0000000000
107785  -28.011  4.913  55.868 0.0000000000
58011  -27.621  4.145  54.428 0.0000000000
57025  -29.432  3.686  56.255 0.0000000000
58915  -31.493  5.168  55.990 0.0000000000
55962  -31.708  2.938  55.427 0.0000000000
57046  -32.539  3.410  54.955 0.0000000000
56011  -32.493  2.824  52.763 0.0000000000
126072  -39.503  14.817  32.863 0.0000000000
68078  -38.898  15.480  31.686 0.0000000000
68070  -40.579  15.924  32.272 0.0000000000
127465  -43.208  17.538  31.676 0.0000000000
68929  -42.123  17.167  31.414 0.0000000000
69776  -42.758  17.787  29.973 0.0000000000
70625  -41.662  18.126  28.579 0.0000000000
70613  -43.524  18.235  29.660 0.0000000000
70628  -44.133  18.633  28.345 0.0000000000
111724  -44.798  18.533  30.055 0.0000000000
63596  -28.702  10.194  44.245 0.0000000000
62627  -27.082  9.908  43.441 0.0000000000
63611  -28.786  10.290  43.279 0.0000000000
108081  -31.191  9.727  40.951 0.0000000000
107796  -30.177  10.145  41.075 0.0000000000
108319  -30.577  9.732  40.068 0.0000000000
62690  -29.604  9.384  38.537 0.0000000000
62678  -31.193  9.530  39.297 0.0000000000
62693  -32.346  9.299  38.366 0.0000000000
62680  -32.994  9.331  39.835 0.0000000000
51174  -20.073  -2.921  52.828 0.0000000000
50222  -19.908  -3.223  53.507 0.0000000000
50253  -18.857  -3.783  51.811 0.0000000000
48121  -16.647  -5.664  50.556 0.0000000000
72220  -48.831  21.150  22.039 0.0000000000
72223  -48.847  21.010  21.077 0.0000000000
44543  -6.962  -8.168  67.308 0.0000000000
56113  -30.430  2.677  45.162 0.0000000000
55059  -30.381  1.761  44.097 0.0000000000
57169  -30.195  3.509  45.414 0.0000000000
58126  -29.353  4.052  44.981 0.0000000000
58097  -29.320  5.127  46.090 0.0000000000
59902  -32.286  6.964  51.457 0.0000000000
59001  -31.839  5.341  49.632 0.0000000000
127656  -31.507  7.526  51.114 0.0000000000
62507  -29.654  10.284  51.253 0.0000000000
60814  -29.192  8.051  50.126 0.0000000000
61679  -28.482  8.531  49.777 0.0000000000
60856  -28.237  7.613  47.713 0.0000000000
62529  -28.000  9.421  48.717 0.0000000000
62553  -27.769  9.545  47.593 0.0000000000
64509  -29.483  11.137  48.333 0.0000000000
52962  -21.619  -0.383  45.554 0.0000000000
57121  -27.339  3.229  50.606 0.0000000000
56048  -25.270  2.817  49.085 0.0000000000
120468  -26.152  2.581  48.130 0.0000000000
55057  -25.099  1.119  44.260 0.0000000000
116794  -22.281  -1.073  52.902 0.0000000000
51196  -20.736  -1.767  49.197 0.0000000000
51195  -20.528  -2.401  49.737 0.0000000000
50294  -19.953  -3.390  48.651 0.0000000000
49230  -19.586  -4.671  47.345 0.0000000000
70636  -44.978  18.891  27.243 0.0000000000
70655  -44.388  18.724  25.462 0.0000000000
71469  -45.719  19.251  26.823 0.0000000000
71483  -48.719  19.832  25.640 0.0000000000
110691  -46.411  19.485  24.940 0.0000000000
125980  -47.384  19.909  24.241 0.0000000000
71502  -46.364  19.272  23.232 0.0000000000
110863  -48.009  20.234  23.931 0.0000000000
71504  -47.898  20.081  22.932 0.0000000000
71493  -48.936  20.414  24.409 0.0000000000
111683  -25.555  7.019  40.638 0.0000000000
59134  -25.700  5.669  40.529 0.0000000000
63721  -30.882  10.885  32.329 0.0000000000
64596  -31.401  11.888  33.555 0.0000000000
127391  -33.874  8.735  36.606 0.0000000000
61809  -33.364  8.178  35.867 0.0000000000
62731  -35.457  9.531  35.971 0.0000000000
65382  -38.089  12.718  35.568 0.0000000000
64572  -36.406  11.359  35.681 0.0000000000
65414  -36.345  12.395  34.527 0.0000000000
65432  -35.658  12.879  33.963 0.0000000000
66264  -37.833  13.208  33.953 0.0000000000
66265  -38.474  13.714  33.571 0.0000000000
68054  -38.569  13.965  34.639 0.0000000000
48003  -11.413  -5.331  57.491 0.0000000000
47987  -11.456  -5.499  58.491 0.0000000000
47974  -10.991  -5.743  59.333 0.0000000000
46804  -10.165  -6.199  58.149 0.0000000000
46797  -9.588  -6.767  58.451 0.0000000000
46811  -9.898  -6.825  56.827 0.0000000000
43572  -6.842  -9.720  60.318 0.0000000000
43555  -7.046  -9.281  61.843 0.0000000000
42511  -6.223  -10.704  61.411 0.0000000000
40476  -4.838  -13.307  62.456 0.0000000000
41503  -5.739  -11.270  63.266 0.0000000000
41496  -4.559  -12.405  64.616 0.0000000000
41492  -4.375  -11.762  65.273 0.0000000000
40461  -3.823  -13.372  64.746 0.0000000000
57972  -30.155  4.849  56.878 0.0000000000
70575  -41.084  18.773  34.389 0.0000000000
68907  -41.769  17.050  32.746 0.0000000000
71417  -42.758  19.230  33.738 0.0000000000
62628  -30.451  9.930  43.398 0.0000000000
49198  -18.441  -4.754  49.470 0.0000000000
48123  -17.863  -5.011  50.151 0.0000000000
121751  -9.622  -6.410  65.190 0.0000000000
44571  -8.119  -7.685  64.725 0.0000000000
53904  -30.266  0.389  45.258 0.0000000000
56114  -31.020  2.140  45.584 0.0000000000
57156  -31.532  3.454  46.453 0.0000000000
64502  -30.513  11.348  49.373 0.0000000000
51204  -20.656  -1.823  48.140 0.0000000000
51211  -20.680  -1.879  47.054 0.0000000000
52940  -21.336  -0.430  48.105 0.0000000000
53886  -21.533  0.213  46.620 0.0000000000
55022  -22.347  1.547  46.375 0.0000000000
54989  -28.450  1.411  49.168 0.0000000000
128464  -26.765  1.838  47.955 0.0000000000
55007  -27.518  1.302  47.675 0.0000000000
53900  -27.032  0.504  45.339 0.0000000000
52973  -28.604  -0.730  44.549 0.0000000000
54892  -23.814  0.517  54.052 0.0000000000
52909  -23.818  -0.311  53.022 0.0000000000
53827  -23.141  0.062  51.481 0.0000000000
52935  -21.200  -0.312  49.772 0.0000000000
68964  -39.248  16.711  27.072 0.0000000000
68991  -44.235  16.738  24.251 0.0000000000
112171  -48.171  19.431  28.872 0.0000000000
71460  -47.801  19.334  27.422 0.0000000000
60932  -26.426  7.440  37.294 0.0000000000
60965  -30.753  7.572  33.577 0.0000000000
62741  -31.278  9.050  34.572 0.0000000000
129363  -37.976  10.535  37.563 0.0000000000
63672  -36.958  10.285  36.540 0.0000000000
65369  -37.908  11.988  37.520 0.0000000000
49137  -15.664  -4.406  53.816 0.0000000000
49119  -15.481  -4.493  54.649 0.0000000000
48023  -15.296  -6.002  56.798 0.0000000000
48021  -13.247  -5.293  56.846 0.0000000000
49079  -11.821  -4.739  56.005 0.0000000000
48038  -10.970  -5.343  55.925 0.0000000000
45711  -10.131  -6.967  56.035 0.0000000000
46840  -10.731  -6.626  54.820 0.0000000000
56051  -32.035  2.052  49.464 0.0000000000
56052  -32.312  2.775  48.921 0.0000000000
57122  -32.325  3.569  50.385 0.0000000000
59891  -32.686  6.048  52.665 0.0000000000
57068  -24.861  3.718  52.832 0.0000000000
122607  -24.972  3.063  50.902 0.0000000000
57086  -26.590  4.186  52.081 0.0000000000
57087  -27.684  3.549  52.126 0.0000000000
57088  -28.431  2.678  52.052 0.0000000000
57043  -30.100  2.884  55.995 0.0000000000
55987  -30.177  2.641  54.288 0.0000000000
54942  -29.211  1.627  51.402 0.0000000000
54943  -30.044  1.643  51.173 0.0000000000
54944  -31.506  2.074  50.705 0.0000000000
58009  -25.829  4.360  54.922 0.0000000000
67182  -35.809  14.665  32.527 0.0000000000
68074  -34.607  15.453  31.039 0.0000000000
68076  -35.936  15.873  31.351 0.0000000000
113287  -37.046  16.610  30.146 0.0000000000
68947  -38.550  16.911  29.729 0.0000000000
68928  -41.518  16.651  31.685 0.0000000000
69765  -40.124  16.937  30.050 0.0000000000
69783  -39.398  17.275  28.604 0.0000000000
69784  -40.241  17.589  28.390 0.0000000000
69790  -41.444  18.087  27.537 0.0000000000
70641  -42.018  18.139  26.860 0.0000000000
70653  -42.793  18.092  25.836 0.0000000000
70634  -43.257  18.557  27.029 0.0000000000
109052  -44.699  18.800  27.965 0.0000000000
128469  -46.258  18.949  28.875 0.0000000000
70600  -46.042  18.783  31.067 0.0000000000
71439  -47.482  19.330  29.341 0.0000000000
60880  -25.987  7.471  44.510 0.0000000000
59995  -25.834  6.693  43.294 0.0000000000
61741  -25.709  8.085  43.234 0.0000000000
61753  -26.045  8.693  42.086 0.0000000000
60916  -26.300  8.537  40.501 0.0000000000
63641  -29.352  10.318  41.691 0.0000000000
113133  -28.031  9.821  40.254 0.0000000000
61772  -27.095  8.957  39.099 0.0000000000
61778  -28.193  9.083  38.100 0.0000000000
61785  -28.708  8.627  37.311 0.0000000000
61797  -29.709  8.405  36.725 0.0000000000
60941  -31.039  7.987  35.852 0.0000000000
61788  -31.190  8.850  36.939 0.0000000000
124650  -33.574  9.090  37.453 0.0000000000
62707  -34.939  9.356  38.013 0.0000000000
62696  -35.535  8.826  38.769 0.0000000000
62709  -36.752  9.512  37.683 0.0000000000
113408  -18.259  -4.142  53.732 0.0000000000
49166  -17.551  -4.608  51.485 0.0000000000
49165  -16.801  -4.750  51.843 0.0000000000
49150  -16.645  -4.471  52.617 0.0000000000
48089  -15.247  -5.121  52.316 0.0000000000
58125  -27.896  4.550  44.161 0.0000000000
59094  -27.348  5.292  44.562 0.0000000000
57140  -32.512  3.583  48.465 0.0000000000
58089  -31.913  4.282  47.386 0.0000000000
59035  -30.573  5.463  47.509 0.0000000000
111027  -29.927  6.746  49.430 0.0000000000
59054  -29.946  5.660  46.770 0.0000000000
59053  -28.925  6.043  46.444 0.0000000000
59052  -28.108  6.458  46.138 0.0000000000
60871  -26.848  7.446  45.622 0.0000000000
61720  -27.182  8.738  45.740 0.0000000000
115684  -28.679  10.003  46.085 0.0000000000
119160  -29.899  10.546  46.145 0.0000000000
63545  -31.214  10.896  48.706 0.0000000000
63572  -31.416  10.329  46.842 0.0000000000
56047  -24.585  2.766  49.479 0.0000000000
56072  -23.487  2.759  47.326 0.0000000000
55036  -22.934  1.834  45.316 0.0000000000
56091  -25.610  2.393  46.864 0.0000000000
55056  -24.047  1.418  44.150 0.0000000000
52059  -20.866  -2.023  53.139 0.0000000000
50255  -20.210  -2.883  51.148 0.0000000000
52070  -21.309  -1.507  51.737 0.0000000000
50273  -20.189  -2.935  50.309 0.0000000000
50272  -19.595  -3.465  50.084 0.0000000000
49211  -18.689  -4.876  48.548 0.0000000000
70654  -43.505  18.320  25.487 0.0000000000
70665  -44.050  18.349  24.747 0.0000000000
70666  -44.533  18.338  24.245 0.0000000000
71481  -45.980  19.390  25.493 0.0000000000
71491  -45.604  19.242  24.566 0.0000000000
70674  -45.404  18.377  23.272 0.0000000000
70681  -45.741  18.044  22.586 0.0000000000
70682  -46.301  18.350  22.179 0.0000000000
70688  -46.701  17.887  21.558 0.0000000000
71511  -47.186  19.140  21.734 0.0000000000
72219  -48.410  20.545  22.510 0.0000000000
46790  -8.716  -6.743  60.076 0.0000000000
45656  -8.432  -7.474  61.919 0.0000000000
44609  -7.562  -8.040  59.818 0.0000000000
59121  -26.044  5.206  41.735 0.0000000000
66273  -32.452  13.151  32.127 0.0000000000
60942  -31.576  7.987  35.756 0.0000000000
61818  -32.080  8.654  35.284 0.0000000000
62742  -32.237  9.365  35.088 0.0000000000
122395  -35.757  9.983  35.818 0.0000000000
64581  -34.438  11.117  35.211 0.0000000000
63693  -33.226  11.005  35.059 0.0000000000
64598  -32.993  12.166  34.511 0.0000000000
66261  -33.578  13.634  33.494 0.0000000000
66262  -34.562  13.979  33.364 0.0000000000
125991  -37.277  13.896  32.832 0.0000000000
67172  -38.886  14.207  33.235 0.0000000000
68056  -39.577  15.871  33.781 0.0000000000
47946  -10.238  -5.605  61.517 0.0000000000
47962  -10.841  -5.583  60.222 0.0000000000
46776  -9.501  -6.320  60.242 0.0000000000
45674  -9.034  -7.235  58.707 0.0000000000
45700  -8.760  -8.310  57.780 0.0000000000
44597  -7.915  -8.216  62.303 0.0000000000
44582  -7.552  -8.630  63.586 0.0000000000
43531  -6.991  -9.104  64.103 0.0000000000
118838  -6.054  -11.006  62.350 0.0000000000
42495  -6.177  -10.543  63.744 0.0000000000
43520  -6.341  -9.514  65.529 0.0000000000
42465  -5.441  -9.847  66.706 0.0000000000
42464  -3.846  -10.320  67.030 0.0000000000
40474  -3.413  -13.976  63.450 0.0000000000
116984  -2.797  -12.843  64.915 0.0000000000
47938  -9.797  -5.902  62.122 0.0000000000
46750  -9.407  -6.626  62.159 0.0000000000
53880  -30.475  1.142  47.016 0.0000000000
108532  -23.897  1.647  51.019 0.0000000000
54955  -24.409  2.451  50.938 0.0000000000
128491  -30.540  1.087  48.387 0.0000000000
53879  -29.815  0.705  47.413 0.0000000000
53868  -30.312  0.917  47.776 0.0000000000
53890  -29.858  0.522  46.670 0.0000000000
56005  -24.285  2.785  52.634 0.0000000000
55985  -24.334  2.842  53.665 0.0000000000
54941  -23.991  1.914  51.602 0.0000000000
54940  -23.791  1.107  51.880 0.0000000000
68979  -42.147  16.701  25.327 0.0000000000
58124  -27.079  5.035  43.778 0.0000000000
58145  -26.798  4.879  43.084 0.0000000000
59104  -26.487  5.477  43.378 0.0000000000
60057  -28.380  6.791  35.753 0.0000000000
60065  -29.822  6.413  35.125 0.0000000000
129407  -30.504  6.661  35.172 0.0000000000
118958  -30.490  6.880  35.637 0.0000000000
48073  -12.671  -5.701  53.144 0.0000000000
48074  -13.531  -5.412  53.645 0.0000000000
108342  -32.680  4.090  54.788 0.0000000000
58935  -32.400  5.092  54.465 0.0000000000
59851  -31.520  6.436  55.476 0.0000000000
57970  -29.111  4.932  56.615 0.0000000000
57995  -28.547  4.236  55.628 0.0000000000
59842  -31.067  6.838  56.176 0.0000000000
57983  -32.064  3.971  55.827 0.0000000000
58923  -32.216  4.501  55.354 0.0000000000
57062  -32.978  3.641  54.203 0.0000000000
58913  -28.224  5.339  56.523 0.0000000000
68061  -40.043  15.504  33.048 0.0000000000
114156  -40.087  15.516  32.489 0.0000000000
68914  -40.539  16.106  32.763 0.0000000000
69759  -43.699  17.944  31.417 0.0000000000
109177  -42.901  17.551  31.084 0.0000000000
69768  -43.558  17.995  30.500 0.0000000000
70604  -44.098  18.321  30.047 0.0000000000
63597  -29.482  10.078  44.562 0.0000000000
119380  -29.346  10.167  43.872 0.0000000000
62668  -32.085  9.514  40.887 0.0000000000
108141  -31.576  9.596  40.136 0.0000000000
62679  -32.144  9.458  39.356 0.0000000000
50254  -19.601  -3.366  51.525 0.0000000000
73038  -49.258  21.647  21.563 0.0000000000
115303  -8.394  -7.270  66.446 0.0000000000
45624  -8.062  -7.474  67.070 0.0000000000
45613  -7.531  -7.609  67.763 0.0000000000
44552  -7.155  -8.274  66.403 0.0000000000
58109  -30.878  3.870  45.973 0.0000000000
58108  -29.819  4.298  45.710 0.0000000000
60799  -31.998  7.872  51.995 0.0000000000
63514  -29.512  10.835  50.512 0.0000000000
62518  -29.227  9.663  50.719 0.0000000000
62531  -29.025  10.146  50.000 0.0000000000
61696  -27.982  8.710  48.972 0.0000000000
122682  -28.830  10.499  49.344 0.0000000000
62540  -28.371  10.237  48.742 0.0000000000
64500  -29.033  11.020  48.906 0.0000000000
49231  -20.032  -4.355  46.958 0.0000000000
50300  -20.257  -3.585  46.918 0.0000000000
56038  -27.309  2.283  50.115 0.0000000000
123098  -26.654  2.562  49.471 0.0000000000
56062  -26.769  2.164  48.763 0.0000000000
51203  -20.348  -2.593  48.679 0.0000000000
109054  -20.158  -3.226  47.950 0.0000000000
49213  -19.911  -3.952  47.841 0.0000000000
68998  -45.408  16.623  23.402 0.0000000000
71458  -45.780  19.171  27.563 0.0000000000
110046  -47.210  19.655  24.939 0.0000000000
110630  -48.205  20.060  24.903 0.0000000000
60922  -25.655  7.287  39.728 0.0000000000
60033  -25.619  6.493  39.282 0.0000000000
62751  -30.596  9.531  33.754 0.0000000000
61825  -30.327  9.152  32.772 0.0000000000
125823  -30.416  9.868  33.060 0.0000000000
63702  -30.595  10.408  32.771 0.0000000000
63704  -31.369  10.931  34.169 0.0000000000
62708  -35.371  9.403  37.178 0.0000000000
62716  -34.952  9.309  36.319 0.0000000000
62717  -35.829  9.517  36.500 0.0000000000
65396  -37.665  12.234  35.251 0.0000000000
66253  -38.201  12.802  34.768 0.0000000000
65415  -37.394  12.514  34.546 0.0000000000
66254  -38.462  13.483  34.340 0.0000000000
110012  -38.381  13.994  35.440 0.0000000000
48002  -10.723  -5.572  57.867 0.0000000000
47986  -10.723  -5.870  58.604 0.0000000000
46803  -9.715  -6.761  57.627 0.0000000000
113389  -10.241  -6.139  57.316 0.0000000000
43563  -6.599  -9.842  61.186 0.0000000000
40469  -4.529  -13.314  63.502 0.0000000000
40462  -4.311  -13.235  64.295 0.0000000000
40468  -3.613  -13.914  64.214 0.0000000000
115004  -31.920  9.476  43.853 0.0000000000
48139  -17.772  -5.417  49.383 0.0000000000
106922  -9.410  -6.270  64.287 0.0000000000
46741  -9.026  -6.813  64.634 0.0000000000
126944  -8.672  -7.243  64.904 0.0000000000
45636  -8.407  -7.263  64.162 0.0000000000
53920  -29.883  -0.453  45.104 0.0000000000
56092  -31.448  2.609  46.374 0.0000000000
52091  -20.993  -1.025  48.721 0.0000000000
52098  -20.984  -1.145  47.643 0.0000000000
54987  -22.747  1.591  48.691 0.0000000000
53866  -22.273  0.933  48.030 0.0000000000
53877  -21.972  0.898  46.982 0.0000000000
55006  -22.511  1.589  47.355 0.0000000000
54971  -28.993  1.149  49.967 0.0000000000
107821  -28.347  1.093  48.228 0.0000000000
53888  -28.310  0.543  46.585 0.0000000000
53901  -27.863  0.306  45.889 0.0000000000
113058  -27.158  0.129  44.648 0.0000000000
55959  -24.413  2.205  55.914 0.0000000000
114130  -23.954  1.622  54.162 0.0000000000
54893  -24.115  1.534  55.386 0.0000000000
54910  -24.158  0.119  53.146 0.0000000000
53818  -24.148  -0.058  52.838 0.0000000000
54928  -23.974  0.482  52.666 0.0000000000
53838  -21.710  0.274  50.242 0.0000000000
129997  -21.079  -0.672  49.280 0.0000000000
60933  -27.171  7.921  37.015 0.0000000000
60048  -26.211  6.723  36.740 0.0000000000
124822  -26.802  7.294  36.630 0.0000000000
61817  -31.193  8.149  34.655 0.0000000000
65360  -38.228  11.094  37.947 0.0000000000
64555  -37.969  11.054  37.155 0.0000000000
129387  -38.191  13.767  36.714 0.0000000000
49136  -14.879  -4.504  54.213 0.0000000000
49099  -15.107  -4.683  55.323 0.0000000000
48022  -14.246  -5.718  56.796 0.0000000000
49081  -13.577  -4.741  55.987 0.0000000000
48039  -11.736  -5.229  55.406 0.0000000000
46823  -10.561  -6.298  55.602 0.0000000000
56039  -31.979  2.304  50.208 0.0000000000
56040  -32.179  2.834  49.790 0.0000000000
57107  -32.607  3.566  51.313 0.0000000000
59877  -32.025  6.717  53.992 0.0000000000
58959  -32.925  5.289  52.234 0.0000000000
60769  -32.235  6.802  53.190 0.0000000000
57070  -25.878  4.206  53.134 0.0000000000
57085  -25.532  4.191  52.038 0.0000000000
57059  -28.591  3.500  54.448 0.0000000000
112968  -27.713  3.686  53.075 0.0000000000
109332  -28.288  3.246  52.641 0.0000000000
58902  -30.545  5.661  56.723 0.0000000000
57015  -30.137  4.057  56.860 0.0000000000
55975  -31.818  2.678  55.088 0.0000000000
55961  -31.095  2.740  55.596 0.0000000000
55988  -30.982  2.495  53.903 0.0000000000
126723  -29.451  2.449  52.598 0.0000000000
56025  -29.938  2.137  52.071 0.0000000000
56009  -30.807  2.461  52.912 0.0000000000
56027  -31.729  2.521  51.695 0.0000000000
126238  -32.011  2.638  50.905 0.0000000000
54959  -31.496  1.628  50.004 0.0000000000
57993  -26.571  4.778  55.476 0.0000000000
58022  -26.163  4.407  54.044 0.0000000000
57069  -25.449  4.047  54.138 0.0000000000
67197  -36.301  15.281  31.925 0.0000000000
68925  -38.558  16.179  30.986 0.0000000000
68924  -37.517  16.394  30.739 0.0000000000
68936  -38.302  16.618  30.353 0.0000000000
68935  -37.734  16.750  29.931 0.0000000000
69745  -42.191  17.636  33.086 0.0000000000
68915  -41.224  16.476  32.342 0.0000000000
68916  -42.008  17.015  32.119 0.0000000000
69766  -41.460  17.116  30.277 0.0000000000
68938  -40.899  16.781  30.516 0.0000000000
113282  -40.900  17.210  29.768 0.0000000000
69773  -39.357  17.103  29.521 0.0000000000
69774  -40.134  17.380  29.234 0.0000000000
127449  -41.962  18.432  28.006 0.0000000000
69797  -41.557  17.651  26.576 0.0000000000
70642  -42.639  18.292  26.607 0.0000000000
110333  -44.927  18.710  28.629 0.0000000000
123585  -45.711  18.860  28.781 0.0000000000
70615  -46.130  18.846  29.461 0.0000000000
71433  -47.412  19.521  30.187 0.0000000000
61733  -26.211  8.495  44.512 0.0000000000
124658  -25.786  8.061  43.940 0.0000000000
61742  -25.992  8.709  43.637 0.0000000000
62645  -26.949  9.851  42.418 0.0000000000
127173  -26.343  9.225  42.450 0.0000000000
62656  -26.552  9.247  41.789 0.0000000000
61762  -26.218  8.635  41.354 0.0000000000
62665  -26.770  9.094  41.013 0.0000000000
62647  -30.763  9.917  42.677 0.0000000000
62646  -30.124  10.178  42.813 0.0000000000
62659  -30.154  10.222  42.096 0.0000000000
114167  -29.700  9.875  40.184 0.0000000000
62667  -29.187  10.195  40.835 0.0000000000
108027  -28.863  9.869  40.124 0.0000000000
62675  -27.440  9.322  39.756 0.0000000000
62688  -27.849  9.224  38.928 0.0000000000
61777  -27.280  8.826  38.357 0.0000000000
62689  -28.759  9.360  38.751 0.0000000000
62704  -30.316  9.235  38.142 0.0000000000
62702  -29.095  9.177  37.966 0.0000000000
61786  -29.531  8.934  37.386 0.0000000000
61787  -30.301  9.015  37.216 0.0000000000
117973  -33.018  9.218  38.133 0.0000000000
123137  -34.189  9.350  38.001 0.0000000000
62684  -36.890  8.932  39.289 0.0000000000
62697  -36.403  8.906  38.646 0.0000000000
128504  -37.757  9.899  38.244 0.0000000000
50238  -18.579  -3.821  52.755 0.0000000000
50221  -19.123  -3.594  53.619 0.0000000000
49183  -17.935  -4.756  50.854 0.0000000000
48122  -17.417  -5.216  50.787 0.0000000000
48104  -16.322  -5.365  51.365 0.0000000000
48090  -16.044  -4.914  52.091 0.0000000000
49149  -15.824  -4.554  52.916 0.0000000000
43494  -4.416  -9.478  68.435 0.0000000000
57198  -29.321  3.104  43.833 0.0000000000
123552  -28.594  4.430  44.734 0.0000000000
124860  -28.808  3.853  44.178 0.0000000000
58106  -28.081  5.010  44.969 0.0000000000
58056  -32.358  4.063  50.030 0.0000000000
58070  -32.397  4.104  49.088 0.0000000000
126308  -31.376  5.944  49.708 0.0000000000
59020  -31.666  5.122  48.747 0.0000000000
58080  -31.427  4.936  47.919 0.0000000000
59019  -30.871  5.607  48.399 0.0000000000
59929  -29.186  7.098  49.108 0.0000000000
60831  -29.504  7.358  49.778 0.0000000000
59944  -29.694  6.576  48.673 0.0000000000
59018  -30.163  6.084  48.114 0.0000000000
59034  -29.523  6.520  47.901 0.0000000000
59033  -29.335  6.435  47.148 0.0000000000
59958  -28.883  7.025  47.780 0.0000000000
60855  -28.039  7.706  46.885 0.0000000000
59957  -28.528  6.946  46.883 0.0000000000
123403  -27.925  7.168  46.402 0.0000000000
59978  -27.427  6.935  45.904 0.0000000000
60862  -27.442  7.801  46.246 0.0000000000
60861  -26.928  8.172  45.754 0.0000000000
61721  -27.460  8.523  46.284 0.0000000000
63554  -28.250  10.232  47.597 0.0000000000
62571  -28.170  9.663  46.731 0.0000000000
63569  -28.758  10.392  46.742 0.0000000000
110078  -29.226  10.327  46.042 0.0000000000
128568  -29.398  10.645  46.647 0.0000000000
64503  -31.352  11.206  49.737 0.0000000000
63544  -30.238  11.248  48.548 0.0000000000
51220  -20.595  -2.703  46.408 0.0000000000
51221  -21.068  -1.966  46.161 0.0000000000
56036  -25.659  3.351  50.319 0.0000000000
56035  -24.789  2.932  50.251 0.0000000000
107990  -25.229  3.016  49.760 0.0000000000
57139  -24.758  3.094  47.674 0.0000000000
57146  -24.069  3.112  47.585 0.0000000000
57155  -24.018  3.058  46.963 0.0000000000
56088  -23.473  2.564  46.557 0.0000000000
56110  -23.501  2.171  45.825 0.0000000000
55024  -26.610  1.569  46.903 0.0000000000
128765  -26.145  2.301  47.463 0.0000000000
55023  -25.612  1.671  46.193 0.0000000000
51178  -20.467  -2.353  52.590 0.0000000000
51181  -20.664  -2.176  51.639 0.0000000000
52918  -22.586  -0.550  51.688 0.0000000000
120376  -21.954  -1.052  51.768 0.0000000000
52071  -21.398  -1.171  51.269 0.0000000000
50284  -20.057  -3.059  49.456 0.0000000000
51187  -20.624  -2.323  50.642 0.0000000000
49199  -19.135  -4.296  49.016 0.0000000000
70643  -43.224  18.423  26.266 0.0000000000
69806  -42.973  17.791  25.239 0.0000000000
71480  -44.748  18.820  24.691 0.0000000000
71470  -46.341  19.448  26.338 0.0000000000
70667  -45.097  18.691  23.984 0.0000000000
70675  -45.984  18.708  22.854 0.0000000000
71510  -46.664  19.090  22.454 0.0000000000
70683  -46.780  18.590  21.780 0.0000000000
72216  -48.621  20.603  23.533 0.0000000000
72217  -49.056  21.168  23.089 0.0000000000
45660  -8.043  -7.344  59.955 0.0000000000
60003  -25.772  6.621  42.456 0.0000000000
108657  -25.900  5.848  42.095 0.0000000000
110438  -25.758  5.746  41.311 0.0000000000
65456  -31.435  12.042  32.419 0.0000000000
65457  -31.969  12.498  31.908 0.0000000000
65445  -32.750  13.314  32.937 0.0000000000
61799  -31.571  8.167  36.202 0.0000000000
117053  -32.514  7.931  35.963 0.0000000000
62729  -33.875  8.675  35.745 0.0000000000
62728  -33.034  8.624  35.532 0.0000000000
63680  -33.162  9.563  35.332 0.0000000000
63683  -36.268  10.637  36.035 0.0000000000
64582  -35.125  11.660  35.008 0.0000000000
65411  -33.813  11.871  34.824 0.0000000000
65431  -34.642  13.286  33.901 0.0000000000
128888  -35.307  13.560  33.603 0.0000000000
66276  -35.497  14.007  33.065 0.0000000000
66277  -36.467  13.926  32.894 0.0000000000
67164  -38.749  14.045  33.858 0.0000000000
67173  -39.094  14.485  33.448 0.0000000000
68060  -39.369  15.048  33.554 0.0000000000
46792  -10.166  -6.034  59.771 0.0000000000
46760  -10.139  -5.903  60.724 0.0000000000
46791  -9.403  -6.669  59.346 0.0000000000
45688  -9.133  -7.458  57.910 0.0000000000
45701  -9.190  -8.102  57.196 0.0000000000
45655  -7.815  -7.908  61.365 0.0000000000
44596  -7.449  -8.647  61.610 0.0000000000
43543  -7.053  -9.262  62.699 0.0000000000
44591  -7.718  -8.830  62.938 0.0000000000
121237  -7.102  -9.237  63.419 0.0000000000
44570  -7.499  -8.351  64.580 0.0000000000
41519  -5.962  -11.530  61.679 0.0000000000
41497  -5.511  -11.403  64.051 0.0000000000
42484  -5.919  -10.464  64.383 0.0000000000
43530  -6.402  -9.578  64.601 0.0000000000
115868  -5.851  -9.959  65.091 0.0000000000
42474  -5.888  -10.189  65.954 0.0000000000
42473  -5.200  -10.742  65.370 0.0000000000
41491  -3.718  -11.825  65.582 0.0000000000
125416  -4.256  -10.712  66.564 0.0000000000
41484  -3.801  -11.043  66.267 0.0000000000
42455  -3.792  -10.126  67.648 0.0000000000
110704  -3.063  -13.794  64.147 0.0000000000
53891  -30.393  0.783  46.071 0.0000000000
127297  -31.588  2.512  47.090 0.0000000000
53853  -22.089  0.731  49.819 0.0000000000
120823  -21.785  0.218  48.507 0.0000000000
54968  -22.665  1.262  49.678 0.0000000000
54969  -23.313  1.901  49.435 0.0000000000
54988  -23.273  2.228  48.653 0.0000000000
54991  -29.985  1.113  48.849 0.0000000000
54990  -29.217  1.081  48.599 0.0000000000
53878  -29.123  0.771  47.811 0.0000000000
53889  -29.148  0.668  47.027 0.0000000000
53902  -28.778  -0.007  45.928 0.0000000000
57058  -25.082  3.841  54.872 0.0000000000
115210  -24.034  1.955  53.212 0.0000000000
53839  -22.629  0.688  50.545 0.0000000000
68970  -40.491  16.761  26.445 0.0000000000
57196  -27.924  3.768  42.924 0.0000000000
60056  -27.507  6.571  35.759 0.0000000000
59174  -27.942  6.022  35.212 0.0000000000
60066  -30.884  6.946  35.164 0.0000000000
60950  -31.284  7.634  35.354 0.0000000000
110525  -14.010  -5.311  52.992 0.0000000000
48075  -14.261  -5.012  53.941 0.0000000000
48059  -13.623  -4.993  54.471 0.0000000000
49117  -13.343  -4.361  55.042 0.0000000000
49097  -13.176  -4.384  55.453 0.0000000000
127852  -12.966  -4.693  54.841 0.0000000000
48058  -12.350  -5.390  54.709 0.0000000000
46841  -11.518  -6.174  54.488 0.0000000000
57089  -32.796  3.327  52.285 0.0000000000
57090  -32.904  3.790  52.772 0.0000000000
58024  -32.990  4.084  53.429 0.0000000000
59878  -32.421  5.871  53.666 0.0000000000
60755  -31.649  7.146  54.718 0.0000000000
57994  -27.520  4.581  55.225 0.0000000000
58023  -26.948  4.222  53.680 0.0000000000
58012  -28.269  3.955  55.001 0.0000000000
57042  -29.100  3.474  55.414 0.0000000000
57982  -31.410  4.164  56.364 0.0000000000
57028  -31.762  3.457  55.878 0.0000000000
57045  -32.085  3.195  55.361 0.0000000000
55976  -32.346  2.759  54.596 0.0000000000
116307  -32.149  2.522  53.484 0.0000000000
55990  -32.631  2.717  53.909 0.0000000000
57073  -32.948  3.063  53.353 0.0000000000
57978  -27.334  5.136  56.006 0.0000000000
67199  -38.368  14.907  32.062 0.0000000000
126670  -39.119  14.936  32.308 0.0000000000
68069  -39.693  15.356  32.135 0.0000000000
68079  -40.416  15.853  31.792 0.0000000000
69751  -43.334  17.639  32.077 0.0000000000
69767  -42.088  17.354  30.571 0.0000000000
69775  -41.758  17.562  29.615 0.0000000000
70612  -42.331  18.067  29.190 0.0000000000
70626  -42.558  18.404  28.459 0.0000000000
110220  -43.296  18.597  27.933 0.0000000000
70627  -43.458  18.456  28.813 0.0000000000
107957  -44.320  18.498  29.267 0.0000000000
124503  -45.589  18.677  30.104 0.0000000000
62609  -27.988  9.933  44.761 0.0000000000
62608  -27.225  9.687  44.356 0.0000000000
63595  -27.897  10.171  43.827 0.0000000000
63610  -27.802  10.246  42.846 0.0000000000
127782  -29.970  9.690  39.696 0.0000000000
62677  -29.370  9.598  39.419 0.0000000000
110510  -30.285  9.554  39.082 0.0000000000
62691  -31.003  9.323  38.443 0.0000000000
62705  -31.689  9.107  37.729 0.0000000000
62692  -31.665  9.390  38.640 0.0000000000
124281  -32.970  9.291  38.944 0.0000000000
62681  -33.735  9.221  39.371 0.0000000000
126838  -19.451  -3.342  52.567 0.0000000000
49152  -18.079  -4.123  52.038 0.0000000000
72222  -48.406  20.434  21.520 0.0000000000
71517  -48.151  19.163  20.560 0.0000000000
72226  -48.584  20.313  20.759 0.0000000000
72227  -49.166  20.598  20.152 0.0000000000
44542  -6.301  -8.664  67.848 0.0000000000
56128  -30.588  1.849  44.893 0.0000000000
56127  -29.979  2.490  44.358 0.0000000000
57182  -29.642  3.268  44.681 0.0000000000
58107  -28.893  4.729  45.377 0.0000000000
59918  -32.485  6.135  50.987 0.0000000000
58984  -32.480  5.190  50.482 0.0000000000
59917  -31.995  6.800  50.788 0.0000000000
59916  -31.116  6.842  50.422 0.0000000000
61666  -29.672  9.045  51.318 0.0000000000
61680  -29.083  8.790  50.527 0.0000000000
60830  -28.721  7.708  49.485 0.0000000000
60847  -28.476  7.485  48.635 0.0000000000
60829  -28.068  8.020  49.157 0.0000000000
60846  -27.837  8.144  48.444 0.0000000000
61707  -27.553  8.979  48.142 0.0000000000
61714  -27.633  8.951  47.051 0.0000000000
62539  -27.833  9.808  48.183 0.0000000000
63543  -28.703  10.699  48.196 0.0000000000
63532  -32.221  10.574  49.271 0.0000000000
52112  -21.441  -1.212  45.922 0.0000000000
56037  -26.575  3.092  50.081 0.0000000000
56049  -25.882  3.013  49.594 0.0000000000
110675  -26.031  2.705  48.896 0.0000000000
56073  -25.520  2.859  47.521 0.0000000000
55058  -26.061  0.829  44.897 0.0000000000
55039  -25.419  1.327  45.331 0.0000000000
52084  -20.894  -1.737  50.127 0.0000000000
50293  -19.630  -3.965  48.623 0.0000000000
70645  -45.028  18.872  26.249 0.0000000000
126147  -45.663  19.189  26.067 0.0000000000
108306  -46.838  19.588  25.681 0.0000000000
71482  -47.791  19.770  25.734 0.0000000000
71492  -46.491  19.564  24.079 0.0000000000
71503  -47.148  19.701  23.300 0.0000000000
43589  -8.201  -9.096  57.981 0.0000000000
44617  -7.710  -8.673  59.047 0.0000000000
126295  -25.592  6.290  40.833 0.0000000000
60025  -25.566  6.420  40.112 0.0000000000
59144  -25.675  5.702  39.681 0.0000000000
63720  -30.631  10.309  31.999 0.0000000000
63703  -30.918  11.030  33.241 0.0000000000
62715  -34.123  8.564  36.069 0.0000000000
62730  -34.656  9.121  35.895 0.0000000000
113360  -37.592  12.118  36.127 0.0000000000
65395  -36.907  11.902  35.053 0.0000000000
64583  -35.924  11.773  35.063 0.0000000000
65413  -35.385  12.328  34.639 0.0000000000
65433  -36.781  12.925  33.905 0.0000000000
66263  -37.104  13.464  33.337 0.0000000000
67165  -38.813  14.645  34.108 0.0000000000
48020  -12.224  -5.147  56.951 0.0000000000
48004  -12.216  -5.364  57.969 0.0000000000
112202  -12.364  -5.370  58.793 0.0000000000
123766  -9.489  -7.363  57.193 0.0000000000
43564  -7.070  -9.168  60.961 0.0000000000
43554  -6.455  -9.994  62.243 0.0000000000
41510  -5.407  -12.108  62.592 0.0000000000
41502  -5.103  -12.322  63.771 0.0000000000
41495  -3.717  -12.754  65.177 0.0000000000
58901  -29.788  5.825  56.898 0.0000000000
58914  -30.977  5.905  56.484 0.0000000000
69737  -40.821  17.910  34.097 0.0000000000
68906  -40.986  16.680  33.058 0.0000000000
70581  -41.629  18.211  33.705 0.0000000000
69746  -42.938  17.981  32.757 0.0000000000
70597  -43.955  18.180  31.976 0.0000000000
70598  -44.627  18.419  31.595 0.0000000000
125074  -30.879  9.667  44.553 0.0000000000
63613  -30.014  9.918  44.005 0.0000000000
62610  -30.723  9.691  44.084 0.0000000000
62629  -31.264  9.619  43.422 0.0000000000
62648  -31.555  9.615  42.525 0.0000000000
62661  -31.818  9.591  41.694 0.0000000000
108140  -32.925  9.309  40.708 0.0000000000
49184  -18.452  -4.441  50.412 0.0000000000
45630  -8.430  -7.359  65.586 0.0000000000
44563  -7.835  -7.897  65.305 0.0000000000
53921  -30.366  0.145  44.529 0.0000000000
55042  -30.698  1.318  45.436 0.0000000000
57170  -31.089  3.055  45.760 0.0000000000
64487  -29.976  11.421  49.918 0.0000000000
52946  -21.279  -0.482  47.149 0.0000000000
52952  -21.387  -0.499  46.288 0.0000000000
53899  -21.555  0.191  45.880 0.0000000000
53887  -21.733  0.886  45.989 0.0000000000
121038  -21.792  0.534  45.106 0.0000000000
54970  -28.081  1.570  50.101 0.0000000000
56050  -27.446  1.867  49.399 0.0000000000
56063  -27.547  1.590  48.562 0.0000000000
122528  -27.583  0.994  46.976 0.0000000000
55041  -27.248  0.769  46.295 0.0000000000
53917  -26.568  0.436  44.562 0.0000000000
52900  -23.544  -0.362  53.531 0.0000000000
53808  -24.006  -0.060  53.361 0.0000000000
53817  -23.433  -0.337  52.348 0.0000000000
52917  -21.729  -0.681  51.191 0.0000000000
52929  -22.170  -0.069  50.980 0.0000000000
129241  -21.136  -0.725  50.149 0.0000000000
52085  -21.015  -1.069  49.685 0.0000000000
68963  -38.502  16.546  27.522 0.0000000000
124156  -47.261  19.161  28.174 0.0000000000
71459  -46.620  19.347  27.321 0.0000000000
111454  -48.118  19.163  28.156 0.0000000000
60927  -26.072  7.497  38.259 0.0000000000
60040  -25.725  6.591  38.444 0.0000000000
60041  -25.918  6.736  37.564 0.0000000000
63662  -37.217  9.849  37.069 0.0000000000
62718  -36.574  9.677  36.789 0.0000000000
63663  -37.629  10.417  37.058 0.0000000000
64564  -37.492  11.185  36.531 0.0000000000
110596  -37.728  11.818  36.812 0.0000000000
65381  -37.930  12.776  36.738 0.0000000000
111497  -38.160  13.486  35.955 0.0000000000
121149  -38.331  14.330  36.240 0.0000000000
128265  -14.677  -4.479  54.807 0.0000000000
49080  -12.683  -4.568  56.021 0.0000000000
48019  -11.304  -5.204  56.626 0.0000000000
127321  -10.798  -5.461  56.464 0.0000000000
48018  -10.398  -6.022  56.420 0.0000000000
40482  -4.250  -14.095  62.178 0.0000000000
54993  -31.372  1.443  48.502 0.0000000000
56064  -32.113  1.991  48.635 0.0000000000
58044  -32.790  4.326  50.961 0.0000000000
58034  -32.940  4.529  51.934 0.0000000000
58971  -32.900  5.287  51.355 0.0000000000
59903  -32.697  6.138  51.805 0.0000000000
113673  -31.070  8.513  56.571 0.0000000000
56006  -24.798  3.636  52.028 0.0000000000
56023  -25.468  3.664  51.185 0.0000000000
57104  -26.309  4.194  51.328 0.0000000000
110269  -26.989  4.014  52.834 0.0000000000
57105  -27.235  3.956  51.147 0.0000000000
57106  -27.919  3.089  51.237 0.0000000000
57980  -29.604  4.110  56.749 0.0000000000
57026  -30.104  3.442  56.574 0.0000000000
57060  -29.603  2.958  54.960 0.0000000000
55960  -30.499  2.661  55.276 0.0000000000
57072  -29.244  3.008  54.082 0.0000000000
55986  -29.424  2.778  53.330 0.0000000000
107487  -28.969  2.009  52.140 0.0000000000
56024  -28.442  1.931  51.494 0.0000000000
54956  -28.674  1.459  50.759 0.0000000000
54957  -29.757  1.338  50.474 0.0000000000
112787  -30.789  2.066  51.356 0.0000000000
54958  -30.727  1.580  50.575 0.0000000000
54972  -29.950  1.184  49.601 0.0000000000
54992  -30.733  1.213  49.102 0.0000000000
54974  -31.467  1.521  49.269 0.0000000000
57992  -25.775  4.546  56.004 0.0000000000
130254  -24.975  3.730  53.639 0.0000000000
67195  -34.369  14.972  31.686 0.0000000000
67208  -33.862  14.736  30.925 0.0000000000
67196  -35.234  15.320  31.770 0.0000000000
68075  -35.307  15.752  31.168 0.0000000000
114854  -37.906  15.734  31.481 0.0000000000
68923  -36.457  16.321  30.696 0.0000000000
68071  -41.011  16.136  31.867 0.0000000000
109098  -40.240  16.397  30.885 0.0000000000
68939  -41.528  16.906  30.960 0.0000000000
69772  -38.752  17.123  29.069 0.0000000000
68956  -38.592  16.897  28.368 0.0000000000
68957  -39.076  16.968  27.837 0.0000000000
69788  -39.719  17.291  27.704 0.0000000000
69795  -40.034  17.179  26.960 0.0000000000
69785  -40.895  17.958  28.212 0.0000000000
69789  -40.503  17.643  27.600 0.0000000000
69796  -40.832  17.449  26.867 0.0000000000
69804  -41.763  17.279  25.833 0.0000000000
69805  -42.422  17.513  25.500 0.0000000000
69798  -42.195  17.834  26.188 0.0000000000
70635  -44.068  18.696  27.494 0.0000000000
70629  -45.388  18.950  28.087 0.0000000000
70605  -45.243  18.569  30.825 0.0000000000
128566  -45.810  18.678  30.593 0.0000000000
109657  -46.851  19.052  28.944 0.0000000000
129097  -47.576  19.199  28.657 0.0000000000
59987  -26.306  6.522  44.642 0.0000000000
59996  -26.174  6.171  43.759 0.0000000000
59986  -25.941  6.823  44.005 0.0000000000
60888  -25.683  7.387  42.844 0.0000000000
60895  -25.707  7.407  42.015 0.0000000000
62644  -26.405  9.372  43.145 0.0000000000
120535  -25.957  8.722  42.835 0.0000000000
61761  -25.809  8.124  41.681 0.0000000000
61768  -25.929  8.155  41.033 0.0000000000
60915  -25.795  7.820  40.454 0.0000000000
60923  -26.059  8.130  39.698 0.0000000000
63612  -29.714  10.184  43.331 0.0000000000
63627  -28.590  10.344  42.269 0.0000000000
63640  -28.519  10.250  41.388 0.0000000000
62658  -27.868  9.994  41.035 0.0000000000
62666  -27.371  9.517  40.629 0.0000000000
61771  -26.660  8.766  39.689 0.0000000000
61776  -26.491  8.343  38.844 0.0000000000
61783  -26.792  8.158  37.846 0.0000000000
61784  -27.653  8.525  37.552 0.0000000000
61795  -27.969  8.168  36.898 0.0000000000
61796  -28.712  7.986  36.568 0.0000000000
110788  -29.429  7.684  36.259 0.0000000000
60940  -30.377  7.620  36.081 0.0000000000
61798  -30.706  8.449  36.470 0.0000000000
61789  -32.150  8.585  36.762 0.0000000000
62706  -32.670  8.981  37.461 0.0000000000
113077  -34.450  9.187  37.061 0.0000000000
108139  -33.870  9.156  40.323 0.0000000000
62695  -34.512  9.118  38.846 0.0000000000
62683  -36.059  8.624  39.460 0.0000000000
62682  -35.182  8.859  39.484 0.0000000000
108954  -35.824  9.332  37.943 0.0000000000
62710  -37.627  9.941  37.697 0.0000000000
49167  -18.314  -4.221  51.237 0.0000000000
48105  -17.010  -5.211  51.246 0.0000000000
49151  -17.366  -4.340  52.294 0.0000000000
49139  -17.397  -4.328  53.201 0.0000000000
49138  -16.571  -4.364  53.544 0.0000000000
108211  -14.726  -5.538  51.665 0.0000000000
48088  -14.395  -5.393  52.295 0.0000000000
73040  -49.355  21.509  20.605 0.0000000000
57197  -28.608  3.476  43.364 0.0000000000
58147  -28.102  3.976  43.597 0.0000000000
55010  -31.904  2.044  47.723 0.0000000000
56065  -32.399  2.855  48.063 0.0000000000
57148  -32.381  3.683  47.657 0.0000000000
58069  -32.137  4.642  49.088 0.0000000000
58081  -32.295  4.341  48.271 0.0000000000
57157  -31.990  3.762  46.977 0.0000000000
58099  -31.328  4.226  46.668 0.0000000000
59055  -30.659  4.961  46.884 0.0000000000
60832  -30.271  7.023  50.080 0.0000000000
59945  -30.444  6.237  48.913 0.0000000000
59073  -27.480  6.152  45.598 0.0000000000
59093  -26.934  5.930  45.004 0.0000000000
114029  -26.366  7.189  45.142 0.0000000000
60870  -26.400  7.901  45.215 0.0000000000
61726  -26.711  8.646  45.253 0.0000000000
62570  -27.709  9.067  46.099 0.0000000000
62589  -28.163  9.627  45.667 0.0000000000
63583  -28.828  10.123  45.237 0.0000000000
63584  -29.700  10.143  45.386 0.0000000000
64501  -29.740  11.345  49.122 0.0000000000
63556  -30.020  11.080  47.738 0.0000000000
109055  -32.145  10.394  48.276 0.0000000000
63557  -31.401  10.578  47.731 0.0000000000
114536  -30.675  10.715  47.269 0.0000000000
63571  -30.626  10.483  46.419 0.0000000000
63585  -30.496  10.134  45.599 0.0000000000
63599  -31.044  9.738  45.048 0.0000000000
107885  -23.866  2.477  49.072 0.0000000000
56060  -24.486  2.922  48.496 0.0000000000
56059  -23.599  2.781  48.163 0.0000000000
56087  -22.891  2.238  46.888 0.0000000000
118083  -22.295  1.451  45.308 0.0000000000
53914  -22.468  1.174  44.376 0.0000000000
56090  -24.826  2.292  46.309 0.0000000000
56112  -24.890  1.728  45.740 0.0000000000
56111  -24.148  2.047  45.729 0.0000000000
55037  -23.523  1.720  44.933 0.0000000000
55054  -22.781  1.600  44.680 0.0000000000
51175  -20.473  -2.662  53.544 0.0000000000
126746  -20.064  -2.839  52.039 0.0000000000
52908  -23.013  -0.682  53.088 0.0000000000
52065  -21.824  -1.290  52.374 0.0000000000
52077  -21.008  -1.654  50.987 0.0000000000
128077  -19.789  -3.347  50.787 0.0000000000
49185  -19.050  -4.078  49.868 0.0000000000
49212  -19.320  -4.458  48.186 0.0000000000
69814  -43.452  17.724  24.783 0.0000000000
69815  -44.161  17.681  24.276 0.0000000000
70673  -44.792  18.037  23.688 0.0000000000
69819  -45.363  17.582  23.148 0.0000000000
69824  -45.862  17.374  22.589 0.0000000000
69825  -46.243  17.569  22.095 0.0000000000
70689  -47.244  18.378  21.130 0.0000000000
71514  -47.641  19.179  21.047 0.0000000000
71512  -47.800  19.848  21.835 0.0000000000
73034  -49.457  21.703  22.570 0.0000000000
46775  -9.169  -6.592  60.844 0.0000000000
46758  -9.057  -6.878  61.667 0.0000000000
45661  -8.333  -7.125  60.902 0.0000000000
125925  -7.737  -7.727  60.536 0.0000000000
120858  -7.262  -8.686  59.789 0.0000000000
43573  -7.037  -9.054  60.209 0.0000000000
59110  -26.342  5.163  42.488 0.0000000000
59154  -25.787  5.804  37.884 0.0000000000
66274  -33.072  13.911  32.334 0.0000000000
60951  -31.826  8.172  35.544 0.0000000000
122959  -32.688  8.142  35.754 0.0000000000
63671  -36.185  9.777  36.194 0.0000000000
63682  -35.012  10.033  35.654 0.0000000000
64571  -35.485  11.045  35.630 0.0000000000
63692  -32.167  10.459  34.946 0.0000000000
64597  -32.139  11.569  34.536 0.0000000000
65429  -32.169  12.401  33.982 0.0000000000
65430  -32.850  12.922  33.764 0.0000000000
110528  -33.871  12.767  34.333 0.0000000000
111496  -33.872  14.201  32.832 0.0000000000
66275  -34.663  14.621  32.564 0.0000000000
67183  -36.864  14.478  32.432 0.0000000000
66278  -37.919  13.658  33.152 0.0000000000
66279  -38.517  13.925  33.008 0.0000000000
67185  -38.806  14.433  32.691 0.0000000000
68905  -40.301  16.271  33.395 0.0000000000
67153  -38.456  14.985  35.355 0.0000000000
47947  -10.829  -5.335  61.031 0.0000000000
129948  -9.639  -6.271  60.820 0.0000000000
44610  -8.613  -7.303  59.299 0.0000000000
45687  -8.490  -7.991  58.567 0.0000000000
45710  -9.713  -7.798  56.492 0.0000000000
122109  -8.899  -7.125  62.206 0.0000000000
45649  -8.455  -7.588  62.588 0.0000000000
45643  -8.343  -7.346  63.341 0.0000000000
129288  -7.523  -8.863  62.362 0.0000000000
44592  -8.084  -8.222  63.045 0.0000000000
44583  -7.882  -7.838  63.878 0.0000000000
44562  -7.323  -8.361  65.559 0.0000000000
42501  -6.129  -10.455  62.974 0.0000000000
121135  -6.773  -9.954  63.924 0.0000000000
43521  -6.785  -8.883  64.996 0.0000000000
43511  -6.862  -9.001  65.954 0.0000000000
44551  -6.534  -8.742  66.785 0.0000000000
43502  -5.849  -9.211  67.170 0.0000000000
43501  -5.231  -9.858  67.794 0.0000000000
116477  -5.024  -10.569  66.294 0.0000000000
114915  -4.522  -10.165  67.180 0.0000000000
42457  -4.570  -10.103  68.056 0.0000000000
42450  -3.814  -10.007  68.188 0.0000000000
39486  -3.676  -14.114  62.464 0.0000000000
40467  -3.186  -13.348  64.798 0.0000000000
41494  -3.131  -12.423  65.305 0.0000000000
41485  -4.348  -11.228  65.989 0.0000000000
42451  -4.181  -9.994  68.291 0.0000000000
42456  -3.966  -10.223  67.966 0.0000000000
43493  -3.840  -9.668  68.366 0.0000000000
43495  -4.907  -9.706  68.254 0.0000000000
43510  -6.226  -9.462  66.282 0.0000000000
44535  -5.128  -8.814  68.636 0.0000000000
45623  -7.496  -7.863  66.890 0.0000000000
45637  -9.073  -6.841  65.444 0.0000000000
52066  -22.598  -0.866  52.316 0.0000000000
52928  -21.400  -0.363  50.552 0.0000000000
53828  -23.742  0.258  52.119 0.0000000000
53876  -21.667  0.212  47.565 0.0000000000
54973  -30.743  1.285  49.828 0.0000000000
55954  -31.263  3.089  55.892 0.0000000000
55963  -32.225  2.936  54.973 0.0000000000
55974  -31.206  2.511  54.911 0.0000000000
56007  -28.900  2.745  52.656 0.0000000000
56008  -30.104  2.525  53.153 0.0000000000
56010  -31.640  2.510  52.726 0.0000000000
56026  -30.934  2.436  52.093 0.0000000000
56061  -25.404  2.947  48.292 0.0000000000
56089  -24.081  2.676  46.403 0.0000000000
56109  -22.849  2.063  46.004 0.0000000000
57029  -32.189  3.541  55.474 0.0000000000
57044  -30.669  3.055  56.119 0.0000000000
57061  -32.833  2.981  54.271 0.0000000000
57108  -32.860  3.903  51.826 0.0000000000
57131  -32.338  3.504  49.373 0.0000000000
57971  -29.659  4.844  56.798 0.0000000000
57979  -28.819  4.564  56.300 0.0000000000
57996  -32.399  3.830  55.375 0.0000000000
58088  -31.157  4.768  47.257 0.0000000000
58202  -25.941  4.927  40.125 0.0000000000
58983  -31.751  6.102  50.235 0.0000000000
59000  -31.187  5.840  49.171 0.0000000000
59002  -32.217  4.583  49.830 0.0000000000
59103  -26.016  5.951  42.940 0.0000000000
59977  -26.825  6.663  45.378 0.0000000000
60055  -26.794  6.669  36.123 0.0000000000
60785  -32.402  6.959  52.261 0.0000000000
60879  -25.751  7.417  43.649 0.0000000000
60906  -25.693  7.550  41.216 0.0000000000
60926  -25.745  7.141  38.949 0.0000000000
61752  -25.721  8.097  42.446 0.0000000000
62517  -28.732  9.251  50.213 0.0000000000
62530  -28.383  9.541  49.481 0.0000000000
62588  -27.333  9.302  45.234 0.0000000000
62626  -26.519  9.308  44.010 0.0000000000
62657  -27.202  9.694  41.461 0.0000000000
62674  -26.873  9.080  40.308 0.0000000000
62703  -29.782  9.150  37.850 0.0000000000
62759  -30.454  9.731  32.261 0.0000000000
63570  -29.939  10.814  46.918 0.0000000000
63628  -29.459  10.303  42.580 0.0000000000
63658  -38.034  10.311  38.117 0.0000000000
63739  -31.110  10.633  31.678 0.0000000000
64573  -37.131  11.718  35.858 0.0000000000
64612  -31.093  11.463  32.664 0.0000000000
67146  -38.600  14.319  37.103 0.0000000000
67181  -33.759  14.522  31.985 0.0000000000
67184  -37.914  14.266  32.562 0.0000000000
68077  -36.859  15.928  31.424 0.0000000000
68898  -39.787  16.757  34.188 0.0000000000
68926  -39.550  15.970  31.323 0.0000000000
68927  -40.981  16.397  31.286 0.0000000000
69744  -41.365  17.359  33.398 0.0000000000
69758  -42.793  17.258  31.860 0.0000000000
70582  -42.470  18.442  33.407 0.0000000000
70591  -44.425  18.570  32.349 0.0000000000
70606  -46.219  18.815  30.291 0.0000000000
71438  -46.831  19.024  29.810 0.0000000000
107807  -27.772  8.280  47.505 0.0000000000
110456  -32.259  3.005  50.679 0.0000000000
110771  -30.787  10.339  33.658 0.0000000000
111778  -31.545  2.467  53.503 0.0000000000
114839  -32.873  4.480  53.958 0.0000000000
119259  -32.935  4.548  52.689 0.0000000000
119795  -27.589  5.580  45.206 0.0000000000
119865  -21.308  -0.313  48.960 0.0000000000
120934  -23.803  0.978  54.966 0.0000000000
124110  -42.922  18.249  29.230 0.0000000000
124700  -30.693  10.920  47.997 0.0000000000
125581  -29.955  6.096  47.394 0.0000000000
126040  -27.867  3.812  53.790 0.0000000000
126804  -29.695  8.391  50.683 0.0000000000
126975  -34.826  12.753  34.383 0.0000000000
127330  -22.627  1.594  47.997 0.0000000000
127751  -34.345  15.078  30.582 0.0000000000
128575  -32.661  5.111  53.768 0.0000000000
129059  -28.187  10.259  48.176 0.0000000000
129666  -34.432  9.077  39.657 0.0000000000
129685  -28.479  10.072  40.704 0.0000000000
130119  -40.278  15.746  32.643 0.0000000000
130170  -24.364  3.086  47.283 0.0000000000
