#!ascii label  , from subject sub-v2s15x29734_ses-1 vox2ras=TkReg
706
18425  -48.782  -41.797  -11.903 0.5000000000
17094  -47.181  -43.072  -12.094 0.8000000119
17786  -45.315  -42.324  -12.545 0.8000000119
118030  -46.181  -42.327  -12.568 0.8000000119
17100  -47.138  -42.403  -12.427 0.8000000119
17784  -49.425  -42.292  -11.277 0.5000000000
17787  -47.714  -42.697  -12.099 0.5000000000
18432  -47.666  -41.565  -12.511 0.6000000238
112478  -44.374  -41.000  -12.282 0.6999999881
18429  -44.924  -41.406  -12.524 0.6999999881
18431  -46.678  -41.599  -12.603 0.8000000119
19029  -47.062  -40.754  -12.648 0.6999999881
18418  -50.563  -41.807  -10.820 0.6000000238
18426  -49.988  -41.417  -11.527 0.5000000000
18433  -49.419  -40.905  -12.062 0.6000000238
18417  -43.237  -40.948  -11.048 0.6999999881
127235  -48.188  -41.743  -12.307 0.6000000238
19031  -49.075  -40.272  -12.463 0.6000000238
19023  -43.654  -40.163  -11.495 0.6999999881
108688  -43.798  -41.223  -11.842 0.6999999881
19028  -45.539  -40.654  -12.621 0.6999999881
19030  -48.050  -40.601  -12.599 0.6000000238
107695  -48.566  -39.765  -12.648 0.6000000238
127512  -46.250  -40.909  -12.650 0.8000000119
19709  -47.549  -39.755  -12.733 0.6999999881
18427  -51.318  -40.762  -11.153 0.4000000060
19032  -50.476  -40.476  -11.792 0.6000000238
120591  -43.134  -39.357  -10.819 0.6999999881
130200  -49.203  -39.636  -12.553 0.6000000238
119194  -43.841  -39.157  -11.703 0.6999999881
19026  -44.163  -40.477  -12.120 0.6999999881
19027  -44.758  -40.370  -12.483 0.6999999881
19707  -45.367  -39.769  -12.654 0.6999999881
107878  -46.318  -39.966  -12.720 0.6000000238
19711  -47.845  -38.978  -13.013 0.6999999881
123275  -47.814  -37.680  -13.697 0.5000000000
111106  -45.132  -39.128  -12.670 0.6000000238
20323  -45.903  -38.922  -12.865 0.6000000238
20327  -46.699  -38.101  -13.324 0.6000000238
20940  -46.803  -37.245  -13.744 0.5000000000
19704  -51.396  -39.584  -11.248 0.4000000060
19024  -51.347  -39.962  -11.495 0.5000000000
19692  -42.362  -39.079  -10.303 0.6999999881
19033  -50.752  -39.724  -11.969 0.6000000238
20325  -50.265  -38.573  -12.422 0.6000000238
20324  -49.305  -39.015  -12.641 0.6000000238
19702  -44.525  -38.895  -12.381 0.6999999881
109334  -49.154  -37.918  -13.414 0.5000000000
20941  -49.132  -37.197  -13.737 0.6000000238
20322  -45.210  -38.381  -12.711 0.6999999881
20326  -45.858  -38.067  -12.992 0.6000000238
123578  -47.773  -36.382  -14.074 0.5000000000
21570  -48.818  -36.583  -14.064 0.5000000000
20939  -46.036  -37.409  -13.339 0.5000000000
19690  -39.714  -39.607  -10.939 0.6000000238
20304  -40.734  -38.523  -10.499 0.6000000238
19696  -52.061  -39.450  -10.502 0.5000000000
20311  -50.326  -39.012  -11.662 0.5000000000
20305  -41.506  -38.331  -10.224 0.6999999881
113921  -41.151  -39.787  -10.295 0.6999999881
19703  -50.745  -39.297  -11.786 0.5000000000
20320  -50.187  -38.817  -12.259 0.5000000000
20934  -50.237  -37.613  -12.621 0.4000000060
20307  -42.790  -38.392  -10.622 0.6999999881
20935  -50.211  -37.800  -12.709 0.5000000000
20316  -43.484  -38.419  -11.256 0.6999999881
20317  -44.036  -38.376  -11.916 0.6999999881
20938  -50.648  -37.048  -13.040 0.5000000000
20936  -44.553  -37.765  -12.375 0.6999999881
20937  -45.353  -37.516  -12.862 0.6000000238
21571  -50.285  -36.531  -13.803 0.5000000000
22256  -50.728  -35.877  -14.081 0.5000000000
21567  -45.376  -36.010  -13.314 0.5000000000
21568  -46.121  -36.627  -13.592 0.5000000000
22250  -46.273  -35.681  -13.872 0.5000000000
22254  -48.324  -35.301  -14.385 0.5000000000
22251  -47.379  -35.824  -14.148 0.5000000000
114579  -48.907  -33.820  -14.623 0.3000000119
20318  -48.698  -38.402  -11.327 0.3000000119
112834  -39.046  -38.958  -11.394 0.6000000238
20315  -40.125  -37.961  -10.918 0.6000000238
20310  -49.185  -39.000  -11.116 0.4000000060
20933  -49.023  -37.629  -11.865 0.4000000060
20921  -41.811  -37.582  -10.165 0.6000000238
20923  -43.145  -37.614  -10.979 0.6999999881
21566  -50.749  -36.145  -13.465 0.5000000000
21557  -44.109  -36.852  -12.054 0.5000000000
22252  -50.997  -35.639  -13.737 0.5000000000
21563  -44.848  -36.679  -12.744 0.5000000000
22940  -50.821  -34.945  -14.115 0.4000000060
22255  -49.855  -35.573  -14.323 0.3000000119
109815  -50.253  -33.815  -14.357 0.4000000060
22253  -46.996  -35.047  -14.352 0.5000000000
22938  -47.953  -34.484  -14.489 0.4000000060
20314  -39.273  -38.129  -11.387 0.6000000238
20929  -39.534  -37.369  -11.395 0.6000000238
20930  -40.288  -37.295  -10.878 0.6000000238
21544  -40.780  -36.773  -10.556 0.6000000238
113699  -41.442  -36.961  -10.246 0.6000000238
21560  -49.119  -36.249  -12.501 0.3000000119
21565  -50.662  -36.369  -13.106 0.4000000060
20922  -42.449  -37.558  -10.417 0.6000000238
22246  -49.883  -35.691  -12.965 0.3000000119
21547  -42.805  -36.677  -10.770 0.6000000238
20931  -43.805  -37.664  -11.667 0.6999999881
118175  -49.998  -34.237  -13.299 0.3000000119
22247  -50.968  -35.859  -13.612 0.3000000119
113604  -43.497  -36.975  -11.378 0.6000000238
23614  -50.389  -33.326  -13.394 0.3000000119
22934  -50.668  -34.211  -14.023 0.3000000119
22243  -43.811  -35.207  -12.089 0.5000000000
21562  -44.272  -35.972  -12.357 0.5000000000
116167  -44.739  -35.839  -12.910 0.5000000000
24340  -50.899  -32.313  -14.083 0.3000000119
22935  -50.653  -33.517  -14.077 0.3000000119
22248  -44.830  -35.347  -13.268 0.5000000000
22249  -45.365  -35.089  -13.676 0.5000000000
23622  -49.661  -32.953  -14.647 0.3000000119
22927  -44.645  -34.518  -13.303 0.5000000000
126305  -47.754  -33.758  -14.588 0.4000000060
23621  -48.418  -33.066  -14.792 0.3000000119
21553  -39.034  -36.666  -11.806 0.5000000000
22234  -39.625  -35.944  -11.716 0.6000000238
21554  -39.974  -36.700  -11.312 0.5000000000
21546  -42.203  -35.930  -10.407 0.6000000238
22228  -41.748  -35.178  -10.348 0.5000000000
24335  -50.251  -31.863  -13.551 0.3000000119
21555  -42.775  -35.803  -10.932 0.6000000238
25019  -50.491  -31.142  -14.246 0.3000000119
110129  -50.894  -31.897  -13.970 0.3000000119
21556  -43.522  -36.087  -11.518 0.6000000238
22244  -44.340  -35.229  -12.831 0.5000000000
23615  -44.880  -33.543  -13.549 0.5000000000
22937  -46.741  -34.100  -14.425 0.4000000060
23619  -46.196  -33.336  -14.423 0.4000000060
22916  -39.455  -35.131  -12.161 0.5000000000
22226  -40.257  -35.234  -11.402 0.5000000000
22910  -40.729  -34.609  -10.875 0.5000000000
22227  -40.963  -35.230  -10.562 0.5000000000
22911  -41.313  -34.482  -10.550 0.5000000000
117693  -47.693  -31.696  -12.743 0.3000000119
25012  -49.182  -31.173  -13.563 0.3000000119
22235  -42.413  -35.108  -10.613 0.6000000238
22236  -43.096  -35.165  -11.338 0.6000000238
24337  -47.884  -32.563  -14.808 0.4000000060
25021  -46.510  -31.691  -14.587 0.4000000060
22917  -40.183  -34.347  -11.813 0.5000000000
23600  -40.509  -33.338  -11.475 0.5000000000
23592  -40.909  -33.889  -10.874 0.5000000000
124283  -47.034  -31.289  -12.512 0.4000000060
25703  -47.112  -30.468  -12.642 0.4000000060
22912  -42.066  -34.375  -10.509 0.5000000000
23594  -42.285  -33.605  -10.877 0.5000000000
110983  -47.921  -30.809  -13.363 0.4000000060
25018  -49.612  -30.218  -14.234 0.3000000119
23602  -42.948  -33.607  -11.639 0.5000000000
22919  -43.419  -34.394  -11.805 0.4000000060
22926  -43.969  -34.450  -12.643 0.4000000060
24334  -45.777  -32.573  -14.359 0.4000000060
22925  -39.841  -33.639  -12.242 0.5000000000
124078  -40.787  -32.597  -11.371 0.5000000000
25696  -46.425  -30.088  -11.761 0.4000000060
23593  -41.643  -33.706  -10.686 0.5000000000
23601  -41.210  -33.081  -10.943 0.4000000060
26432  -47.357  -29.338  -12.609 0.4000000060
25704  -48.306  -29.708  -13.597 0.4000000060
24311  -41.888  -32.913  -10.891 0.4000000060
24318  -42.498  -32.816  -11.401 0.4000000060
26443  -48.356  -29.153  -14.185 0.4000000060
24319  -43.160  -32.882  -12.131 0.4000000060
24325  -43.906  -32.936  -12.656 0.4000000060
113563  -44.255  -32.103  -12.760 0.4000000060
119525  -44.785  -31.985  -13.601 0.4000000060
25017  -45.412  -31.615  -14.307 0.4000000060
111748  -46.311  -30.587  -14.840 0.4000000060
24324  -39.199  -32.639  -12.659 0.5000000000
129284  -40.147  -31.981  -12.211 0.4000000060
26426  -46.734  -29.213  -11.577 0.4000000060
109629  -47.174  -28.532  -11.352 0.4000000060
24316  -40.718  -31.861  -11.647 0.5000000000
25002  -41.411  -31.488  -11.495 0.4000000060
27137  -47.656  -28.498  -13.093 0.4000000060
25003  -42.788  -31.785  -11.731 0.4000000060
124761  -43.570  -32.269  -12.331 0.4000000060
25714  -47.343  -29.581  -15.469 0.3000000119
24333  -45.078  -32.665  -13.947 0.4000000060
25016  -39.691  -31.150  -12.864 0.4000000060
25008  -40.318  -31.440  -12.302 0.5000000000
25009  -41.024  -31.107  -11.852 0.4000000060
26427  -47.551  -28.471  -12.449 0.4000000060
25699  -41.382  -30.473  -12.266 0.4000000060
25693  -41.775  -30.874  -11.622 0.4000000060
126330  -42.007  -31.498  -11.359 0.4000000060
113113  -43.090  -30.727  -11.966 0.4000000060
25011  -44.446  -31.226  -13.048 0.4000000060
25713  -46.116  -29.312  -15.206 0.4000000060
25711  -45.393  -30.314  -14.459 0.4000000060
108241  -39.726  -30.293  -13.264 0.4000000060
25708  -40.777  -30.094  -13.096 0.4000000060
26429  -41.705  -29.841  -12.864 0.4000000060
25694  -42.451  -30.859  -11.670 0.4000000060
26446  -46.802  -28.485  -15.537 0.4000000060
25701  -43.077  -29.999  -12.265 0.4000000060
25709  -43.734  -29.514  -13.120 0.4000000060
25710  -44.555  -30.072  -13.655 0.4000000060
26437  -40.234  -29.596  -13.510 0.4000000060
26438  -41.015  -29.386  -13.567 0.4000000060
26439  -41.935  -29.066  -13.353 0.4000000060
25700  -42.332  -30.245  -11.985 0.4000000060
26430  -42.573  -29.572  -12.754 0.4000000060
26431  -43.149  -29.296  -12.992 0.4000000060
26441  -44.556  -28.735  -13.861 0.4000000060
26442  -45.309  -28.973  -14.686 0.4000000060
27141  -40.335  -28.774  -13.889 0.4000000060
27907  -40.579  -27.086  -14.648 0.4000000060
27142  -41.219  -28.627  -14.014 0.4000000060
27143  -42.809  -28.525  -13.362 0.4000000060
27149  -46.278  -27.860  -15.089 0.4000000060
26445  -46.080  -28.158  -15.280 0.3000000119
26440  -43.694  -28.474  -13.475 0.4000000060
26444  -45.424  -28.071  -14.653 0.4000000060
27148  -40.790  -27.966  -14.418 0.4000000060
122439  -41.184  -27.316  -14.635 0.4000000060
27144  -44.498  -27.833  -13.863 0.5000000000
28701  -40.160  -26.378  -14.539 0.4000000060
28702  -40.750  -26.235  -15.088 0.4000000060
111874  -43.549  -27.602  -13.631 0.4000000060
29596  -40.355  -25.675  -14.990 0.4000000060
30485  -40.596  -25.045  -15.411 0.4000000060
29599  -40.942  -25.642  -15.474 0.4000000060
27902  -43.381  -26.996  -13.609 0.5000000000
31425  -40.660  -23.594  -15.901 0.4000000060
31417  -40.265  -24.174  -15.202 0.4000000060
114795  -40.860  -24.499  -15.827 0.4000000060
31426  -41.611  -24.417  -16.542 0.5000000000
22932  -45.387  -34.193  -13.812 0.5000000000
23616  -45.497  -33.380  -14.091 0.5000000000
24336  -46.782  -32.567  -14.557 0.4000000060
17783  -48.432  -42.669  -11.689 0.5000000000
17098  -45.704  -42.948  -12.495 0.8000000119
17785  -44.505  -42.389  -12.409 0.8000000119
17782  -43.623  -42.473  -12.158 0.6999999881
17776  -50.960  -41.830  -10.035 0.5000000000
18424  -43.009  -41.870  -11.330 0.6999999881
18408  -52.205  -40.840  -9.540 0.5000000000
18416  -42.477  -41.117  -10.583 0.6999999881
19705  -52.312  -39.584  -10.444 0.4000000060
18419  -51.564  -41.237  -10.409 0.4000000060
119426  -42.415  -40.003  -10.359 0.6999999881
19691  -40.546  -39.358  -10.538 0.6999999881
19687  -52.361  -39.383  -9.523 0.4000000060
19694  -49.983  -39.381  -10.581 0.4000000060
19700  -38.870  -39.831  -11.325 0.6000000238
20928  -38.640  -37.421  -11.635 0.6000000238
21552  -38.057  -36.580  -11.764 0.5000000000
22233  -38.623  -35.763  -12.125 0.5000000000
22924  -39.175  -34.276  -12.521 0.5000000000
23608  -39.181  -33.343  -12.614 0.4000000060
25015  -39.048  -31.576  -12.918 0.4000000060
119743  -38.869  -30.916  -13.088 0.4000000060
109523  -39.364  -29.307  -13.411 0.4000000060
27140  -39.505  -28.433  -13.610 0.4000000060
27899  -40.120  -27.897  -14.159 0.4000000060
30484  -40.063  -24.803  -14.490 0.4000000060
31424  -40.016  -23.193  -14.913 0.4000000060
17099  -46.421  -43.023  -12.394 0.8000000119
18430  -45.796  -41.529  -12.617 0.8000000119
18428  -44.251  -41.687  -12.260 0.6999999881
19706  -44.792  -39.590  -12.523 0.6999999881
121103  -49.970  -40.155  -12.225 0.6000000238
19712  -48.402  -39.190  -12.823 0.6999999881
19708  -46.963  -38.998  -12.945 0.6999999881
20330  -49.976  -38.112  -12.907 0.6000000238
20328  -47.828  -38.415  -13.375 0.6000000238
20306  -42.165  -38.303  -10.209 0.6999999881
20942  -50.483  -37.237  -13.251 0.5000000000
20920  -40.970  -37.620  -10.393 0.6000000238
20319  -49.958  -38.299  -12.101 0.5000000000
21561  -50.042  -37.039  -12.576 0.3000000119
22933  -46.037  -34.698  -14.164 0.5000000000
21545  -41.402  -36.109  -10.360 0.6000000238
22936  -45.893  -33.961  -14.279 0.5000000000
23610  -44.199  -33.677  -13.015 0.4000000060
25022  -47.637  -30.808  -15.091 0.4000000060
123659  -44.919  -31.113  -13.903 0.4000000060
25010  -43.658  -31.430  -12.413 0.4000000060
30489  -41.309  -25.035  -15.836 0.4000000060
127871  -41.293  -54.915  -10.551 0.4000000060
10689  -42.704  -53.511  -11.040 0.4000000060
10690  -43.480  -52.755  -10.850 0.4000000060
113692  -44.006  -52.252  -10.772 0.4000000060
10680  -42.991  -52.993  -9.997 0.4000000060
11327  -43.459  -52.280  -9.829 0.4000000060
11328  -44.264  -51.798  -10.265 0.4000000060
12000  -43.789  -51.568  -9.341 0.4000000060
12696  -46.183  -50.546  -9.686 0.5000000000
10668  -42.736  -52.645  -9.192 0.4000000060
11991  -44.174  -51.005  -9.016 0.5000000000
12687  -45.034  -50.628  -9.164 0.5000000000
13308  -45.380  -49.338  -8.399 0.6000000238
11317  -42.365  -52.240  -8.460 0.4000000060
11318  -43.006  -51.833  -8.928 0.4000000060
11990  -43.443  -51.120  -8.622 0.4000000060
12688  -45.673  -50.028  -8.905 0.5000000000
18409  -52.891  -39.952  -9.519 0.3000000119
19012  -52.890  -39.587  -9.195 0.4000000060
19685  -49.192  -39.689  -9.493 0.3000000119
123807  -46.115  -49.564  -8.753 0.5000000000
17074  -49.326  -43.388  -9.766 0.5000000000
17763  -51.121  -41.660  -9.214 0.4000000060
127856  -42.186  -49.860  -7.518 0.4000000060
12686  -44.098  -50.380  -8.477 0.5000000000
112817  -44.911  -49.990  -8.590 0.5000000000
11976  -41.941  -51.123  -7.604 0.4000000060
11989  -42.589  -51.335  -8.122 0.4000000060
13309  -46.200  -48.991  -8.501 0.6000000238
126153  -46.877  -48.837  -8.606 0.6000000238
113011  -47.225  -46.615  -8.668 0.6999999881
13920  -47.264  -48.249  -8.576 0.6999999881
15081  -48.327  -46.594  -8.822 0.6999999881
16368  -49.244  -44.130  -9.536 0.6999999881
14473  -47.732  -47.436  -8.622 0.6999999881
15706  -47.883  -45.754  -9.016 0.6999999881
13307  -44.441  -49.535  -8.187 0.5000000000
13918  -45.573  -48.382  -8.277 0.6000000238
14471  -45.855  -47.500  -8.369 0.6000000238
116604  -42.733  -49.893  -7.683 0.4000000060
13299  -43.043  -49.199  -7.709 0.5000000000
13917  -44.705  -48.680  -8.050 0.6000000238
15080  -46.247  -46.675  -8.540 0.6000000238
15705  -46.700  -45.891  -8.767 0.6000000238
19693  -48.708  -39.382  -10.226 0.3000000119
14472  -46.760  -47.444  -8.544 0.6000000238
17085  -49.049  -43.244  -10.518 0.6000000238
17086  -49.758  -42.614  -10.429 0.5000000000
14462  -42.222  -47.772  -7.739 0.6000000238
14468  -42.842  -47.198  -8.017 0.6000000238
15077  -43.350  -46.638  -8.424 0.6999999881
15078  -44.320  -46.654  -8.338 0.6000000238
14470  -44.810  -47.608  -8.113 0.6000000238
15704  -45.746  -45.923  -8.695 0.6000000238
13298  -42.209  -49.274  -7.522 0.5000000000
13300  -43.891  -49.007  -7.849 0.6000000238
16358  -47.081  -45.252  -9.194 0.6999999881
16366  -47.362  -44.647  -9.737 0.6999999881
15716  -47.961  -45.055  -9.441 0.6999999881
17775  -49.028  -42.920  -11.066 0.6000000238
16367  -48.407  -44.425  -9.886 0.6999999881
15076  -42.486  -46.641  -8.518 0.6000000238
15702  -43.827  -45.999  -8.883 0.6999999881
15714  -45.316  -45.253  -9.131 0.6000000238
128023  -47.825  -43.090  -11.748 0.5000000000
15715  -46.196  -45.260  -9.071 0.6999999881
128271  -46.595  -44.828  -9.508 0.6999999881
17095  -48.355  -43.409  -11.120 0.6000000238
119456  -43.675  -44.345  -11.027 0.6999999881
17081  -44.984  -43.936  -11.279 0.6999999881
15712  -43.280  -45.401  -9.752 0.6999999881
16373  -44.574  -44.275  -10.730 0.6000000238
16364  -44.964  -44.728  -9.883 0.5000000000
15713  -44.377  -45.325  -9.359 0.6999999881
16365  -45.859  -44.707  -9.637 0.6999999881
17084  -47.369  -43.496  -11.429 0.5000000000
16375  -46.585  -44.391  -10.138 0.6999999881
112873  -47.655  -44.024  -10.528 0.6000000238
17091  -44.076  -43.737  -12.237 0.6999999881
17097  -44.885  -43.177  -12.396 0.6999999881
17096  -44.050  -43.125  -12.376 0.6999999881
17083  -46.557  -43.840  -10.944 0.6000000238
17082  -45.707  -43.763  -11.542 0.6999999881
16374  -45.598  -44.177  -10.533 0.6000000238
10047  -42.058  -54.206  -10.302 0.4000000060
12001  -44.666  -51.279  -9.758 0.4000000060
11300  -41.934  -51.868  -7.814 0.4000000060
12677  -43.130  -50.532  -8.059 0.4000000060
15717  -49.186  -44.969  -9.480 0.6999999881
15079  -45.296  -46.694  -8.415 0.6000000238
13911  -43.350  -48.562  -7.743 0.6999999881
13912  -43.980  -48.175  -7.854 0.6000000238
15703  -44.814  -45.929  -8.694 0.6000000238
16363  -44.038  -44.756  -10.149 0.6999999881
16380  -44.191  -44.103  -11.833 0.6000000238
15086  -42.811  -46.172  -9.160 0.5000000000
13909  -41.866  -48.528  -7.477 0.4000000060
128896  -42.179  -47.078  -8.051 0.5000000000
15711  -42.262  -45.631  -9.809 0.6000000238
13290  -41.262  -49.236  -6.965 0.4000000060
14455  -41.098  -48.024  -6.815 0.5000000000
14461  -41.522  -47.888  -7.365 0.5000000000
15075  -41.835  -46.612  -8.363 0.5000000000
15085  -41.951  -46.210  -9.167 0.5000000000
15710  -41.532  -45.593  -9.701 0.5000000000
16372  -43.291  -44.741  -10.474 0.6000000238
118067  -42.814  -44.485  -11.300 0.5000000000
16371  -42.010  -44.613  -11.392 0.5000000000
16378  -42.452  -43.989  -12.277 0.6999999881
16377  -41.796  -44.214  -11.949 0.6000000238
17781  -42.584  -43.083  -12.004 0.6000000238
119240  -40.797  -48.230  -6.369 0.5000000000
14460  -41.154  -47.176  -7.099 0.5000000000
15068  -41.265  -46.424  -7.846 0.5000000000
16361  -41.116  -45.023  -10.368 0.5000000000
15701  -41.386  -46.086  -8.934 0.5000000000
17090  -43.283  -43.554  -12.252 0.6000000238
16370  -41.353  -44.567  -11.200 0.6000000238
17089  -41.835  -43.633  -11.902 0.5000000000
17774  -42.184  -42.234  -11.054 0.6000000238
15067  -40.898  -46.439  -7.074 0.5000000000
15700  -40.900  -45.679  -8.428 0.5000000000
16356  -40.547  -44.728  -8.732 0.5000000000
16357  -41.009  -45.425  -9.440 0.5000000000
16369  -40.756  -44.349  -10.797 0.5000000000
17080  -41.090  -43.858  -11.433 0.5000000000
17773  -41.353  -42.889  -11.254 0.6000000238
15062  -40.738  -46.772  -6.599 0.5000000000
113159  -40.697  -45.751  -7.401 0.5000000000
16350  -40.426  -44.859  -7.754 0.5000000000
17065  -39.696  -43.497  -8.473 0.5000000000
17761  -39.100  -42.969  -8.888 0.6000000238
17066  -40.206  -44.011  -9.083 0.4000000060
17767  -38.953  -42.969  -10.060 0.4000000060
17072  -39.828  -43.394  -9.548 0.5000000000
17073  -40.334  -43.901  -10.117 0.5000000000
16360  -40.628  -44.597  -9.793 0.4000000060
17770  -38.278  -42.721  -10.699 0.4000000060
18412  -38.680  -42.069  -11.010 0.5000000000
17078  -40.001  -43.230  -10.291 0.5000000000
18423  -37.801  -41.587  -11.423 0.4000000060
129190  -40.158  -43.043  -10.522 0.6000000238
17772  -40.631  -43.132  -10.932 0.6000000238
18415  -41.563  -41.772  -10.531 0.6000000238
19016  -41.534  -40.586  -10.278 0.6000000238
17771  -39.300  -42.673  -10.496 0.5000000000
18413  -39.654  -41.402  -10.750 0.5000000000
130071  -39.371  -42.197  -10.702 0.5000000000
19021  -37.628  -40.564  -11.486 0.4000000060
19022  -38.633  -40.871  -11.296 0.5000000000
109320  -40.020  -42.390  -10.587 0.6000000238
115398  -40.713  -41.477  -10.482 0.6000000238
19014  -39.475  -40.405  -10.937 0.5000000000
20927  -37.726  -37.454  -11.478 0.3000000119
19698  -37.073  -39.203  -11.315 0.4000000060
116329  -37.469  -39.765  -11.460 0.4000000060
119076  -38.137  -40.021  -11.504 0.5000000000
19015  -40.418  -40.369  -10.533 0.6000000238
24332  -38.722  -32.179  -12.822 0.3000000119
23607  -38.292  -33.668  -12.666 0.3000000119
22242  -38.692  -34.969  -12.366 0.4000000060
120639  -38.601  -30.087  -13.175 0.3000000119
27898  -39.361  -27.729  -13.564 0.3000000119
27906  -39.793  -27.121  -14.073 0.3000000119
29593  -39.846  -25.629  -14.101 0.3000000119
115280  -39.648  -24.936  -13.552 0.3000000119
19699  -37.980  -39.161  -11.543 0.5000000000
25014  -38.222  -31.553  -12.931 0.3000000119
16379  -43.169  -44.115  -12.155 0.5000000000
15069  -41.692  -47.169  -7.752 0.5000000000
17079  -40.506  -43.628  -10.812 0.5000000000
17768  -50.048  -42.511  -9.606 0.3000000119
15082  -49.612  -46.495  -9.145 0.6000000238
15718  -50.183  -44.597  -9.162 0.6000000238
19662  -51.077  -39.787  -5.815 0.3000000119
19006  -51.750  -39.883  -7.165 0.3000000119
19009  -52.367  -39.915  -7.945 0.3000000119
19010  -52.666  -39.636  -8.486 0.3000000119
18400  -51.460  -40.320  -7.239 0.3000000119
18404  -52.001  -40.627  -8.494 0.3000000119
18405  -52.810  -39.943  -8.814 0.3000000119
15707  -50.376  -45.491  -9.177 0.6000000238
126999  -49.566  -43.946  -9.099 0.5000000000
19661  -50.559  -39.698  -5.469 0.3000000119
126883  -50.776  -39.639  -6.733 0.3000000119
19678  -51.795  -39.587  -7.659 0.3000000119
112601  -51.817  -39.393  -8.588 0.3000000119
18403  -50.763  -41.453  -8.270 0.3000000119
17067  -49.334  -43.206  -9.083 0.4000000060
12675  -41.713  -49.772  -7.303 0.4000000060
19660  -49.429  -39.529  -5.213 0.3000000119
112071  -49.475  -39.644  -6.490 0.3000000119
108814  -49.452  -39.664  -7.530 0.3000000119
19677  -50.317  -39.549  -8.271 0.3000000119
12023  -45.278  -51.712  -12.941 0.5000000000
115544  -46.772  -51.287  -12.384 0.5000000000
10699  -43.293  -52.713  -12.173 0.4000000060
11336  -44.021  -52.254  -11.879 0.4000000060
11344  -44.634  -51.815  -12.870 0.4000000060
11349  -45.660  -51.858  -13.016 0.5000000000
123271  -48.804  -49.745  -9.142 0.5000000000
12702  -47.873  -50.903  -11.346 0.5000000000
12021  -45.344  -51.489  -12.296 0.5000000000
12003  -46.870  -50.887  -10.915 0.5000000000
11337  -44.587  -51.811  -11.502 0.4000000060
113147  -49.740  -48.263  -8.883 0.6000000238
118802  -49.172  -49.113  -8.802 0.6000000238
13310  -47.841  -49.173  -8.649 0.5000000000
12697  -47.395  -50.590  -10.152 0.5000000000
12014  -45.183  -51.476  -10.965 0.3000000119
12002  -45.716  -51.041  -10.327 0.4000000060
110914  -50.319  -47.274  -9.066 0.6000000238
13921  -48.354  -48.323  -8.600 0.6000000238
120891  -46.640  -50.033  -9.203 0.5000000000
129280  -50.714  -46.366  -9.042 0.6000000238
16359  -50.155  -44.394  -8.538 0.4000000060
14474  -48.911  -47.418  -8.733 0.6000000238
116478  -46.885  -49.468  -8.806 0.4000000060
17756  -49.766  -42.114  -8.177 0.3000000119
17762  -50.095  -42.428  -8.899 0.3000000119
15708  -51.177  -45.056  -8.517 0.5000000000
17063  -49.288  -43.154  -8.697 0.3000000119
14475  -51.119  -48.102  -8.883 0.5000000000
14476  -51.873  -47.963  -8.222 0.5000000000
111294  -51.597  -46.902  -8.608 0.5000000000
14467  -52.250  -46.990  -7.961 0.4000000060
15084  -52.225  -45.988  -8.076 0.5000000000
112179  -51.762  -48.681  -8.055 0.5000000000
13922  -51.400  -48.847  -8.572 0.5000000000
117177  -51.782  -48.086  -7.653 0.4000000060
15073  -51.955  -46.245  -7.754 0.4000000060
15699  -52.014  -45.585  -7.993 0.4000000060
15083  -51.468  -45.766  -8.547 0.5000000000
116022  -50.607  -49.049  -9.007 0.5000000000
16355  -51.957  -45.460  -7.981 0.4000000060
7801  -41.879  -58.454  -10.641 0.3000000119
7230  -42.210  -59.444  -10.754 0.3000000119
7802  -42.922  -58.845  -10.598 0.3000000119
8300  -44.120  -57.614  -10.496 0.3000000119
8301  -44.862  -57.727  -10.175 0.4000000060
124852  -42.601  -58.059  -10.572 0.3000000119
8299  -42.951  -57.413  -10.634 0.3000000119
8302  -45.376  -57.164  -10.045 0.4000000060
116511  -44.755  -56.923  -10.485 0.4000000060
8803  -43.474  -56.689  -10.713 0.3000000119
9380  -42.690  -55.822  -11.191 0.3000000119
8804  -45.791  -56.569  -9.629 0.4000000060
8805  -45.966  -56.074  -10.071 0.4000000060
129968  -44.916  -56.145  -10.668 0.4000000060
9381  -44.003  -56.033  -10.888 0.4000000060
9392  -43.289  -55.191  -11.485 0.4000000060
9393  -44.396  -55.264  -10.989 0.4000000060
10018  -47.747  -54.282  -8.512 0.3000000119
9372  -46.324  -55.909  -9.490 0.4000000060
129413  -46.951  -55.186  -9.370 0.4000000060
9384  -46.363  -55.448  -10.145 0.4000000060
10048  -45.980  -54.554  -10.856 0.4000000060
10059  -44.902  -54.461  -11.255 0.4000000060
10057  -43.795  -54.320  -11.989 0.4000000060
11302  -48.624  -53.078  -7.545 0.3000000119
126568  -47.802  -54.595  -9.011 0.4000000060
10681  -48.210  -53.779  -9.424 0.4000000060
10039  -47.500  -54.475  -9.566 0.4000000060
10050  -47.429  -53.674  -10.330 0.4000000060
10693  -47.970  -52.708  -10.567 0.4000000060
10691  -46.515  -53.327  -11.220 0.4000000060
10701  -45.339  -53.336  -11.890 0.4000000060
128907  -44.471  -53.685  -12.114 0.4000000060
11319  -49.608  -52.938  -8.355 0.4000000060
10682  -49.062  -53.308  -8.866 0.4000000060
111733  -47.719  -51.677  -11.731 0.4000000060
10702  -46.845  -52.032  -12.270 0.4000000060
10700  -44.474  -52.874  -13.038 0.4000000060
120341  -46.028  -52.475  -12.390 0.4000000060
10058  -43.907  -53.461  -12.979 0.4000000060
11330  -49.307  -52.252  -9.274 0.4000000060
125108  -47.747  -51.152  -11.861 0.4000000060
11338  -47.234  -51.294  -12.233 0.4000000060
10707  -45.230  -52.158  -13.098 0.4000000060
11346  -46.412  -51.643  -12.624 0.4000000060
12005  -49.908  -51.427  -8.989 0.4000000060
12004  -48.798  -51.107  -10.101 0.4000000060
12698  -48.327  -50.836  -10.566 0.4000000060
13312  -51.500  -49.529  -8.074 0.4000000060
12700  -50.433  -50.619  -8.768 0.4000000060
12699  -49.507  -50.613  -9.385 0.4000000060
14465  -51.579  -47.207  -7.509 0.3000000119
15072  -50.831  -46.402  -7.420 0.3000000119
12016  -47.508  -50.993  -12.060 0.4000000060
13311  -50.913  -49.708  -8.733 0.4000000060
15698  -51.407  -45.520  -7.733 0.3000000119
12690  -49.007  -50.525  -9.788 0.4000000060
9382  -45.479  -56.491  -10.288 0.4000000060
9383  -45.519  -55.594  -10.616 0.4000000060
10659  -48.459  -53.625  -8.012 0.4000000060
10029  -47.042  -55.120  -8.812 0.4000000060
124075  -47.714  -53.316  -7.461 0.3000000119
10049  -46.845  -54.559  -10.215 0.4000000060
11978  -49.412  -52.703  -7.648 0.3000000119
10670  -49.074  -53.340  -8.385 0.4000000060
11329  -48.583  -52.751  -9.741 0.4000000060
11320  -49.993  -52.247  -8.361 0.4000000060
11339  -48.312  -51.605  -10.807 0.4000000060
11345  -46.090  -51.918  -12.967 0.4000000060
12017  -48.019  -50.967  -11.337 0.4000000060
12692  -51.105  -50.527  -8.055 0.4000000060
119671  -45.744  -56.197  -8.742 0.3000000119
7785  -44.493  -58.479  -9.163 0.3000000119
7793  -44.553  -58.834  -9.718 0.3000000119
8290  -44.949  -57.791  -9.839 0.3000000119
8282  -45.458  -56.782  -9.072 0.3000000119
114575  -44.717  -58.329  -10.021 0.3000000119
8291  -45.381  -57.097  -9.644 0.3000000119
9361  -46.319  -55.739  -8.734 0.3000000119
8793  -46.132  -56.194  -9.085 0.3000000119
11979  -50.451  -51.414  -7.537 0.3000000119
11980  -50.922  -50.950  -7.535 0.3000000119
12681  -51.139  -50.151  -7.478 0.3000000119
13304  -51.359  -49.418  -7.511 0.3000000119
10028  -46.207  -55.105  -8.254 0.3000000119
11992  -50.615  -51.507  -8.051 0.3000000119
9362  -46.622  -55.714  -9.041 0.4000000060
10017  -46.678  -54.472  -8.025 0.3000000119
10669  -48.477  -53.848  -8.691 0.4000000060
10692  -47.277  -52.649  -11.187 0.4000000060
11303  -49.371  -53.091  -7.946 0.3000000119
11304  -49.958  -52.387  -7.903 0.3000000119
12015  -46.300  -51.058  -11.909 0.5000000000
12022  -45.996  -51.485  -12.664 0.5000000000
12676  -42.246  -50.460  -7.625 0.4000000060
12680  -50.827  -50.826  -7.177 0.3000000119
12682  -51.404  -49.470  -7.627 0.4000000060
12689  -47.880  -50.125  -9.334 0.5000000000
12691  -49.943  -49.968  -9.245 0.5000000000
13297  -41.642  -49.075  -7.284 0.4000000060
13305  -51.656  -49.000  -7.780 0.4000000060
13306  -43.589  -49.796  -7.950 0.4000000060
13904  -41.366  -48.584  -7.111 0.4000000060
13910  -42.602  -48.539  -7.640 0.5000000000
13915  -51.639  -48.740  -7.680 0.3000000119
13916  -51.951  -48.056  -7.883 0.4000000060
13919  -46.412  -48.222  -8.478 0.6000000238
14463  -43.152  -47.914  -7.761 0.6999999881
14466  -52.178  -47.117  -7.888 0.4000000060
14469  -43.769  -47.326  -7.987 0.6000000238
15074  -52.209  -46.312  -8.052 0.4000000060
15697  -50.510  -44.907  -7.761 0.3000000119
15709  -51.887  -45.458  -8.075 0.4000000060
15719  -42.537  -44.986  -10.505 0.6000000238
16354  -51.511  -45.190  -8.118 0.4000000060
16362  -41.710  -45.112  -10.545 0.5000000000
16376  -48.741  -43.797  -10.255 0.6999999881
17059  -40.097  -44.101  -8.094 0.5000000000
17092  -45.689  -43.419  -12.210 0.6999999881
17093  -46.492  -43.487  -11.885 0.8000000119
17780  -37.709  -42.467  -11.212 0.4000000060
17788  -47.976  -42.198  -12.240 0.5000000000
18414  -40.845  -42.338  -10.631 0.6000000238
18420  -52.356  -40.386  -10.330 0.4000000060
19005  -51.100  -39.810  -6.089 0.3000000119
19007  -52.198  -39.736  -7.815 0.3000000119
19017  -43.008  -40.319  -10.742 0.6999999881
19018  -52.774  -39.668  -10.061 0.3000000119
19025  -52.150  -39.868  -10.902 0.4000000060
19669  -51.469  -39.797  -6.827 0.3000000119
19679  -52.594  -39.507  -8.466 0.3000000119
19695  -51.107  -39.365  -11.163 0.5000000000
19697  -52.712  -39.475  -9.905 0.4000000060
19701  -44.276  -39.772  -12.201 0.6999999881
19710  -49.929  -39.450  -12.320 0.6000000238
20303  -39.914  -38.764  -10.976 0.6000000238
20313  -38.303  -38.234  -11.555 0.6000000238
20321  -50.580  -39.189  -12.016 0.6000000238
20329  -48.757  -38.598  -13.085 0.6999999881
21564  -45.540  -36.850  -13.193 0.6000000238
21569  -47.765  -36.964  -13.955 0.5000000000
21572  -48.577  -36.002  -14.262 0.5000000000
21573  -49.767  -36.164  -14.181 0.5000000000
22918  -42.686  -34.368  -11.070 0.5000000000
22931  -50.232  -35.072  -13.465 0.3000000119
22939  -49.550  -34.702  -14.464 0.3000000119
23603  -43.601  -33.668  -12.361 0.4000000060
23609  -40.016  -32.679  -12.169 0.4000000060
23617  -50.782  -32.944  -13.894 0.3000000119
23618  -50.874  -32.695  -14.014 0.3000000119
23620  -47.181  -33.257  -14.601 0.4000000060
23623  -50.609  -32.873  -14.243 0.3000000119
24317  -41.485  -32.230  -11.228 0.4000000060
24323  -38.433  -32.891  -12.755 0.3000000119
24326  -44.538  -32.845  -13.279 0.4000000060
24330  -50.649  -32.469  -13.629 0.3000000119
24339  -50.462  -32.090  -14.481 0.3000000119
25007  -39.613  -31.964  -12.636 0.5000000000
25020  -50.947  -32.266  -13.982 0.3000000119
25025  -50.857  -31.791  -14.112 0.3000000119
25698  -40.540  -30.780  -12.638 0.4000000060
25702  -43.749  -30.477  -12.680 0.4000000060
26433  -47.915  -28.925  -13.437 0.4000000060
108554  -48.490  -41.184  -12.355 0.6000000238
109682  -49.088  -45.862  -9.206 0.6999999881
111108  -41.794  -39.562  -10.168 0.6999999881
111322  -41.293  -39.075  -10.265 0.6999999881
111632  -44.904  -43.797  -12.040 0.6999999881
113065  -42.054  -36.791  -10.199 0.6000000238
113781  -43.523  -58.227  -10.488 0.3000000119
116287  -51.006  -35.374  -13.876 0.3000000119
116345  -51.378  -39.397  -10.385 0.5000000000
117033  -51.071  -48.010  -7.358 0.3000000119
117336  -46.925  -36.479  -13.933 0.5000000000
118711  -47.844  -31.776  -14.838 0.4000000060
118749  -41.869  -38.872  -10.142 0.6999999881
119505  -49.720  -51.983  -7.417 0.3000000119
120298  -46.680  -27.966  -15.419 0.4000000060
120790  -40.535  -36.001  -10.903 0.5000000000
123620  -41.938  -54.282  -11.174 0.4000000060
127486  -41.955  -42.952  -11.583 0.6000000238
128573  -42.364  -44.253  -12.076 0.6999999881
129053  -42.100  -32.210  -11.243 0.4000000060
129301  -42.746  -30.419  -11.911 0.4000000060
