#!ascii label  , from subject sub-v2s15x29734_ses-1 vox2ras=TkReg
1064
1519  21.359  -73.490  -8.565 0.5000000000
6746  20.603  -60.924  -3.224 0.6000000238
6729  21.044  -60.151  -2.918 0.6000000238
6730  20.195  -60.499  -2.500 0.6000000238
7275  20.681  -59.896  -2.080 0.6999999881
7276  19.760  -60.073  -1.786 0.6000000238
7274  21.556  -59.582  -2.480 0.6999999881
7258  20.176  -59.342  -1.562 0.6000000238
3272  19.854  -68.261  -6.874 0.5000000000
3304  21.682  -68.987  -8.405 0.6000000238
3288  21.265  -68.590  -7.618 0.6000000238
2926  22.490  -69.429  -9.946 0.5000000000
2906  22.061  -69.260  -9.214 0.4000000060
2897  20.965  -69.633  -7.902 0.5000000000
3289  20.366  -68.856  -7.390 0.6000000238
5334  17.752  -63.832  -4.138 0.5000000000
1553  24.148  -73.359  -10.290 0.4000000060
5324  17.968  -63.131  -3.806 0.5000000000
107511  17.032  -63.459  -3.573 0.5000000000
5823  18.785  -62.837  -4.022 0.6000000238
5799  20.135  -62.087  -3.831 0.6000000238
6745  21.602  -60.646  -3.420 0.6000000238
6744  22.416  -60.369  -3.663 0.6999999881
7289  22.031  -59.928  -3.175 0.6999999881
7287  23.478  -59.155  -4.065 0.6000000238
7846  23.575  -58.375  -4.018 0.6000000238
7847  23.329  -58.923  -3.452 0.6000000238
7273  22.520  -59.174  -2.874 0.6999999881
8442  23.501  -57.407  -4.112 0.6999999881
7259  19.225  -59.348  -1.423 0.6000000238
4092  19.640  -66.817  -6.100 0.5000000000
3684  20.739  -68.027  -7.038 0.6000000238
3666  20.247  -67.351  -6.568 0.5000000000
3303  22.267  -68.412  -8.977 0.6000000238
3696  22.056  -68.164  -8.036 0.6999999881
105202  23.185  -69.621  -10.360 0.4000000060
5332  20.025  -63.310  -4.817 0.5000000000
5333  18.553  -63.581  -4.336 0.5000000000
1528  23.530  -73.982  -9.713 0.5000000000
109435  19.243  -63.299  -4.452 0.5000000000
5820  21.225  -62.337  -4.805 0.6999999881
5822  19.624  -62.684  -4.215 0.6000000238
6274  21.831  -61.689  -4.555 0.6999999881
6275  20.911  -61.917  -4.178 0.6000000238
6260  21.301  -61.317  -3.781 0.6999999881
6261  20.581  -61.560  -3.638 0.6000000238
6762  22.182  -60.982  -4.012 0.6999999881
7306  23.349  -59.698  -4.511 0.6000000238
6761  22.928  -60.403  -4.272 0.6000000238
7863  23.490  -58.900  -4.783 0.6000000238
7288  23.031  -59.741  -3.640 0.6000000238
8448  23.335  -57.931  -5.036 0.6000000238
8443  23.116  -56.853  -4.942 0.6999999881
7828  20.566  -58.699  -1.285 0.6999999881
7830  18.724  -58.670  -1.104 0.5000000000
106888  23.192  -58.498  -2.904 0.6999999881
7838  21.890  -58.905  -2.167 0.6999999881
4091  20.976  -66.744  -6.610 0.5000000000
106409  20.324  -66.564  -6.336 0.5000000000
3682  22.247  -67.229  -7.858 0.6999999881
4109  21.066  -67.341  -6.865 0.6000000238
120048  22.559  -68.731  -9.659 0.5000000000
3695  22.547  -67.530  -8.784 0.6999999881
3683  21.532  -67.693  -7.385 0.6000000238
5350  20.153  -64.032  -5.287 0.5000000000
5842  20.833  -62.947  -5.082 0.5000000000
5349  20.713  -63.598  -5.323 0.5000000000
6292  22.565  -61.805  -5.323 0.6000000238
5821  20.453  -62.548  -4.478 0.5000000000
6273  22.721  -61.078  -4.836 0.6999999881
7335  23.394  -59.694  -5.968 0.6000000238
6779  23.321  -60.337  -5.220 0.6999999881
122950  23.203  -59.183  -6.515 0.6000000238
8474  21.712  -57.154  -7.310 0.6999999881
7879  23.291  -58.788  -5.732 0.6000000238
7321  23.420  -59.478  -5.245 0.6000000238
9050  21.144  -56.181  -6.927 0.6000000238
111685  22.244  -57.494  -6.409 0.6999999881
7880  22.825  -57.993  -5.886 0.6999999881
10270  20.941  -54.535  -7.004 0.6000000238
9043  21.524  -56.203  -6.395 0.6000000238
8450  21.931  -56.878  -6.187 0.6999999881
7818  19.178  -58.142  -0.610 0.6000000238
9042  22.243  -56.411  -5.630 0.6999999881
7826  22.222  -58.249  -1.872 0.6999999881
7829  19.635  -58.714  -1.154 0.6000000238
10261  21.231  -54.559  -6.478 0.6999999881
9664  21.762  -55.418  -5.844 0.6000000238
9663  22.712  -55.831  -4.880 0.8000000119
9036  23.326  -56.484  -4.064 0.6999999881
8435  23.502  -57.843  -3.251 0.6999999881
8426  23.023  -57.873  -2.376 0.6999999881
4119  22.841  -66.635  -8.551 0.6999999881
4108  21.740  -66.839  -7.096 0.6000000238
3322  22.907  -67.889  -9.737 0.5000000000
2940  23.826  -68.847  -10.568 0.4000000060
2941  23.119  -68.716  -10.185 0.5000000000
115880  20.716  -64.054  -5.491 0.5000000000
4926  19.687  -64.659  -5.424 0.5000000000
5841  21.602  -62.804  -5.299 0.6000000238
6306  23.257  -61.340  -6.548 0.6000000238
6293  21.926  -62.238  -5.133 0.6999999881
6796  23.221  -60.690  -7.174 0.6999999881
6291  23.143  -61.202  -5.680 0.6999999881
106628  22.987  -59.192  -7.311 0.6000000238
7336  23.294  -59.894  -6.835 0.6000000238
6795  23.358  -60.540  -6.224 0.6999999881
9069  22.443  -56.462  -8.368 0.6999999881
9070  21.914  -56.888  -7.816 0.6999999881
7898  22.675  -58.466  -7.576 0.6999999881
8391  20.966  -57.026  0.102 0.6000000238
9699  21.570  -56.109  -7.777 0.6000000238
7888  22.794  -58.371  -6.674 0.6999999881
109245  21.107  -52.416  -7.167 0.6000000238
108858  21.126  -53.686  -7.121 0.6000000238
115029  21.803  -54.138  -7.563 0.6000000238
9690  21.422  -55.370  -7.567 0.6000000238
9058  21.361  -56.504  -7.271 0.6999999881
8401  20.529  -57.564  -0.333 0.6000000238
11025  21.072  -53.744  -6.877 0.6000000238
106317  21.084  -55.138  -7.150 0.6000000238
9010  23.478  -56.469  -2.595 0.6999999881
8413  22.559  -57.532  -1.590 0.6000000238
8414  21.841  -57.933  -1.136 0.6999999881
7816  20.997  -58.141  -0.832 0.6000000238
115538  21.013  -52.898  -6.972 0.5000000000
11016  21.400  -53.764  -6.177 0.6000000238
10249  21.861  -54.519  -5.570 0.8000000119
112386  22.858  -55.175  -4.534 0.8000000119
9662  23.300  -55.630  -3.889 0.8000000119
9025  23.531  -56.983  -3.323 0.8000000119
119798  23.391  -57.262  -2.728 0.6999999881
111663  22.324  -55.087  -5.079 0.8000000119
4107  22.513  -66.375  -7.649 0.6999999881
4090  21.516  -66.267  -6.711 0.6999999881
107695  20.915  -66.076  -6.347 0.6999999881
4511  19.996  -65.928  -6.031 0.6000000238
3709  23.154  -66.840  -9.590 0.6999999881
4510  20.802  -65.311  -6.128 0.6000000238
4491  20.059  -65.164  -5.804 0.5000000000
4925  20.622  -64.564  -5.705 0.5000000000
11567  21.035  -52.711  1.448 0.6000000238
4924  21.326  -63.950  -5.714 0.5000000000
10906  20.468  -53.251  1.308 0.5000000000
5348  21.953  -63.343  -5.732 0.5000000000
10164  21.574  -54.293  1.399 0.6000000238
5855  22.921  -62.710  -6.557 0.6999999881
106660  23.150  -61.376  -7.374 0.6999999881
109184  23.083  -62.005  -6.069 0.6999999881
9595  21.748  -55.175  1.216 0.6000000238
7349  22.820  -59.365  -8.204 0.6999999881
105285  23.054  -60.031  -7.742 0.6000000238
107564  23.126  -56.610  -8.979 0.6999999881
118897  23.074  -57.373  -9.163 0.6999999881
119185  22.749  -58.586  -8.238 0.6999999881
8969  22.109  -56.258  0.233 0.6000000238
122384  21.778  -55.917  0.759 0.6000000238
9698  22.231  -55.598  -8.152 0.6000000238
8473  22.414  -57.722  -7.825 0.6999999881
8980  22.406  -56.511  -0.541 0.6000000238
8971  20.632  -56.501  0.592 0.6000000238
11033  23.383  -53.434  -7.990 0.6000000238
10281  22.062  -54.814  -7.853 0.6000000238
108973  23.426  -55.696  -1.347 0.6999999881
8991  22.757  -56.782  -1.302 0.6000000238
8981  21.730  -56.833  -0.193 0.6000000238
11034  22.098  -53.286  -7.579 0.6000000238
10247  23.406  -54.242  -4.146 0.6000000238
10229  23.954  -54.421  -3.451 0.6000000238
9639  23.708  -55.711  -2.965 0.6999999881
8990  23.256  -56.293  -1.729 0.6000000238
8399  22.142  -57.209  -0.859 0.6000000238
11006  23.217  -53.655  -4.620 0.6000000238
108395  23.310  -54.862  -4.037 0.8000000119
11007  22.250  -53.731  -5.319 0.6000000238
10248  22.722  -54.487  -4.740 0.6999999881
121374  23.527  -56.273  -3.332 0.8000000119
4526  22.690  -65.549  -7.386 0.6999999881
4509  21.811  -65.534  -6.596 0.6999999881
115787  23.343  -65.978  -9.300 0.6999999881
108667  21.958  -51.351  1.433 0.6000000238
12149  21.093  -51.204  1.264 0.6000000238
110931  22.243  -52.033  1.476 0.6000000238
120233  20.610  -51.766  1.182 0.6000000238
4940  21.609  -64.670  -6.199 0.6000000238
11566  22.009  -52.805  1.498 0.5000000000
5866  23.123  -62.691  -7.472 0.6999999881
5347  22.539  -63.242  -6.262 0.6999999881
10924  23.694  -53.171  1.061 0.4000000060
10905  21.320  -53.489  1.458 0.5000000000
6810  22.888  -60.917  -8.104 0.6999999881
6319  22.963  -61.850  -7.922 0.8000000119
10162  23.083  -54.036  1.167 0.5000000000
106705  22.858  -60.196  -8.417 0.6000000238
105790  23.199  -62.041  -6.926 0.6999999881
10181  22.772  -54.912  1.002 0.6000000238
7908  22.868  -58.167  -8.746 0.6999999881
10195  23.937  -54.797  -0.520 0.6999999881
9600  23.188  -55.300  0.371 0.6000000238
9078  23.786  -56.162  -9.222 0.6999999881
10202  24.408  -54.277  -1.778 0.5000000000
9614  22.764  -55.880  -0.112 0.6000000238
11053  24.830  -53.922  -9.098 0.6000000238
10290  23.128  -54.983  -8.436 0.6000000238
9068  23.087  -55.890  -8.668 0.6999999881
9613  23.442  -55.410  -0.541 0.6999999881
11044  23.880  -54.164  -8.338 0.6000000238
10216  24.014  -54.919  -2.533 0.5000000000
10203  23.890  -55.016  -1.392 0.6000000238
10280  22.702  -54.143  -7.990 0.6000000238
10989  23.952  -53.657  -3.950 0.5000000000
9624  23.580  -55.651  -2.110 0.6999999881
11657  22.853  -52.813  -5.173 0.6000000238
4536  23.151  -65.776  -8.297 0.6999999881
4508  22.753  -64.621  -6.938 0.6000000238
12730  22.605  -50.653  1.418 0.4000000060
12731  21.648  -50.547  1.307 0.5000000000
5375  23.031  -63.569  -6.940 0.6000000238
12148  22.846  -51.489  1.383 0.5000000000
12173  20.368  -50.980  0.731 0.6000000238
104917  23.160  -63.329  -8.021 0.6999999881
5882  22.961  -62.503  -8.484 0.6999999881
5366  22.250  -63.919  -6.285 0.6000000238
11564  23.861  -52.334  1.099 0.5000000000
6829  22.742  -60.729  -8.867 0.6999999881
10923  24.349  -53.435  0.410 0.4000000060
7920  24.105  -58.028  -10.383 0.6999999881
7915  23.509  -58.493  -10.026 0.6999999881
7371  23.020  -59.693  -9.434 0.6999999881
107105  23.886  -53.970  0.799 0.6000000238
9712  25.028  -55.970  -10.027 0.6999999881
9081  25.026  -56.581  -10.252 0.6999999881
120562  23.190  -58.118  -9.466 0.6999999881
7363  22.815  -59.953  -8.882 0.6999999881
10940  24.609  -53.604  -0.467 0.5000000000
10179  24.160  -54.288  0.073 0.5000000000
10300  25.188  -54.581  -9.686 0.6000000238
9709  24.583  -55.539  -9.525 0.6999999881
9077  24.385  -56.388  -9.816 0.6999999881
115555  24.668  -53.749  -1.241 0.5000000000
11043  24.438  -53.349  -8.459 0.5000000000
10289  24.324  -54.841  -8.834 0.6000000238
114043  23.288  -64.761  -8.137 0.6999999881
107142  22.237  -49.799  1.425 0.4000000060
104985  23.292  -64.164  -9.297 0.6999999881
4954  23.181  -64.055  -7.655 0.6999999881
13318  21.227  -49.604  1.043 0.4000000060
5388  23.233  -63.899  -8.481 0.6999999881
12756  20.563  -49.942  0.386 0.6000000238
122515  22.923  -62.389  -9.202 0.8000000119
6837  23.290  -60.264  -9.984 0.6000000238
6345  22.839  -61.203  -9.342 0.6000000238
113137  18.625  -48.571  -0.944 0.6000000238
7370  23.396  -59.359  -10.029 0.6999999881
6838  22.932  -60.521  -9.418 0.6000000238
9080  25.818  -56.862  -10.334 0.6000000238
9707  26.267  -55.467  -10.227 0.6000000238
13349  17.564  -48.728  -1.003 0.5000000000
11052  25.699  -53.622  -9.898 0.6000000238
9708  25.493  -55.322  -10.032 0.6999999881
110665  23.047  -63.218  -9.118 0.6999999881
13317  21.879  -48.936  1.402 0.4000000060
5896  22.975  -61.915  -9.547 0.8000000119
6842  23.857  -60.897  -10.395 0.8000000119
13337  19.871  -48.428  -0.544 0.4000000060
13335  21.197  -48.510  0.636 0.4000000060
6351  23.172  -61.257  -9.910 0.6999999881
13909  19.036  -48.129  -0.701 0.4000000060
12766  20.140  -49.281  -0.371 0.5000000000
9079  26.539  -56.757  -10.066 0.6000000238
8490  25.469  -57.677  -10.357 0.6000000238
109446  24.194  -58.986  -10.393 0.6999999881
13902  18.797  -47.734  -0.186 0.4000000060
107372  26.810  -55.904  -10.028 0.6000000238
9711  25.677  -56.058  -10.240 0.6000000238
13338  17.611  -48.819  0.046 0.4000000060
13348  18.065  -48.703  -1.269 0.6000000238
10299  26.128  -54.450  -10.196 0.6000000238
11051  26.500  -53.494  -10.126 0.5000000000
11041  26.988  -52.824  -9.915 0.5000000000
13887  21.697  -48.041  1.207 0.4000000060
5904  23.296  -62.238  -10.077 0.8000000119
13900  20.411  -47.996  -0.151 0.4000000060
6350  23.655  -61.744  -10.258 0.6999999881
13901  19.531  -47.690  -0.384 0.4000000060
114467  25.233  -59.152  -10.354 0.6000000238
7373  23.922  -59.910  -10.375 0.6999999881
8489  26.207  -57.570  -10.146 0.6000000238
7918  25.842  -58.446  -10.191 0.6000000238
14420  19.213  -47.130  0.086 0.4000000060
13890  18.206  -48.371  0.538 0.4000000060
113217  26.897  -54.980  -10.102 0.6000000238
11050  27.176  -53.643  -9.884 0.4000000060
14405  22.302  -47.618  1.650 0.4000000060
6841  24.749  -61.016  -10.232 0.6999999881
13888  20.944  -47.527  0.361 0.4000000060
107861  25.863  -59.245  -10.036 0.6999999881
116070  24.553  -60.324  -10.363 0.6000000238
14419  20.038  -47.212  -0.036 0.4000000060
9076  26.948  -56.547  -9.511 0.6000000238
7917  26.394  -58.148  -9.829 0.6000000238
9706  27.295  -55.506  -9.420 0.6000000238
13319  17.519  -49.062  1.275 0.3000000119
10297  27.332  -54.475  -9.666 0.4000000060
124041  27.589  -53.946  -9.305 0.4000000060
11032  27.801  -53.656  -8.468 0.4000000060
14408  19.723  -46.631  0.403 0.4000000060
13889  18.547  -47.857  1.260 0.4000000060
9067  27.299  -56.350  -8.636 0.6000000238
125711  27.523  -55.609  -8.489 0.6000000238
9056  27.432  -56.121  -7.673 0.6000000238
10279  27.759  -54.609  -7.671 0.4000000060
10269  27.425  -54.639  -6.642 0.5000000000
105743  27.695  -53.786  -7.207 0.4000000060
13891  14.776  -48.262  1.817 0.3000000119
10259  27.373  -53.895  -6.154 0.4000000060
16122  21.231  -44.620  1.555 0.4000000060
14951  16.438  -46.414  2.503 0.3000000119
14967  12.742  -46.912  1.249 0.4000000060
104905  22.217  -43.715  1.720 0.4000000060
16123  20.536  -44.000  1.695 0.4000000060
15499  17.412  -45.423  2.644 0.3000000119
15498  18.184  -45.303  2.542 0.3000000119
14411  14.389  -47.234  1.700 0.3000000119
14410  15.318  -47.356  2.105 0.3000000119
14412  13.601  -47.132  1.446 0.3000000119
16784  21.752  -43.149  1.735 0.4000000060
16124  19.787  -44.118  1.804 0.4000000060
16110  19.273  -44.584  1.936 0.4000000060
15500  16.593  -45.539  2.515 0.3000000119
14952  15.471  -46.397  2.194 0.3000000119
15532  11.908  -44.995  -0.215 0.4000000060
123545  11.733  -44.249  -1.727 0.3000000119
16834  11.575  -43.963  -2.534 0.3000000119
14964  14.700  -46.421  1.790 0.3000000119
14965  14.030  -46.419  1.460 0.3000000119
17555  19.973  -42.669  1.984 0.4000000060
109999  19.117  -43.756  2.080 0.4000000060
121974  18.433  -44.378  2.338 0.3000000119
16112  16.782  -44.757  2.432 0.3000000119
16113  16.060  -44.946  2.247 0.3000000119
15523  12.439  -45.474  0.496 0.3000000119
15513  14.935  -45.584  1.827 0.3000000119
16146  12.335  -44.320  -0.794 0.3000000119
15514  14.278  -45.634  1.462 0.3000000119
16145  13.030  -43.654  -0.809 0.4000000060
16833  12.333  -43.789  -1.781 0.3000000119
17609  13.993  -42.610  -1.595 0.3000000119
123153  12.907  -43.056  -2.777 0.3000000119
16769  18.993  -42.648  2.162 0.4000000060
16770  18.289  -43.380  2.234 0.4000000060
16772  16.986  -43.891  2.232 0.3000000119
16137  12.799  -44.815  0.067 0.4000000060
16125  16.081  -44.200  2.085 0.3000000119
16136  13.478  -44.569  0.396 0.3000000119
16818  13.781  -43.880  0.004 0.4000000060
116057  14.429  -42.361  -2.542 0.3000000119
116022  18.879  -41.569  2.326 0.4000000060
17539  17.921  -42.497  2.201 0.4000000060
16787  17.027  -43.259  1.872 0.4000000060
16788  16.370  -43.501  1.666 0.4000000060
104235  15.560  -43.764  1.389 0.3000000119
16801  15.258  -43.406  0.514 0.3000000119
16802  14.449  -43.872  0.581 0.3000000119
16817  14.529  -43.316  -0.014 0.3000000119
17596  14.558  -42.625  -0.666 0.5000000000
17597  13.758  -43.061  -0.703 0.4000000060
109237  14.830  -42.228  -1.459 0.4000000060
18395  14.867  -41.972  -3.178 0.3000000119
18321  17.764  -41.711  2.125 0.4000000060
18343  17.548  -41.711  1.687 0.4000000060
17575  17.263  -42.438  0.981 0.3000000119
122933  16.779  -42.600  -0.373 0.3000000119
17594  17.143  -42.186  -0.845 0.3000000119
18377  17.569  -41.575  -1.278 0.3000000119
16800  16.148  -43.260  0.726 0.3000000119
17576  16.782  -42.869  0.292 0.3000000119
122680  16.307  -42.338  -0.848 0.3000000119
18378  16.528  -41.719  -1.529 0.3000000119
17577  16.062  -42.943  -0.151 0.3000000119
17607  15.671  -42.029  -1.461 0.3000000119
17608  15.223  -42.049  -2.303 0.3000000119
122947  14.979  -41.298  -4.325 0.3000000119
19152  21.041  -39.965  2.382 0.3000000119
19154  19.106  -40.095  2.610 0.3000000119
19155  18.453  -40.253  2.441 0.3000000119
19177  18.459  -39.957  1.484 0.3000000119
19194  18.801  -40.716  -0.651 0.3000000119
19210  18.772  -40.607  -1.385 0.3000000119
122588  17.817  -41.077  2.093 0.3000000119
18356  18.268  -41.280  -0.188 0.3000000119
18363  17.811  -41.849  -0.567 0.3000000119
18362  18.378  -41.344  -1.047 0.3000000119
18376  17.981  -40.866  -1.642 0.3000000119
19221  17.549  -40.475  -2.440 0.3000000119
18379  15.835  -41.731  -2.103 0.3000000119
19222  16.800  -40.934  -2.985 0.3000000119
18394  15.617  -41.734  -2.891 0.3000000119
18408  16.013  -41.273  -3.393 0.3000000119
19933  22.236  -39.179  1.989 0.3000000119
19925  19.447  -39.222  2.772 0.3000000119
19926  18.631  -39.497  2.472 0.3000000119
19193  19.031  -39.789  0.191 0.3000000119
19209  19.395  -40.185  -1.072 0.3000000119
112803  17.266  -40.252  -3.584 0.3000000119
19244  15.189  -40.843  -4.889 0.3000000119
19979  19.778  -39.525  -1.521 0.3000000119
19220  18.396  -40.234  -2.061 0.3000000119
19998  17.865  -39.638  -3.660 0.3000000119
19242  16.817  -40.337  -4.601 0.3000000119
19232  16.419  -40.736  -3.976 0.3000000119
19243  16.110  -40.591  -5.054 0.3000000119
19988  19.571  -39.219  -2.256 0.3000000119
19989  18.735  -39.559  -2.440 0.3000000119
19990  18.025  -39.891  -2.855 0.3000000119
19987  20.231  -39.036  -1.873 0.3000000119
20716  20.298  -38.579  -2.372 0.3000000119
20718  18.991  -38.987  -2.823 0.3000000119
20725  18.891  -38.554  -3.592 0.3000000119
20007  18.185  -39.080  -4.160 0.3000000119
20008  17.468  -39.733  -4.688 0.3000000119
20016  17.366  -39.551  -5.883 0.3000000119
1518  22.261  -73.922  -8.870 0.5000000000
1538  23.050  -74.247  -9.984 0.5000000000
1549  23.324  -73.805  -10.269 0.4000000060
7257  21.082  -59.201  -1.823 0.6999999881
2560  23.312  -70.549  -10.559 0.4000000060
1527  24.311  -73.595  -9.878 0.5000000000
125674  21.296  -63.334  -5.422 0.5000000000
6336  22.794  -61.627  -8.825 0.8000000119
11042  25.313  -53.017  -9.286 0.5000000000
8488  23.585  -57.675  -9.884 0.6999999881
125640  18.296  -48.309  -0.637 0.4000000060
11705  26.150  -52.752  -9.900 0.5000000000
11040  27.458  -53.281  -9.401 0.4000000060
7914  26.283  -58.830  -9.706 0.6000000238
8483  27.042  -57.373  -8.697 0.6000000238
13304  18.103  -48.704  1.811 0.3000000119
10288  27.704  -54.745  -8.749 0.4000000060
9696  27.676  -55.309  -7.931 0.4000000060
107146  21.471  -43.859  1.679 0.4000000060
18320  18.812  -40.785  2.467 0.3000000119
19924  20.381  -39.367  2.586 0.3000000119
108388  25.903  -60.168  -8.488 0.5000000000
6828  25.822  -60.370  -9.305 0.5000000000
6836  25.321  -61.099  -9.832 0.6999999881
6348  24.758  -61.886  -10.096 0.6999999881
5399  23.279  -63.630  -9.915 0.6000000238
7369  26.096  -59.552  -9.559 0.5000000000
7372  25.451  -60.091  -10.114 0.6000000238
6349  24.202  -61.800  -10.359 0.6000000238
4549  23.560  -65.394  -10.028 0.6000000238
5901  24.748  -62.656  -10.064 0.6999999881
5402  23.867  -63.774  -10.551 0.6000000238
4981  23.515  -64.561  -10.140 0.6000000238
5902  24.307  -62.743  -10.428 0.6999999881
5403  23.610  -63.941  -10.322 0.6000000238
4975  23.424  -65.112  -9.276 0.6000000238
123568  26.371  -59.299  -8.275 0.5000000000
5398  24.778  -63.295  -9.978 0.6999999881
4979  24.171  -64.236  -10.571 0.6999999881
4547  24.184  -65.048  -10.698 0.6000000238
4548  23.897  -65.304  -10.564 0.6000000238
5895  25.019  -62.730  -9.498 0.6000000238
5400  24.488  -63.219  -10.311 0.6999999881
4980  23.856  -64.482  -10.569 0.6000000238
115866  25.298  -62.230  -8.909 0.6000000238
7347  26.428  -58.939  -7.680 0.5000000000
7368  26.468  -59.092  -9.199 0.5000000000
125663  25.143  -62.892  -8.796 0.6999999881
108007  24.507  -64.762  -10.336 0.6000000238
4543  23.615  -66.045  -10.110 0.6000000238
7887  26.174  -58.539  -6.738 0.5000000000
7907  26.893  -58.292  -8.198 0.5000000000
8460  26.445  -57.013  -6.112 0.5000000000
121547  26.688  -58.243  -7.424 0.5000000000
114707  26.560  -56.130  -5.712 0.4000000060
6732  18.390  -60.685  -2.020 0.4000000060
6747  19.810  -60.993  -2.833 0.4000000060
6731  19.272  -60.720  -2.234 0.4000000060
6262  19.101  -61.401  -2.774 0.5000000000
106828  19.902  -61.505  -3.302 0.5000000000
6263  18.477  -61.845  -3.008 0.5000000000
9057  27.145  -56.974  -7.117 0.5000000000
5800  19.193  -62.122  -3.506 0.5000000000
5803  16.322  -62.778  -3.046 0.6000000238
9049  27.062  -56.183  -6.634 0.4000000060
5801  18.244  -62.424  -3.418 0.5000000000
6247  18.138  -61.329  -2.458 0.5000000000
6248  17.104  -61.397  -2.434 0.5000000000
5781  17.657  -61.962  -2.828 0.5000000000
6249  16.319  -61.507  -2.536 0.5000000000
5782  16.717  -62.063  -2.735 0.5000000000
5802  17.322  -62.632  -3.250 0.5000000000
9661  26.557  -55.514  -4.268 0.4000000060
9675  26.555  -55.398  -5.242 0.4000000060
6734  16.430  -60.753  -2.210 0.5000000000
8471  27.334  -56.929  -7.920 0.5000000000
9681  27.455  -55.393  -7.102 0.4000000060
8402  19.653  -57.539  -0.249 0.5000000000
8404  17.924  -57.219  -0.385 0.5000000000
8405  17.251  -56.920  -0.635 0.5000000000
7819  18.271  -57.987  -0.711 0.5000000000
9682  27.054  -55.409  -6.164 0.4000000060
8393  19.296  -56.930  0.207 0.5000000000
8394  18.478  -56.719  0.033 0.5000000000
8973  19.015  -56.216  0.411 0.5000000000
8974  18.320  -56.056  0.155 0.5000000000
8983  16.868  -56.259  -0.739 0.5000000000
8992  16.224  -56.251  -1.345 0.4000000060
9603  19.606  -55.518  0.759 0.5000000000
9615  17.230  -55.517  -0.487 0.6000000238
119755  16.029  -55.486  -1.760 0.6000000238
9602  20.362  -55.914  0.832 0.5000000000
10183  18.976  -54.679  0.548 0.5000000000
10184  18.246  -54.909  0.218 0.5000000000
10198  16.992  -54.897  -0.815 0.6000000238
10205  16.655  -54.698  -1.586 0.6000000238
9640  15.738  -55.540  -2.655 0.6000000238
9651  15.507  -55.765  -3.436 0.5000000000
9665  15.514  -55.589  -4.423 0.5000000000
114132  15.801  -55.097  -5.590 0.5000000000
9596  20.626  -55.164  1.163 0.5000000000
124115  21.157  -54.717  1.346 0.5000000000
10182  19.376  -54.072  0.724 0.5000000000
10196  18.391  -54.275  0.064 0.5000000000
109949  18.934  -53.981  0.362 0.6000000238
110213  16.312  -54.493  -3.107 0.6000000238
10231  15.793  -55.007  -3.554 0.6000000238
10251  15.965  -54.682  -4.649 0.5000000000
12818  15.659  -49.707  -6.065 0.5000000000
10271  16.668  -54.023  -7.003 0.5000000000
10163  22.299  -54.442  1.295 0.5000000000
10165  20.672  -54.178  1.312 0.5000000000
10166  19.857  -53.739  1.096 0.6000000238
10941  18.699  -53.538  -0.088 0.6000000238
10955  18.600  -52.978  -0.960 0.6000000238
10957  17.231  -53.847  -1.905 0.6000000238
10974  17.669  -53.047  -2.259 0.6000000238
10217  16.712  -54.160  -2.486 0.6000000238
10975  17.182  -53.496  -2.630 0.6000000238
10230  16.274  -54.203  -3.958 0.6000000238
10250  16.361  -54.020  -4.817 0.5000000000
10262  16.274  -54.218  -5.829 0.5000000000
11017  16.554  -53.414  -6.366 0.5000000000
109622  16.551  -52.765  -5.628 0.5000000000
11026  16.661  -53.224  -7.142 0.5000000000
11676  16.378  -52.219  -7.140 0.5000000000
10907  19.805  -53.003  1.062 0.6000000238
11603  19.059  -52.739  -0.153 0.6000000238
11616  18.782  -52.054  -1.494 0.6000000238
11632  18.497  -51.784  -2.113 0.6000000238
11617  18.271  -52.580  -1.846 0.6000000238
11634  17.383  -52.830  -3.053 0.6000000238
11645  17.330  -51.861  -3.423 0.6000000238
11646  16.841  -52.553  -3.808 0.5000000000
108253  16.922  -51.682  -4.062 0.5000000000
11008  16.582  -53.271  -4.476 0.5000000000
12235  16.555  -50.994  -5.315 0.5000000000
12809  16.549  -49.899  -5.270 0.6000000238
11666  16.492  -51.733  -6.146 0.5000000000
12243  16.403  -50.583  -6.122 0.5000000000
121363  15.981  -49.018  -5.377 0.5000000000
13383  14.714  -48.759  -3.925 0.5000000000
12189  19.157  -51.507  -1.127 0.6000000238
12212  18.309  -51.038  -2.531 0.6000000238
12213  17.803  -50.970  -3.174 0.6000000238
12222  17.377  -50.849  -3.948 0.6000000238
13394  16.499  -49.015  -4.600 0.6000000238
13382  15.752  -48.547  -4.035 0.5000000000
12200  19.175  -50.732  -1.330 0.6000000238
12798  17.033  -49.727  -4.334 0.6000000238
13381  16.801  -48.712  -3.711 0.6000000238
13357  18.692  -49.210  -1.307 0.6000000238
12772  19.274  -50.016  -1.066 0.6000000238
13358  18.190  -49.323  -1.818 0.6000000238
12787  17.978  -49.967  -2.816 0.6000000238
12797  17.574  -49.725  -3.536 0.6000000238
13373  16.065  -48.354  -2.867 0.5000000000
13370  17.813  -49.388  -2.272 0.6000000238
13359  17.349  -49.020  -1.785 0.6000000238
13371  17.195  -48.899  -2.681 0.6000000238
105096  16.781  -49.140  -1.449 0.6000000238
12774  16.118  -49.708  -1.354 0.5000000000
115385  23.537  -63.173  -10.305 0.6999999881
7913  26.700  -58.336  -9.162 0.5000000000
113241  27.081  -57.628  -7.679 0.5000000000
106227  25.866  -57.935  -6.012 0.5000000000
8472  26.608  -57.748  -6.813 0.5000000000
5783  15.870  -62.087  -2.751 0.6000000238
10204  17.414  -54.284  -1.108 0.6000000238
10956  17.909  -53.463  -1.470 0.6000000238
10990  16.768  -53.603  -3.370 0.6000000238
11659  16.656  -51.989  -4.773 0.5000000000
12786  18.423  -50.112  -2.249 0.6000000238
13372  16.649  -48.789  -2.250 0.6000000238
13360  16.069  -48.964  -2.079 0.6000000238
1829  21.298  -72.305  -7.921 0.4000000060
2517  22.978  -70.805  -6.181 0.5000000000
2142  22.505  -71.379  -6.816 0.4000000060
2155  22.093  -71.882  -7.747 0.4000000060
116347  22.686  -72.367  -8.219 0.4000000060
2516  23.909  -70.816  -6.161 0.5000000000
2497  23.427  -70.313  -5.568 0.5000000000
2153  23.964  -71.862  -7.581 0.5000000000
1827  23.493  -72.437  -8.314 0.5000000000
1840  22.992  -73.407  -8.914 0.4000000060
2515  24.876  -70.797  -6.235 0.5000000000
2140  24.456  -71.372  -6.874 0.5000000000
116072  24.981  -71.903  -7.772 0.5000000000
1826  24.470  -72.441  -8.481 0.5000000000
1839  23.936  -73.100  -9.215 0.4000000060
1838  24.855  -72.917  -9.405 0.4000000060
2514  25.823  -70.675  -6.393 0.5000000000
2139  25.623  -71.382  -7.155 0.5000000000
2138  26.611  -71.071  -7.147 0.5000000000
124515  25.912  -71.997  -8.072 0.5000000000
1825  25.455  -72.385  -8.706 0.5000000000
1536  24.353  -73.552  -10.077 0.4000000060
3708  23.396  -67.221  -10.197 0.5000000000
3321  23.719  -67.852  -10.450 0.4000000060
3324  24.510  -68.180  -10.632 0.4000000060
2939  24.631  -69.094  -10.567 0.4000000060
105839  23.980  -69.803  -10.659 0.4000000060
2152  26.654  -71.712  -7.975 0.5000000000
2938  25.017  -70.133  -10.385 0.4000000060
2559  24.269  -70.842  -10.565 0.4000000060
2182  24.571  -71.966  -10.419 0.4000000060
109932  27.100  -71.699  -8.598 0.4000000060
2160  26.389  -72.149  -8.843 0.5000000000
1854  24.827  -73.017  -10.202 0.4000000060
1837  25.540  -72.561  -9.447 0.4000000060
3711  24.476  -67.314  -10.679 0.4000000060
3323  25.213  -68.487  -10.431 0.4000000060
110528  25.336  -69.288  -10.301 0.4000000060
2528  27.409  -71.234  -7.957 0.4000000060
2558  25.216  -71.284  -10.294 0.4000000060
2181  25.415  -72.239  -10.076 0.4000000060
2539  27.410  -71.217  -8.855 0.4000000060
2159  26.839  -71.731  -9.194 0.4000000060
2165  26.359  -71.495  -9.686 0.4000000060
2166  26.003  -72.127  -9.522 0.4000000060
4129  23.574  -66.610  -10.261 0.5000000000
4132  24.476  -66.447  -10.637 0.4000000060
114215  24.963  -67.001  -10.655 0.4000000060
3707  25.423  -67.221  -10.172 0.4000000060
3320  25.910  -68.918  -9.837 0.4000000060
2924  26.557  -69.771  -9.559 0.4000000060
2925  25.925  -69.944  -10.003 0.4000000060
2905  27.292  -70.215  -9.076 0.4000000060
2545  25.911  -70.887  -10.058 0.4000000060
118852  24.229  -65.684  -10.616 0.5000000000
4546  24.544  -65.788  -10.460 0.5000000000
4131  24.932  -66.575  -10.509 0.5000000000
108232  25.606  -68.016  -10.188 0.4000000060
3706  26.243  -67.988  -9.504 0.4000000060
118250  26.917  -68.447  -8.779 0.4000000060
3287  27.175  -68.265  -7.940 0.4000000060
4128  25.230  -66.365  -9.926 0.4000000060
105966  24.900  -64.746  -9.499 0.5000000000
4118  25.615  -66.056  -8.890 0.4000000060
4117  26.214  -66.667  -8.166 0.4000000060
4535  25.341  -65.140  -8.690 0.5000000000
4106  25.970  -65.623  -7.729 0.4000000060
4105  26.666  -66.354  -7.392 0.4000000060
4968  25.055  -64.213  -8.630 0.6000000238
4974  24.744  -64.042  -9.755 0.6000000238
4952  26.182  -64.819  -7.128 0.5000000000
11587  19.623  -52.372  0.527 0.5000000000
12174  19.795  -51.396  0.195 0.5000000000
12757  19.915  -50.234  -0.292 0.5000000000
11586  20.060  -51.779  0.836 0.5000000000
11602  19.363  -51.904  -0.322 0.5000000000
2141  23.469  -71.372  -6.778 0.5000000000
3710  25.103  -67.659  -10.580 0.4000000060
2544  26.761  -70.821  -9.583 0.4000000060
3694  25.937  -66.973  -9.253 0.4000000060
3319  26.770  -69.098  -9.203 0.4000000060
4542  25.028  -65.501  -9.760 0.5000000000
3693  26.594  -67.582  -8.569 0.4000000060
4953  25.602  -64.631  -7.728 0.6000000238
4507  26.761  -65.398  -6.953 0.5000000000
114812  25.403  -63.921  -7.681 0.5000000000
8431  28.877  -57.436  -3.511 0.3000000119
7843  28.260  -58.161  -3.645 0.3000000119
7844  27.540  -58.024  -3.665 0.3000000119
8432  28.084  -57.459  -3.279 0.3000000119
9022  29.238  -56.499  -3.221 0.3000000119
9021  29.985  -56.137  -3.596 0.3000000119
9649  29.541  -55.656  -2.931 0.3000000119
7860  28.492  -58.829  -4.059 0.3000000119
7304  27.187  -59.630  -4.401 0.4000000060
7842  28.879  -58.207  -3.901 0.3000000119
107118  26.363  -59.269  -4.891 0.4000000060
7862  26.812  -58.579  -4.172 0.4000000060
7334  25.862  -59.350  -6.800 0.4000000060
7348  25.958  -59.686  -7.827 0.4000000060
8439  29.734  -57.002  -3.834 0.3000000119
7845  26.827  -57.683  -3.808 0.3000000119
109434  26.047  -58.326  -5.087 0.4000000060
9637  28.444  -55.472  -2.609 0.3000000119
8434  26.776  -57.001  -3.577 0.3000000119
6777  27.328  -61.082  -4.955 0.4000000060
6304  26.209  -61.811  -5.966 0.4000000060
6305  25.651  -61.779  -6.825 0.4000000060
6318  25.454  -61.754  -7.952 0.4000000060
7303  28.086  -59.617  -4.185 0.4000000060
6760  27.056  -60.409  -4.785 0.4000000060
124984  26.445  -60.827  -5.379 0.4000000060
6290  25.820  -60.997  -6.326 0.4000000060
104357  25.582  -60.979  -7.302 0.4000000060
121569  28.777  -59.423  -4.396 0.3000000119
7305  26.647  -60.023  -4.937 0.4000000060
7320  25.729  -59.732  -6.147 0.4000000060
6335  25.503  -61.368  -9.115 0.4000000060
8440  29.528  -57.850  -4.114 0.3000000119
6809  25.686  -60.371  -7.734 0.4000000060
9034  30.432  -56.580  -4.321 0.3000000119
8447  26.026  -57.441  -5.243 0.4000000060
5346  27.052  -63.152  -5.905 0.4000000060
123862  25.950  -63.370  -6.686 0.4000000060
6288  27.730  -61.831  -5.166 0.4000000060
6289  26.921  -61.813  -5.385 0.4000000060
5839  26.671  -62.585  -5.908 0.4000000060
5365  25.551  -63.229  -7.267 0.4000000060
7302  29.402  -59.616  -4.924 0.3000000119
105147  28.145  -61.107  -4.835 0.4000000060
8446  30.674  -57.791  -5.395 0.3000000119
7858  30.056  -58.247  -4.823 0.3000000119
114222  25.640  -60.825  -8.373 0.4000000060
9041  30.855  -56.948  -5.086 0.3000000119
4939  25.915  -64.010  -6.947 0.4000000060
5364  26.472  -63.453  -6.343 0.4000000060
9035  26.274  -56.142  -4.783 0.3000000119
9024  26.561  -56.296  -3.827 0.3000000119
5881  25.294  -62.656  -8.028 0.4000000060
5387  25.177  -63.410  -8.238 0.4000000060
4938  26.607  -64.393  -6.616 0.4000000060
7861  27.713  -58.843  -3.954 0.3000000119
9008  28.489  -56.729  -3.061 0.3000000119
6759  27.725  -60.375  -4.548 0.4000000060
106973  26.306  -57.835  -4.471 0.4000000060
7319  26.051  -59.860  -5.485 0.4000000060
7878  25.856  -58.967  -5.876 0.4000000060
6794  25.629  -60.192  -6.826 0.4000000060
5854  25.946  -62.691  -6.510 0.4000000060
6778  25.812  -60.332  -5.954 0.4000000060
7859  29.286  -58.731  -4.438 0.3000000119
111938  28.849  -61.076  -5.044 0.3000000119
7877  29.859  -58.976  -5.138 0.3000000119
2856  19.498  -69.618  -4.820 0.3000000119
2482  19.046  -70.367  -4.903 0.3000000119
104829  20.071  -68.999  -4.466 0.3000000119
2857  18.745  -69.758  -4.458 0.3000000119
2872  20.341  -69.591  -5.077 0.3000000119
2501  19.751  -70.294  -5.412 0.3000000119
3252  20.562  -68.472  -4.069 0.3000000119
3253  19.877  -68.494  -4.079 0.3000000119
2835  19.225  -68.973  -4.138 0.3000000119
3232  21.460  -68.461  -4.030 0.3000000119
2855  20.912  -69.054  -4.530 0.3000000119
2156  21.420  -71.543  -6.920 0.3000000119
119397  21.278  -67.238  -3.366 0.3000000119
3637  20.233  -67.446  -3.428 0.3000000119
3636  20.864  -67.784  -3.618 0.3000000119
3234  19.376  -68.158  -3.799 0.3000000119
2499  21.621  -70.322  -5.619 0.3000000119
2498  22.535  -70.342  -5.580 0.3000000119
2143  22.027  -70.940  -6.110 0.3000000119
3231  22.126  -68.173  -3.859 0.3000000119
2871  21.235  -69.653  -5.132 0.3000000119
2854  21.761  -69.154  -4.573 0.3000000119
2853  22.583  -69.218  -4.658 0.3000000119
2869  22.987  -69.731  -5.137 0.3000000119
2868  23.823  -69.767  -5.070 0.3000000119
119834  26.143  -70.096  -6.017 0.4000000060
2496  24.318  -70.277  -5.557 0.4000000060
3216  15.823  -67.690  -2.192 0.3000000119
3217  15.100  -68.155  -1.689 0.3000000119
2836  18.304  -69.243  -3.936 0.3000000119
4021  19.363  -66.214  -2.590 0.3000000119
3623  18.269  -67.231  -2.947 0.3000000119
3624  16.785  -67.397  -2.535 0.3000000119
3222  16.450  -68.334  -2.647 0.3000000119
3223  15.639  -68.637  -2.271 0.3000000119
4020  20.347  -66.282  -2.876 0.3000000119
3622  19.075  -67.001  -3.007 0.3000000119
110422  17.597  -67.491  -2.875 0.3000000119
2826  16.985  -68.939  -3.131 0.3000000119
3638  19.599  -67.525  -3.416 0.3000000119
3639  18.830  -67.688  -3.397 0.3000000119
3236  17.750  -68.656  -3.528 0.3000000119
3235  18.590  -68.428  -3.720 0.3000000119
2837  17.508  -69.520  -3.631 0.3000000119
2500  20.659  -70.232  -5.702 0.3000000119
4039  20.644  -67.059  -3.231 0.3000000119
2870  22.126  -69.723  -5.131 0.3000000119
3617  16.122  -66.835  -2.004 0.3000000119
3621  19.896  -66.927  -3.077 0.3000000119
4023  17.571  -66.843  -2.558 0.3000000119
3220  18.016  -67.882  -3.357 0.3000000119
3221  17.258  -68.110  -3.024 0.3000000119
2838  16.729  -69.812  -3.235 0.3000000119
3676  31.409  -67.712  -7.287 0.3000000119
3282  31.286  -68.650  -6.825 0.3000000119
2893  30.299  -69.704  -6.620 0.3000000119
2883  29.288  -69.718  -6.783 0.4000000060
2884  28.293  -69.826  -7.150 0.4000000060
112775  27.729  -70.518  -7.590 0.3000000119
3678  30.329  -67.776  -7.235 0.3000000119
3284  30.035  -68.825  -6.987 0.4000000060
3285  28.898  -68.899  -6.981 0.4000000060
3286  28.000  -69.040  -7.390 0.4000000060
2538  27.727  -70.613  -8.279 0.3000000119
3680  27.571  -67.789  -7.362 0.4000000060
3302  27.475  -69.453  -8.365 0.3000000119
4489  31.988  -66.610  -6.193 0.3000000119
4085  32.023  -67.026  -6.754 0.3000000119
2846  30.744  -69.772  -5.926 0.4000000060
2864  29.732  -69.902  -6.127 0.4000000060
107136  28.681  -69.696  -6.715 0.3000000119
2513  27.812  -70.118  -6.983 0.3000000119
2494  27.032  -70.104  -6.470 0.3000000119
4100  32.012  -66.509  -7.502 0.3000000119
4101  31.442  -66.722  -7.857 0.3000000119
3677  30.984  -67.343  -7.683 0.3000000119
110020  30.533  -66.961  -7.614 0.3000000119
3679  29.405  -68.006  -6.907 0.3000000119
4086  30.138  -66.143  -7.596 0.3000000119
4504  29.303  -65.492  -7.236 0.3000000119
109203  29.743  -67.040  -7.135 0.3000000119
4103  28.796  -67.162  -6.855 0.4000000060
115938  28.434  -68.050  -6.979 0.4000000060
4505  28.512  -65.725  -6.973 0.3000000119
4088  28.088  -66.438  -6.879 0.4000000060
4104  27.295  -66.915  -7.098 0.4000000060
4937  27.356  -64.728  -6.569 0.3000000119
4506  27.685  -65.572  -6.828 0.4000000060
4089  27.247  -66.163  -6.941 0.4000000060
3681  26.846  -67.265  -7.692 0.4000000060
5363  27.160  -63.863  -6.182 0.3000000119
4897  29.641  -64.657  -3.180 0.3000000119
4460  29.850  -65.386  -3.503 0.3000000119
4461  29.198  -65.930  -3.726 0.3000000119
4031  29.581  -66.666  -4.222 0.3000000119
4490  31.926  -65.764  -5.781 0.3000000119
4474  31.231  -65.472  -4.840 0.3000000119
4050  30.773  -66.454  -4.638 0.3000000119
3632  29.267  -67.197  -4.530 0.3000000119
4935  32.416  -65.124  -7.091 0.3000000119
4922  32.236  -65.089  -6.218 0.3000000119
4049  31.534  -66.506  -5.439 0.3000000119
3649  30.619  -67.540  -4.961 0.3000000119
3229  30.093  -68.262  -5.177 0.3000000119
2849  29.228  -69.366  -5.793 0.3000000119
2850  28.271  -68.984  -5.835 0.3000000119
2865  27.799  -69.497  -6.407 0.3000000119
2866  26.648  -69.497  -5.970 0.3000000119
2867  25.657  -69.512  -5.508 0.3000000119
4523  32.217  -65.701  -7.696 0.3000000119
4936  28.427  -64.957  -6.864 0.3000000119
104404  29.093  -64.240  -6.697 0.3000000119
5345  27.701  -63.261  -5.839 0.3000000119
111965  30.115  -64.071  -3.099 0.3000000119
4896  30.284  -64.773  -3.491 0.3000000119
4475  30.526  -65.498  -3.994 0.3000000119
4051  30.046  -66.136  -4.000 0.3000000119
4923  31.807  -64.845  -5.389 0.3000000119
2851  24.656  -69.555  -5.092 0.3000000119
119083  30.073  -63.155  -2.666 0.3000000119
5318  30.655  -63.565  -3.338 0.3000000119
5331  31.207  -63.892  -4.104 0.3000000119
4910  30.901  -64.747  -4.039 0.3000000119
109281  30.680  -62.894  -3.084 0.3000000119
5317  31.140  -62.994  -3.740 0.3000000119
105037  31.697  -63.119  -4.619 0.3000000119
5343  31.863  -64.011  -4.958 0.3000000119
2495  25.237  -70.186  -5.695 0.3000000119
124904  26.564  -70.520  -6.558 0.3000000119
122105  27.263  -70.631  -7.123 0.3000000119
5837  28.164  -62.536  -5.492 0.3000000119
115212  31.825  -67.216  -7.236 0.3000000119
121346  30.828  -68.880  -6.942 0.3000000119
3657  31.601  -68.608  -5.990 0.3000000119
2894  29.590  -69.854  -6.750 0.4000000060
2895  28.558  -69.758  -7.120 0.4000000060
2896  27.931  -70.116  -7.635 0.4000000060
122005  27.991  -67.268  -6.915 0.4000000060
4084  32.243  -66.035  -6.776 0.3000000119
4070  31.818  -67.521  -5.990 0.3000000119
2848  29.955  -69.726  -5.731 0.3000000119
122645  31.233  -68.909  -5.660 0.3000000119
107824  28.875  -69.347  -5.991 0.4000000060
4115  31.751  -65.901  -8.172 0.3000000119
4116  31.187  -65.744  -8.431 0.3000000119
4524  30.735  -65.527  -8.418 0.3000000119
4087  29.112  -66.308  -7.036 0.4000000060
5362  28.023  -64.090  -6.265 0.3000000119
4030  30.197  -66.839  -4.389 0.3000000119
3631  29.872  -67.397  -4.611 0.3000000119
3246  28.696  -68.376  -5.309 0.3000000119
5344  28.721  -63.295  -6.104 0.3000000119
1537  23.782  -73.908  -10.029 0.4000000060
1548  23.881  -73.683  -10.203 0.4000000060
1554  23.649  -73.399  -10.410 0.4000000060
1828  22.054  -72.758  -8.478 0.4000000060
1847  25.357  -72.683  -9.830 0.4000000060
1848  24.941  -73.156  -9.902 0.4000000060
1855  23.837  -72.693  -10.512 0.4000000060
2154  23.018  -71.836  -7.539 0.5000000000
2847  30.432  -69.713  -5.780 0.3000000119
2863  30.146  -69.938  -5.993 0.4000000060
2880  31.074  -69.618  -6.014 0.4000000060
2881  30.480  -69.843  -6.254 0.3000000119
2882  29.933  -69.939  -6.482 0.3000000119
2892  30.922  -69.445  -6.527 0.3000000119
3230  29.365  -67.889  -5.039 0.3000000119
3233  20.095  -67.962  -3.771 0.3000000119
3243  30.844  -69.396  -5.651 0.3000000119
3244  30.342  -69.264  -5.485 0.3000000119
3245  29.600  -68.906  -5.420 0.3000000119
3251  22.256  -68.678  -4.236 0.3000000119
3260  31.241  -69.336  -5.930 0.4000000060
3271  31.336  -69.022  -6.315 0.3000000119
3283  30.891  -68.276  -7.217 0.3000000119
3648  31.292  -68.105  -5.514 0.3000000119
3665  31.691  -67.992  -6.614 0.3000000119
3712  23.910  -66.910  -10.572 0.5000000000
4032  28.813  -66.670  -4.266 0.3000000119
4102  30.920  -66.449  -8.088 0.3000000119
4133  23.966  -66.135  -10.538 0.5000000000
4527  22.094  -66.128  -7.033 0.6999999881
4909  31.396  -64.587  -4.662 0.3000000119
4978  24.429  -63.822  -10.286 0.6999999881
5401  24.191  -63.513  -10.509 0.6000000238
5838  27.356  -62.537  -5.567 0.4000000060
5840  22.437  -62.618  -5.732 0.6000000238
5865  25.523  -62.423  -7.268 0.4000000060
5903  23.812  -62.491  -10.432 0.6999999881
6344  25.114  -61.985  -9.625 0.6999999881
7318  28.659  -60.283  -4.677 0.3000000119
7361  26.586  -58.953  -8.575 0.5000000000
7362  26.294  -59.618  -8.835 0.5000000000
7817  20.089  -58.171  -0.700 0.6000000238
7827  21.448  -58.568  -1.503 0.6999999881
7916  23.104  -58.843  -9.431 0.6999999881
7919  24.928  -58.325  -10.447 0.6000000238
8392  20.143  -57.049  0.240 0.6000000238
8400  21.386  -57.475  -0.520 0.6000000238
8403  18.780  -57.435  -0.250 0.5000000000
8425  23.174  -57.054  -2.037 0.6999999881
8441  26.264  -57.022  -4.359 0.3000000119
8449  22.600  -57.273  -5.669 0.6999999881
8461  22.138  -57.673  -7.090 0.6999999881
8462  21.518  -56.901  -6.797 0.6999999881
8484  22.550  -57.259  -8.444 0.6999999881
8487  26.662  -57.460  -9.637 0.6000000238
8491  24.739  -57.660  -10.412 0.6999999881
8963  21.098  -55.887  0.901 0.5000000000
8970  21.399  -56.458  0.471 0.6000000238
8972  19.832  -56.395  0.576 0.5000000000
8979  23.020  -56.105  -0.935 0.6000000238
8982  17.673  -56.326  -0.239 0.5000000000
9007  28.834  -55.981  -2.719 0.3000000119
9082  24.309  -57.180  -10.172 0.6999999881
9601  22.450  -55.644  0.687 0.6000000238
9604  18.660  -55.486  0.375 0.5000000000
9605  17.901  -55.492  0.023 0.5000000000
9616  16.582  -55.484  -1.072 0.6000000238
9636  29.066  -55.198  -2.527 0.3000000119
9648  30.234  -55.180  -3.434 0.3000000119
9683  21.111  -55.397  -6.810 0.6000000238
9691  21.147  -55.783  -7.244 0.6000000238
9697  23.872  -55.523  -8.799 0.6999999881
9710  26.300  -56.213  -10.214 0.6000000238
10180  23.560  -54.633  0.679 0.6000000238
10194  24.339  -54.306  -0.873 0.5000000000
10197  17.677  -54.740  -0.313 0.6000000238
10282  21.252  -54.651  -7.309 0.6000000238
10298  26.859  -54.166  -10.105 0.4000000060
10925  19.307  -53.346  0.532 0.6000000238
10942  18.137  -53.912  -0.656 0.6000000238
11615  25.017  -53.004  -1.164 0.5000000000
11633  17.926  -52.051  -2.631 0.6000000238
12188  19.537  -50.991  -0.715 0.5000000000
12201  18.839  -51.055  -1.855 0.6000000238
12223  16.786  -50.879  -4.586 0.5000000000
12234  22.893  -51.889  -5.582 0.6000000238
12732  20.915  -50.471  1.063 0.5000000000
12773  18.843  -50.035  -1.689 0.6000000238
12775  15.425  -49.779  -1.691 0.5000000000
13336  20.653  -48.941  0.045 0.4000000060
13347  19.347  -49.022  -0.831 0.6000000238
14409  19.002  -46.899  1.054 0.4000000060
14966  13.408  -46.444  1.282 0.3000000119
15497  18.775  -45.132  2.180 0.4000000060
15501  15.737  -45.588  2.238 0.3000000119
16111  17.605  -44.597  2.513 0.3000000119
16126  15.287  -44.676  1.814 0.3000000119
16127  14.536  -44.846  1.396 0.3000000119
16771  17.542  -43.216  2.117 0.4000000060
16786  19.869  -43.405  1.895 0.4000000060
16816  15.212  -42.970  -0.172 0.3000000119
16832  13.117  -43.203  -1.927 0.3000000119
17556  17.366  -42.526  1.884 0.4000000060
17557  16.855  -43.047  1.241 0.4000000060
17595  15.408  -42.434  -0.732 0.5000000000
18342  18.031  -40.940  1.190 0.3000000119
18357  17.720  -41.818  0.493 0.3000000119
18393  16.290  -41.382  -2.449 0.3000000119
18409  15.261  -41.516  -3.683 0.3000000119
18410  14.538  -41.655  -3.907 0.3000000119
18421  15.611  -41.057  -4.271 0.3000000119
19153  20.271  -40.295  2.487 0.3000000119
19171  18.080  -40.359  2.226 0.3000000119
19211  17.032  -41.018  -1.940 0.3000000119
19934  21.069  -39.005  2.318 0.3000000119
19935  19.920  -38.577  2.492 0.3000000119
19980  19.249  -40.033  -1.828 0.3000000119
19997  18.415  -39.248  -3.192 0.3000000119
20009  16.835  -40.174  -5.545 0.3000000119
20717  19.564  -38.517  -2.883 0.3000000119
104183  23.717  -54.926  0.062 0.5000000000
105484  23.131  -62.760  -9.745 0.8000000119
105510  22.842  -59.128  -8.834 0.6999999881
106327  22.202  -53.722  1.436 0.6000000238
106365  23.651  -56.877  -9.615 0.6999999881
106652  16.600  -52.678  -6.695 0.5000000000
107094  22.831  -53.237  1.388 0.4000000060
107726  17.763  -43.874  2.358 0.4000000060
108122  20.271  -52.425  1.172 0.6000000238
108250  13.111  -44.271  -0.238 0.4000000060
108600  19.819  -54.573  1.038 0.5000000000
109544  25.053  -57.168  -10.389 0.6000000238
111172  21.398  -52.029  1.408 0.6000000238
111437  31.247  -67.230  -5.280 0.3000000119
112337  30.811  -68.667  -5.331 0.3000000119
113069  21.143  -52.932  -6.722 0.6000000238
114322  17.211  -46.120  2.688 0.3000000119
114577  26.159  -56.714  -5.266 0.3000000119
114697  18.149  -40.990  2.309 0.3000000119
115166  16.695  -47.221  2.559 0.3000000119
115482  16.208  -49.807  -6.015 0.5000000000
115620  18.523  -40.561  0.313 0.3000000119
115668  16.474  -53.562  -5.395 0.5000000000
115759  18.279  -41.876  2.287 0.3000000119
115837  16.007  -47.024  2.382 0.3000000119
116077  30.262  -57.418  -4.535 0.3000000119
116630  25.855  -71.643  -9.970 0.4000000060
118784  16.187  -54.873  -2.374 0.6000000238
120008  15.211  -48.802  -4.793 0.5000000000
120515  23.951  -63.169  -10.643 0.6999999881
120704  24.929  -63.435  -9.182 0.6999999881
121678  22.582  -58.547  -2.432 0.6999999881
122846  20.820  -52.236  1.323 0.6000000238
123726  22.750  -68.208  -4.054 0.3000000119
123767  18.742  -61.039  -2.365 0.4000000060
124191  30.623  -64.215  -3.581 0.3000000119
124277  23.441  -58.412  -3.403 0.6000000238
124372  16.068  -55.021  -2.923 0.6000000238
124378  24.703  -59.694  -10.430 0.6999999881
124464  19.000  -52.259  -0.818 0.6000000238
124731  22.783  -56.914  -8.752 0.6999999881
125494  23.691  -55.136  -3.383 0.8000000119
