#!ascii label  , from subject sub-v2s15x29734_ses-1 vox2ras=TkReg
2342
8889  -1.236  -56.718  8.544 0.0000000000
24529  21.778  -33.248  5.585 0.0000000000
5848  -0.787  -62.189  -5.974 0.0000000000
7798  0.741  -57.609  2.791 0.0000000000
5810  5.231  -62.509  -3.601 0.0000000000
10155  4.296  -55.054  2.514 0.0000000000
16084  7.740  -44.823  6.113 0.0000000000
114438  3.792  -75.618  -1.676 0.0000000000
117905  3.805  -61.912  6.985 0.0000000000
107089  9.293  -52.047  5.951 0.0000000000
19077  25.688  -40.487  6.403 0.0000000000
2873  9.628  -68.862  -4.566 0.0000000000
110741  0.812  -58.453  6.464 0.0000000000
8365  4.291  -57.679  3.690 0.0000000000
10121  -0.723  -54.989  6.432 0.0000000000
19858  17.938  -39.029  7.067 0.0000000000
19067  10.737  -40.687  7.463 0.0000000000
118693  16.578  -36.197  5.261 0.0000000000
5700  -1.855  -63.369  4.674 0.0000000000
9566  9.514  -55.776  5.559 0.0000000000
14367  15.615  -47.733  6.095 0.0000000000
3277  3.344  -69.103  -6.751 0.0000000000
1784  8.257  -73.294  -1.208 0.0000000000
4044  3.712  -66.767  -3.603 0.0000000000
105949  19.082  -28.307  5.437 0.0000000000
6718  -1.796  -60.208  -1.729 0.0000000000
5831  1.538  -63.210  -3.844 0.0000000000
6213  2.372  -61.716  0.408 0.0000000000
6198  6.340  -61.930  1.429 0.0000000000
12649  2.931  -50.495  9.662 0.0000000000
12653  -1.062  -50.451  9.881 0.0000000000
14883  1.182  -46.184  10.947 0.0000000000
27880  14.970  -29.982  4.826 0.0000000000
1789  1.799  -71.902  -2.573 0.0000000000
3318  -0.997  -68.109  -8.429 0.0000000000
6282  -4.022  -61.436  -4.961 0.0000000000
7234  -4.407  -59.035  1.234 0.0000000000
6648  1.584  -60.099  3.905 0.0000000000
102629  1.014  -60.227  8.302 0.0000000000
7175  6.219  -59.473  6.487 0.0000000000
113288  5.893  -56.644  8.338 0.0000000000
10860  4.495  -53.799  8.160 0.0000000000
13830  8.737  -48.770  7.258 0.0000000000
17517  17.123  -42.696  4.845 0.0000000000
114644  25.050  -35.731  5.195 0.0000000000
238  7.676  -80.900  -5.186 0.0000000000
1258  7.722  -74.825  -7.811 0.0000000000
4943  4.866  -64.407  -6.868 0.0000000000
101117  -2.910  -60.574  7.322 0.0000000000
8332  -1.195  -57.854  6.342 0.0000000000
117503  -3.927  -58.051  7.478 0.0000000000
22089  20.672  -36.048  6.782 0.0000000000
21321  17.267  -37.083  8.705 0.0000000000
111121  19.780  -34.480  6.462 0.0000000000
102619  0.282  -66.961  -6.795 0.0000000000
3256  3.635  -68.491  -4.205 0.0000000000
4066  0.547  -66.405  -5.617 0.0000000000
107972  -0.793  -58.557  0.891 0.0000000000
6227  0.815  -61.539  -0.563 0.0000000000
7242  0.975  -59.993  1.428 0.0000000000
8951  4.610  -56.242  3.525 0.0000000000
105280  5.036  -59.070  1.983 0.0000000000
8387  6.473  -57.603  1.400 0.0000000000
7240  7.539  -59.647  0.943 0.0000000000
121302  6.838  -55.975  0.480 0.0000000000
14344  5.073  -47.874  8.038 0.0000000000
13805  1.600  -48.173  9.881 0.0000000000
119466  4.502  -45.743  7.524 0.0000000000
19131  11.180  -40.215  3.689 0.0000000000
18278  7.465  -41.340  6.791 0.0000000000
28705  16.700  -28.830  5.355 0.0000000000
2509  0.730  -70.553  -6.328 0.0000000000
4503  -5.878  -65.790  -5.744 0.0000000000
104939  -4.925  -64.292  -2.245 0.0000000000
6243  -4.291  -60.964  -1.407 0.0000000000
5273  -5.420  -63.315  1.755 0.0000000000
5696  1.070  -62.243  5.012 0.0000000000
6650  -0.976  -60.862  3.600 0.0000000000
6631  2.552  -61.069  6.101 0.0000000000
101113  1.198  -63.289  6.789 0.0000000000
104367  2.861  -62.243  9.283 0.0000000000
10883  9.566  -53.285  5.145 0.0000000000
8903  7.571  -56.736  7.397 0.0000000000
10105  7.074  -55.039  7.209 0.0000000000
9520  5.185  -55.269  8.412 0.0000000000
11530  7.203  -52.256  6.996 0.0000000000
12078  6.020  -51.206  7.699 0.0000000000
12673  9.512  -50.029  7.078 0.0000000000
16739  21.105  -43.995  5.979 0.0000000000
16079  16.739  -45.078  5.800 0.0000000000
18269  21.720  -41.767  5.631 0.0000000000
119104  21.789  -39.915  4.809 0.0000000000
21329  26.161  -38.100  5.807 0.0000000000
356  4.956  -78.889  0.042 0.0000000000
150  7.178  -81.976  -1.562 0.0000000000
725  6.705  -77.183  -0.794 0.0000000000
2113  9.110  -71.735  -3.224 0.0000000000
1234  7.448  -74.260  -4.292 0.0000000000
1818  7.774  -72.553  -6.217 0.0000000000
1845  9.287  -72.147  -7.965 0.0000000000
2529  9.072  -70.819  -8.130 0.0000000000
5812  3.261  -62.705  -3.720 0.0000000000
4946  2.531  -64.003  -6.330 0.0000000000
5858  3.582  -61.884  -6.466 0.0000000000
13807  -3.966  -48.674  11.224 0.0000000000
12660  -0.285  -49.930  8.627 0.0000000000
7764  2.958  -58.574  5.574 0.0000000000
7796  3.005  -58.952  3.041 0.0000000000
8349  3.036  -57.666  6.032 0.0000000000
9569  3.101  -55.739  6.073 0.0000000000
10142  3.579  -54.738  4.681 0.0000000000
17510  11.492  -42.987  5.666 0.0000000000
17486  9.629  -42.647  8.952 0.0000000000
19064  13.521  -40.747  7.225 0.0000000000
20628  13.712  -38.675  5.995 0.0000000000
22118  13.868  -36.710  3.509 0.0000000000
4826  -5.534  -65.397  4.406 0.0000000000
5232  0.274  -63.394  4.590 0.0000000000
5695  2.360  -62.724  5.082 0.0000000000
12111  11.396  -51.054  6.551 0.0000000000
123502  11.629  -50.254  7.179 0.0000000000
13263  14.308  -50.061  7.310 0.0000000000
123531  19.739  -46.342  6.644 0.0000000000
120135  4.469  -72.144  -3.102 0.0000000000
1190  6.310  -74.881  -0.567 0.0000000000
2462  5.624  -70.498  -2.259 0.0000000000
2822  7.046  -68.873  -1.378 0.0000000000
4024  7.156  -66.291  -2.515 0.0000000000
5788  6.848  -62.670  -2.751 0.0000000000
6297  4.833  -60.912  -5.640 0.0000000000
121851  21.314  -29.534  7.315 0.0000000000
26140  20.012  -31.776  6.322 0.0000000000
6770  -0.812  -60.184  -4.580 0.0000000000
5329  -0.024  -63.412  -3.802 0.0000000000
6269  0.151  -62.070  -2.580 0.0000000000
5773  2.068  -62.209  -1.778 0.0000000000
5771  3.757  -62.377  -1.231 0.0000000000
7227  3.488  -59.952  1.812 0.0000000000
6211  4.500  -62.067  1.040 0.0000000000
5769  5.866  -62.622  -0.851 0.0000000000
124141  7.919  -62.587  -0.089 0.0000000000
115782  1.511  -53.242  8.660 0.0000000000
109487  -2.003  -52.466  8.694 0.0000000000
12651  1.111  -50.730  10.078 0.0000000000
13791  -1.024  -48.609  12.955 0.0000000000
15425  -0.848  -44.835  11.155 0.0000000000
17489  6.444  -41.835  9.779 0.0000000000
17491  3.222  -42.190  8.267 0.0000000000
111416  18.586  -31.976  5.541 0.0000000000
24535  15.741  -32.816  5.173 0.0000000000
503  2.917  -77.166  0.987 0.0000000000
1217  0.722  -74.581  -3.910 0.0000000000
2507  3.324  -71.432  -5.892 0.0000000000
3315  1.321  -68.353  -8.947 0.0000000000
4962  0.538  -63.536  -9.536 0.0000000000
113660  -2.478  -67.802  -7.708 0.0000000000
5372  -3.589  -64.114  -6.731 0.0000000000
6803  -1.367  -60.266  -6.746 0.0000000000
7295  -3.388  -58.600  -3.426 0.0000000000
115073  -3.613  -58.274  0.127 0.0000000000
7808  -1.256  -57.844  1.890 0.0000000000
6187  -3.712  -61.537  3.282 0.0000000000
7219  -1.670  -58.729  2.710 0.0000000000
7779  0.624  -57.806  3.241 0.0000000000
7176  2.011  -59.866  6.233 0.0000000000
117957  -1.671  -61.344  7.915 0.0000000000
101116  -0.532  -59.070  8.200 0.0000000000
119300  4.443  -60.612  7.265 0.0000000000
119476  5.783  -58.604  7.565 0.0000000000
6613  3.966  -60.711  8.277 0.0000000000
108150  2.896  -58.974  8.314 0.0000000000
110307  2.324  -56.244  8.639 0.0000000000
10096  1.883  -54.551  8.491 0.0000000000
11494  3.465  -52.488  8.598 0.0000000000
12646  5.543  -49.751  8.507 0.0000000000
14924  8.710  -46.659  5.639 0.0000000000
115887  12.316  -48.014  6.259 0.0000000000
115279  11.411  -46.514  5.651 0.0000000000
16093  11.836  -44.078  5.194 0.0000000000
19101  17.443  -40.014  4.968 0.0000000000
110237  20.609  -37.921  4.384 0.0000000000
23720  23.805  -34.298  4.989 0.0000000000
24514  25.884  -30.305  4.300 0.0000000000
25312  22.849  -30.147  5.551 0.0000000000
367  9.712  -79.110  -5.619 0.0000000000
744  7.383  -76.319  -3.554 0.0000000000
371  8.114  -77.989  -6.398 0.0000000000
760  9.335  -76.395  -6.611 0.0000000000
116824  1.243  -65.534  -5.235 0.0000000000
105215  3.884  -65.433  -5.954 0.0000000000
4484  7.242  -65.453  -4.715 0.0000000000
5395  5.370  -62.589  -8.512 0.0000000000
121916  7.596  -64.867  -6.590 0.0000000000
3689  7.209  -68.533  -7.640 0.0000000000
3313  9.373  -69.002  -8.512 0.0000000000
10861  -3.629  -53.133  7.575 0.0000000000
11532  1.582  -52.501  7.187 0.0000000000
10896  2.630  -53.272  3.933 0.0000000000
10188  2.720  -54.758  0.628 0.0000000000
102487  -2.107  -57.778  8.220 0.0000000000
102706  -3.761  -58.995  7.213 0.0000000000
103083  -3.268  -57.543  8.303 0.0000000000
22881  21.294  -34.909  5.946 0.0000000000
113471  20.153  -35.239  7.571 0.0000000000
113437  20.811  -33.846  6.046 0.0000000000
101077  -0.075  -65.634  -6.131 0.0000000000
103304  0.241  -66.451  -5.984 0.0000000000
101073  -0.206  -65.499  -5.149 0.0000000000
7231  -0.019  -58.298  1.393 0.0000000000
7243  0.089  -59.486  1.179 0.0000000000
7230  0.733  -58.779  1.703 0.0000000000
9592  4.830  -55.587  2.970 0.0000000000
125641  6.071  -56.861  2.371 0.0000000000
9590  6.355  -55.670  2.141 0.0000000000
110057  6.780  -56.644  1.346 0.0000000000
10167  6.175  -54.992  1.589 0.0000000000
14908  6.134  -46.326  6.670 0.0000000000
14357  4.463  -47.171  7.728 0.0000000000
104791  6.222  -44.878  6.914 0.0000000000
20651  10.314  -38.706  3.241 0.0000000000
19911  8.857  -39.161  3.585 0.0000000000
4449  -5.755  -65.425  -2.107 0.0000000000
4883  -5.573  -65.216  -0.584 0.0000000000
4882  -5.038  -63.907  -0.449 0.0000000000
4851  -5.872  -65.289  1.249 0.0000000000
6166  2.301  -60.955  5.698 0.0000000000
6173  1.370  -61.161  5.199 0.0000000000
102954  2.629  -62.604  6.638 0.0000000000
102766  4.098  -63.016  9.051 0.0000000000
11544  9.409  -52.645  5.500 0.0000000000
10871  8.001  -53.942  5.963 0.0000000000
106369  8.041  -53.146  6.177 0.0000000000
10116  6.648  -54.135  6.975 0.0000000000
105886  7.972  -52.381  6.485 0.0000000000
12115  7.889  -51.761  6.896 0.0000000000
12692  9.082  -50.780  6.746 0.0000000000
17505  23.083  -42.512  6.025 0.0000000000
17507  21.447  -42.520  5.688 0.0000000000
125405  23.931  -41.296  5.793 0.0000000000
19094  24.237  -39.778  5.394 0.0000000000
20605  26.321  -38.940  6.094 0.0000000000
710  4.196  -76.960  -0.506 0.0000000000
521  6.239  -78.423  -0.420 0.0000000000
709  5.398  -76.607  -0.577 0.0000000000
2472  9.588  -69.860  -3.504 0.0000000000
2124  9.073  -71.476  -4.245 0.0000000000
2131  8.990  -71.114  -5.241 0.0000000000
2146  8.457  -71.571  -7.084 0.0000000000
113198  8.981  -70.148  -5.958 0.0000000000
5811  4.297  -62.528  -3.636 0.0000000000
5828  3.705  -62.437  -4.444 0.0000000000
116672  4.005  -62.059  -4.959 0.0000000000
14891  -2.249  -46.492  9.681 0.0000000000
111007  -1.838  -47.721  8.972 0.0000000000
7750  2.389  -58.250  6.190 0.0000000000
7771  3.220  -58.715  4.501 0.0000000000
8330  1.732  -58.086  6.370 0.0000000000
9552  -0.302  -55.841  6.476 0.0000000000
123104  1.438  -56.247  6.476 0.0000000000
9550  1.496  -55.679  6.506 0.0000000000
9568  3.529  -55.258  5.455 0.0000000000
111670  2.270  -54.168  6.498 0.0000000000
19104  14.936  -40.735  5.718 0.0000000000
18272  13.526  -41.193  6.396 0.0000000000
19062  16.017  -39.968  7.682 0.0000000000
22092  16.939  -36.230  6.656 0.0000000000
125273  15.222  -37.912  7.415 0.0000000000
21348  15.393  -37.134  5.683 0.0000000000
21360  14.075  -37.849  3.861 0.0000000000
22105  15.526  -36.248  3.855 0.0000000000
5247  1.745  -63.646  3.739 0.0000000000
5231  1.112  -63.158  4.671 0.0000000000
11542  11.694  -51.960  5.006 0.0000000000
112489  12.553  -51.466  8.064 0.0000000000
12076  12.020  -51.211  8.211 0.0000000000
13262  15.287  -50.077  7.100 0.0000000000
2486  5.050  -70.123  -4.712 0.0000000000
2102  4.995  -71.372  -2.596 0.0000000000
2485  5.304  -70.003  -4.178 0.0000000000
3644  3.464  -67.524  -3.637 0.0000000000
3239  4.565  -68.444  -2.860 0.0000000000
3227  4.989  -67.520  -2.553 0.0000000000
107932  7.312  -67.874  -1.797 0.0000000000
3642  5.229  -66.539  -2.736 0.0000000000
5807  7.837  -62.328  -2.974 0.0000000000
6278  7.443  -61.139  -4.514 0.0000000000
27874  21.868  -29.372  6.155 0.0000000000
27862  20.996  -29.008  7.146 0.0000000000
6738  -1.504  -60.077  -2.844 0.0000000000
6270  -0.318  -61.687  -3.201 0.0000000000
6717  -0.843  -60.830  -2.178 0.0000000000
6226  1.701  -61.884  -0.197 0.0000000000
6240  1.460  -61.937  -1.155 0.0000000000
6239  2.268  -62.140  -0.992 0.0000000000
5772  2.890  -62.302  -1.612 0.0000000000
6225  3.401  -62.388  -0.242 0.0000000000
7776  3.921  -58.466  3.487 0.0000000000
7218  3.336  -59.374  2.445 0.0000000000
7795  3.981  -58.795  2.824 0.0000000000
111660  5.238  -60.247  1.549 0.0000000000
6199  4.865  -61.137  1.322 0.0000000000
5727  5.457  -62.141  1.228 0.0000000000
5742  4.866  -62.601  0.576 0.0000000000
5740  6.527  -63.032  0.949 0.0000000000
115226  7.327  -62.769  0.208 0.0000000000
5739  7.325  -62.772  1.036 0.0000000000
11483  2.103  -52.112  9.105 0.0000000000
11484  1.110  -51.966  9.244 0.0000000000
12650  2.155  -50.664  9.917 0.0000000000
14329  1.167  -47.209  10.275 0.0000000000
114053  0.706  -49.037  11.197 0.0000000000
14315  0.023  -47.735  11.807 0.0000000000
14864  -1.169  -46.937  12.450 0.0000000000
15416  0.863  -45.370  11.135 0.0000000000
18219  10.446  -41.387  9.661 0.0000000000
17488  7.373  -41.874  9.842 0.0000000000
18221  8.313  -40.691  10.102 0.0000000000
18259  5.408  -42.062  7.644 0.0000000000
27864  19.396  -29.103  7.043 0.0000000000
106925  19.205  -31.516  5.992 0.0000000000
27026  18.313  -30.242  6.487 0.0000000000
28706  15.809  -28.960  5.191 0.0000000000
25330  16.209  -31.868  5.156 0.0000000000
25331  15.432  -32.061  4.978 0.0000000000
23726  14.210  -33.694  5.289 0.0000000000
25333  14.508  -32.446  4.615 0.0000000000
120670  0.547  -73.860  -1.530 0.0000000000
1207  0.228  -74.902  -1.440 0.0000000000
102648  0.272  -73.347  -4.312 0.0000000000
100989  1.510  -73.155  -6.194 0.0000000000
2117  1.867  -71.692  -5.064 0.0000000000
123194  0.440  -69.485  -7.794 0.0000000000
120578  1.459  -70.304  -8.395 0.0000000000
3316  0.854  -68.147  -9.141 0.0000000000
103209  0.546  -66.667  -9.074 0.0000000000
117589  -0.672  -65.667  -9.148 0.0000000000
5340  -4.000  -63.423  -4.740 0.0000000000
4933  -4.570  -64.459  -6.081 0.0000000000
5357  -3.246  -62.989  -6.424 0.0000000000
5861  -2.754  -62.223  -7.445 0.0000000000
6788  -3.308  -60.153  -5.767 0.0000000000
7329  -2.102  -58.840  -5.278 0.0000000000
6772  -4.175  -58.898  -4.123 0.0000000000
6702  -4.734  -59.889  0.018 0.0000000000
6701  -3.996  -58.712  -0.861 0.0000000000
7246  -3.987  -58.198  0.648 0.0000000000
7815  -2.291  -58.072  1.143 0.0000000000
7232  -3.432  -58.278  1.219 0.0000000000
5235  -3.207  -64.136  5.578 0.0000000000
5252  -4.907  -63.763  3.973 0.0000000000
5713  -2.667  -62.579  3.810 0.0000000000
109452  -0.427  -60.151  3.515 0.0000000000
7204  -1.269  -59.629  3.282 0.0000000000
7203  -0.351  -58.965  3.383 0.0000000000
7780  -0.169  -57.624  3.261 0.0000000000
7202  1.251  -58.977  3.407 0.0000000000
7201  2.197  -59.494  3.750 0.0000000000
7186  2.476  -59.751  5.568 0.0000000000
117293  0.177  -62.918  8.130 0.0000000000
103308  0.532  -62.413  8.202 0.0000000000
102493  -0.696  -62.019  8.223 0.0000000000
102673  -1.553  -60.807  8.149 0.0000000000
7714  -0.044  -60.027  8.095 0.0000000000
6620  6.026  -59.925  5.783 0.0000000000
112378  4.631  -60.709  5.868 0.0000000000
6611  5.308  -59.776  6.689 0.0000000000
8329  8.973  -57.182  6.659 0.0000000000
8883  6.410  -56.884  8.093 0.0000000000
8882  6.985  -57.169  7.694 0.0000000000
7711  5.451  -58.157  8.082 0.0000000000
7738  4.982  -58.913  7.740 0.0000000000
7712  4.662  -58.355  8.169 0.0000000000
7146  3.467  -59.676  8.257 0.0000000000
8293  4.338  -57.739  8.397 0.0000000000
10093  4.406  -54.724  8.474 0.0000000000
109788  3.902  -55.473  8.619 0.0000000000
10094  3.608  -54.733  8.532 0.0000000000
110302  2.242  -55.444  8.565 0.0000000000
10095  2.852  -54.323  8.492 0.0000000000
10837  3.009  -53.295  8.509 0.0000000000
10836  3.921  -53.152  8.311 0.0000000000
13270  7.540  -49.586  7.609 0.0000000000
104742  5.921  -50.435  7.963 0.0000000000
13831  7.805  -48.740  7.447 0.0000000000
13832  6.891  -48.486  7.475 0.0000000000
14353  8.193  -48.207  6.762 0.0000000000
13281  13.228  -49.162  6.875 0.0000000000
13826  11.973  -48.853  6.688 0.0000000000
14369  12.995  -47.948  6.210 0.0000000000
16089  16.336  -44.239  5.539 0.0000000000
15465  13.642  -45.847  5.611 0.0000000000
15477  14.035  -44.916  5.578 0.0000000000
15479  12.262  -44.933  5.450 0.0000000000
16753  15.060  -43.165  4.980 0.0000000000
17518  14.853  -42.121  4.563 0.0000000000
116034  16.712  -41.875  4.598 0.0000000000
110069  23.826  -37.984  5.091 0.0000000000
20623  21.570  -39.060  4.542 0.0000000000
21342  23.305  -37.208  4.994 0.0000000000
22086  22.711  -36.358  5.112 0.0000000000
22878  24.517  -34.935  4.972 0.0000000000
115274  24.024  -30.484  4.670 0.0000000000
27021  22.273  -29.915  7.277 0.0000000000
87  7.363  -82.181  -3.491 0.0000000000
102947  8.695  -83.044  -3.448 0.0000000000
42  8.823  -82.663  -5.624 0.0000000000
155  9.023  -81.253  -6.466 0.0000000000
1189  7.005  -74.323  -0.658 0.0000000000
945  7.407  -75.539  -1.128 0.0000000000
1214  7.721  -74.887  -1.825 0.0000000000
1240  7.286  -74.357  -6.639 0.0000000000
106806  7.314  -75.748  -5.510 0.0000000000
762  7.899  -76.422  -6.974 0.0000000000
107661  8.623  -77.123  -6.763 0.0000000000
989  8.216  -75.584  -7.601 0.0000000000
1247  9.873  -74.706  -6.632 0.0000000000
1256  8.473  -74.177  -7.866 0.0000000000
115549  9.577  -71.309  -9.012 0.0000000000
5328  0.622  -63.315  -3.737 0.0000000000
4918  0.586  -64.983  -4.634 0.0000000000
5337  0.878  -63.986  -4.244 0.0000000000
4945  2.993  -64.123  -6.824 0.0000000000
4519  3.388  -64.880  -6.525 0.0000000000
4518  4.384  -65.004  -6.373 0.0000000000
115463  5.917  -65.233  -5.227 0.0000000000
4517  5.404  -64.951  -6.092 0.0000000000
122524  5.992  -60.029  -7.718 0.0000000000
6822  4.823  -60.979  -7.732 0.0000000000
4531  8.874  -65.281  -7.277 0.0000000000
4973  7.809  -63.656  -7.543 0.0000000000
4532  8.169  -65.598  -6.810 0.0000000000
113761  7.834  -66.886  -6.983 0.0000000000
4114  7.383  -67.317  -8.118 0.0000000000
3314  8.351  -69.242  -8.446 0.0000000000
3702  8.479  -68.279  -8.415 0.0000000000
12083  -1.084  -51.224  9.045 0.0000000000
10842  -3.336  -53.632  8.844 0.0000000000
12085  -2.331  -50.955  8.341 0.0000000000
12677  1.153  -49.770  7.458 0.0000000000
12101  0.262  -50.765  7.712 0.0000000000
12117  1.674  -51.201  6.723 0.0000000000
111505  2.536  -52.752  5.371 0.0000000000
11551  1.412  -52.161  4.630 0.0000000000
7754  -2.890  -60.539  7.026 0.0000000000
108191  -0.653  -58.973  6.535 0.0000000000
117749  -3.022  -59.309  6.755 0.0000000000
8334  -3.411  -58.436  6.656 0.0000000000
113418  -2.307  -56.147  6.146 0.0000000000
20588  19.205  -38.265  7.714 0.0000000000
19841  17.368  -38.823  8.410 0.0000000000
22062  19.312  -36.702  8.136 0.0000000000
22862  18.392  -35.853  8.174 0.0000000000
118555  18.645  -34.987  5.889 0.0000000000
3279  1.336  -68.209  -7.037 0.0000000000
107486  3.870  -68.967  -5.136 0.0000000000
3664  0.885  -68.006  -5.445 0.0000000000
4081  1.014  -66.997  -5.385 0.0000000000
4080  1.694  -67.379  -5.079 0.0000000000
7252  -1.609  -59.498  0.196 0.0000000000
109323  -0.969  -60.894  -1.184 0.0000000000
6685  -0.559  -60.195  0.609 0.0000000000
6684  0.384  -60.679  0.940 0.0000000000
6682  2.235  -60.971  0.932 0.0000000000
8364  4.887  -56.961  3.403 0.0000000000
7794  4.844  -58.511  2.571 0.0000000000
7793  5.420  -57.839  2.548 0.0000000000
120880  5.663  -58.374  1.941 0.0000000000
123346  6.273  -59.437  1.238 0.0000000000
6664  7.546  -60.677  1.418 0.0000000000
7224  6.735  -59.241  0.832 0.0000000000
7812  7.149  -59.253  0.075 0.0000000000
8395  6.803  -58.609  -0.334 0.0000000000
13238  4.364  -49.056  9.684 0.0000000000
13240  2.622  -49.412  10.209 0.0000000000
118392  3.172  -48.427  9.172 0.0000000000
14346  2.933  -46.808  8.322 0.0000000000
15432  2.700  -45.976  8.591 0.0000000000
110691  10.567  -40.896  5.263 0.0000000000
18277  8.492  -41.104  7.020 0.0000000000
18302  8.726  -40.960  4.973 0.0000000000
19118  7.283  -40.188  4.713 0.0000000000
28704  17.585  -28.744  5.650 0.0000000000
28735  17.851  -28.107  4.195 0.0000000000
113610  2.070  -70.480  -3.470 0.0000000000
121871  0.966  -70.421  -4.289 0.0000000000
115122  -0.167  -70.550  -5.675 0.0000000000
2535  -1.711  -70.065  -7.209 0.0000000000
4083  -5.668  -66.469  -4.795 0.0000000000
4908  -5.186  -64.999  -3.901 0.0000000000
5818  -4.280  -62.820  -3.266 0.0000000000
5795  -4.194  -61.676  -3.139 0.0000000000
123115  -4.472  -62.793  -1.591 0.0000000000
111981  -4.935  -61.886  0.357 0.0000000000
6200  -5.143  -60.674  1.609 0.0000000000
5698  -0.362  -62.817  4.638 0.0000000000
5712  -1.713  -62.500  3.965 0.0000000000
6175  -0.026  -62.056  4.424 0.0000000000
6639  0.915  -60.820  4.324 0.0000000000
6638  1.615  -60.490  4.843 0.0000000000
102981  1.707  -60.832  5.663 0.0000000000
101111  1.510  -63.279  8.622 0.0000000000
101118  1.056  -62.300  8.815 0.0000000000
9567  8.897  -55.041  5.732 0.0000000000
9546  8.780  -55.917  6.184 0.0000000000
9547  8.352  -55.429  6.327 0.0000000000
9532  7.367  -55.873  7.325 0.0000000000
9533  6.666  -55.643  7.766 0.0000000000
9519  5.576  -56.049  8.424 0.0000000000
10107  5.714  -54.856  8.050 0.0000000000
107008  5.809  -54.231  7.553 0.0000000000
11512  5.416  -52.771  7.479 0.0000000000
12099  5.749  -51.911  7.611 0.0000000000
12098  6.567  -51.699  7.424 0.0000000000
12675  7.524  -50.531  7.466 0.0000000000
13268  9.146  -49.373  7.332 0.0000000000
108181  17.555  -46.232  6.326 0.0000000000
14919  15.468  -46.309  5.918 0.0000000000
16077  18.424  -44.428  5.915 0.0000000000
16742  18.623  -43.565  5.581 0.0000000000
17514  19.231  -42.092  5.331 0.0000000000
18286  19.591  -41.393  5.250 0.0000000000
18284  21.127  -41.124  5.325 0.0000000000
20620  24.301  -38.831  5.269 0.0000000000
22082  26.475  -36.561  5.597 0.0000000000
105124  7.393  -81.084  -0.930 0.0000000000
231  7.240  -80.001  -1.030 0.0000000000
363  7.246  -79.318  -1.453 0.0000000000
365  7.438  -78.858  -2.877 0.0000000000
1795  9.010  -72.050  -2.242 0.0000000000
1499  7.905  -73.785  -3.328 0.0000000000
1805  8.326  -73.095  -3.673 0.0000000000
122739  7.856  -72.709  -5.525 0.0000000000
1517  7.537  -73.700  -7.135 0.0000000000
1525  7.993  -73.868  -7.940 0.0000000000
1835  8.439  -72.578  -7.665 0.0000000000
2164  9.115  -71.149  -8.710 0.0000000000
124074  9.013  -70.596  -9.257 0.0000000000
5813  2.335  -62.763  -3.267 0.0000000000
5336  1.781  -63.520  -4.677 0.0000000000
5847  2.581  -62.959  -5.290 0.0000000000
107933  2.886  -62.585  -6.267 0.0000000000
5859  3.163  -62.622  -7.066 0.0000000000
12632  -2.963  -50.545  11.250 0.0000000000
112941  -1.360  -50.082  9.334 0.0000000000
13820  -1.750  -48.715  9.417 0.0000000000
13819  -0.282  -48.837  9.034 0.0000000000
7200  2.820  -59.187  3.752 0.0000000000
7797  1.603  -58.444  2.917 0.0000000000
7777  3.345  -58.790  3.742 0.0000000000
7770  3.732  -58.208  4.195 0.0000000000
8357  3.834  -57.405  4.508 0.0000000000
8922  1.354  -56.825  6.463 0.0000000000
8941  3.039  -56.717  6.139 0.0000000000
8946  3.858  -56.540  4.694 0.0000000000
9585  4.051  -56.122  4.049 0.0000000000
107982  3.729  -55.534  3.943 0.0000000000
9593  3.819  -55.465  3.187 0.0000000000
16746  9.874  -44.028  6.622 0.0000000000
16730  9.188  -43.877  7.353 0.0000000000
16729  10.550  -43.403  7.778 0.0000000000
17467  11.793  -42.405  7.168 0.0000000000
113080  12.147  -40.697  6.831 0.0000000000
20591  15.551  -38.838  7.904 0.0000000000
20609  13.954  -38.906  7.023 0.0000000000
19084  12.641  -40.263  5.894 0.0000000000
19888  12.404  -39.528  4.167 0.0000000000
20649  12.198  -38.288  3.476 0.0000000000
119398  11.905  -37.530  3.477 0.0000000000
4807  -2.511  -65.281  5.896 0.0000000000
4804  -0.628  -64.108  4.435 0.0000000000
5233  -0.453  -63.676  4.657 0.0000000000
5697  0.412  -62.603  4.781 0.0000000000
5684  1.769  -62.227  5.187 0.0000000000
6165  3.257  -61.148  6.010 0.0000000000
10882  10.273  -53.580  4.731 0.0000000000
107537  10.192  -52.705  5.028 0.0000000000
12112  10.485  -51.151  6.069 0.0000000000
12691  9.987  -50.585  6.493 0.0000000000
12689  11.635  -50.987  7.450 0.0000000000
13264  13.344  -49.946  7.382 0.0000000000
13844  15.206  -48.509  6.264 0.0000000000
13842  16.818  -48.481  6.055 0.0000000000
113430  17.481  -47.208  6.277 0.0000000000
15459  20.396  -45.397  6.497 0.0000000000
16737  23.120  -43.727  6.679 0.0000000000
1494  3.065  -73.924  -3.142 0.0000000000
947  4.678  -75.037  -1.420 0.0000000000
1787  4.943  -73.201  -1.714 0.0000000000
1786  5.668  -73.140  -0.890 0.0000000000
2092  6.492  -71.605  -0.640 0.0000000000
2842  5.116  -69.584  -3.677 0.0000000000
2461  6.281  -69.746  -1.620 0.0000000000
2091  7.698  -71.464  -0.738 0.0000000000
2446  8.638  -70.309  -1.584 0.0000000000
3224  8.669  -68.414  -2.005 0.0000000000
3640  8.979  -67.296  -3.239 0.0000000000
5809  6.115  -62.454  -3.626 0.0000000000
107390  5.486  -62.259  -4.360 0.0000000000
5826  6.215  -62.116  -4.381 0.0000000000
6296  5.983  -60.623  -5.554 0.0000000000
26138  21.550  -31.766  6.460 0.0000000000
25325  21.162  -32.340  5.879 0.0000000000
27023  20.773  -29.788  7.566 0.0000000000
27863  20.278  -28.981  7.259 0.0000000000
114375  -0.616  -61.233  -5.493 0.0000000000
110666  -0.373  -63.131  -4.298 0.0000000000
5816  -0.304  -62.486  -3.756 0.0000000000
5815  0.311  -62.607  -3.163 0.0000000000
5794  0.825  -62.346  -2.499 0.0000000000
6241  0.630  -61.699  -1.378 0.0000000000
6254  1.200  -62.116  -1.866 0.0000000000
5793  1.747  -62.453  -2.480 0.0000000000
5792  2.656  -62.450  -2.408 0.0000000000
5791  3.506  -62.414  -2.226 0.0000000000
5790  4.422  -62.444  -2.080 0.0000000000
7804  2.102  -58.961  2.559 0.0000000000
7241  1.905  -60.246  1.475 0.0000000000
6681  3.118  -61.191  0.888 0.0000000000
7803  4.273  -59.376  2.152 0.0000000000
6680  4.003  -61.122  1.146 0.0000000000
106205  3.692  -61.821  0.796 0.0000000000
5756  4.274  -62.513  -0.270 0.0000000000
5770  4.818  -62.498  -1.139 0.0000000000
108004  5.388  -62.556  -1.958 0.0000000000
5789  6.355  -62.745  -1.885 0.0000000000
5767  7.750  -62.687  -1.512 0.0000000000
5766  8.495  -62.555  -1.189 0.0000000000
6196  8.231  -61.305  1.204 0.0000000000
110299  -0.162  -54.271  8.621 0.0000000000
9524  -1.045  -54.942  8.680 0.0000000000
10840  -0.489  -53.272  8.590 0.0000000000
12067  0.138  -51.307  9.484 0.0000000000
12652  -0.239  -50.783  9.905 0.0000000000
13241  1.825  -49.751  10.572 0.0000000000
12629  0.632  -50.007  11.409 0.0000000000
12622  -1.032  -50.121  12.406 0.0000000000
13793  -3.458  -48.761  12.802 0.0000000000
14866  -2.764  -46.768  11.990 0.0000000000
16732  7.284  -43.935  8.174 0.0000000000
108382  5.992  -43.506  8.837 0.0000000000
118282  3.222  -44.531  8.703 0.0000000000
18238  6.580  -40.874  9.943 0.0000000000
112061  5.138  -42.916  8.014 0.0000000000
16693  2.052  -44.364  9.383 0.0000000000
16695  0.999  -44.186  9.956 0.0000000000
24531  20.312  -33.162  5.492 0.0000000000
24532  19.414  -33.340  5.313 0.0000000000
24546  17.763  -33.806  4.749 0.0000000000
27035  17.576  -30.581  6.031 0.0000000000
24534  16.880  -32.570  5.129 0.0000000000
23735  16.567  -34.438  4.537 0.0000000000
116251  15.426  -35.323  4.139 0.0000000000
22897  13.021  -35.394  4.849 0.0000000000
350  3.732  -78.003  0.332 0.0000000000
727  2.675  -76.072  -0.964 0.0000000000
927  2.196  -75.754  0.754 0.0000000000
949  1.506  -75.474  -1.612 0.0000000000
961  2.245  -75.070  -2.896 0.0000000000
1799  2.791  -73.212  -4.324 0.0000000000
1806  3.345  -72.268  -3.900 0.0000000000
2521  4.362  -70.559  -7.030 0.0000000000
2508  2.137  -71.568  -5.991 0.0000000000
2531  2.888  -70.900  -8.078 0.0000000000
2889  3.402  -69.433  -7.685 0.0000000000
3692  0.867  -66.741  -8.294 0.0000000000
101074  0.939  -64.826  -7.719 0.0000000000
107645  0.417  -63.236  -8.437 0.0000000000
104450  -1.874  -68.097  -8.146 0.0000000000
4099  -5.911  -66.386  -7.396 0.0000000000
102969  -4.608  -66.347  -8.322 0.0000000000
117588  -3.204  -65.933  -8.428 0.0000000000
4963  -0.899  -63.994  -9.241 0.0000000000
5894  -0.252  -62.247  -8.635 0.0000000000
6299  -0.222  -61.136  -6.704 0.0000000000
7313  -0.681  -59.457  -5.237 0.0000000000
7293  -1.484  -58.831  -4.388 0.0000000000
7280  -2.663  -59.257  -2.568 0.0000000000
6739  -3.997  -59.100  -2.545 0.0000000000
114394  -3.430  -58.788  -1.865 0.0000000000
7266  -2.796  -59.305  -1.335 0.0000000000
124574  -1.545  -58.523  0.663 0.0000000000
7814  -1.480  -58.041  1.079 0.0000000000
8389  -0.366  -57.338  2.582 0.0000000000
5253  -5.616  -64.072  3.314 0.0000000000
5722  -5.131  -62.173  2.705 0.0000000000
6661  -4.768  -60.079  2.679 0.0000000000
6186  -2.431  -61.571  3.474 0.0000000000
6652  -3.177  -60.386  3.188 0.0000000000
7220  -2.618  -58.983  2.368 0.0000000000
7801  -1.940  -58.226  2.012 0.0000000000
7799  -0.205  -56.994  3.047 0.0000000000
8366  0.682  -57.566  3.044 0.0000000000
7778  1.694  -58.614  3.166 0.0000000000
123579  2.730  -59.104  5.548 0.0000000000
7751  1.656  -59.187  6.358 0.0000000000
7177  1.013  -61.359  6.628 0.0000000000
7178  -0.745  -62.097  6.915 0.0000000000
7753  -1.845  -60.980  6.754 0.0000000000
103353  -2.318  -60.182  7.799 0.0000000000
103617  -1.909  -59.321  8.009 0.0000000000
8297  -0.843  -57.821  8.334 0.0000000000
6164  4.083  -60.953  6.357 0.0000000000
101112  4.500  -61.802  7.942 0.0000000000
7164  7.870  -59.070  7.317 0.0000000000
108505  8.265  -57.064  7.035 0.0000000000
7736  7.482  -58.379  7.479 0.0000000000
7166  6.242  -58.960  6.978 0.0000000000
7737  5.305  -59.341  7.249 0.0000000000
6612  4.246  -60.882  7.952 0.0000000000
117745  4.663  -62.369  9.069 0.0000000000
101115  3.410  -60.968  8.840 0.0000000000
124637  2.383  -60.273  8.453 0.0000000000
122448  2.001  -58.864  8.313 0.0000000000
110312  3.784  -56.430  8.589 0.0000000000
8885  2.838  -56.866  8.588 0.0000000000
8295  1.883  -57.820  8.473 0.0000000000
110925  1.231  -57.528  8.540 0.0000000000
110308  0.658  -55.981  8.579 0.0000000000
9523  0.259  -55.139  8.544 0.0000000000
112857  1.258  -53.806  8.504 0.0000000000
120247  2.763  -52.548  8.758 0.0000000000
12064  3.354  -51.082  9.136 0.0000000000
12079  5.303  -51.170  8.085 0.0000000000
12659  4.831  -50.708  8.772 0.0000000000
12648  4.365  -50.080  9.127 0.0000000000
117915  5.595  -48.833  8.617 0.0000000000
116252  6.602  -47.693  7.214 0.0000000000
15470  8.229  -45.622  5.541 0.0000000000
12672  10.499  -50.066  6.812 0.0000000000
13267  9.973  -49.469  6.986 0.0000000000
13848  10.694  -48.146  6.289 0.0000000000
14920  14.053  -46.713  5.787 0.0000000000
120072  11.893  -47.320  5.892 0.0000000000
14371  10.161  -47.418  5.868 0.0000000000
116528  10.499  -46.522  5.592 0.0000000000
15469  9.905  -45.638  5.390 0.0000000000
16082  9.928  -44.675  5.738 0.0000000000
17520  12.344  -42.996  4.390 0.0000000000
18290  15.269  -41.170  4.770 0.0000000000
121168  17.547  -39.629  5.366 0.0000000000
19099  19.427  -40.441  5.165 0.0000000000
19870  18.759  -39.433  5.353 0.0000000000
20626  19.071  -38.772  5.732 0.0000000000
21345  20.317  -36.988  5.273 0.0000000000
22880  22.040  -35.410  5.502 0.0000000000
113439  22.197  -33.850  5.634 0.0000000000
21311  27.643  -37.457  7.890 0.0000000000
22071  27.781  -36.697  6.796 0.0000000000
119796  27.730  -35.633  5.944 0.0000000000
23717  27.521  -33.843  5.127 0.0000000000
24512  28.970  -31.245  4.896 0.0000000000
23718  26.443  -33.716  4.739 0.0000000000
23719  25.019  -33.725  4.811 0.0000000000
24527  23.470  -32.483  5.118 0.0000000000
24528  22.417  -32.806  5.429 0.0000000000
26126  22.171  -30.921  7.096 0.0000000000
110441  22.058  -29.727  7.157 0.0000000000
103025  7.997  -82.357  -0.934 0.0000000000
148  9.612  -81.637  -1.943 0.0000000000
933  6.281  -75.740  -0.608 0.0000000000
738  7.213  -77.386  -1.648 0.0000000000
105140  7.464  -78.050  -4.024 0.0000000000
968  7.362  -75.483  -3.496 0.0000000000
535  7.441  -77.438  -4.908 0.0000000000
368  8.061  -78.823  -5.943 0.0000000000
370  8.583  -78.772  -6.204 0.0000000000
755  9.437  -77.212  -6.440 0.0000000000
1524  9.286  -73.190  -7.705 0.0000000000
4919  -0.002  -65.321  -4.839 0.0000000000
109392  1.011  -66.255  -5.354 0.0000000000
4502  1.844  -66.254  -5.470 0.0000000000
4931  1.947  -64.709  -5.988 0.0000000000
110943  2.883  -65.622  -5.990 0.0000000000
4501  3.803  -66.030  -5.350 0.0000000000
4470  5.344  -65.730  -3.412 0.0000000000
4468  7.132  -65.441  -3.768 0.0000000000
3655  8.903  -67.426  -4.414 0.0000000000
5846  3.946  -61.494  -5.647 0.0000000000
5874  3.917  -62.166  -7.407 0.0000000000
5379  4.762  -63.105  -7.928 0.0000000000
5394  6.369  -62.842  -8.572 0.0000000000
5378  5.805  -63.331  -8.006 0.0000000000
4942  5.999  -64.451  -6.756 0.0000000000
4515  7.042  -65.344  -5.999 0.0000000000
3662  8.028  -67.130  -6.037 0.0000000000
106050  8.365  -68.620  -5.917 0.0000000000
2885  8.752  -69.512  -6.915 0.0000000000
2920  8.562  -69.880  -9.098 0.0000000000
121337  -4.010  -55.748  10.177 0.0000000000
9536  -4.247  -55.800  7.101 0.0000000000
108513  -2.810  -54.234  6.222 0.0000000000
12103  -2.325  -50.802  8.032 0.0000000000
11534  -0.999  -52.322  7.135 0.0000000000
10875  0.737  -53.439  6.842 0.0000000000
110662  2.742  -53.339  6.363 0.0000000000
10895  3.211  -53.891  4.234 0.0000000000
10156  3.219  -54.938  2.658 0.0000000000
11557  1.044  -53.061  3.311 0.0000000000
10157  2.335  -54.588  2.309 0.0000000000
125661  3.822  -54.701  1.881 0.0000000000
10186  5.044  -54.774  0.856 0.0000000000
8890  -2.699  -56.631  8.899 0.0000000000
23722  21.825  -34.548  5.878 0.0000000000
114654  21.110  -34.434  6.260 0.0000000000
113438  21.488  -33.852  5.972 0.0000000000
5356  -0.510  -64.060  -5.952 0.0000000000
118811  -0.221  -64.976  -5.697 0.0000000000
7806  0.270  -57.774  2.235 0.0000000000
7805  1.194  -58.320  2.407 0.0000000000
9591  5.797  -55.566  2.517 0.0000000000
10153  6.184  -55.240  2.104 0.0000000000
10154  5.474  -54.995  2.243 0.0000000000
15471  7.208  -45.618  5.848 0.0000000000
15472  6.504  -45.569  6.416 0.0000000000
16085  6.941  -44.884  6.497 0.0000000000
4443  -6.166  -66.449  -0.902 0.0000000000
4434  -6.341  -66.215  0.148 0.0000000000
4412  -6.249  -66.457  1.229 0.0000000000
102650  3.552  -63.432  8.222 0.0000000000
117564  4.451  -62.670  8.538 0.0000000000
11529  8.694  -52.571  6.041 0.0000000000
12114  8.670  -51.702  6.474 0.0000000000
18266  25.171  -41.227  6.683 0.0000000000
18267  23.650  -41.848  6.008 0.0000000000
107562  25.038  -40.901  5.955 0.0000000000
19856  25.062  -40.202  5.715 0.0000000000
19854  26.352  -39.732  6.595 0.0000000000
726  3.560  -76.327  -1.042 0.0000000000
107683  4.699  -77.710  -0.513 0.0000000000
935  4.523  -76.056  -0.924 0.0000000000
2503  9.677  -69.630  -4.497 0.0000000000
2484  9.502  -70.541  -4.379 0.0000000000
2504  9.356  -70.249  -5.275 0.0000000000
2874  9.363  -69.467  -5.340 0.0000000000
110769  4.618  -62.341  -4.346 0.0000000000
9551  0.532  -55.355  6.521 0.0000000000
9549  2.489  -55.130  6.364 0.0000000000
10119  1.489  -54.831  6.542 0.0000000000
19081  16.217  -40.114  6.551 0.0000000000
19082  15.266  -40.393  7.058 0.0000000000
19859  16.932  -39.662  7.376 0.0000000000
123294  17.184  -35.857  5.500 0.0000000000
21347  16.128  -36.740  6.069 0.0000000000
22093  15.925  -36.584  4.780 0.0000000000
12075  12.864  -51.334  8.148 0.0000000000
2875  4.845  -69.883  -5.569 0.0000000000
2474  5.322  -70.188  -3.949 0.0000000000
2876  4.457  -69.590  -5.839 0.0000000000
4064  3.161  -67.034  -4.213 0.0000000000
3643  4.106  -67.223  -2.927 0.0000000000
4043  4.404  -66.272  -3.456 0.0000000000
123518  8.444  -62.211  -2.720 0.0000000000
6268  7.847  -61.714  -3.783 0.0000000000
28700  22.536  -29.302  5.165 0.0000000000
27893  22.744  -29.956  5.207 0.0000000000
105482  2.576  -62.239  -0.183 0.0000000000
118726  4.432  -58.212  3.156 0.0000000000
6666  5.764  -61.049  1.422 0.0000000000
5726  6.159  -62.700  1.184 0.0000000000
5725  6.741  -62.668  1.268 0.0000000000
12065  2.543  -51.241  9.331 0.0000000000
14882  1.601  -46.228  10.023 0.0000000000
14314  0.648  -47.209  11.148 0.0000000000
111653  0.108  -46.806  11.616 0.0000000000
15424  1.352  -45.599  10.638 0.0000000000
19052  10.584  -40.586  8.534 0.0000000000
18220  9.456  -40.805  10.149 0.0000000000
18236  9.614  -40.456  9.095 0.0000000000
28685  19.019  -28.538  6.335 0.0000000000
27865  18.572  -29.322  6.652 0.0000000000
27894  15.025  -29.215  4.955 0.0000000000
27038  15.438  -30.530  4.907 0.0000000000
26144  15.199  -31.394  4.749 0.0000000000
25332  14.891  -32.266  4.780 0.0000000000
27039  14.883  -30.759  4.622 0.0000000000
1491  1.876  -72.689  -1.361 0.0000000000
103723  0.526  -73.319  -2.890 0.0000000000
119180  0.670  -72.525  -4.163 0.0000000000
2118  0.924  -72.247  -5.013 0.0000000000
2103  1.795  -71.568  -3.759 0.0000000000
3299  -0.444  -68.596  -8.148 0.0000000000
2903  0.538  -68.825  -8.557 0.0000000000
3317  0.051  -68.016  -8.819 0.0000000000
125446  0.017  -66.815  -9.302 0.0000000000
117808  -0.995  -66.660  -9.215 0.0000000000
5817  -4.024  -62.339  -4.201 0.0000000000
5358  -3.847  -63.631  -5.675 0.0000000000
5849  -3.629  -62.507  -5.333 0.0000000000
5862  -3.489  -61.770  -6.250 0.0000000000
6300  -4.031  -60.831  -5.543 0.0000000000
108778  -4.180  -59.648  -4.870 0.0000000000
119919  -4.577  -60.437  -4.885 0.0000000000
6686  -4.729  -59.891  0.936 0.0000000000
7247  -4.431  -58.839  0.331 0.0000000000
7233  -3.979  -58.611  1.420 0.0000000000
5250  -2.869  -63.444  4.624 0.0000000000
106088  0.522  -59.901  3.579 0.0000000000
109495  0.352  -58.501  3.405 0.0000000000
7192  2.220  -59.966  4.612 0.0000000000
103329  -0.373  -62.022  8.452 0.0000000000
8919  9.212  -56.507  6.128 0.0000000000
8292  5.851  -57.384  8.253 0.0000000000
115636  5.033  -57.570  8.377 0.0000000000
110260  3.035  -55.126  8.556 0.0000000000
112664  3.723  -54.011  8.396 0.0000000000
13269  8.401  -49.267  7.526 0.0000000000
13850  9.014  -48.214  6.578 0.0000000000
13845  13.645  -48.383  6.353 0.0000000000
14368  14.565  -47.664  6.017 0.0000000000
16751  16.927  -43.543  5.250 0.0000000000
16090  15.425  -44.094  5.410 0.0000000000
16752  15.971  -43.427  5.156 0.0000000000
16091  14.341  -43.854  5.235 0.0000000000
118973  16.372  -42.706  4.798 0.0000000000
118656  15.621  -42.648  4.751 0.0000000000
17516  17.708  -42.061  4.778 0.0000000000
21341  24.195  -37.252  5.248 0.0000000000
110256  22.929  -37.972  4.685 0.0000000000
22084  24.590  -36.517  5.287 0.0000000000
22085  23.689  -36.480  5.180 0.0000000000
151  7.364  -81.152  -3.673 0.0000000000
89  7.976  -82.426  -4.639 0.0000000000
156  8.179  -81.783  -5.818 0.0000000000
120223  9.084  -82.146  -6.335 0.0000000000
241  8.227  -80.782  -5.971 0.0000000000
1488  7.851  -74.155  -1.073 0.0000000000
1249  7.569  -75.060  -7.476 0.0000000000
984  7.685  -75.796  -7.315 0.0000000000
991  7.807  -75.557  -7.720 0.0000000000
765  7.971  -75.933  -7.635 0.0000000000
990  7.918  -75.304  -7.832 0.0000000000
1248  8.737  -74.832  -7.395 0.0000000000
112776  8.163  -74.927  -7.775 0.0000000000
4944  3.817  -64.288  -6.961 0.0000000000
123882  6.170  -60.179  -8.249 0.0000000000
6821  5.446  -60.420  -8.097 0.0000000000
4540  9.272  -65.996  -7.724 0.0000000000
4541  8.638  -66.332  -7.157 0.0000000000
4127  7.894  -66.840  -7.951 0.0000000000
4126  8.766  -66.944  -7.700 0.0000000000
124778  8.031  -67.675  -8.307 0.0000000000
12068  -1.083  -50.605  9.254 0.0000000000
11497  -1.929  -51.266  8.702 0.0000000000
12084  -1.846  -50.757  8.667 0.0000000000
12693  1.366  -50.054  6.732 0.0000000000
111207  1.131  -50.532  7.340 0.0000000000
12124  2.189  -51.815  6.338 0.0000000000
108188  -2.157  -59.372  6.578 0.0000000000
117662  -3.964  -58.569  7.038 0.0000000000
8925  -2.965  -57.051  6.273 0.0000000000
8335  -3.803  -57.563  6.673 0.0000000000
21330  19.615  -37.455  7.648 0.0000000000
22073  19.963  -36.360  7.647 0.0000000000
116719  20.346  -34.635  7.212 0.0000000000
22861  19.244  -35.643  8.043 0.0000000000
22883  19.592  -34.806  7.404 0.0000000000
22090  18.612  -35.346  7.469 0.0000000000
3675  0.666  -67.731  -6.884 0.0000000000
3267  1.368  -68.377  -5.973 0.0000000000
3268  0.657  -68.170  -6.039 0.0000000000
6683  1.361  -60.852  0.994 0.0000000000
8382  4.927  -57.709  3.058 0.0000000000
8381  5.567  -57.039  2.753 0.0000000000
8388  5.999  -57.417  2.212 0.0000000000
112583  5.609  -59.353  1.561 0.0000000000
7802  6.213  -58.698  1.211 0.0000000000
8975  6.947  -56.093  0.992 0.0000000000
7813  6.674  -58.362  0.511 0.0000000000
8396  6.875  -57.191  0.534 0.0000000000
110201  6.874  -56.619  0.172 0.0000000000
14325  5.021  -48.769  9.179 0.0000000000
13803  3.873  -48.873  9.670 0.0000000000
14326  4.100  -48.513  8.975 0.0000000000
15451  5.146  -45.598  7.338 0.0000000000
14345  3.631  -47.077  7.986 0.0000000000
14898  4.072  -46.406  7.651 0.0000000000
14899  3.386  -46.191  8.066 0.0000000000
15439  3.934  -45.490  7.879 0.0000000000
19115  10.673  -40.862  4.230 0.0000000000
18301  9.707  -40.965  4.793 0.0000000000
108822  9.860  -40.687  4.110 0.0000000000
19134  8.604  -39.925  4.124 0.0000000000
29529  16.007  -27.933  4.257 0.0000000000
2464  1.727  -70.180  -2.984 0.0000000000
2492  -1.213  -70.898  -5.430 0.0000000000
2524  -1.214  -70.382  -6.751 0.0000000000
2511  -1.923  -70.939  -6.307 0.0000000000
4069  -6.284  -67.023  -3.911 0.0000000000
4895  -5.442  -65.022  -2.965 0.0000000000
5316  -4.641  -63.968  -3.268 0.0000000000
5796  -4.447  -63.165  -2.371 0.0000000000
122948  -4.307  -62.437  -2.721 0.0000000000
5308  -4.716  -63.622  -1.474 0.0000000000
4874  -5.122  -63.598  0.679 0.0000000000
5757  -4.787  -62.872  0.068 0.0000000000
5743  -5.126  -62.580  1.023 0.0000000000
110134  -5.282  -61.571  1.339 0.0000000000
6632  2.163  -60.456  5.497 0.0000000000
117744  3.104  -63.104  8.932 0.0000000000
117886  2.057  -63.867  7.929 0.0000000000
10131  9.366  -54.150  5.202 0.0000000000
10132  8.605  -54.248  5.660 0.0000000000
10115  7.505  -54.443  6.555 0.0000000000
9534  5.980  -55.476  8.155 0.0000000000
10106  6.336  -54.896  7.659 0.0000000000
10873  6.804  -53.136  6.866 0.0000000000
10858  6.007  -53.418  7.252 0.0000000000
10859  5.204  -53.588  7.643 0.0000000000
11511  6.301  -52.537  7.277 0.0000000000
12096  8.212  -51.069  7.133 0.0000000000
12097  7.368  -51.379  7.288 0.0000000000
12674  8.523  -50.087  7.371 0.0000000000
15460  19.435  -45.082  6.259 0.0000000000
15462  17.887  -45.529  6.270 0.0000000000
118469  18.874  -44.729  6.090 0.0000000000
16741  19.575  -43.551  5.728 0.0000000000
17508  19.839  -42.734  5.618 0.0000000000
121941  19.157  -42.914  5.492 0.0000000000
18270  20.864  -41.836  5.555 0.0000000000
19080  22.065  -41.065  5.504 0.0000000000
20619  25.424  -38.711  5.578 0.0000000000
118929  25.472  -37.889  5.516 0.0000000000
109076  24.727  -37.997  5.310 0.0000000000
21339  25.912  -37.302  5.603 0.0000000000
355  5.755  -79.124  0.107 0.0000000000
121012  7.191  -79.479  -0.594 0.0000000000
529  7.096  -78.241  -0.926 0.0000000000
233  7.263  -79.992  -2.211 0.0000000000
531  7.296  -78.249  -1.926 0.0000000000
1804  8.847  -72.495  -3.119 0.0000000000
1817  8.435  -72.131  -5.167 0.0000000000
1811  7.934  -72.972  -4.818 0.0000000000
1510  7.451  -73.271  -6.016 0.0000000000
120962  7.604  -73.154  -6.599 0.0000000000
1836  8.121  -72.921  -7.616 0.0000000000
2147  7.979  -72.287  -6.796 0.0000000000
119213  8.990  -70.962  -7.299 0.0000000000
2157  8.977  -71.779  -7.873 0.0000000000
2180  9.230  -70.980  -9.210 0.0000000000
2542  8.713  -70.436  -9.070 0.0000000000
5830  2.399  -63.013  -4.236 0.0000000000
105136  3.204  -62.149  -5.452 0.0000000000
13243  -3.522  -49.713  10.954 0.0000000000
13242  -2.764  -50.013  10.570 0.0000000000
13806  -3.228  -48.644  10.482 0.0000000000
108920  0.126  -47.906  8.674 0.0000000000
113551  -1.001  -48.301  9.013 0.0000000000
13272  0.907  -49.103  7.657 0.0000000000
13834  1.357  -48.282  7.241 0.0000000000
113230  2.632  -58.976  3.204 0.0000000000
8358  3.390  -57.958  5.042 0.0000000000
8348  3.469  -57.072  5.366 0.0000000000
8331  0.258  -57.458  6.407 0.0000000000
112660  2.220  -56.233  6.382 0.0000000000
8940  3.528  -56.155  5.460 0.0000000000
10133  3.351  -54.444  5.556 0.0000000000
9580  3.810  -55.698  4.726 0.0000000000
16744  11.102  -43.500  6.475 0.0000000000
109868  10.483  -43.628  6.947 0.0000000000
17500  11.337  -43.129  7.031 0.0000000000
19063  13.833  -40.891  7.149 0.0000000000
18234  12.082  -42.129  6.596 0.0000000000
19049  13.030  -41.208  6.795 0.0000000000
19034  12.139  -41.368  7.306 0.0000000000
19065  12.810  -40.651  6.893 0.0000000000
20579  17.243  -37.816  8.701 0.0000000000
19842  16.273  -39.373  8.236 0.0000000000
20590  16.530  -38.411  8.446 0.0000000000
21333  14.847  -37.637  6.595 0.0000000000
20608  14.653  -38.407  7.268 0.0000000000
121151  13.545  -39.259  6.482 0.0000000000
19861  13.163  -39.816  6.123 0.0000000000
19873  13.179  -39.080  5.687 0.0000000000
19874  12.584  -39.643  5.297 0.0000000000
113342  13.403  -38.594  5.110 0.0000000000
21364  14.218  -37.295  3.656 0.0000000000
20640  12.703  -38.783  3.788 0.0000000000
21365  13.566  -37.577  3.571 0.0000000000
21366  12.675  -37.500  3.449 0.0000000000
22119  12.983  -36.680  3.595 0.0000000000
4806  -1.653  -64.922  5.197 0.0000000000
5248  0.944  -63.654  3.766 0.0000000000
5249  0.117  -64.081  4.009 0.0000000000
112532  1.624  -62.779  5.031 0.0000000000
5683  2.900  -61.770  5.384 0.0000000000
11549  11.149  -52.775  4.624 0.0000000000
11528  12.015  -51.508  6.074 0.0000000000
11543  10.802  -52.170  5.076 0.0000000000
12123  11.048  -51.561  5.626 0.0000000000
110554  10.080  -51.899  5.520 0.0000000000
12670  12.505  -50.703  8.046 0.0000000000
13280  13.987  -49.223  6.801 0.0000000000
114164  14.826  -49.285  6.680 0.0000000000
14364  18.204  -47.652  6.183 0.0000000000
14916  18.310  -46.845  6.443 0.0000000000
124720  19.080  -45.719  6.373 0.0000000000
108180  19.674  -45.857  6.539 0.0000000000
16073  22.585  -44.399  6.689 0.0000000000
17499  24.532  -42.689  7.101 0.0000000000
1798  4.047  -73.021  -2.920 0.0000000000
1490  4.184  -74.017  -2.057 0.0000000000
124939  5.338  -72.713  -1.364 0.0000000000
2093  5.520  -71.359  -1.386 0.0000000000
1785  6.504  -72.704  -0.686 0.0000000000
2449  6.179  -70.540  -0.953 0.0000000000
3257  2.937  -68.378  -4.990 0.0000000000
3226  5.506  -68.232  -2.349 0.0000000000
116010  6.033  -68.959  -1.980 0.0000000000
113746  6.968  -70.740  -0.606 0.0000000000
2448  6.973  -69.942  -0.904 0.0000000000
2447  7.792  -70.499  -0.879 0.0000000000
2821  7.854  -69.616  -1.201 0.0000000000
3626  7.764  -67.116  -2.102 0.0000000000
123112  8.078  -67.782  -1.847 0.0000000000
3625  8.583  -67.507  -2.396 0.0000000000
3237  9.328  -68.142  -2.895 0.0000000000
3641  8.208  -66.659  -2.718 0.0000000000
5808  7.028  -62.093  -3.864 0.0000000000
6279  6.580  -61.395  -4.808 0.0000000000
6784  6.655  -59.598  -6.025 0.0000000000
26127  21.181  -30.996  7.332 0.0000000000
28721  21.768  -29.431  5.224 0.0000000000
28701  20.803  -28.737  6.631 0.0000000000
119074  20.664  -28.562  5.935 0.0000000000
28684  19.992  -28.545  6.615 0.0000000000
119893  -0.659  -60.442  -5.183 0.0000000000
6281  -0.595  -61.279  -4.339 0.0000000000
6256  -0.252  -61.464  -2.428 0.0000000000
6716  -0.099  -61.284  -0.833 0.0000000000
7228  2.563  -59.677  2.032 0.0000000000
6669  2.832  -60.414  1.370 0.0000000000
7226  4.882  -59.677  1.773 0.0000000000
6667  4.332  -60.272  1.580 0.0000000000
6224  3.917  -62.382  0.452 0.0000000000
115993  5.768  -62.700  0.361 0.0000000000
111344  5.108  -62.612  -0.237 0.0000000000
5754  7.840  -62.640  -0.633 0.0000000000
5768  6.992  -62.725  -0.938 0.0000000000
121327  7.598  -60.084  1.263 0.0000000000
110910  0.469  -53.798  8.589 0.0000000000
10839  0.564  -53.046  8.733 0.0000000000
12066  1.573  -51.343  9.514 0.0000000000
11485  0.265  -52.022  8.799 0.0000000000
12640  0.482  -50.493  10.738 0.0000000000
13804  2.776  -48.815  9.916 0.0000000000
13229  1.670  -49.057  10.589 0.0000000000
13798  0.401  -48.795  12.069 0.0000000000
13231  0.459  -49.456  11.771 0.0000000000
116888  -0.359  -49.329  12.463 0.0000000000
13232  -0.138  -49.878  11.895 0.0000000000
13222  -1.593  -49.810  13.095 0.0000000000
115559  -2.217  -50.392  13.000 0.0000000000
14875  -1.266  -46.186  11.924 0.0000000000
14865  -1.980  -46.761  12.352 0.0000000000
14876  -2.230  -46.226  11.574 0.0000000000
14884  -2.242  -46.060  10.539 0.0000000000
15418  -1.606  -45.493  11.302 0.0000000000
16731  8.223  -43.945  7.833 0.0000000000
16716  7.830  -43.047  8.765 0.0000000000
16717  6.708  -43.008  9.071 0.0000000000
16718  5.510  -43.506  8.749 0.0000000000
108054  4.807  -44.041  8.673 0.0000000000
16703  5.180  -43.356  8.570 0.0000000000
104447  7.923  -40.948  8.165 0.0000000000
105199  7.108  -41.318  8.015 0.0000000000
18240  4.173  -42.061  7.805 0.0000000000
17490  5.525  -42.252  7.771 0.0000000000
17474  3.908  -43.139  8.498 0.0000000000
113213  3.166  -43.729  8.913 0.0000000000
16704  2.296  -43.700  9.222 0.0000000000
16694  1.672  -44.103  9.545 0.0000000000
16705  1.442  -43.495  9.391 0.0000000000
25326  20.541  -32.494  5.718 0.0000000000
25327  19.587  -32.458  5.518 0.0000000000
25328  18.649  -32.784  5.128 0.0000000000
24533  18.508  -33.596  5.058 0.0000000000
25344  17.732  -33.102  5.002 0.0000000000
27877  17.722  -29.562  6.157 0.0000000000
27878  17.046  -29.370  5.691 0.0000000000
24547  16.826  -33.544  4.834 0.0000000000
24548  15.705  -33.739  5.038 0.0000000000
23736  15.608  -34.490  4.643 0.0000000000
113373  13.636  -34.442  5.132 0.0000000000
22108  12.330  -36.213  5.054 0.0000000000
511  3.291  -77.576  0.824 0.0000000000
711  3.435  -76.848  -0.329 0.0000000000
712  2.756  -76.651  0.011 0.0000000000
1473  2.112  -74.292  0.156 0.0000000000
1180  1.754  -75.132  0.407 0.0000000000
1218  0.220  -74.499  -3.293 0.0000000000
950  0.475  -75.133  -1.929 0.0000000000
963  0.324  -74.995  -2.849 0.0000000000
962  1.370  -75.108  -2.830 0.0000000000
1216  1.521  -74.788  -3.954 0.0000000000
1215  2.470  -74.595  -3.142 0.0000000000
1495  1.915  -73.991  -4.574 0.0000000000
2116  3.100  -71.701  -4.745 0.0000000000
1807  2.523  -72.730  -5.403 0.0000000000
2487  4.115  -70.746  -5.141 0.0000000000
2506  4.340  -70.651  -6.232 0.0000000000
2489  1.658  -70.765  -5.007 0.0000000000
2477  2.256  -70.767  -4.212 0.0000000000
2134  1.708  -71.559  -6.819 0.0000000000
2922  1.713  -69.607  -8.846 0.0000000000
2902  2.192  -70.272  -8.480 0.0000000000
2921  2.297  -69.546  -8.685 0.0000000000
2901  2.989  -69.920  -8.337 0.0000000000
3297  2.598  -69.159  -8.391 0.0000000000
3298  1.948  -68.531  -8.414 0.0000000000
3691  1.322  -67.806  -8.415 0.0000000000
101083  0.284  -65.180  -8.797 0.0000000000
102978  0.747  -65.727  -8.607 0.0000000000
105095  0.619  -64.405  -8.520 0.0000000000
3301  -2.199  -69.353  -7.200 0.0000000000
2904  -2.529  -70.059  -7.175 0.0000000000
3280  -1.976  -68.557  -7.358 0.0000000000
4082  -5.844  -66.412  -6.236 0.0000000000
103241  -5.208  -67.035  -6.909 0.0000000000
4522  -6.013  -65.884  -6.925 0.0000000000
4521  -5.534  -65.958  -7.952 0.0000000000
108698  -3.956  -65.086  -7.598 0.0000000000
102952  -4.289  -65.733  -8.178 0.0000000000
4964  -2.740  -65.023  -8.281 0.0000000000
4947  -2.367  -64.035  -7.972 0.0000000000
6823  -1.456  -60.769  -7.424 0.0000000000
5877  -1.637  -62.034  -8.194 0.0000000000
122315  -0.667  -60.862  -7.467 0.0000000000
6312  -0.422  -61.479  -7.569 0.0000000000
111238  -0.273  -60.778  -6.906 0.0000000000
6787  -0.464  -60.350  -6.058 0.0000000000
6802  -0.696  -60.237  -6.548 0.0000000000
7851  -2.723  -58.346  -3.883 0.0000000000
7868  -1.544  -58.685  -4.774 0.0000000000
7294  -2.602  -58.500  -3.662 0.0000000000
106997  -1.970  -59.290  -3.534 0.0000000000
6257  -4.144  -60.642  -2.331 0.0000000000
112231  -4.212  -60.177  -3.263 0.0000000000
6719  -4.101  -59.527  -1.617 0.0000000000
7254  -3.615  -58.618  -0.820 0.0000000000
7267  -3.618  -58.704  -1.731 0.0000000000
122884  -3.349  -58.648  -1.128 0.0000000000
7253  -2.745  -58.833  -0.440 0.0000000000
7807  -0.612  -57.850  1.666 0.0000000000
123629  -5.771  -65.695  3.875 0.0000000000
105508  -5.946  -65.262  3.348 0.0000000000
109930  -5.418  -64.589  4.352 0.0000000000
5715  -4.540  -62.914  3.425 0.0000000000
5723  -5.151  -63.207  3.001 0.0000000000
6188  -4.509  -62.031  3.178 0.0000000000
6194  -4.908  -61.073  2.913 0.0000000000
6185  -1.445  -61.663  3.658 0.0000000000
6651  -1.953  -60.627  3.373 0.0000000000
7205  -2.374  -59.594  3.078 0.0000000000
7206  -3.248  -59.420  2.955 0.0000000000
8367  0.214  -57.188  3.110 0.0000000000
106176  2.445  -59.004  6.085 0.0000000000
101114  -0.288  -61.984  7.462 0.0000000000
121770  -1.201  -61.193  6.808 0.0000000000
106277  -2.223  -60.221  6.842 0.0000000000
6158  4.456  -60.883  7.148 0.0000000000
8920  8.107  -56.136  6.799 0.0000000000
7710  6.206  -58.006  7.910 0.0000000000
7709  6.932  -57.853  7.675 0.0000000000
121433  6.632  -58.413  7.467 0.0000000000
122826  5.747  -59.348  6.841 0.0000000000
7167  4.436  -59.865  7.564 0.0000000000
6599  4.537  -61.668  8.953 0.0000000000
103699  4.095  -61.840  9.467 0.0000000000
7713  3.747  -58.470  8.284 0.0000000000
108983  4.705  -56.037  8.565 0.0000000000
9521  3.036  -55.927  8.701 0.0000000000
123624  2.352  -57.355  8.548 0.0000000000
8886  1.896  -56.939  8.644 0.0000000000
124621  2.504  -54.860  8.506 0.0000000000
110306  1.581  -56.107  8.617 0.0000000000
9522  1.276  -55.285  8.568 0.0000000000
110301  0.867  -54.478  8.523 0.0000000000
12082  3.027  -51.892  8.987 0.0000000000
12081  3.808  -51.710  8.757 0.0000000000
11492  4.963  -52.133  7.931 0.0000000000
13257  6.087  -49.626  7.989 0.0000000000
106401  5.305  -50.401  8.472 0.0000000000
12647  4.971  -49.876  8.866 0.0000000000
13249  5.268  -49.218  9.118 0.0000000000
13248  5.671  -49.126  8.645 0.0000000000
122053  7.786  -47.562  6.465 0.0000000000
14374  7.119  -47.259  6.530 0.0000000000
14925  7.703  -46.686  5.904 0.0000000000
12671  11.511  -50.538  7.138 0.0000000000
13827  11.190  -48.904  6.688 0.0000000000
13828  10.370  -48.861  6.812 0.0000000000
13847  11.525  -48.086  6.277 0.0000000000
15464  16.072  -45.667  5.908 0.0000000000
124321  14.792  -46.742  5.830 0.0000000000
108913  15.392  -45.540  5.753 0.0000000000
14922  12.302  -46.567  5.683 0.0000000000
14921  13.169  -46.633  5.721 0.0000000000
14370  11.036  -47.358  5.855 0.0000000000
16092  12.585  -44.080  5.228 0.0000000000
15468  10.850  -45.585  5.481 0.0000000000
124644  10.334  -45.146  5.450 0.0000000000
15481  10.713  -44.758  5.501 0.0000000000
105940  11.679  -43.608  4.950 0.0000000000
16756  12.106  -43.327  4.555 0.0000000000
116291  15.813  -41.864  4.526 0.0000000000
18289  16.151  -41.008  4.564 0.0000000000
19102  16.539  -40.246  5.097 0.0000000000
19098  20.420  -40.323  4.993 0.0000000000
20624  20.332  -38.856  4.646 0.0000000000
20625  19.630  -38.645  5.282 0.0000000000
108542  19.921  -37.905  5.328 0.0000000000
20606  19.557  -38.154  6.573 0.0000000000
21344  21.122  -37.078  4.623 0.0000000000
22879  23.157  -35.656  5.210 0.0000000000
22087  21.603  -36.295  5.104 0.0000000000
23721  22.802  -34.683  5.337 0.0000000000
21319  27.635  -37.307  7.166 0.0000000000
22867  28.616  -34.072  6.507 0.0000000000
22875  27.618  -34.833  5.640 0.0000000000
23716  28.262  -33.934  5.744 0.0000000000
121646  28.931  -29.298  4.451 0.0000000000
24513  27.698  -30.465  4.143 0.0000000000
24525  27.659  -32.476  4.535 0.0000000000
24526  26.248  -32.138  4.452 0.0000000000
25323  22.915  -31.668  5.396 0.0000000000
26137  22.144  -31.768  5.928 0.0000000000
28682  23.982  -28.231  5.834 0.0000000000
122534  7.294  -81.769  -1.249 0.0000000000
103681  7.550  -81.985  -0.923 0.0000000000
104024  7.493  -82.385  -1.539 0.0000000000
239  9.620  -80.245  -6.058 0.0000000000
536  9.640  -78.147  -6.017 0.0000000000
1191  5.664  -74.524  -0.691 0.0000000000
934  5.578  -75.468  -0.630 0.0000000000
960  7.457  -75.807  -2.346 0.0000000000
724  7.277  -76.445  -1.358 0.0000000000
737  7.342  -76.779  -2.598 0.0000000000
116569  7.390  -77.704  -2.834 0.0000000000
533  7.401  -77.145  -3.764 0.0000000000
1225  7.526  -74.640  -3.203 0.0000000000
972  7.319  -75.139  -4.405 0.0000000000
105958  7.675  -76.906  -6.486 0.0000000000
105517  7.396  -76.710  -5.550 0.0000000000
537  7.729  -77.651  -6.047 0.0000000000
104888  7.591  -78.360  -5.199 0.0000000000
124770  8.939  -76.841  -6.784 0.0000000000
754  10.066  -76.395  -5.994 0.0000000000
982  9.971  -75.628  -6.307 0.0000000000
114008  8.706  -73.078  -7.818 0.0000000000
1534  8.448  -73.531  -7.813 0.0000000000
5339  -0.398  -63.963  -4.473 0.0000000000
5338  0.150  -64.302  -4.299 0.0000000000
5355  2.170  -63.787  -5.583 0.0000000000
4520  2.619  -64.797  -6.405 0.0000000000
124098  4.327  -66.054  -4.861 0.0000000000
120253  4.603  -65.711  -4.158 0.0000000000
4500  4.793  -65.545  -5.318 0.0000000000
4485  6.523  -65.309  -4.430 0.0000000000
4062  7.784  -65.912  -4.203 0.0000000000
4040  8.362  -66.593  -3.696 0.0000000000
5827  4.784  -61.911  -5.031 0.0000000000
6328  4.519  -61.612  -8.013 0.0000000000
6311  4.426  -61.612  -7.081 0.0000000000
5396  4.397  -62.275  -8.163 0.0000000000
5380  3.869  -62.860  -7.601 0.0000000000
5891  6.847  -62.342  -8.800 0.0000000000
5393  7.227  -63.071  -8.258 0.0000000000
4957  7.121  -64.078  -6.917 0.0000000000
5377  6.790  -63.511  -7.950 0.0000000000
4958  6.229  -63.870  -7.424 0.0000000000
4941  6.920  -64.801  -6.357 0.0000000000
3674  7.693  -67.677  -6.939 0.0000000000
4098  7.678  -66.330  -6.262 0.0000000000
3673  7.966  -68.297  -6.664 0.0000000000
3661  8.478  -67.757  -5.552 0.0000000000
2886  8.707  -69.588  -6.523 0.0000000000
3688  7.909  -69.112  -7.236 0.0000000000
2919  8.927  -69.615  -9.213 0.0000000000
2937  9.180  -69.943  -9.580 0.0000000000
10097  -1.528  -53.912  8.669 0.0000000000
112095  -3.415  -55.772  10.103 0.0000000000
9525  -2.851  -54.830  9.668 0.0000000000
10843  -3.678  -53.694  8.298 0.0000000000
10109  -4.052  -54.604  8.418 0.0000000000
10110  -4.316  -54.686  6.996 0.0000000000
10123  -3.291  -54.941  6.117 0.0000000000
119339  -3.534  -54.280  6.374 0.0000000000
12661  -1.196  -50.393  8.721 0.0000000000
12662  -2.001  -50.672  8.210 0.0000000000
12679  -0.953  -50.313  8.136 0.0000000000
11515  1.012  -51.697  7.422 0.0000000000
11516  -0.413  -51.493  7.509 0.0000000000
11533  0.297  -52.446  7.170 0.0000000000
115577  -0.377  -53.071  6.789 0.0000000000
10874  1.975  -53.333  6.806 0.0000000000
11531  2.377  -52.506  6.920 0.0000000000
10892  2.863  -53.243  4.817 0.0000000000
10147  3.209  -54.923  3.591 0.0000000000
10148  2.731  -54.019  3.437 0.0000000000
10158  1.467  -54.147  1.863 0.0000000000
10169  2.991  -54.618  1.618 0.0000000000
10187  3.891  -54.686  0.945 0.0000000000
101119  -2.953  -59.040  7.759 0.0000000000
117502  -3.195  -59.750  7.305 0.0000000000
102602  -3.581  -58.460  7.625 0.0000000000
117689  -3.775  -57.247  8.331 0.0000000000
22088  21.023  -35.461  5.892 0.0000000000
125580  20.723  -35.087  7.091 0.0000000000
22882  20.850  -34.761  6.488 0.0000000000
114602  20.472  -34.406  6.383 0.0000000000
103810  -0.077  -65.954  -5.226 0.0000000000
7229  1.601  -59.304  1.930 0.0000000000
8961  5.319  -56.235  2.974 0.0000000000
8960  6.112  -56.277  2.418 0.0000000000
8380  6.464  -56.779  1.979 0.0000000000
8964  6.671  -56.104  1.788 0.0000000000
9597  6.580  -55.537  1.591 0.0000000000
14355  5.986  -47.053  7.152 0.0000000000
14356  5.281  -47.134  7.494 0.0000000000
14909  5.516  -46.349  7.124 0.0000000000
15450  5.842  -45.546  6.945 0.0000000000
19909  10.759  -39.487  3.401 0.0000000000
19133  9.461  -39.999  3.887 0.0000000000
4450  -6.209  -66.564  -1.722 0.0000000000
120740  -5.744  -65.598  -1.327 0.0000000000
4889  -5.267  -64.617  -1.365 0.0000000000
4875  -5.466  -64.728  0.381 0.0000000000
5290  -5.457  -64.251  1.265 0.0000000000
6174  0.570  -61.697  4.659 0.0000000000
10884  8.764  -53.428  5.595 0.0000000000
10872  7.378  -53.621  6.456 0.0000000000
119801  7.466  -52.896  6.570 0.0000000000
124667  21.691  -43.704  5.990 0.0000000000
112858  21.218  -43.243  5.776 0.0000000000
17506  22.268  -42.494  5.788 0.0000000000
18268  22.664  -41.787  5.731 0.0000000000
19079  23.182  -41.029  5.609 0.0000000000
19078  24.238  -40.715  5.650 0.0000000000
19855  25.742  -39.641  5.855 0.0000000000
522  4.937  -78.539  -0.245 0.0000000000
115811  5.690  -77.616  -0.505 0.0000000000
708  6.242  -76.553  -0.602 0.0000000000
2473  9.366  -70.812  -3.348 0.0000000000
2132  8.253  -71.660  -6.155 0.0000000000
2519  8.820  -70.797  -6.283 0.0000000000
105574  9.048  -70.275  -7.035 0.0000000000
14885  -2.753  -47.044  10.209 0.0000000000
14337  -3.005  -47.932  9.793 0.0000000000
14336  -2.392  -47.309  9.387 0.0000000000
8921  2.206  -57.319  6.323 0.0000000000
8923  -0.597  -56.671  6.391 0.0000000000
113376  0.620  -56.280  6.490 0.0000000000
10134  3.214  -54.961  6.029 0.0000000000
113173  13.502  -41.729  5.418 0.0000000000
18273  12.829  -41.756  5.816 0.0000000000
19083  14.281  -40.780  6.784 0.0000000000
19860  14.318  -40.312  7.472 0.0000000000
22075  17.089  -36.630  8.089 0.0000000000
21323  15.938  -37.785  7.820 0.0000000000
21331  16.279  -36.911  7.449 0.0000000000
21332  15.508  -37.232  6.932 0.0000000000
21349  14.695  -37.568  5.376 0.0000000000
21350  14.046  -38.109  4.871 0.0000000000
21359  14.639  -37.529  4.050 0.0000000000
22106  14.736  -36.668  3.592 0.0000000000
5230  2.016  -63.267  4.576 0.0000000000
11527  12.906  -51.721  6.684 0.0000000000
12095  11.991  -51.353  7.737 0.0000000000
12669  13.570  -50.809  7.894 0.0000000000
15458  21.224  -45.449  6.747 0.0000000000
2475  4.789  -70.521  -4.292 0.0000000000
2114  5.138  -70.606  -3.358 0.0000000000
104902  5.505  -70.183  -3.217 0.0000000000
3656  3.076  -67.812  -4.276 0.0000000000
3240  3.847  -68.128  -3.326 0.0000000000
103960  6.416  -68.044  -1.949 0.0000000000
3628  5.817  -67.320  -2.284 0.0000000000
4025  6.213  -66.572  -2.413 0.0000000000
27875  21.494  -29.190  6.486 0.0000000000
6755  -1.356  -59.980  -3.983 0.0000000000
6754  -0.741  -60.817  -3.818 0.0000000000
6737  -0.861  -60.863  -3.045 0.0000000000
6238  2.982  -62.268  -0.883 0.0000000000
108368  2.740  -59.253  2.551 0.0000000000
123877  5.094  -62.519  1.030 0.0000000000
5741  5.637  -62.818  1.018 0.0000000000
5755  6.531  -62.766  0.000 0.0000000000
5738  8.087  -62.428  0.368 0.0000000000
6679  8.242  -60.213  1.022 0.0000000000
6678  8.965  -60.890  0.655 0.0000000000
11495  1.323  -52.614  8.921 0.0000000000
111441  1.841  -50.226  10.393 0.0000000000
13797  0.926  -48.225  10.624 0.0000000000
124385  0.494  -48.281  11.370 0.0000000000
13790  -0.246  -48.452  12.413 0.0000000000
14307  -0.704  -47.670  12.474 0.0000000000
14874  -0.267  -46.108  11.711 0.0000000000
15417  -0.017  -45.400  11.484 0.0000000000
17469  10.566  -42.245  9.296 0.0000000000
17487  8.595  -42.260  9.519 0.0000000000
17470  9.561  -41.661  9.758 0.0000000000
17471  8.368  -41.193  10.205 0.0000000000
17472  7.050  -40.936  10.282 0.0000000000
18296  6.540  -41.031  5.986 0.0000000000
18279  6.385  -41.660  7.021 0.0000000000
26129  19.485  -30.919  6.828 0.0000000000
27025  19.032  -30.048  6.913 0.0000000000
120186  18.844  -30.827  6.504 0.0000000000
26130  18.359  -31.160  6.081 0.0000000000
112797  16.328  -29.573  5.441 0.0000000000
27037  16.110  -30.353  5.310 0.0000000000
26143  15.823  -31.171  5.047 0.0000000000
23725  14.864  -33.898  5.335 0.0000000000
109378  14.997  -32.744  5.095 0.0000000000
24537  14.531  -32.992  5.056 0.0000000000
1482  1.247  -73.922  -0.536 0.0000000000
1192  0.989  -74.701  -0.014 0.0000000000
1483  0.416  -74.542  -0.941 0.0000000000
1492  0.012  -74.421  -2.289 0.0000000000
1227  0.556  -73.737  -4.892 0.0000000000
1501  1.219  -73.574  -5.856 0.0000000000
1506  0.830  -73.190  -5.996 0.0000000000
119366  1.026  -72.671  -5.999 0.0000000000
111391  3.050  -71.033  -4.474 0.0000000000
111942  0.202  -70.056  -6.780 0.0000000000
2523  1.094  -70.748  -7.167 0.0000000000
2533  0.860  -70.362  -7.846 0.0000000000
2543  1.069  -69.719  -8.634 0.0000000000
3704  0.718  -67.635  -8.921 0.0000000000
120681  0.407  -67.400  -9.140 0.0000000000
102671  0.140  -66.068  -9.285 0.0000000000
101082  -0.190  -64.524  -9.397 0.0000000000
112853  -2.255  -68.009  -6.549 0.0000000000
4920  -4.670  -64.379  -5.312 0.0000000000
4934  -5.409  -65.238  -5.989 0.0000000000
5371  -2.842  -63.275  -7.428 0.0000000000
6313  -2.978  -61.380  -6.882 0.0000000000
6804  -2.438  -60.605  -6.689 0.0000000000
7343  -2.123  -59.568  -5.984 0.0000000000
7330  -3.044  -59.201  -5.177 0.0000000000
7315  -3.492  -58.805  -4.310 0.0000000000
6720  -4.287  -59.935  -0.782 0.0000000000
121980  -4.370  -59.030  -0.311 0.0000000000
7255  -4.063  -58.344  -0.157 0.0000000000
7245  -3.221  -58.102  0.827 0.0000000000
7809  -2.563  -58.155  1.304 0.0000000000
4809  -4.832  -65.081  5.269 0.0000000000
4825  -4.428  -64.292  5.100 0.0000000000
5251  -3.944  -63.509  4.484 0.0000000000
5714  -3.688  -62.711  3.687 0.0000000000
6649  -0.035  -61.091  3.964 0.0000000000
7781  -0.879  -58.432  3.067 0.0000000000
122056  5.144  -61.058  5.032 0.0000000000
6621  5.063  -60.348  6.034 0.0000000000
8313  8.650  -57.856  7.245 0.0000000000
8904  6.883  -56.412  7.773 0.0000000000
8291  6.473  -57.467  7.932 0.0000000000
7145  4.179  -59.302  7.866 0.0000000000
124518  4.573  -55.374  8.547 0.0000000000
11493  4.232  -52.334  8.340 0.0000000000
12676  6.684  -50.889  7.567 0.0000000000
12658  6.725  -50.087  7.700 0.0000000000
13256  6.700  -49.438  7.741 0.0000000000
13816  7.058  -48.982  7.681 0.0000000000
13817  6.214  -48.929  7.912 0.0000000000
14373  8.463  -47.480  6.227 0.0000000000
13265  12.423  -49.735  7.218 0.0000000000
109749  11.647  -49.759  7.073 0.0000000000
13846  12.760  -48.656  6.610 0.0000000000
16080  15.824  -44.924  5.678 0.0000000000
109015  14.625  -45.870  5.705 0.0000000000
16081  14.954  -44.881  5.598 0.0000000000
15466  12.738  -45.804  5.575 0.0000000000
15467  11.836  -45.721  5.559 0.0000000000
15478  13.133  -44.968  5.488 0.0000000000
108914  13.386  -44.056  5.259 0.0000000000
16755  13.326  -43.242  4.588 0.0000000000
16754  14.063  -42.840  4.686 0.0000000000
18288  17.077  -41.011  4.717 0.0000000000
20622  22.667  -38.788  4.643 0.0000000000
19867  20.962  -39.761  4.733 0.0000000000
110255  21.864  -38.006  4.391 0.0000000000
21343  22.276  -37.158  4.723 0.0000000000
114655  24.108  -35.765  5.151 0.0000000000
123452  23.656  -35.095  5.069 0.0000000000
113531  25.438  -28.856  4.519 0.0000000000
120273  24.065  -29.137  4.997 0.0000000000
116808  7.119  -81.923  -2.528 0.0000000000
85  7.357  -82.361  -2.398 0.0000000000
100907  7.906  -82.753  -3.452 0.0000000000
103790  8.798  -83.130  -4.497 0.0000000000
103644  10.082  -83.012  -5.129 0.0000000000
90  9.742  -82.624  -5.986 0.0000000000
154  9.764  -81.254  -6.324 0.0000000000
157  9.306  -80.542  -6.388 0.0000000000
1205  6.925  -75.205  -0.700 0.0000000000
119390  7.497  -74.826  -0.925 0.0000000000
106584  7.292  -74.802  -5.431 0.0000000000
977  7.336  -75.388  -6.578 0.0000000000
756  7.476  -76.229  -6.507 0.0000000000
540  8.002  -77.235  -6.713 0.0000000000
539  8.319  -77.630  -6.595 0.0000000000
761  8.141  -76.546  -6.982 0.0000000000
113861  8.434  -76.310  -7.038 0.0000000000
983  9.027  -75.602  -6.933 0.0000000000
1255  9.461  -73.927  -7.305 0.0000000000
4932  1.380  -64.438  -4.980 0.0000000000
4499  6.722  -65.224  -5.303 0.0000000000
6785  5.700  -60.426  -6.220 0.0000000000
6786  4.920  -60.748  -6.301 0.0000000000
6800  5.443  -60.534  -7.113 0.0000000000
6343  5.090  -61.057  -8.467 0.0000000000
5893  5.097  -61.810  -8.649 0.0000000000
4972  8.965  -64.273  -7.773 0.0000000000
4956  8.180  -64.490  -6.974 0.0000000000
109573  7.660  -65.829  -6.493 0.0000000000
4113  7.958  -66.762  -7.196 0.0000000000
122494  7.413  -67.188  -7.675 0.0000000000
3690  7.678  -67.567  -8.194 0.0000000000
3294  7.530  -69.239  -8.018 0.0000000000
3295  7.541  -68.090  -8.278 0.0000000000
10098  -2.814  -53.727  8.939 0.0000000000
10841  -2.983  -52.460  8.532 0.0000000000
11500  -3.466  -52.523  8.187 0.0000000000
12678  0.449  -50.150  8.004 0.0000000000
12100  1.250  -51.276  7.281 0.0000000000
11514  1.869  -51.884  7.171 0.0000000000
12116  2.311  -51.958  6.855 0.0000000000
11546  2.050  -52.098  5.454 0.0000000000
11550  2.129  -52.708  4.532 0.0000000000
117579  -3.361  -59.630  7.121 0.0000000000
8333  -2.449  -58.131  6.382 0.0000000000
8924  -1.802  -56.911  6.250 0.0000000000
9553  -1.348  -55.937  6.316 0.0000000000
20589  18.554  -38.627  8.140 0.0000000000
21320  18.883  -37.603  8.351 0.0000000000
21312  18.187  -37.150  8.633 0.0000000000
22064  17.809  -36.460  8.668 0.0000000000
22074  17.776  -35.959  7.671 0.0000000000
22091  17.828  -35.678  6.246 0.0000000000
22884  17.607  -35.372  5.141 0.0000000000
3265  3.576  -69.054  -5.855 0.0000000000
3266  2.467  -68.668  -5.879 0.0000000000
3663  1.845  -68.148  -5.284 0.0000000000
103164  0.441  -67.435  -5.894 0.0000000000
4065  2.464  -67.632  -4.697 0.0000000000
4079  2.799  -66.634  -5.126 0.0000000000
6700  -1.835  -60.102  -0.730 0.0000000000
6699  -0.856  -60.656  -0.285 0.0000000000
6698  0.112  -61.034  0.029 0.0000000000
6697  1.018  -61.286  0.284 0.0000000000
6696  1.727  -61.395  0.501 0.0000000000
7225  6.079  -60.111  1.417 0.0000000000
6665  6.692  -60.898  1.546 0.0000000000
7223  6.973  -59.963  1.358 0.0000000000
7824  7.617  -59.127  -0.724 0.0000000000
12636  4.014  -49.529  9.597 0.0000000000
12637  3.217  -49.763  9.828 0.0000000000
13239  3.548  -49.169  9.889 0.0000000000
104465  4.186  -47.786  8.314 0.0000000000
14327  3.115  -47.693  8.564 0.0000000000
13811  2.246  -47.981  9.109 0.0000000000
14328  1.660  -47.333  9.511 0.0000000000
14890  2.141  -46.886  8.833 0.0000000000
15433  2.119  -45.695  9.342 0.0000000000
18292  10.442  -40.819  6.127 0.0000000000
18276  9.404  -40.861  7.137 0.0000000000
113375  9.717  -40.903  6.313 0.0000000000
18293  9.199  -41.053  5.558 0.0000000000
18294  8.280  -41.078  5.860 0.0000000000
19116  9.117  -40.597  4.392 0.0000000000
18303  7.787  -40.811  5.097 0.0000000000
18295  7.392  -41.000  5.775 0.0000000000
28723  18.621  -28.299  4.795 0.0000000000
28703  18.393  -28.468  5.656 0.0000000000
109580  17.928  -28.310  5.073 0.0000000000
28724  17.201  -28.275  4.943 0.0000000000
29528  16.827  -27.925  4.213 0.0000000000
28725  16.307  -28.324  4.804 0.0000000000
28726  15.302  -28.388  4.642 0.0000000000
1788  2.737  -71.277  -1.448 0.0000000000
2463  2.274  -70.393  -2.998 0.0000000000
2478  1.598  -70.447  -3.844 0.0000000000
2490  0.639  -70.513  -5.203 0.0000000000
122506  -0.265  -69.756  -7.136 0.0000000000
2534  -0.457  -69.232  -7.606 0.0000000000
4488  -5.725  -65.969  -4.378 0.0000000000
123342  -6.191  -66.451  -3.735 0.0000000000
4472  -5.906  -65.804  -3.500 0.0000000000
4921  -5.433  -65.124  -5.055 0.0000000000
5341  -4.583  -64.206  -4.344 0.0000000000
5330  -4.186  -63.366  -3.937 0.0000000000
6271  -4.167  -61.007  -4.098 0.0000000000
118329  -4.334  -62.009  -2.110 0.0000000000
5774  -4.488  -62.057  -1.147 0.0000000000
105805  -4.625  -62.934  -0.840 0.0000000000
119652  -4.678  -62.213  -0.418 0.0000000000
6228  -4.643  -61.158  -0.412 0.0000000000
6214  -4.951  -60.872  0.624 0.0000000000
6671  -4.875  -59.885  1.928 0.0000000000
5699  -1.043  -63.228  4.591 0.0000000000
5711  -1.031  -62.422  4.119 0.0000000000
6184  -0.649  -61.848  3.964 0.0000000000
125378  0.805  -63.760  7.757 0.0000000000
109283  9.613  -54.969  5.256 0.0000000000
10114  8.186  -54.726  6.145 0.0000000000
9548  7.765  -55.284  6.725 0.0000000000
118832  6.268  -56.174  8.192 0.0000000000
8884  5.273  -56.766  8.459 0.0000000000
10108  5.157  -54.407  8.137 0.0000000000
11513  4.612  -52.962  7.789 0.0000000000
14917  16.753  -46.701  6.199 0.0000000000
113391  15.275  -47.085  5.963 0.0000000000
15463  16.767  -45.900  6.121 0.0000000000
119723  17.319  -45.516  6.101 0.0000000000
16078  17.668  -44.851  5.966 0.0000000000
16740  20.430  -43.414  5.777 0.0000000000
16743  17.751  -43.989  5.608 0.0000000000
16750  17.790  -43.118  5.181 0.0000000000
17515  18.513  -42.613  5.218 0.0000000000
113994  18.499  -41.832  5.033 0.0000000000
18285  20.259  -41.204  5.235 0.0000000000
19097  21.451  -40.471  5.027 0.0000000000
19095  23.336  -40.150  5.274 0.0000000000
19096  22.389  -40.403  5.175 0.0000000000
19866  22.547  -39.647  4.822 0.0000000000
20621  23.449  -38.588  4.918 0.0000000000
21340  25.063  -37.257  5.390 0.0000000000
22083  25.512  -36.529  5.389 0.0000000000
229  7.271  -80.318  -1.109 0.0000000000
103396  7.246  -81.011  -1.310 0.0000000000
361  7.042  -79.134  -0.425 0.0000000000
234  7.229  -80.628  -1.397 0.0000000000
149  7.159  -81.147  -2.155 0.0000000000
236  7.409  -79.987  -3.299 0.0000000000
1783  8.509  -72.311  -1.284 0.0000000000
112713  8.224  -74.048  -2.083 0.0000000000
1796  8.692  -73.114  -2.373 0.0000000000
1505  7.749  -73.582  -4.254 0.0000000000
1810  8.623  -72.321  -4.041 0.0000000000
106578  7.465  -73.856  -5.219 0.0000000000
116854  7.552  -74.314  -7.722 0.0000000000
1257  7.925  -74.477  -7.958 0.0000000000
1526  7.783  -73.712  -7.815 0.0000000000
1535  8.219  -73.156  -7.630 0.0000000000
2158  8.277  -72.120  -7.457 0.0000000000
1846  8.863  -72.316  -7.817 0.0000000000
2163  9.193  -71.449  -8.093 0.0000000000
2179  9.709  -70.921  -9.558 0.0000000000
5829  2.952  -62.677  -4.655 0.0000000000
5354  2.623  -63.299  -6.042 0.0000000000
5369  2.702  -63.294  -6.803 0.0000000000
4961  3.319  -63.459  -7.214 0.0000000000
4125  9.636  -66.487  -8.312 0.0000000000
12642  -2.138  -50.352  10.609 0.0000000000
12654  -1.540  -50.076  10.007 0.0000000000
13251  -1.435  -49.510  9.541 0.0000000000
114409  -0.834  -49.615  9.137 0.0000000000
123060  -1.096  -49.050  9.317 0.0000000000
13258  0.218  -49.325  8.595 0.0000000000
116198  0.511  -49.649  8.079 0.0000000000
118585  1.295  -57.572  6.434 0.0000000000
8952  4.216  -56.833  3.957 0.0000000000
121880  4.184  -55.821  3.539 0.0000000000
16083  9.143  -44.402  6.294 0.0000000000
16065  8.374  -44.328  6.729 0.0000000000
16714  9.804  -43.393  8.112 0.0000000000
18254  12.194  -42.092  6.350 0.0000000000
17484  11.591  -42.823  7.715 0.0000000000
112123  11.126  -42.723  8.478 0.0000000000
116849  11.354  -42.075  9.295 0.0000000000
19036  11.402  -40.655  8.848 0.0000000000
19066  11.535  -40.686  6.824 0.0000000000
19843  15.336  -39.796  7.883 0.0000000000
20592  14.599  -39.397  7.459 0.0000000000
20593  13.599  -39.929  7.161 0.0000000000
19844  12.968  -40.294  6.572 0.0000000000
104648  12.383  -40.514  6.411 0.0000000000
19085  11.833  -40.573  6.128 0.0000000000
19106  11.231  -40.718  5.808 0.0000000000
105260  11.358  -40.635  4.960 0.0000000000
19908  11.936  -40.037  3.753 0.0000000000
20629  12.891  -38.922  4.751 0.0000000000
122672  11.476  -39.571  3.521 0.0000000000
20650  11.286  -38.722  3.355 0.0000000000
116421  11.460  -37.949  3.321 0.0000000000
109541  11.062  -37.208  3.877 0.0000000000
124741  -4.277  -66.259  5.285 0.0000000000
5234  -2.152  -64.288  5.227 0.0000000000
4823  -0.558  -64.343  3.673 0.0000000000
4824  -1.155  -64.480  4.460 0.0000000000
4805  -1.237  -64.062  4.732 0.0000000000
10130  10.142  -54.520  4.857 0.0000000000
12113  9.583  -51.343  6.157 0.0000000000
12690  11.006  -50.608  6.596 0.0000000000
109687  11.831  -50.647  7.838 0.0000000000
12077  11.711  -51.111  7.984 0.0000000000
116784  14.449  -48.610  6.380 0.0000000000
13279  15.711  -49.269  6.477 0.0000000000
13843  16.088  -48.482  6.158 0.0000000000
14366  16.600  -47.674  6.138 0.0000000000
108187  18.440  -45.994  6.386 0.0000000000
122527  21.822  -44.294  6.313 0.0000000000
16738  22.302  -43.739  6.261 0.0000000000
115123  23.340  -43.080  6.421 0.0000000000
111026  24.270  -42.101  6.557 0.0000000000
1206  3.533  -74.823  -2.327 0.0000000000
1489  5.171  -73.951  -1.076 0.0000000000
1797  5.066  -72.319  -2.066 0.0000000000
1480  5.793  -73.828  -0.630 0.0000000000
1775  6.430  -73.567  -0.620 0.0000000000
1774  7.353  -73.414  -0.720 0.0000000000
109375  7.548  -72.459  -0.734 0.0000000000
2860  4.436  -69.409  -4.933 0.0000000000
2841  5.448  -69.920  -3.484 0.0000000000
3238  5.362  -69.253  -2.734 0.0000000000
2831  5.733  -69.784  -2.569 0.0000000000
2090  8.566  -71.278  -1.415 0.0000000000
2460  9.088  -71.051  -2.338 0.0000000000
2830  8.034  -68.924  -1.525 0.0000000000
2829  8.696  -69.403  -1.841 0.0000000000
104842  9.225  -70.093  -2.490 0.0000000000
2840  9.287  -69.128  -2.701 0.0000000000
2839  9.630  -68.929  -3.680 0.0000000000
3254  9.446  -68.116  -3.974 0.0000000000
6280  5.675  -61.680  -5.014 0.0000000000
6799  6.287  -59.927  -6.915 0.0000000000
25324  21.669  -32.566  5.699 0.0000000000
24530  21.146  -33.077  5.604 0.0000000000
26139  20.815  -31.791  6.633 0.0000000000
26128  20.322  -30.954  7.252 0.0000000000
27024  19.835  -29.946  7.321 0.0000000000
28702  19.864  -28.389  5.653 0.0000000000
28722  19.674  -28.538  4.521 0.0000000000
106627  -0.647  -63.166  -5.241 0.0000000000
5832  -0.656  -62.274  -4.756 0.0000000000
5814  1.243  -62.764  -3.140 0.0000000000
6242  -0.170  -61.387  -1.688 0.0000000000
6255  0.393  -61.882  -2.037 0.0000000000
116334  3.177  -62.606  -2.936 0.0000000000
113875  3.964  -62.563  -2.927 0.0000000000
110048  4.892  -62.580  -2.844 0.0000000000
6668  3.563  -60.561  1.351 0.0000000000
6212  3.120  -62.078  0.395 0.0000000000
110118  5.823  -62.661  -2.781 0.0000000000
107957  7.116  -62.745  -1.877 0.0000000000
5787  7.585  -62.632  -2.244 0.0000000000
5786  8.358  -62.508  -2.128 0.0000000000
6197  7.300  -61.853  1.429 0.0000000000
6210  7.967  -62.189  1.018 0.0000000000
6209  8.664  -61.786  0.569 0.0000000000
5753  8.442  -62.464  -0.401 0.0000000000
110303  -1.943  -55.727  8.788 0.0000000000
11496  -0.755  -52.166  8.626 0.0000000000
115484  -0.425  -50.575  10.466 0.0000000000
12638  2.462  -50.029  10.169 0.0000000000
12639  1.255  -50.128  10.832 0.0000000000
13230  1.022  -49.630  11.014 0.0000000000
105495  -0.162  -50.404  11.258 0.0000000000
12641  -1.180  -50.505  10.749 0.0000000000
12624  -2.662  -50.609  12.376 0.0000000000
13233  -3.640  -50.287  11.950 0.0000000000
13224  -4.127  -48.641  12.082 0.0000000000
13792  -2.314  -48.537  13.251 0.0000000000
14310  -3.713  -47.911  12.471 0.0000000000
14318  -4.023  -47.976  11.714 0.0000000000
14877  -2.933  -46.802  11.152 0.0000000000
16066  7.542  -44.389  7.087 0.0000000000
107757  6.751  -44.476  7.422 0.0000000000
16067  6.094  -44.519  7.662 0.0000000000
16733  6.423  -43.985  8.342 0.0000000000
15452  4.730  -44.878  7.841 0.0000000000
16058  3.958  -44.653  8.389 0.0000000000
113688  2.585  -45.079  8.771 0.0000000000
18257  8.976  -40.681  8.181 0.0000000000
114395  7.430  -40.665  9.998 0.0000000000
18222  6.274  -41.264  10.009 0.0000000000
104981  6.423  -41.606  8.519 0.0000000000
18239  6.287  -41.685  9.158 0.0000000000
17473  6.052  -42.229  9.132 0.0000000000
123651  3.247  -44.069  8.920 0.0000000000
16048  2.649  -44.299  9.039 0.0000000000
15423  1.647  -45.365  10.004 0.0000000000
16039  1.212  -45.006  10.462 0.0000000000
16040  0.510  -44.669  10.579 0.0000000000
16032  0.061  -44.847  11.090 0.0000000000
16041  -0.325  -44.432  10.444 0.0000000000
16042  -1.067  -44.612  10.333 0.0000000000
23723  20.047  -33.930  5.923 0.0000000000
23724  19.156  -34.170  5.528 0.0000000000
22893  17.897  -34.934  4.858 0.0000000000
27876  18.251  -28.849  6.172 0.0000000000
26141  17.670  -31.482  5.617 0.0000000000
26142  16.710  -31.015  5.516 0.0000000000
107874  17.048  -31.841  5.323 0.0000000000
25329  17.781  -32.302  5.245 0.0000000000
23734  17.437  -34.389  4.621 0.0000000000
22885  16.859  -35.591  4.721 0.0000000000
22104  16.211  -35.901  4.308 0.0000000000
22117  14.894  -35.854  3.674 0.0000000000
23737  14.567  -34.392  5.072 0.0000000000
22896  14.216  -35.046  4.398 0.0000000000
22107  13.259  -36.068  3.870 0.0000000000
109649  12.029  -36.653  3.866 0.0000000000
100922  5.237  -78.996  0.136 0.0000000000
103700  4.643  -78.522  0.336 0.0000000000
357  4.382  -78.428  0.004 0.0000000000
523  4.046  -77.863  -0.251 0.0000000000
116409  3.104  -75.791  -1.602 0.0000000000
109119  3.616  -76.288  1.358 0.0000000000
683  2.440  -76.282  0.600 0.0000000000
1193  0.645  -74.950  -0.503 0.0000000000
937  0.906  -75.382  -0.893 0.0000000000
936  1.879  -75.935  -0.412 0.0000000000
109837  2.366  -75.493  -2.038 0.0000000000
948  3.029  -75.291  -2.326 0.0000000000
1500  1.978  -73.401  -5.782 0.0000000000
2115  4.102  -71.223  -3.629 0.0000000000
2505  4.884  -70.120  -5.580 0.0000000000
2888  4.181  -69.752  -6.852 0.0000000000
118242  2.533  -70.806  -3.720 0.0000000000
2488  2.766  -71.090  -5.107 0.0000000000
2133  2.665  -71.908  -6.600 0.0000000000
2532  1.689  -71.166  -7.842 0.0000000000
2149  2.540  -71.704  -7.334 0.0000000000
119251  3.151  -71.809  -7.010 0.0000000000
2530  3.774  -70.263  -7.691 0.0000000000
3278  2.481  -68.723  -7.252 0.0000000000
103022  0.735  -65.605  -7.607 0.0000000000
101078  0.231  -64.371  -7.517 0.0000000000
5370  -0.524  -63.053  -6.715 0.0000000000
2525  -2.429  -70.690  -6.695 0.0000000000
3300  -1.451  -69.012  -7.530 0.0000000000
103162  -1.586  -67.497  -8.753 0.0000000000
102685  -4.199  -67.148  -7.429 0.0000000000
101076  -5.165  -66.638  -7.959 0.0000000000
103610  -3.623  -67.148  -8.040 0.0000000000
101075  -2.547  -67.345  -8.344 0.0000000000
119507  -2.199  -66.947  -8.792 0.0000000000
101081  -1.611  -65.283  -8.645 0.0000000000
5383  -1.838  -62.867  -8.301 0.0000000000
5382  -0.855  -63.086  -9.093 0.0000000000
107407  -0.036  -63.217  -9.311 0.0000000000
5875  0.056  -62.121  -8.449 0.0000000000
5860  -0.269  -62.094  -7.396 0.0000000000
7328  -1.343  -59.139  -5.471 0.0000000000
7314  -0.788  -58.806  -5.108 0.0000000000
6771  -0.661  -58.968  -4.814 0.0000000000
105856  -4.448  -59.636  -4.268 0.0000000000
6756  -4.060  -58.887  -3.428 0.0000000000
7282  -3.500  -58.701  -2.644 0.0000000000
7281  -3.220  -58.633  -2.847 0.0000000000
7244  -2.407  -58.393  0.518 0.0000000000
111909  -6.045  -65.568  2.123 0.0000000000
4839  -5.710  -64.448  2.281 0.0000000000
5264  -5.452  -63.545  2.528 0.0000000000
5729  -5.373  -62.840  2.381 0.0000000000
104843  -5.290  -61.333  2.202 0.0000000000
121850  -5.105  -60.563  2.339 0.0000000000
6670  -4.358  -59.343  2.141 0.0000000000
6193  -4.272  -60.458  3.084 0.0000000000
6660  -4.077  -59.631  2.963 0.0000000000
7221  -3.520  -59.017  2.107 0.0000000000
125388  -2.833  -58.501  1.692 0.0000000000
7800  -0.799  -57.726  2.597 0.0000000000
8384  -0.540  -57.381  2.585 0.0000000000
8383  0.263  -57.052  2.977 0.0000000000
7191  2.717  -59.265  4.700 0.0000000000
7752  0.179  -60.093  6.669 0.0000000000
101120  -2.790  -60.573  7.801 0.0000000000
5682  3.744  -61.610  5.348 0.0000000000
5681  4.468  -61.435  5.168 0.0000000000
7174  7.129  -59.362  6.683 0.0000000000
125420  8.659  -56.566  6.567 0.0000000000
8314  7.782  -57.677  7.514 0.0000000000
7165  7.084  -58.795  7.153 0.0000000000
124262  4.611  -60.044  7.294 0.0000000000
6153  4.590  -61.880  8.402 0.0000000000
5670  4.691  -62.352  8.804 0.0000000000
102974  3.881  -62.566  9.433 0.0000000000
113599  4.476  -56.974  8.507 0.0000000000
111766  3.666  -57.380  8.489 0.0000000000
8294  2.779  -57.923  8.457 0.0000000000
108190  0.904  -58.643  8.311 0.0000000000
8296  0.323  -57.722  8.528 0.0000000000
8887  0.982  -56.814  8.647 0.0000000000
8888  -0.016  -56.772  8.583 0.0000000000
110304  -0.452  -55.866  8.635 0.0000000000
10838  2.121  -53.687  8.521 0.0000000000
107945  2.153  -52.923  8.703 0.0000000000
12080  4.567  -51.505  8.503 0.0000000000
12063  4.164  -50.926  9.007 0.0000000000
107914  3.682  -50.298  9.388 0.0000000000
13250  4.718  -49.338  9.401 0.0000000000
101236  5.289  -48.848  9.079 0.0000000000
13810  5.287  -48.523  8.526 0.0000000000
120648  6.247  -48.253  7.670 0.0000000000
13833  5.838  -47.732  7.638 0.0000000000
14375  6.512  -46.971  6.715 0.0000000000
14926  6.785  -46.413  6.171 0.0000000000
13266  10.979  -49.731  6.864 0.0000000000
13829  9.537  -48.808  7.044 0.0000000000
114704  13.524  -47.451  5.947 0.0000000000
116317  12.707  -47.326  5.913 0.0000000000
13849  9.845  -48.192  6.380 0.0000000000
14372  9.299  -47.466  5.996 0.0000000000
14923  9.606  -46.613  5.581 0.0000000000
14931  9.083  -45.934  5.343 0.0000000000
104626  9.112  -45.115  5.594 0.0000000000
123730  8.485  -44.750  5.930 0.0000000000
16745  10.710  -44.139  6.075 0.0000000000
16757  11.408  -43.612  5.490 0.0000000000
17509  11.978  -42.715  4.846 0.0000000000
17519  13.157  -42.880  4.427 0.0000000000
106967  13.834  -42.241  4.778 0.0000000000
119346  14.309  -41.322  5.317 0.0000000000
19103  15.690  -40.507  5.450 0.0000000000
19872  17.067  -39.787  5.753 0.0000000000
19871  17.653  -39.445  5.960 0.0000000000
18287  18.879  -41.182  5.157 0.0000000000
115331  18.009  -41.064  5.016 0.0000000000
19100  18.375  -40.148  5.126 0.0000000000
19868  20.159  -39.458  4.928 0.0000000000
19869  19.564  -39.463  5.178 0.0000000000
113870  17.948  -39.491  5.289 0.0000000000
19857  18.366  -39.138  5.910 0.0000000000
20607  18.948  -38.825  6.988 0.0000000000
21346  20.161  -37.191  6.718 0.0000000000
114509  20.836  -36.352  5.364 0.0000000000
20604  26.870  -38.990  6.846 0.0000000000
20586  27.319  -38.117  7.214 0.0000000000
21327  27.320  -37.394  6.562 0.0000000000
112795  28.039  -35.908  6.507 0.0000000000
22072  27.384  -36.514  6.064 0.0000000000
22869  27.073  -35.728  5.529 0.0000000000
114763  26.073  -35.722  5.279 0.0000000000
24524  28.271  -32.902  5.224 0.0000000000
22876  26.705  -34.800  5.215 0.0000000000
22877  25.601  -34.804  5.018 0.0000000000
108451  24.758  -32.199  4.742 0.0000000000
124890  23.979  -33.391  4.984 0.0000000000
113390  23.057  -33.647  5.225 0.0000000000
27022  21.566  -30.147  7.532 0.0000000000
27861  21.780  -29.313  6.855 0.0000000000
117696  8.312  -81.809  -0.565 0.0000000000
102596  8.971  -82.041  -0.779 0.0000000000
100906  8.260  -82.611  -1.799 0.0000000000
117329  9.020  -82.489  -1.677 0.0000000000
946  6.815  -76.041  -0.758 0.0000000000
106424  7.513  -79.037  -4.280 0.0000000000
121653  7.458  -75.161  -2.786 0.0000000000
750  7.369  -76.023  -4.513 0.0000000000
114107  7.672  -79.226  -5.237 0.0000000000
103889  7.907  -79.953  -5.615 0.0000000000
240  8.615  -80.005  -6.186 0.0000000000
369  9.270  -79.038  -6.090 0.0000000000
538  8.980  -78.050  -6.490 0.0000000000
749  10.070  -77.122  -5.429 0.0000000000
1239  10.899  -74.204  -5.780 0.0000000000
103729  -0.274  -64.789  -4.893 0.0000000000
4487  0.442  -65.791  -5.009 0.0000000000
121394  2.093  -65.389  -5.991 0.0000000000
4063  3.761  -66.276  -4.313 0.0000000000
4042  6.208  -65.863  -2.841 0.0000000000
4486  5.577  -65.455  -4.295 0.0000000000
4469  6.312  -65.462  -3.544 0.0000000000
106392  6.930  -65.606  -3.053 0.0000000000
6298  4.298  -61.153  -6.223 0.0000000000
4960  4.251  -63.700  -7.427 0.0000000000
4959  5.318  -63.842  -7.415 0.0000000000
4516  6.294  -64.903  -5.943 0.0000000000
4498  7.256  -65.592  -5.538 0.0000000000
4078  7.716  -66.102  -5.279 0.0000000000
4061  8.210  -66.804  -4.863 0.0000000000
3264  9.244  -68.408  -5.154 0.0000000000
3276  8.703  -69.240  -5.870 0.0000000000
2887  8.878  -69.904  -6.150 0.0000000000
106773  8.527  -70.053  -8.420 0.0000000000
107862  8.279  -69.553  -8.313 0.0000000000
2557  8.911  -70.224  -9.384 0.0000000000
2556  9.404  -70.449  -9.615 0.0000000000
107478  9.342  -67.416  -8.249 0.0000000000
3701  9.620  -68.222  -8.396 0.0000000000
8891  -3.781  -56.348  9.357 0.0000000000
120085  -3.893  -57.165  8.060 0.0000000000
9526  -3.828  -55.173  10.183 0.0000000000
8892  -4.092  -56.370  9.255 0.0000000000
123257  -4.102  -57.370  7.365 0.0000000000
8926  -3.617  -56.547  6.395 0.0000000000
10122  -2.225  -55.171  6.116 0.0000000000
12086  -2.611  -51.206  8.224 0.0000000000
11535  -3.016  -52.583  7.381 0.0000000000
12102  -1.455  -50.634  7.828 0.0000000000
115671  -2.190  -52.286  7.126 0.0000000000
10878  -3.391  -53.597  6.786 0.0000000000
10877  -2.477  -53.318  6.672 0.0000000000
108514  -1.709  -54.148  6.357 0.0000000000
10120  0.508  -54.467  6.609 0.0000000000
124491  1.428  -54.078  6.663 0.0000000000
10117  3.099  -53.806  5.788 0.0000000000
10885  2.935  -53.248  5.717 0.0000000000
10891  3.286  -53.841  5.149 0.0000000000
12130  1.124  -51.574  4.985 0.0000000000
110104  1.189  -52.507  3.954 0.0000000000
10897  1.992  -53.509  3.326 0.0000000000
10903  0.980  -53.641  2.518 0.0000000000
10149  1.956  -54.322  2.764 0.0000000000
110411  2.610  -54.754  2.964 0.0000000000
122058  5.509  -54.776  1.487 0.0000000000
10185  5.907  -54.884  0.943 0.0000000000
9606  6.569  -55.453  0.793 0.0000000000
9607  5.602  -55.360  0.071 0.0000000000
8411  6.644  -58.034  -0.502 0.0000000000
8410  7.225  -58.754  -1.283 0.0000000000
40  9.475  -83.251  -4.684 0.0000000000
41  9.535  -83.110  -5.220 0.0000000000
153  7.622  -81.698  -4.611 0.0000000000
512  2.956  -77.066  0.649 0.0000000000
524  3.432  -77.307  0.259 0.0000000000
766  7.888  -76.022  -7.506 0.0000000000
912  2.742  -76.516  1.079 0.0000000000
928  1.436  -75.401  0.102 0.0000000000
951  -0.025  -74.902  -2.392 0.0000000000
1226  1.033  -74.303  -4.898 0.0000000000
1264  8.090  -74.107  -7.992 0.0000000000
1479  6.238  -74.192  -0.560 0.0000000000
1496  0.172  -73.973  -3.599 0.0000000000
1812  2.155  -72.263  -5.911 0.0000000000
1824  7.856  -73.106  -7.129 0.0000000000
2148  3.730  -71.459  -6.712 0.0000000000
2476  3.570  -70.958  -4.426 0.0000000000
2510  -0.619  -70.586  -6.294 0.0000000000
2520  4.702  -70.057  -6.288 0.0000000000
2522  3.594  -71.234  -7.435 0.0000000000
2859  5.021  -69.869  -4.750 0.0000000000
2900  8.798  -69.814  -7.221 0.0000000000
2923  1.300  -68.910  -9.018 0.0000000000
3225  7.821  -68.349  -1.600 0.0000000000
3255  4.302  -69.062  -3.846 0.0000000000
3275  8.699  -69.573  -6.577 0.0000000000
3293  8.435  -69.455  -7.156 0.0000000000
3296  7.327  -67.595  -8.223 0.0000000000
3627  6.771  -67.170  -2.091 0.0000000000
3647  -6.352  -67.354  -3.373 0.0000000000
3672  8.290  -69.080  -6.540 0.0000000000
3703  7.509  -67.514  -8.235 0.0000000000
3705  -0.490  -67.407  -9.005 0.0000000000
4041  7.659  -65.953  -3.238 0.0000000000
4068  -5.897  -67.171  -4.206 0.0000000000
4097  7.855  -68.812  -7.079 0.0000000000
4366  -4.046  -65.663  5.686 0.0000000000
4367  -4.979  -65.834  5.034 0.0000000000
4381  -5.460  -66.078  4.195 0.0000000000
4400  -6.025  -66.337  2.310 0.0000000000
4458  -6.215  -65.818  -2.867 0.0000000000
4473  -6.455  -66.691  -3.294 0.0000000000
4948  -4.889  -65.172  -6.814 0.0000000000
5381  0.100  -62.590  -8.968 0.0000000000
5397  -0.743  -62.462  -8.750 0.0000000000
5728  -5.509  -62.234  1.968 0.0000000000
5876  -0.847  -61.868  -8.483 0.0000000000
6154  4.753  -62.243  8.768 0.0000000000
6314  -3.432  -60.913  -6.279 0.0000000000
6329  -0.464  -61.730  -8.206 0.0000000000
6330  -1.119  -61.428  -7.938 0.0000000000
6331  -2.127  -61.386  -7.490 0.0000000000
6801  4.782  -61.026  -6.846 0.0000000000
6835  5.886  -60.665  -8.730 0.0000000000
7327  -0.735  -59.558  -5.751 0.0000000000
7342  -1.238  -59.618  -6.211 0.0000000000
7850  -2.111  -58.415  -4.158 0.0000000000
7869  -2.468  -58.662  -4.543 0.0000000000
8336  -4.096  -57.782  7.026 0.0000000000
8905  -4.147  -56.567  7.790 0.0000000000
8927  -4.122  -56.786  6.846 0.0000000000
9527  -4.303  -55.418  10.052 0.0000000000
9535  -4.246  -55.594  8.277 0.0000000000
9554  -3.074  -55.870  6.152 0.0000000000
9555  -3.870  -55.563  6.491 0.0000000000
10099  -3.881  -54.519  9.765 0.0000000000
10118  2.960  -54.283  6.128 0.0000000000
10124  -4.119  -53.931  6.785 0.0000000000
10168  4.699  -54.705  1.684 0.0000000000
10862  -4.144  -53.870  7.325 0.0000000000
10876  -1.398  -53.188  6.713 0.0000000000
11498  -2.594  -51.453  8.443 0.0000000000
11499  -3.017  -51.701  8.258 0.0000000000
11517  -1.855  -51.317  7.496 0.0000000000
11518  -3.282  -51.875  8.038 0.0000000000
11545  2.606  -52.487  6.306 0.0000000000
11556  1.949  -52.928  3.744 0.0000000000
12623  -1.852  -50.449  12.728 0.0000000000
12630  -0.817  -50.356  11.659 0.0000000000
12631  -1.812  -50.547  11.692 0.0000000000
12663  -2.367  -50.905  8.236 0.0000000000
13223  -2.918  -49.901  12.992 0.0000000000
13237  4.947  -48.978  9.443 0.0000000000
13244  -4.038  -49.439  11.662 0.0000000000
13252  -1.995  -49.461  10.143 0.0000000000
13253  -2.709  -49.257  10.442 0.0000000000
13802  4.584  -48.913  9.519 0.0000000000
13812  -2.450  -48.667  9.916 0.0000000000
13818  5.670  -48.389  7.982 0.0000000000
13821  -2.349  -48.076  9.357 0.0000000000
14308  -1.596  -47.529  12.921 0.0000000000
14309  -2.866  -47.369  12.804 0.0000000000
14316  -0.537  -46.886  11.995 0.0000000000
14317  -3.489  -47.264  11.849 0.0000000000
14324  5.282  -48.770  8.997 0.0000000000
14330  -3.500  -47.724  10.863 0.0000000000
14335  4.826  -48.401  8.661 0.0000000000
14354  7.409  -48.056  6.943 0.0000000000
14873  0.570  -46.107  11.446 0.0000000000
14910  4.816  -46.428  7.416 0.0000000000
14915  19.198  -46.463  6.497 0.0000000000
14918  16.197  -46.291  6.104 0.0000000000
15440  3.267  -45.291  8.372 0.0000000000
15461  18.526  -45.167  6.229 0.0000000000
15480  11.437  -44.868  5.442 0.0000000000
16038  1.591  -44.686  9.788 0.0000000000
16047  3.916  -43.907  8.784 0.0000000000
16049  2.061  -44.909  9.359 0.0000000000
16050  -0.796  -44.293  9.713 0.0000000000
16057  5.583  -44.174  8.385 0.0000000000
16074  21.156  -44.805  6.349 0.0000000000
16075  20.191  -44.365  6.055 0.0000000000
16076  19.181  -44.286  5.935 0.0000000000
16088  17.091  -44.355  5.625 0.0000000000
16094  11.283  -44.161  5.404 0.0000000000
16702  5.929  -42.840  9.177 0.0000000000
16715  8.871  -43.248  8.405 0.0000000000
16728  10.986  -43.353  7.354 0.0000000000
17466  12.121  -41.942  6.778 0.0000000000
17468  11.820  -42.498  8.253 0.0000000000
17475  2.835  -43.024  8.747 0.0000000000
17476  1.939  -42.898  8.975 0.0000000000
17485  10.423  -42.935  8.409 0.0000000000
17501  11.173  -43.118  7.844 0.0000000000
17504  23.814  -42.602  6.505 0.0000000000
17521  11.747  -43.144  4.712 0.0000000000
17526  12.660  -43.093  4.365 0.0000000000
18216  12.052  -41.921  6.928 0.0000000000
18217  12.115  -41.977  7.631 0.0000000000
18218  12.175  -41.494  8.906 0.0000000000
18233  12.479  -41.759  6.536 0.0000000000
18235  11.705  -42.494  6.961 0.0000000000
18237  8.390  -40.515  9.499 0.0000000000
18251  24.811  -41.866  6.935 0.0000000000
18252  13.283  -41.220  6.701 0.0000000000
18253  12.715  -41.606  6.305 0.0000000000
18255  11.522  -42.883  6.546 0.0000000000
18256  9.934  -40.648  7.949 0.0000000000
18258  7.273  -40.864  9.293 0.0000000000
18271  20.058  -41.950  5.520 0.0000000000
18274  12.154  -42.374  5.674 0.0000000000
18275  10.204  -40.787  6.961 0.0000000000
18291  12.864  -42.394  4.970 0.0000000000
19035  11.824  -41.047  7.940 0.0000000000
19037  10.384  -40.583  9.644 0.0000000000
19038  9.294  -40.314  10.008 0.0000000000
19050  11.906  -40.757  7.273 0.0000000000
19051  11.241  -40.707  7.807 0.0000000000
19086  10.994  -40.716  6.566 0.0000000000
19105  11.983  -40.323  5.493 0.0000000000
19114  11.486  -40.463  4.138 0.0000000000
19117  8.253  -40.476  4.605 0.0000000000
19132  10.305  -40.176  3.689 0.0000000000
19864  24.986  -39.446  5.518 0.0000000000
19865  23.437  -39.306  5.020 0.0000000000
19889  12.027  -40.151  4.592 0.0000000000
19907  12.024  -39.180  3.646 0.0000000000
20578  18.026  -37.960  8.627 0.0000000000
20627  14.205  -38.114  6.337 0.0000000000
20639  13.500  -38.389  3.962 0.0000000000
20648  13.009  -38.162  3.584 0.0000000000
21313  17.667  -37.257  8.736 0.0000000000
21322  16.667  -37.425  8.488 0.0000000000
21328  26.732  -37.376  5.963 0.0000000000
21358  15.296  -37.042  4.334 0.0000000000
22061  27.948  -36.753  7.517 0.0000000000
22063  18.622  -36.484  8.413 0.0000000000
22868  28.165  -34.950  6.254 0.0000000000
22894  17.188  -35.066  4.518 0.0000000000
22895  16.371  -35.180  4.318 0.0000000000
22905  14.070  -35.913  3.684 0.0000000000
23733  18.293  -34.400  4.954 0.0000000000
24536  14.863  -33.334  5.257 0.0000000000
26145  14.724  -31.595  4.532 0.0000000000
27034  22.527  -29.883  5.526 0.0000000000
27036  16.890  -30.085  5.744 0.0000000000
27879  15.580  -29.753  5.123 0.0000000000
100913  7.391  -82.127  -1.136 0.0000000000
101066  8.690  -69.443  -6.614 0.0000000000
101068  -2.939  -67.565  -6.991 0.0000000000
101071  -2.059  -66.248  -8.799 0.0000000000
101079  -3.376  -66.727  -8.484 0.0000000000
101080  -4.368  -66.707  -8.249 0.0000000000
101084  1.078  -64.912  -8.220 0.0000000000
102957  5.195  -48.757  9.086 0.0000000000
103753  10.220  -82.146  -5.917 0.0000000000
104088  8.028  -82.783  -2.506 0.0000000000
106962  4.098  -78.239  0.504 0.0000000000
107706  24.501  -41.468  6.157 0.0000000000
108515  -0.486  -53.923  6.646 0.0000000000
108596  9.010  -41.050  6.342 0.0000000000
108744  26.851  -38.195  6.358 0.0000000000
109888  7.395  -76.719  -4.476 0.0000000000
110912  22.688  -43.142  6.109 0.0000000000
110914  21.957  -43.176  5.825 0.0000000000
111845  1.416  -70.963  -5.967 0.0000000000
112014  9.994  -43.675  7.423 0.0000000000
113412  15.971  -46.957  6.110 0.0000000000
113506  20.629  -42.596  5.655 0.0000000000
113782  -0.815  -45.505  11.591 0.0000000000
114559  -2.697  -51.492  7.767 0.0000000000
114874  5.194  -48.717  8.995 0.0000000000
114923  5.655  -72.241  -0.989 0.0000000000
115430  8.256  -69.552  -7.651 0.0000000000
116365  11.486  -42.939  7.364 0.0000000000
116650  7.730  -74.241  -7.914 0.0000000000
116700  -3.247  -48.042  13.080 0.0000000000
117408  0.404  -72.920  -5.389 0.0000000000
117493  9.676  -82.617  -2.669 0.0000000000
118554  2.667  -70.879  -3.681 0.0000000000
119155  -3.557  -54.484  9.848 0.0000000000
119518  9.087  -79.770  -6.243 0.0000000000
119670  12.499  -41.241  7.050 0.0000000000
120102  0.271  -62.687  -8.248 0.0000000000
120111  1.911  -68.980  -8.908 0.0000000000
120586  9.927  -40.935  5.615 0.0000000000
120805  7.564  -79.997  -4.600 0.0000000000
120834  11.236  -41.204  9.498 0.0000000000
121006  28.199  -36.166  7.118 0.0000000000
121474  5.572  -44.887  7.428 0.0000000000
122701  -3.791  -49.471  12.344 0.0000000000
122803  0.857  -75.182  -2.304 0.0000000000
123494  9.714  -81.931  -6.369 0.0000000000
123701  7.230  -81.424  -1.348 0.0000000000
123955  -3.801  -61.581  -5.530 0.0000000000
124083  -3.886  -54.652  6.465 0.0000000000
125070  9.755  -83.216  -4.821 0.0000000000
125734  12.757  -43.437  4.619 0.0000000000
