#!ascii label  , from subject sub-v2s15x29759_ses-1 vox2ras=TkReg
920
45167  19.754  -23.459  30.502 0.0000000000
46947  30.237  -21.004  37.196 0.0000000000
63150  36.317  -4.172  12.779 0.0000000000
53899  27.086  -14.388  20.660 0.0000000000
108485  31.054  -17.551  30.595 0.0000000000
117642  48.042  4.482  4.947 0.0000000000
60469  36.456  -7.686  16.008 0.0000000000
57813  32.360  -10.344  14.887 0.0000000000
41327  16.952  -27.177  28.014 0.0000000000
47961  24.488  -20.495  33.623 0.0000000000
47066  27.397  -21.301  30.575 0.0000000000
113333  21.230  -20.961  27.798 0.0000000000
68835  41.568  1.552  9.560 0.0000000000
46040  21.216  -22.454  35.555 0.0000000000
42183  20.221  -26.129  33.125 0.0000000000
65983  41.361  -1.186  12.835 0.0000000000
39391  17.451  -29.387  31.938 0.0000000000
39379  12.901  -29.791  32.652 0.0000000000
55800  31.317  -12.305  19.046 0.0000000000
52970  27.779  -15.458  26.470 0.0000000000
49990  30.752  -18.999  25.873 0.0000000000
47111  30.449  -20.950  28.044 0.0000000000
58747  37.280  -9.387  16.953 0.0000000000
58756  34.212  -9.224  14.802 0.0000000000
121573  34.422  -10.335  16.267 0.0000000000
61248  38.343  -6.679  17.651 0.0000000000
44180  18.845  -24.077  27.706 0.0000000000
117232  17.836  -26.015  26.743 0.0000000000
44169  18.805  -24.936  29.111 0.0000000000
47048  21.943  -20.964  31.806 0.0000000000
109873  22.758  -20.626  30.467 0.0000000000
46098  20.277  -22.050  29.315 0.0000000000
46127  19.477  -22.761  26.711 0.0000000000
127960  36.660  -3.370  10.999 0.0000000000
63117  38.162  -4.237  14.747 0.0000000000
64181  38.921  -2.959  12.265 0.0000000000
65998  38.863  -1.955  11.103 0.0000000000
41264  20.861  -27.582  34.725 0.0000000000
41281  19.199  -28.312  31.931 0.0000000000
39358  18.993  -30.116  33.523 0.0000000000
37173  14.118  -31.342  37.226 0.0000000000
38267  14.626  -30.219  34.746 0.0000000000
38256  12.218  -29.873  35.585 0.0000000000
38244  10.635  -30.706  36.512 0.0000000000
125165  10.292  -31.146  38.770 0.0000000000
53808  29.773  -14.179  28.992 0.0000000000
52025  28.783  -16.050  29.328 0.0000000000
51037  28.667  -17.193  26.652 0.0000000000
49976  31.469  -18.181  27.328 0.0000000000
48048  25.568  -20.570  28.039 0.0000000000
112465  28.651  -21.273  29.305 0.0000000000
48068  26.370  -20.529  26.513 0.0000000000
48089  28.819  -20.623  25.181 0.0000000000
54812  28.955  -13.014  19.643 0.0000000000
55824  29.333  -12.641  16.370 0.0000000000
53931  27.778  -14.846  17.064 0.0000000000
71624  51.436  4.937  2.790 0.0000000000
71634  48.808  3.951  2.606 0.0000000000
62193  36.168  -5.432  14.696 0.0000000000
60485  33.934  -7.097  13.666 0.0000000000
62177  38.077  -5.454  16.771 0.0000000000
46977  26.907  -21.377  35.396 0.0000000000
108771  28.986  -21.585  34.184 0.0000000000
110193  25.439  -20.708  32.192 0.0000000000
109317  24.503  -20.549  29.791 0.0000000000
123445  22.906  -20.358  25.929 0.0000000000
68792  43.088  2.189  12.084 0.0000000000
70676  43.717  3.291  9.744 0.0000000000
70694  44.560  3.506  7.618 0.0000000000
70711  45.465  3.583  4.380 0.0000000000
46066  20.846  -22.463  32.797 0.0000000000
43127  19.790  -25.071  32.073 0.0000000000
45122  20.585  -23.994  34.117 0.0000000000
46981  22.679  -20.783  35.287 0.0000000000
67889  40.716  0.261  11.069 0.0000000000
42201  18.914  -26.862  30.356 0.0000000000
40397  17.287  -28.441  30.232 0.0000000000
39404  15.255  -29.229  30.490 0.0000000000
38278  16.918  -30.542  33.702 0.0000000000
109679  14.853  -29.535  32.120 0.0000000000
110930  9.190  -33.759  41.816 0.0000000000
107717  34.134  -11.470  18.856 0.0000000000
54788  29.292  -13.409  22.521 0.0000000000
54746  30.114  -13.597  25.809 0.0000000000
53856  27.593  -14.753  24.462 0.0000000000
51058  27.338  -16.788  24.253 0.0000000000
50000  29.422  -18.850  23.932 0.0000000000
49068  30.609  -20.036  23.151 0.0000000000
47026  31.117  -21.536  32.505 0.0000000000
47082  32.166  -21.213  30.339 0.0000000000
49952  31.881  -18.919  29.095 0.0000000000
48064  31.270  -20.421  26.554 0.0000000000
48106  30.057  -20.551  23.877 0.0000000000
108579  31.523  -11.477  16.727 0.0000000000
56829  30.333  -11.646  14.159 0.0000000000
57784  37.092  -10.051  17.334 0.0000000000
57797  36.055  -9.839  16.340 0.0000000000
57786  35.616  -10.356  16.988 0.0000000000
117949  38.327  -9.180  17.729 0.0000000000
122769  19.474  -23.617  29.510 0.0000000000
44168  19.036  -24.208  28.766 0.0000000000
117157  19.237  -24.508  29.715 0.0000000000
46088  20.693  -22.120  30.944 0.0000000000
47069  21.238  -21.445  30.756 0.0000000000
119347  20.358  -22.286  30.217 0.0000000000
46099  19.700  -22.758  28.815 0.0000000000
64195  36.225  -3.677  11.323 0.0000000000
63132  37.148  -4.252  13.798 0.0000000000
64162  38.464  -3.617  13.386 0.0000000000
116069  37.491  -3.536  12.343 0.0000000000
64193  38.032  -3.100  11.911 0.0000000000
38229  13.272  -31.018  37.598 0.0000000000
38241  13.338  -30.679  36.773 0.0000000000
116886  12.631  -30.568  37.142 0.0000000000
38243  11.405  -30.237  36.184 0.0000000000
38230  11.287  -30.521  37.655 0.0000000000
38231  10.648  -30.755  37.374 0.0000000000
52931  29.329  -15.457  30.510 0.0000000000
50982  29.530  -16.734  29.619 0.0000000000
51003  30.055  -17.332  28.792 0.0000000000
51002  31.093  -17.761  28.792 0.0000000000
46960  31.515  -21.185  35.852 0.0000000000
108785  24.358  -20.385  26.378 0.0000000000
108786  25.943  -20.546  27.300 0.0000000000
114255  25.757  -20.462  25.718 0.0000000000
48091  26.065  -20.440  25.053 0.0000000000
54813  28.215  -13.424  20.041 0.0000000000
54837  28.148  -13.471  18.183 0.0000000000
71607  47.579  4.691  6.359 0.0000000000
71606  48.381  4.789  6.239 0.0000000000
71612  49.504  4.696  5.291 0.0000000000
71626  50.050  4.463  3.511 0.0000000000
71627  48.370  4.092  3.335 0.0000000000
61269  35.854  -6.320  14.968 0.0000000000
61279  34.818  -6.066  13.863 0.0000000000
61263  35.664  -7.150  15.148 0.0000000000
58764  33.416  -9.437  14.501 0.0000000000
58772  32.935  -9.030  13.894 0.0000000000
58773  32.366  -9.464  13.476 0.0000000000
60461  37.483  -7.397  16.936 0.0000000000
62178  37.420  -5.879  16.376 0.0000000000
62184  37.137  -5.460  15.703 0.0000000000
42223  17.372  -26.637  27.410 0.0000000000
41328  16.596  -27.774  28.526 0.0000000000
46995  25.876  -20.958  34.094 0.0000000000
47011  26.594  -21.269  33.511 0.0000000000
47976  24.904  -20.562  32.725 0.0000000000
48023  22.030  -20.696  29.156 0.0000000000
48021  23.648  -20.554  30.014 0.0000000000
48035  22.675  -20.537  28.642 0.0000000000
128949  23.164  -20.435  27.349 0.0000000000
48071  22.507  -20.463  26.719 0.0000000000
47125  20.910  -21.098  25.972 0.0000000000
114442  27.292  -17.636  22.372 0.0000000000
68804  42.129  1.754  10.869 0.0000000000
70653  43.666  3.119  11.675 0.0000000000
69772  42.653  2.357  9.699 0.0000000000
69789  43.310  2.656  7.471 0.0000000000
69796  44.104  2.901  6.142 0.0000000000
70697  45.350  3.692  6.284 0.0000000000
127390  21.177  -22.482  34.300 0.0000000000
45132  20.695  -23.234  33.504 0.0000000000
46049  21.064  -22.922  34.785 0.0000000000
46982  21.785  -21.423  35.427 0.0000000000
46997  21.489  -21.748  34.049 0.0000000000
66956  42.216  0.181  12.798 0.0000000000
66958  40.855  -0.776  12.153 0.0000000000
66978  38.776  -0.894  10.016 0.0000000000
43111  20.087  -25.301  32.921 0.0000000000
43128  19.641  -25.767  31.400 0.0000000000
42191  19.679  -26.644  31.610 0.0000000000
40368  18.748  -29.003  31.999 0.0000000000
40384  18.650  -28.548  31.391 0.0000000000
40385  17.124  -28.948  31.138 0.0000000000
40398  16.216  -28.811  30.256 0.0000000000
39403  16.110  -29.118  31.044 0.0000000000
38253  16.354  -31.237  35.283 0.0000000000
39363  13.519  -29.614  33.542 0.0000000000
39362  14.558  -29.684  33.449 0.0000000000
39378  14.006  -29.573  32.544 0.0000000000
39394  14.199  -29.552  31.571 0.0000000000
55747  30.097  -13.006  22.134 0.0000000000
127928  28.675  -14.751  27.964 0.0000000000
54725  29.686  -13.871  27.236 0.0000000000
53831  28.735  -14.156  26.184 0.0000000000
53855  28.378  -14.197  24.678 0.0000000000
119544  27.844  -14.650  25.297 0.0000000000
52989  27.183  -15.412  24.107 0.0000000000
52068  27.558  -15.809  25.858 0.0000000000
49982  30.399  -18.134  26.158 0.0000000000
49992  29.211  -18.214  24.864 0.0000000000
127149  29.849  -18.960  24.710 0.0000000000
49999  30.349  -19.578  24.070 0.0000000000
49053  30.784  -20.043  24.496 0.0000000000
107729  27.932  -21.466  32.213 0.0000000000
107734  29.977  -21.569  33.023 0.0000000000
107728  28.538  -21.509  31.535 0.0000000000
47098  29.441  -21.215  28.711 0.0000000000
47084  30.468  -21.550  29.747 0.0000000000
121128  31.205  -21.406  29.271 0.0000000000
48018  32.309  -20.602  29.821 0.0000000000
48032  31.402  -20.811  28.203 0.0000000000
49011  31.919  -19.704  28.163 0.0000000000
48045  30.707  -20.650  27.086 0.0000000000
108769  27.776  -20.547  23.863 0.0000000000
48107  28.998  -20.657  24.295 0.0000000000
56781  32.666  -11.931  18.979 0.0000000000
56800  32.425  -11.540  17.625 0.0000000000
56801  31.412  -11.910  17.647 0.0000000000
54874  29.086  -13.560  15.183 0.0000000000
120172  29.718  -12.364  15.159 0.0000000000
72539  51.449  5.459  1.334 0.0000000000
59587  36.708  -8.250  16.327 0.0000000000
59595  35.593  -8.645  15.557 0.0000000000
58754  35.989  -9.140  15.965 0.0000000000
57811  34.579  -10.032  15.695 0.0000000000
57812  33.165  -10.228  15.263 0.0000000000
59575  38.996  -8.084  18.145 0.0000000000
59585  37.901  -7.989  17.310 0.0000000000
44196  18.529  -24.725  27.149 0.0000000000
43171  18.334  -25.431  28.520 0.0000000000
42215  18.071  -26.127  28.893 0.0000000000
47979  22.651  -20.621  32.243 0.0000000000
47992  23.423  -20.467  31.786 0.0000000000
47993  22.673  -20.627  31.343 0.0000000000
47089  21.439  -21.086  29.623 0.0000000000
125872  20.898  -21.214  28.140 0.0000000000
47126  20.399  -21.566  26.562 0.0000000000
46106  19.982  -22.027  28.182 0.0000000000
45204  19.117  -23.399  27.212 0.0000000000
67924  40.250  0.951  8.341 0.0000000000
46034  21.244  -22.393  36.533 0.0000000000
64146  39.653  -3.535  14.364 0.0000000000
64160  40.072  -3.152  13.543 0.0000000000
65054  40.281  -2.523  12.878 0.0000000000
65997  39.541  -1.638  11.458 0.0000000000
65060  38.506  -2.575  11.502 0.0000000000
65067  37.349  -2.494  10.341 0.0000000000
41272  20.640  -27.433  33.909 0.0000000000
42176  20.044  -26.979  32.541 0.0000000000
120007  20.025  -28.433  33.113 0.0000000000
40367  19.410  -28.873  32.663 0.0000000000
39375  17.812  -29.740  32.535 0.0000000000
112055  15.668  -31.177  35.554 0.0000000000
38240  14.309  -30.917  36.274 0.0000000000
38268  13.989  -30.214  35.350 0.0000000000
39347  12.844  -29.651  34.206 0.0000000000
123402  11.632  -30.178  34.306 0.0000000000
52940  28.860  -15.249  29.247 0.0000000000
110392  28.381  -15.887  28.011 0.0000000000
52067  27.906  -16.340  26.522 0.0000000000
52047  28.937  -16.724  27.959 0.0000000000
51035  30.660  -17.873  26.950 0.0000000000
49981  31.192  -18.487  26.582 0.0000000000
47088  26.331  -20.809  29.628 0.0000000000
47086  27.987  -21.337  29.933 0.0000000000
47101  26.944  -20.789  28.977 0.0000000000
47100  27.482  -20.732  28.330 0.0000000000
47113  28.759  -20.714  27.497 0.0000000000
48066  29.207  -20.650  26.610 0.0000000000
48067  27.381  -20.556  26.372 0.0000000000
48108  26.959  -20.474  24.729 0.0000000000
55791  30.573  -12.491  19.559 0.0000000000
55811  30.439  -12.266  17.696 0.0000000000
55802  29.591  -12.596  18.190 0.0000000000
54846  28.752  -13.137  16.795 0.0000000000
72534  51.342  4.854  4.129 0.0000000000
71632  50.667  4.576  2.713 0.0000000000
62205  35.849  -4.977  14.031 0.0000000000
62220  34.900  -4.949  12.825 0.0000000000
62206  35.170  -5.302  13.615 0.0000000000
59604  34.411  -8.384  14.600 0.0000000000
59612  33.166  -8.323  13.583 0.0000000000
62160  39.362  -5.683  18.597 0.0000000000
63091  39.463  -4.531  17.544 0.0000000000
63099  39.268  -4.356  16.690 0.0000000000
63108  38.348  -4.467  15.559 0.0000000000
63118  37.365  -4.474  14.543 0.0000000000
120024  29.090  -21.498  36.290 0.0000000000
46974  29.790  -21.535  35.713 0.0000000000
114289  28.481  -21.584  34.739 0.0000000000
47027  27.260  -21.416  32.867 0.0000000000
108896  26.806  -21.213  31.234 0.0000000000
113046  24.273  -20.509  31.395 0.0000000000
48002  25.129  -20.626  31.023 0.0000000000
47068  25.743  -20.757  30.332 0.0000000000
124444  25.298  -20.569  28.697 0.0000000000
123100  24.022  -20.460  27.510 0.0000000000
114253  23.557  -20.310  25.692 0.0000000000
71581  44.769  4.226  9.739 0.0000000000
69780  43.267  2.745  8.415 0.0000000000
70684  44.437  3.644  8.479 0.0000000000
71593  45.537  4.465  8.568 0.0000000000
71602  45.714  4.325  7.744 0.0000000000
71616  46.025  4.062  5.863 0.0000000000
71622  46.770  4.209  4.676 0.0000000000
71628  47.565  4.095  3.768 0.0000000000
46080  20.310  -22.814  31.477 0.0000000000
44152  19.700  -23.990  31.062 0.0000000000
45145  20.229  -23.743  32.433 0.0000000000
44125  20.120  -24.483  32.678 0.0000000000
43092  20.362  -25.475  33.713 0.0000000000
127236  20.760  -24.092  35.759 0.0000000000
43071  20.564  -25.742  34.476 0.0000000000
42152  20.899  -26.830  35.447 0.0000000000
46948  29.453  -21.179  37.680 0.0000000000
46964  27.968  -21.558  37.151 0.0000000000
128027  26.702  -21.379  36.381 0.0000000000
47940  25.288  -20.745  34.954 0.0000000000
47941  24.373  -20.582  35.318 0.0000000000
118192  23.761  -20.475  34.134 0.0000000000
47030  21.983  -21.000  32.729 0.0000000000
47031  21.349  -21.598  32.288 0.0000000000
126782  43.398  1.489  13.074 0.0000000000
68793  42.320  1.501  11.672 0.0000000000
67888  41.140  0.837  10.691 0.0000000000
66969  39.779  -0.861  11.121 0.0000000000
67913  39.682  0.120  9.749 0.0000000000
67912  40.298  0.755  9.345 0.0000000000
113247  19.391  -24.875  30.367 0.0000000000
43144  19.040  -26.028  30.160 0.0000000000
41316  18.202  -27.314  29.862 0.0000000000
41292  19.035  -27.916  31.250 0.0000000000
41304  18.752  -27.638  30.598 0.0000000000
117223  17.629  -27.873  29.789 0.0000000000
40410  16.185  -28.305  28.964 0.0000000000
39415  15.194  -29.174  29.512 0.0000000000
39344  18.358  -30.590  33.789 0.0000000000
39360  17.293  -30.090  33.098 0.0000000000
39361  16.217  -29.944  33.182 0.0000000000
39377  15.831  -29.573  32.314 0.0000000000
39393  15.282  -29.369  31.435 0.0000000000
37144  9.891  -32.023  40.185 0.0000000000
57775  35.755  -10.857  18.589 0.0000000000
55777  31.500  -12.433  20.747 0.0000000000
55764  30.114  -12.799  21.177 0.0000000000
114040  29.459  -13.168  21.659 0.0000000000
54790  27.875  -13.855  21.646 0.0000000000
54762  29.733  -13.534  24.314 0.0000000000
54779  28.706  -13.766  23.250 0.0000000000
53873  27.464  -14.347  22.327 0.0000000000
52110  26.844  -15.597  23.080 0.0000000000
52122  26.910  -16.780  22.861 0.0000000000
51065  27.863  -18.049  23.525 0.0000000000
107763  28.287  -17.211  26.037 0.0000000000
110426  28.318  -17.758  24.734 0.0000000000
50013  28.731  -18.523  23.297 0.0000000000
50012  29.375  -18.932  23.038 0.0000000000
50023  30.417  -19.732  22.386 0.0000000000
50969  31.583  -17.840  31.339 0.0000000000
46993  30.989  -21.598  34.451 0.0000000000
47008  31.864  -21.406  33.910 0.0000000000
47024  32.496  -21.038  33.236 0.0000000000
122798  29.865  -21.550  30.962 0.0000000000
47042  31.904  -21.429  31.673 0.0000000000
47990  32.645  -20.582  31.989 0.0000000000
48979  32.375  -19.889  31.431 0.0000000000
49928  32.019  -19.112  30.857 0.0000000000
49953  31.933  -18.281  29.481 0.0000000000
49963  31.858  -18.316  28.658 0.0000000000
49024  31.567  -18.781  27.004 0.0000000000
125145  31.364  -19.934  25.776 0.0000000000
110265  29.686  -20.617  25.668 0.0000000000
48087  30.688  -20.374  25.347 0.0000000000
48086  31.034  -20.076  25.290 0.0000000000
108854  30.554  -20.174  23.754 0.0000000000
57787  34.272  -10.947  17.673 0.0000000000
57800  33.270  -10.745  16.613 0.0000000000
57814  31.684  -10.754  15.292 0.0000000000
56802  30.731  -11.906  16.943 0.0000000000
56820  31.109  -11.245  15.728 0.0000000000
56842  30.822  -11.036  13.749 0.0000000000
70717  48.101  3.749  2.679 0.0000000000
124534  37.016  -10.352  18.049 0.0000000000
57785  36.416  -10.134  16.945 0.0000000000
110535  36.242  -10.466  17.743 0.0000000000
57783  37.697  -10.107  18.011 0.0000000000
46089  20.152  -22.804  30.740 0.0000000000
45179  19.878  -22.789  29.889 0.0000000000
63165  36.001  -4.019  12.023 0.0000000000
63166  35.376  -4.249  11.410 0.0000000000
63149  36.921  -4.106  13.218 0.0000000000
64163  37.626  -3.825  13.154 0.0000000000
64182  37.026  -3.855  12.740 0.0000000000
64183  36.705  -3.739  12.129 0.0000000000
37163  13.059  -31.282  38.428 0.0000000000
109353  12.263  -30.671  37.872 0.0000000000
38242  11.814  -30.371  37.034 0.0000000000
125315  30.199  -16.962  30.863 0.0000000000
52015  29.559  -16.454  30.551 0.0000000000
117604  30.354  -17.178  30.115 0.0000000000
50993  30.473  -17.398  29.407 0.0000000000
50992  31.383  -17.771  29.640 0.0000000000
47925  30.693  -20.436  37.456 0.0000000000
46961  30.546  -21.308  36.283 0.0000000000
128661  24.176  -20.304  25.470 0.0000000000
48069  25.380  -20.467  26.474 0.0000000000
114254  24.885  -20.380  25.633 0.0000000000
48092  25.260  -20.343  24.917 0.0000000000
54814  27.560  -13.854  20.329 0.0000000000
54827  27.584  -13.844  19.495 0.0000000000
116780  47.847  4.593  5.663 0.0000000000
71613  48.635  4.645  5.495 0.0000000000
111095  48.869  4.521  4.716 0.0000000000
114130  48.222  4.343  4.190 0.0000000000
61262  36.259  -6.886  15.604 0.0000000000
57821  32.986  -9.941  14.660 0.0000000000
58765  32.759  -9.609  14.139 0.0000000000
57822  32.159  -10.065  13.977 0.0000000000
57832  31.838  -9.951  12.995 0.0000000000
61255  36.712  -7.052  16.131 0.0000000000
61254  37.172  -6.774  16.506 0.0000000000
61261  36.828  -6.307  15.977 0.0000000000
42216  17.537  -26.631  28.421 0.0000000000
41338  16.974  -27.355  27.048 0.0000000000
41339  16.522  -27.847  27.589 0.0000000000
122530  25.117  -20.603  34.130 0.0000000000
47012  25.350  -20.718  33.443 0.0000000000
48036  21.908  -20.652  28.217 0.0000000000
48051  22.544  -20.503  27.731 0.0000000000
48052  21.784  -20.662  27.291 0.0000000000
48072  21.618  -20.690  26.344 0.0000000000
47114  21.054  -21.046  26.916 0.0000000000
51087  27.628  -18.033  21.641 0.0000000000
68822  42.171  1.843  10.045 0.0000000000
69759  42.593  2.286  10.543 0.0000000000
68834  42.132  1.976  9.250 0.0000000000
69803  44.144  2.871  5.182 0.0000000000
112488  21.380  -21.992  34.779 0.0000000000
65974  41.104  -2.041  13.208 0.0000000000
66957  41.549  -0.262  12.487 0.0000000000
43112  19.879  -25.980  32.278 0.0000000000
40369  18.184  -29.359  32.122 0.0000000000
110015  18.080  -29.022  31.559 0.0000000000
39392  16.474  -29.364  31.744 0.0000000000
39395  13.344  -29.784  31.773 0.0000000000
53823  28.456  -14.776  27.462 0.0000000000
53822  28.913  -14.256  26.954 0.0000000000
53832  28.127  -14.784  26.641 0.0000000000
118561  28.124  -14.554  25.925 0.0000000000
53845  27.678  -15.036  25.925 0.0000000000
49991  30.051  -18.546  25.426 0.0000000000
119274  30.528  -19.402  25.018 0.0000000000
107727  27.651  -21.397  31.384 0.0000000000
123406  29.353  -20.901  27.999 0.0000000000
47097  30.365  -21.372  28.978 0.0000000000
124750  31.059  -21.195  28.670 0.0000000000
47096  31.731  -21.013  28.892 0.0000000000
48044  31.290  -20.526  27.388 0.0000000000
56782  32.094  -12.146  19.398 0.0000000000
56792  32.021  -12.013  18.477 0.0000000000
122974  36.660  -9.089  16.368 0.0000000000
59594  36.219  -8.455  15.964 0.0000000000
57798  35.144  -10.160  16.269 0.0000000000
58757  33.882  -9.887  15.126 0.0000000000
107316  33.727  -10.359  15.900 0.0000000000
60440  39.445  -7.561  18.631 0.0000000000
59577  37.866  -8.872  17.301 0.0000000000
59586  37.290  -8.393  16.779 0.0000000000
44181  18.604  -24.760  28.143 0.0000000000
43159  18.636  -25.675  29.409 0.0000000000
47070  20.875  -21.658  30.100 0.0000000000
122759  21.487  -21.140  30.306 0.0000000000
47090  20.883  -21.470  29.283 0.0000000000
47103  20.602  -21.530  28.528 0.0000000000
45192  19.281  -23.463  28.274 0.0000000000
46119  19.533  -22.727  27.703 0.0000000000
64137  38.960  -3.980  14.992 0.0000000000
64147  38.727  -3.762  14.167 0.0000000000
64180  38.927  -3.307  12.910 0.0000000000
64161  39.258  -3.418  13.513 0.0000000000
65055  39.553  -3.048  12.879 0.0000000000
128215  39.597  -2.593  12.398 0.0000000000
65059  39.257  -2.335  11.798 0.0000000000
64202  36.976  -3.076  10.725 0.0000000000
65061  37.708  -2.802  11.146 0.0000000000
41273  20.282  -27.686  33.221 0.0000000000
41265  20.469  -28.321  33.920 0.0000000000
40355  19.941  -29.118  33.459 0.0000000000
40356  19.280  -29.571  33.196 0.0000000000
40357  18.678  -29.531  32.641 0.0000000000
117933  18.837  -29.843  33.095 0.0000000000
37172  14.975  -31.646  36.934 0.0000000000
37183  15.305  -31.397  36.157 0.0000000000
38255  13.192  -30.146  35.934 0.0000000000
39330  12.971  -29.712  35.046 0.0000000000
114860  12.206  -29.794  34.714 0.0000000000
38257  10.724  -30.684  35.675 0.0000000000
38220  10.727  -30.739  38.239 0.0000000000
52016  29.068  -16.061  30.140 0.0000000000
110298  29.017  -15.494  29.805 0.0000000000
52948  28.613  -15.519  28.656 0.0000000000
52034  28.688  -16.187  28.580 0.0000000000
52033  29.221  -16.689  28.753 0.0000000000
51018  30.690  -17.733  27.922 0.0000000000
51019  29.756  -17.464  27.495 0.0000000000
107507  26.092  -20.620  28.726 0.0000000000
119663  26.280  -20.594  27.951 0.0000000000
108787  27.022  -20.588  27.432 0.0000000000
48047  27.935  -20.669  27.730 0.0000000000
48046  28.090  -20.596  26.960 0.0000000000
55779  29.831  -12.724  20.130 0.0000000000
55792  29.700  -12.663  19.146 0.0000000000
129328  27.784  -13.918  17.922 0.0000000000
54836  28.731  -13.002  17.708 0.0000000000
54847  28.095  -13.845  17.244 0.0000000000
121120  49.230  4.226  3.189 0.0000000000
71633  49.722  4.264  2.507 0.0000000000
71640  49.774  4.151  1.563 0.0000000000
71641  49.044  3.843  1.840 0.0000000000
62194  35.492  -5.792  14.312 0.0000000000
61271  34.533  -6.747  13.967 0.0000000000
61280  34.180  -6.349  13.366 0.0000000000
60486  33.343  -7.560  13.268 0.0000000000
59596  34.914  -8.933  15.154 0.0000000000
59603  35.166  -7.897  15.003 0.0000000000
59613  32.542  -8.747  13.123 0.0000000000
59626  32.819  -8.032  12.793 0.0000000000
61235  39.314  -6.613  18.673 0.0000000000
62148  39.787  -6.199  19.189 0.0000000000
62161  38.794  -6.056  18.083 0.0000000000
127302  38.754  -5.508  17.665 0.0000000000
63092  38.764  -5.036  17.217 0.0000000000
63100  38.527  -4.706  16.376 0.0000000000
63107  39.115  -4.196  15.837 0.0000000000
62192  36.833  -5.042  15.045 0.0000000000
63119  36.600  -4.728  14.316 0.0000000000
46976  27.926  -21.536  35.449 0.0000000000
46975  28.814  -21.572  35.542 0.0000000000
121805  27.619  -21.497  34.576 0.0000000000
47028  26.432  -21.183  32.744 0.0000000000
47045  27.041  -21.313  32.053 0.0000000000
47046  26.135  -20.987  31.956 0.0000000000
47977  24.190  -20.449  32.226 0.0000000000
48004  23.534  -20.553  30.920 0.0000000000
107914  23.952  -20.513  29.306 0.0000000000
48003  24.358  -20.548  30.580 0.0000000000
48020  25.026  -20.591  30.255 0.0000000000
119093  25.380  -20.617  29.509 0.0000000000
48033  24.661  -20.545  28.999 0.0000000000
48070  23.429  -20.385  26.589 0.0000000000
46118  19.877  -22.063  27.150 0.0000000000
46126  19.923  -22.198  26.188 0.0000000000
69718  43.810  2.400  12.871 0.0000000000
70665  43.593  3.308  10.674 0.0000000000
70652  44.171  3.788  11.071 0.0000000000
71570  44.692  4.257  10.579 0.0000000000
70664  44.212  3.774  10.175 0.0000000000
69790  42.519  2.259  7.908 0.0000000000
69781  42.633  2.385  8.856 0.0000000000
70699  44.036  2.968  7.085 0.0000000000
70695  43.916  3.149  8.003 0.0000000000
71594  44.898  4.134  8.924 0.0000000000
71603  45.035  4.027  8.106 0.0000000000
70693  45.228  3.809  7.242 0.0000000000
70704  45.396  3.662  5.318 0.0000000000
71615  46.669  4.332  5.454 0.0000000000
70703  46.073  4.001  4.934 0.0000000000
46067  20.381  -22.989  32.206 0.0000000000
119046  20.108  -23.424  31.851 0.0000000000
45144  20.484  -23.314  32.824 0.0000000000
45133  20.439  -23.950  33.182 0.0000000000
44112  20.333  -24.688  33.522 0.0000000000
44102  20.521  -24.919  34.401 0.0000000000
115349  20.896  -23.364  36.047 0.0000000000
44091  20.735  -24.770  35.953 0.0000000000
113427  20.708  -26.094  35.152 0.0000000000
46963  28.828  -21.450  37.174 0.0000000000
112354  25.915  -21.146  35.893 0.0000000000
47942  23.575  -20.579  35.569 0.0000000000
47950  23.578  -20.534  34.842 0.0000000000
124327  22.822  -20.639  34.172 0.0000000000
47014  21.445  -21.672  33.205 0.0000000000
46079  20.779  -22.206  31.853 0.0000000000
62221  34.384  -5.404  12.364 0.0000000000
67872  41.809  0.645  12.007 0.0000000000
127820  41.303  0.596  11.363 0.0000000000
67887  41.690  1.164  11.194 0.0000000000
65996  40.209  -1.263  11.795 0.0000000000
66007  39.142  -1.245  10.752 0.0000000000
124373  39.086  -0.381  9.679 0.0000000000
119467  39.603  0.448  8.794 0.0000000000
111453  19.866  -24.127  31.820 0.0000000000
44139  19.595  -24.802  31.117 0.0000000000
42200  19.399  -26.354  30.852 0.0000000000
43143  19.397  -25.545  30.631 0.0000000000
42209  18.481  -26.474  29.664 0.0000000000
41280  19.813  -27.998  32.500 0.0000000000
41291  19.533  -27.515  31.789 0.0000000000
111909  18.048  -28.618  30.877 0.0000000000
41293  18.585  -28.208  30.860 0.0000000000
41305  18.155  -28.091  30.333 0.0000000000
40409  16.923  -28.012  29.414 0.0000000000
117924  16.506  -28.444  29.696 0.0000000000
40411  15.885  -28.673  29.435 0.0000000000
108827  14.482  -29.617  29.953 0.0000000000
38264  17.579  -30.903  34.037 0.0000000000
38277  17.682  -30.495  33.533 0.0000000000
38254  14.944  -30.827  35.489 0.0000000000
38266  15.648  -30.737  34.826 0.0000000000
108291  15.119  -29.663  32.861 0.0000000000
112675  15.401  -29.932  33.563 0.0000000000
37132  9.912  -32.459  41.150 0.0000000000
36239  9.515  -33.384  41.185 0.0000000000
56767  32.941  -11.918  19.764 0.0000000000
55778  30.711  -12.545  20.454 0.0000000000
128955  30.948  -12.583  21.188 0.0000000000
54789  28.684  -13.465  21.663 0.0000000000
54735  29.524  -13.809  26.411 0.0000000000
113198  29.904  -13.582  25.075 0.0000000000
54763  28.950  -13.758  24.085 0.0000000000
53863  28.174  -14.246  23.840 0.0000000000
53872  27.894  -14.228  23.062 0.0000000000
127736  27.347  -14.600  22.921 0.0000000000
53008  26.937  -14.899  22.718 0.0000000000
53864  27.282  -14.791  23.496 0.0000000000
52097  27.240  -16.095  24.598 0.0000000000
52109  27.048  -16.230  23.787 0.0000000000
51066  27.316  -17.179  23.647 0.0000000000
50001  28.561  -18.193  24.138 0.0000000000
50011  30.087  -19.454  23.167 0.0000000000
48121  30.523  -20.160  22.493 0.0000000000
114290  29.348  -21.613  34.848 0.0000000000
115415  30.205  -21.606  34.892 0.0000000000
108772  29.906  -21.584  34.047 0.0000000000
107731  30.016  -21.576  32.207 0.0000000000
47009  30.971  -21.556  33.523 0.0000000000
129273  31.840  -21.406  33.128 0.0000000000
47064  29.073  -21.517  30.874 0.0000000000
108285  28.832  -21.451  30.110 0.0000000000
111784  31.395  -21.519  30.010 0.0000000000
47063  30.607  -21.585  30.540 0.0000000000
47061  32.300  -21.222  31.098 0.0000000000
47041  32.620  -21.080  31.749 0.0000000000
48001  32.499  -20.746  30.972 0.0000000000
49000  32.124  -19.755  29.485 0.0000000000
48990  32.259  -19.887  30.413 0.0000000000
49941  31.896  -19.040  29.916 0.0000000000
49942  31.900  -18.546  30.313 0.0000000000
48063  31.698  -20.063  26.920 0.0000000000
49019  31.794  -19.340  27.480 0.0000000000
124757  31.679  -19.496  26.711 0.0000000000
49037  31.571  -19.967  26.242 0.0000000000
114014  28.457  -20.602  26.059 0.0000000000
48088  30.066  -20.541  24.700 0.0000000000
48105  30.687  -20.179  24.610 0.0000000000
126529  30.459  -20.330  24.229 0.0000000000
56789  34.915  -11.122  18.773 0.0000000000
57776  35.105  -10.778  17.854 0.0000000000
56790  34.379  -11.150  18.247 0.0000000000
56799  33.093  -11.112  17.261 0.0000000000
56810  32.476  -11.086  16.710 0.0000000000
57801  32.643  -10.609  15.845 0.0000000000
122305  31.874  -11.007  16.083 0.0000000000
55823  30.024  -12.227  16.792 0.0000000000
55846  29.868  -12.323  14.450 0.0000000000
56821  30.282  -11.719  15.207 0.0000000000
56828  30.878  -11.092  14.749 0.0000000000
73443  51.955  6.005  1.663 0.0000000000
73446  51.721  6.108  0.783 0.0000000000
73445  52.052  6.727  0.209 0.0000000000
70718  47.523  3.754  3.041 0.0000000000
70728  47.563  3.396  2.323 0.0000000000
58739  36.741  -9.776  16.730 0.0000000000
115486  34.607  -10.569  16.981 0.0000000000
58738  37.799  -9.585  17.538 0.0000000000
47049  21.288  -21.513  31.417 0.0000000000
63131  37.905  -3.975  13.980 0.0000000000
112398  38.276  -3.418  12.646 0.0000000000
64194  37.151  -3.336  11.514 0.0000000000
41255  20.763  -28.531  35.007 0.0000000000
40341  20.286  -29.260  34.323 0.0000000000
113148  12.395  -30.205  36.449 0.0000000000
115287  11.120  -30.497  36.938 0.0000000000
38209  10.894  -30.850  39.113 0.0000000000
128416  29.232  -16.016  30.641 0.0000000000
48049  25.013  -20.489  27.334 0.0000000000
114256  26.705  -20.515  25.674 0.0000000000
54826  28.179  -13.398  19.093 0.0000000000
54838  27.582  -14.011  18.568 0.0000000000
71600  47.275  4.808  7.129 0.0000000000
72487  47.798  5.194  7.717 0.0000000000
72507  48.091  4.974  6.965 0.0000000000
71618  50.665  4.668  4.250 0.0000000000
71619  49.776  4.559  4.460 0.0000000000
71620  49.094  4.370  3.906 0.0000000000
61270  35.165  -6.791  14.522 0.0000000000
60476  34.517  -7.475  14.319 0.0000000000
110686  37.973  -7.203  17.344 0.0000000000
61253  37.778  -6.432  17.048 0.0000000000
62183  37.807  -5.063  16.043 0.0000000000
62185  36.474  -5.863  15.373 0.0000000000
40423  16.049  -28.348  28.082 0.0000000000
46994  26.736  -21.318  34.361 0.0000000000
122075  25.976  -21.015  33.312 0.0000000000
47029  25.698  -20.860  32.737 0.0000000000
48022  22.869  -20.572  29.547 0.0000000000
128052  23.469  -20.527  29.470 0.0000000000
48034  23.392  -20.509  28.953 0.0000000000
107724  24.029  -20.504  28.520 0.0000000000
48050  23.313  -20.480  28.126 0.0000000000
48095  22.214  -20.463  25.715 0.0000000000
52136  26.858  -17.148  21.712 0.0000000000
68803  42.586  2.128  11.272 0.0000000000
69740  43.000  2.742  11.113 0.0000000000
69758  43.126  2.802  10.172 0.0000000000
69797  43.413  2.568  6.520 0.0000000000
70698  44.681  3.346  6.686 0.0000000000
70705  44.734  3.300  5.717 0.0000000000
70712  44.774  3.265  4.752 0.0000000000
46059  21.087  -22.463  33.694 0.0000000000
112738  20.912  -23.154  34.199 0.0000000000
45121  20.782  -23.615  34.698 0.0000000000
46996  21.989  -21.186  34.573 0.0000000000
66967  41.084  0.049  11.794 0.0000000000
38252  17.071  -31.302  35.083 0.0000000000
38265  16.722  -30.954  34.486 0.0000000000
39345  14.296  -29.725  34.085 0.0000000000
55763  30.800  -12.713  21.852 0.0000000000
55746  30.754  -12.899  22.563 0.0000000000
54787  30.181  -13.255  22.954 0.0000000000
109789  29.031  -14.367  27.732 0.0000000000
54713  29.689  -14.024  28.111 0.0000000000
54747  29.335  -13.763  25.630 0.0000000000
54748  29.145  -13.751  24.874 0.0000000000
53844  28.578  -14.138  25.441 0.0000000000
52981  27.425  -15.346  25.103 0.0000000000
52084  27.433  -16.163  25.253 0.0000000000
51036  29.624  -17.650  26.718 0.0000000000
51047  29.261  -17.839  25.868 0.0000000000
107732  28.145  -21.512  33.077 0.0000000000
107733  29.023  -21.571  33.433 0.0000000000
107730  28.990  -21.577  32.430 0.0000000000
47044  29.488  -21.563  31.585 0.0000000000
47085  29.541  -21.443  29.521 0.0000000000
47083  31.958  -21.164  29.537 0.0000000000
48019  32.140  -20.685  29.195 0.0000000000
49010  32.048  -19.644  28.787 0.0000000000
48043  31.768  -20.201  27.739 0.0000000000
123998  28.045  -20.578  24.755 0.0000000000
48123  28.982  -20.687  23.199 0.0000000000
56780  33.350  -11.729  18.927 0.0000000000
121887  33.539  -11.359  18.032 0.0000000000
56791  32.816  -11.725  18.410 0.0000000000
55835  29.904  -12.150  15.961 0.0000000000
55836  29.321  -12.783  15.536 0.0000000000
72540  51.067  4.847  1.896 0.0000000000
72537  51.695  5.399  2.186 0.0000000000
60470  35.903  -7.804  15.541 0.0000000000
58755  35.305  -9.527  15.725 0.0000000000
123505  34.614  -9.559  15.298 0.0000000000
60453  38.418  -7.595  17.723 0.0000000000
59576  38.431  -8.508  17.719 0.0000000000
60462  36.954  -7.596  16.466 0.0000000000
43181  18.204  -25.342  27.511 0.0000000000
42222  17.792  -25.964  27.901 0.0000000000
47962  23.543  -20.489  33.454 0.0000000000
127261  24.130  -20.464  32.938 0.0000000000
47978  23.429  -20.477  32.636 0.0000000000
112817  21.877  -20.905  30.880 0.0000000000
48005  22.057  -20.760  30.023 0.0000000000
47102  21.301  -21.046  28.695 0.0000000000
47115  20.528  -21.460  27.594 0.0000000000
68847  40.909  1.307  9.029 0.0000000000
68846  41.589  1.687  8.780 0.0000000000
121590  41.019  1.445  8.205 0.0000000000
127256  40.256  -3.478  14.865 0.0000000000
64145  40.526  -3.214  14.254 0.0000000000
65042  40.834  -2.743  13.665 0.0000000000
65984  40.627  -1.652  12.496 0.0000000000
65985  39.927  -2.019  12.143 0.0000000000
65066  38.114  -2.210  10.751 0.0000000000
66009  37.712  -1.838  9.946 0.0000000000
42175  20.451  -26.851  33.469 0.0000000000
39346  13.681  -29.728  34.489 0.0000000000
39364  12.718  -29.751  33.493 0.0000000000
38282  11.652  -30.532  33.651 0.0000000000
38270  11.390  -30.261  35.098 0.0000000000
53809  29.326  -14.800  29.692 0.0000000000
52947  28.963  -14.713  28.588 0.0000000000
116581  28.473  -15.155  28.011 0.0000000000
52957  28.101  -15.512  27.244 0.0000000000
52048  28.382  -16.466  27.315 0.0000000000
51020  28.996  -17.156  27.255 0.0000000000
111380  29.703  -17.241  28.177 0.0000000000
47067  26.583  -21.062  30.432 0.0000000000
111279  27.168  -21.109  29.778 0.0000000000
47087  27.781  -21.034  29.133 0.0000000000
129406  26.766  -20.649  28.276 0.0000000000
47099  28.473  -20.919  28.404 0.0000000000
47112  29.791  -20.728  27.251 0.0000000000
48090  27.713  -20.557  25.493 0.0000000000
55801  30.492  -12.421  18.658 0.0000000000
55812  29.434  -12.574  17.252 0.0000000000
54825  28.842  -12.957  18.661 0.0000000000
54858  28.851  -13.296  15.955 0.0000000000
71625  51.044  4.712  3.499 0.0000000000
71639  50.411  4.497  1.238 0.0000000000
63133  36.404  -4.468  13.581 0.0000000000
63151  35.469  -4.445  12.390 0.0000000000
63134  35.628  -4.664  13.235 0.0000000000
122782  34.519  -5.620  13.144 0.0000000000
59605  33.667  -8.728  14.252 0.0000000000
60477  33.848  -7.932  13.972 0.0000000000
62172  39.099  -5.230  17.924 0.0000000000
64126  39.829  -3.863  16.141 0.0000000000
63109  37.573  -4.742  15.307 0.0000000000
46962  29.675  -21.347  36.761 0.0000000000
108770  28.273  -21.524  33.931 0.0000000000
47010  27.437  -21.449  33.701 0.0000000000
47991  24.923  -20.546  31.871 0.0000000000
47047  25.532  -20.729  31.630 0.0000000000
110255  26.002  -20.898  31.095 0.0000000000
107725  24.771  -20.543  28.190 0.0000000000
117063  23.652  -20.253  24.846 0.0000000000
47132  20.414  -21.695  25.616 0.0000000000
53887  26.660  -14.957  21.097 0.0000000000
71569  45.260  4.660  10.174 0.0000000000
126114  42.128  2.020  8.565 0.0000000000
69771  43.222  2.802  9.297 0.0000000000
70685  43.836  3.230  8.878 0.0000000000
70675  44.324  3.719  9.314 0.0000000000
71580  45.398  4.589  9.359 0.0000000000
72438  45.945  5.120  9.831 0.0000000000
71579  46.032  4.917  8.999 0.0000000000
71592  46.241  4.731  8.247 0.0000000000
71601  46.476  4.577  7.386 0.0000000000
71609  45.925  4.156  6.821 0.0000000000
71608  46.719  4.489  6.385 0.0000000000
71614  47.204  4.533  5.793 0.0000000000
126177  47.314  4.436  5.159 0.0000000000
71621  47.467  4.303  4.470 0.0000000000
71629  46.976  4.068  4.084 0.0000000000
45158  19.967  -23.427  31.263 0.0000000000
45110  20.857  -23.507  35.296 0.0000000000
44101  20.686  -24.344  35.088 0.0000000000
121419  20.478  -26.158  33.821 0.0000000000
42164  20.711  -26.661  34.405 0.0000000000
41254  21.060  -27.769  35.786 0.0000000000
115182  28.335  -21.523  36.309 0.0000000000
127516  27.474  -21.477  36.296 0.0000000000
46978  26.140  -21.086  34.937 0.0000000000
47949  24.451  -20.521  34.506 0.0000000000
47963  22.699  -20.652  33.159 0.0000000000
47013  22.038  -21.068  33.660 0.0000000000
63152  34.765  -4.811  11.934 0.0000000000
68777  44.072  1.838  13.548 0.0000000000
67871  42.651  1.059  12.576 0.0000000000
68823  41.596  1.394  10.374 0.0000000000
68836  40.968  1.098  9.873 0.0000000000
66968  40.442  -0.451  11.450 0.0000000000
66977  39.418  -0.555  10.352 0.0000000000
66976  40.091  -0.170  10.668 0.0000000000
67901  40.467  0.501  10.244 0.0000000000
44153  19.505  -24.207  30.400 0.0000000000
43158  19.111  -25.252  29.930 0.0000000000
42210  17.914  -26.761  29.206 0.0000000000
42192  19.274  -27.179  31.053 0.0000000000
41317  17.357  -27.322  29.068 0.0000000000
40424  15.540  -28.915  28.619 0.0000000000
39359  18.275  -30.087  33.144 0.0000000000
39376  16.866  -29.708  32.465 0.0000000000
38279  16.004  -30.444  33.985 0.0000000000
38280  15.134  -30.114  34.151 0.0000000000
39405  14.397  -29.528  30.752 0.0000000000
37143  10.422  -31.324  39.679 0.0000000000
36245  9.591  -32.835  39.551 0.0000000000
55790  31.389  -12.354  19.910 0.0000000000
54800  29.058  -13.161  20.753 0.0000000000
54801  28.135  -13.575  20.915 0.0000000000
54802  27.541  -13.941  21.011 0.0000000000
54777  30.348  -13.329  23.781 0.0000000000
54778  29.544  -13.496  23.487 0.0000000000
114735  28.317  -13.787  22.426 0.0000000000
53886  27.214  -14.367  21.462 0.0000000000
53874  26.820  -14.897  21.952 0.0000000000
53009  26.695  -15.394  22.329 0.0000000000
51075  27.401  -17.641  23.017 0.0000000000
51074  27.967  -18.312  22.574 0.0000000000
52083  27.748  -16.683  25.687 0.0000000000
51049  27.609  -16.975  24.918 0.0000000000
51048  28.380  -17.532  25.348 0.0000000000
51057  27.775  -17.551  24.242 0.0000000000
50025  29.008  -18.644  22.411 0.0000000000
50024  29.770  -19.131  22.346 0.0000000000
46973  30.866  -21.537  35.350 0.0000000000
46992  31.890  -21.367  34.862 0.0000000000
47960  32.694  -20.462  33.735 0.0000000000
47065  28.226  -21.442  30.734 0.0000000000
47043  30.648  -21.572  31.479 0.0000000000
109877  29.693  -21.544  30.293 0.0000000000
47025  32.247  -21.280  32.451 0.0000000000
121652  32.683  -20.897  32.438 0.0000000000
47975  32.627  -20.464  32.863 0.0000000000
48968  32.504  -19.813  32.397 0.0000000000
49929  32.000  -18.481  31.088 0.0000000000
50981  31.928  -18.042  30.356 0.0000000000
51001  31.912  -18.005  28.878 0.0000000000
51017  31.686  -18.055  28.180 0.0000000000
49018  31.833  -18.961  28.361 0.0000000000
49975  31.684  -18.493  27.835 0.0000000000
49989  31.394  -19.353  26.233 0.0000000000
49038  31.122  -19.786  25.480 0.0000000000
48065  30.483  -20.592  26.277 0.0000000000
118696  31.204  -20.253  25.846 0.0000000000
48122  30.132  -20.543  22.927 0.0000000000
122008  33.784  -10.891  17.205 0.0000000000
57799  33.955  -10.571  16.604 0.0000000000
55810  31.176  -12.204  18.309 0.0000000000
126049  30.326  -11.980  16.484 0.0000000000
110106  30.620  -11.699  16.192 0.0000000000
57823  31.494  -10.580  14.335 0.0000000000
70727  48.292  3.557  2.052 0.0000000000
47062  31.586  -21.506  30.831 0.0000000000
48030  32.195  -20.268  29.155 0.0000000000
48031  31.973  -20.383  28.568 0.0000000000
61236  38.851  -7.085  18.182 0.0000000000
125559  42.446  -0.130  13.215 0.0000000000
126788  43.064  0.914  13.113 0.0000000000
128208  29.760  -16.491  31.049 0.0000000000
