#!ascii label  , from subject sub-v2s15x29744_ses-1 vox2ras=TkReg
1353
52968  -34.848  -11.063  28.108 0.0000000000
60508  -50.383  -2.391  24.300 0.0000000000
58768  -39.716  -4.103  26.602 0.0000000000
39312  -6.608  -24.020  43.892 0.0000000000
51899  -30.806  -10.818  33.419 0.0000000000
47827  -18.393  -15.624  43.753 0.0000000000
43525  -27.862  -19.751  45.761 0.0000000000
46886  -33.218  -16.177  39.850 0.0000000000
50713  -33.818  -12.303  38.500 0.0000000000
45882  -11.047  -16.584  37.496 0.0000000000
47837  -13.519  -15.523  42.803 0.0000000000
114382  -15.227  -15.163  37.337 0.0000000000
44751  -23.743  -18.551  39.431 0.0000000000
117690  -29.422  -18.972  40.695 0.0000000000
49875  -37.888  -13.624  33.005 0.0000000000
51953  -39.502  -11.231  31.527 0.0000000000
59648  -45.097  -3.626  25.819 0.0000000000
55633  -36.474  -7.445  26.366 0.0000000000
61346  -47.774  -1.973  17.966 0.0000000000
36552  -3.122  -26.275  45.590 0.0000000000
51864  -35.668  -11.141  36.050 0.0000000000
51968  -32.562  -11.466  30.417 0.0000000000
103750  -19.617  -15.648  38.045 0.0000000000
44672  -22.432  -18.598  44.175 0.0000000000
55593  -41.443  -7.256  31.027 0.0000000000
65794  -52.771  3.427  15.420 0.0000000000
45892  -31.218  -17.120  37.800 0.0000000000
47933  -32.430  -15.439  37.538 0.0000000000
46908  -12.869  -15.669  37.438 0.0000000000
103564  -26.836  -18.709  37.649 0.0000000000
44772  -29.283  -18.495  38.508 0.0000000000
44738  -31.283  -18.257  40.648 0.0000000000
50868  -36.253  -12.824  30.522 0.0000000000
49916  -39.100  -13.536  31.848 0.0000000000
51991  -37.048  -11.276  29.894 0.0000000000
109263  -48.390  -3.238  25.073 0.0000000000
59593  -48.939  -3.499  28.679 0.0000000000
61289  -52.284  -1.519  22.770 0.0000000000
38405  -4.399  -24.491  41.575 0.0000000000
37444  -5.178  -25.103  44.884 0.0000000000
51845  -32.633  -11.474  36.510 0.0000000000
51828  -34.364  -11.239  37.535 0.0000000000
115417  -33.048  -10.552  34.607 0.0000000000
51929  -34.856  -11.292  33.306 0.0000000000
52920  -32.087  -10.543  32.692 0.0000000000
103727  -15.898  -15.509  43.399 0.0000000000
121754  -14.732  -15.457  45.992 0.0000000000
47793  -17.327  -15.657  46.267 0.0000000000
46802  -19.282  -16.848  46.812 0.0000000000
105130  -18.417  -15.168  34.759 0.0000000000
46945  -20.524  -16.039  35.453 0.0000000000
43561  -26.137  -20.017  43.021 0.0000000000
120833  -23.618  -18.870  42.286 0.0000000000
42433  -24.854  -20.421  45.466 0.0000000000
43484  -23.879  -19.682  48.144 0.0000000000
42503  -8.777  -20.769  39.993 0.0000000000
117572  -9.615  -18.941  42.370 0.0000000000
111349  -9.403  -19.937  44.539 0.0000000000
57771  -37.642  -5.307  26.344 0.0000000000
55611  -39.380  -7.459  28.700 0.0000000000
57734  -40.592  -5.272  28.424 0.0000000000
65814  -54.469  4.388  14.263 0.0000000000
38362  -7.559  -24.167  47.677 0.0000000000
47842  -34.775  -15.002  42.399 0.0000000000
49768  -34.782  -13.288  41.534 0.0000000000
112055  -33.666  -14.570  39.398 0.0000000000
49834  -32.616  -13.113  36.808 0.0000000000
46880  -10.326  -16.474  39.431 0.0000000000
122799  -11.092  -15.661  42.150 0.0000000000
102450  -12.029  -15.572  39.763 0.0000000000
47868  -14.802  -15.420  40.110 0.0000000000
47871  -17.430  -15.443  40.533 0.0000000000
45909  -22.511  -17.894  36.607 0.0000000000
44787  -24.861  -18.637  37.111 0.0000000000
122068  -26.835  -19.285  40.132 0.0000000000
43563  -28.894  -19.642  43.033 0.0000000000
43580  -31.046  -19.073  42.767 0.0000000000
45811  -33.725  -17.356  42.950 0.0000000000
44779  -10.029  -18.613  37.173 0.0000000000
50762  -39.915  -13.152  36.115 0.0000000000
48907  -42.979  -14.737  36.601 0.0000000000
48937  -41.088  -14.591  34.303 0.0000000000
50826  -42.242  -12.869  33.094 0.0000000000
108994  -42.605  -3.359  26.579 0.0000000000
59587  -42.889  -3.455  28.453 0.0000000000
59590  -45.234  -2.787  29.173 0.0000000000
33775  0.239  -29.192  51.057 0.0000000000
53825  -35.786  -9.492  27.333 0.0000000000
57792  -35.348  -5.696  24.725 0.0000000000
103656  -39.864  -3.516  23.877 0.0000000000
59681  -42.054  -3.564  23.424 0.0000000000
118488  -45.413  -3.597  23.013 0.0000000000
59728  -47.784  -2.882  22.009 0.0000000000
102581  -49.286  -2.364  21.674 0.0000000000
60545  -46.741  -2.748  19.939 0.0000000000
105329  -5.961  -25.277  49.154 0.0000000000
37402  -3.772  -25.791  50.297 0.0000000000
35665  -0.835  -27.741  51.026 0.0000000000
121288  -40.567  -11.320  39.635 0.0000000000
51765  -35.421  -11.784  40.294 0.0000000000
102715  -36.864  -11.470  38.493 0.0000000000
102914  -39.164  -11.722  37.467 0.0000000000
50775  -37.330  -12.109  34.390 0.0000000000
50820  -35.283  -12.415  31.728 0.0000000000
51987  -33.928  -12.032  29.157 0.0000000000
108273  -13.055  -15.533  45.390 0.0000000000
109084  -17.625  -15.242  38.054 0.0000000000
116857  -19.167  -15.518  41.006 0.0000000000
45874  -21.681  -17.117  38.815 0.0000000000
46872  -21.349  -16.673  40.866 0.0000000000
45774  -20.704  -16.992  43.979 0.0000000000
44624  -21.119  -18.687  47.741 0.0000000000
39363  -6.100  -23.078  40.558 0.0000000000
41432  -7.736  -21.871  40.053 0.0000000000
40355  -7.628  -22.761  43.107 0.0000000000
53819  -38.165  -9.150  28.903 0.0000000000
53795  -40.411  -9.216  31.644 0.0000000000
54681  -42.356  -8.191  34.436 0.0000000000
58674  -43.616  -4.689  31.132 0.0000000000
61339  -51.293  -1.234  19.850 0.0000000000
62115  -51.943  0.247  18.833 0.0000000000
119294  -52.523  2.500  19.118 0.0000000000
65781  -50.595  2.770  16.070 0.0000000000
107507  -54.343  3.800  18.467 0.0000000000
45891  -30.537  -17.561  37.395 0.0000000000
46911  -31.071  -16.892  36.852 0.0000000000
108270  -30.670  -16.975  36.080 0.0000000000
109863  -28.830  -18.407  37.067 0.0000000000
45890  -29.989  -17.866  37.072 0.0000000000
105661  -30.638  -17.731  38.244 0.0000000000
51989  -35.542  -11.847  29.289 0.0000000000
51971  -36.695  -12.220  30.131 0.0000000000
52004  -35.967  -11.113  28.964 0.0000000000
60506  -48.653  -3.043  24.274 0.0000000000
118339  -49.377  -3.044  25.969 0.0000000000
111318  -50.429  -2.583  25.614 0.0000000000
60509  -51.264  -2.056  24.731 0.0000000000
60519  -51.050  -2.019  23.988 0.0000000000
38396  -5.835  -24.164  42.733 0.0000000000
38387  -4.838  -24.976  43.508 0.0000000000
121138  -5.586  -24.780  44.569 0.0000000000
51860  -31.709  -11.155  35.235 0.0000000000
51862  -32.984  -10.922  36.202 0.0000000000
52889  -32.347  -10.571  34.308 0.0000000000
52904  -33.086  -10.541  33.762 0.0000000000
52919  -31.297  -10.576  33.173 0.0000000000
121878  -9.756  -17.596  43.536 0.0000000000
109086  -17.513  -15.496  44.049 0.0000000000
114163  -16.990  -15.552  45.325 0.0000000000
47806  -17.780  -15.690  45.374 0.0000000000
46807  -18.712  -16.313  46.527 0.0000000000
46818  -19.160  -16.294  45.196 0.0000000000
118085  -26.430  -20.223  43.873 0.0000000000
43543  -25.600  -20.315  43.795 0.0000000000
42435  -26.453  -20.235  45.286 0.0000000000
43506  -25.952  -19.880  47.015 0.0000000000
44710  -9.881  -17.789  41.312 0.0000000000
44697  -9.780  -18.189  42.814 0.0000000000
44680  -9.607  -18.347  43.928 0.0000000000
49800  -43.683  -12.674  40.266 0.0000000000
57773  -39.141  -4.626  26.936 0.0000000000
57755  -39.497  -5.065  27.493 0.0000000000
58754  -39.927  -4.401  27.168 0.0000000000
119253  -33.914  -15.921  40.926 0.0000000000
47876  -34.120  -15.261  40.795 0.0000000000
47893  -33.476  -15.445  39.590 0.0000000000
48891  -32.726  -14.460  37.293 0.0000000000
48919  -32.145  -13.808  35.621 0.0000000000
49846  -31.904  -12.742  35.417 0.0000000000
45867  -10.452  -16.742  38.330 0.0000000000
46881  -10.828  -15.935  39.382 0.0000000000
46894  -11.216  -16.073  38.211 0.0000000000
47926  -14.388  -15.377  37.374 0.0000000000
103726  -14.088  -15.466  38.599 0.0000000000
103725  -15.016  -15.402  38.777 0.0000000000
120486  -16.086  -15.434  40.267 0.0000000000
103724  -15.880  -15.373  38.920 0.0000000000
44829  -24.136  -18.302  35.315 0.0000000000
44734  -28.173  -18.969  39.726 0.0000000000
110526  -26.877  -19.091  39.444 0.0000000000
43609  -28.084  -19.214  40.470 0.0000000000
117632  -27.148  -19.591  41.599 0.0000000000
122204  -28.643  -19.430  41.564 0.0000000000
43564  -29.708  -19.518  43.181 0.0000000000
43597  -30.005  -19.166  41.722 0.0000000000
45844  -32.381  -17.462  40.561 0.0000000000
45826  -32.465  -17.934  41.539 0.0000000000
45845  -33.083  -17.096  41.011 0.0000000000
46855  -33.941  -16.839  42.332 0.0000000000
106675  -10.829  -17.297  36.920 0.0000000000
50777  -38.844  -13.263  34.977 0.0000000000
49849  -40.401  -14.062  35.587 0.0000000000
48951  -39.141  -14.209  33.658 0.0000000000
50851  -39.443  -12.238  31.608 0.0000000000
49895  -40.769  -13.238  32.438 0.0000000000
50824  -40.727  -12.121  32.339 0.0000000000
51932  -42.191  -11.880  33.159 0.0000000000
51930  -40.699  -11.105  32.375 0.0000000000
59647  -44.224  -3.588  25.606 0.0000000000
103976  -43.775  -3.313  27.542 0.0000000000
116628  -45.222  -3.560  26.615 0.0000000000
59594  -50.061  -3.225  29.308 0.0000000000
103654  -41.574  -3.508  24.127 0.0000000000
102684  -41.536  -3.574  22.795 0.0000000000
102681  -44.185  -3.596  22.495 0.0000000000
102675  -45.410  -3.469  21.691 0.0000000000
102986  -46.317  -3.471  22.945 0.0000000000
59726  -46.188  -3.244  21.254 0.0000000000
59750  -46.828  -2.896  20.817 0.0000000000
120935  -3.337  -26.028  44.285 0.0000000000
36545  -2.617  -26.655  46.088 0.0000000000
38357  -7.438  -23.397  50.128 0.0000000000
37419  -6.633  -25.113  48.616 0.0000000000
37406  -6.917  -24.400  50.622 0.0000000000
37399  -4.590  -25.548  51.979 0.0000000000
37393  -3.853  -25.984  52.503 0.0000000000
36528  -2.407  -26.726  50.696 0.0000000000
36518  -2.402  -27.091  52.851 0.0000000000
34768  -1.667  -27.877  53.013 0.0000000000
49799  -34.268  -12.912  39.698 0.0000000000
50690  -35.005  -12.059  40.656 0.0000000000
51789  -34.719  -11.959  39.655 0.0000000000
102710  -35.173  -11.132  36.963 0.0000000000
102712  -35.890  -11.361  38.173 0.0000000000
102711  -36.670  -11.368  37.548 0.0000000000
51813  -38.581  -11.561  37.903 0.0000000000
116601  -37.368  -11.452  36.895 0.0000000000
51866  -38.270  -11.881  35.863 0.0000000000
103616  -36.653  -11.444  35.592 0.0000000000
51927  -33.722  -11.224  32.229 0.0000000000
50821  -35.271  -11.920  32.562 0.0000000000
51951  -34.356  -11.902  31.558 0.0000000000
50847  -34.946  -12.503  30.898 0.0000000000
103896  -33.226  -11.870  29.745 0.0000000000
47836  -12.597  -15.532  42.826 0.0000000000
47814  -11.706  -15.626  44.389 0.0000000000
103324  -13.146  -15.523  43.554 0.0000000000
47953  -19.317  -15.405  36.360 0.0000000000
47952  -17.925  -14.992  36.722 0.0000000000
108566  -18.974  -15.420  37.964 0.0000000000
47889  -18.588  -15.411  39.180 0.0000000000
47891  -20.136  -15.805  39.606 0.0000000000
44767  -23.729  -18.508  38.509 0.0000000000
45889  -21.816  -17.342  37.311 0.0000000000
44750  -22.951  -18.083  39.551 0.0000000000
44673  -23.050  -19.037  43.848 0.0000000000
45809  -22.500  -17.898  41.785 0.0000000000
44685  -21.993  -17.999  43.603 0.0000000000
46854  -21.064  -16.736  42.591 0.0000000000
44671  -21.767  -18.187  44.559 0.0000000000
44656  -20.902  -18.055  45.929 0.0000000000
43521  -22.065  -19.127  46.018 0.0000000000
44660  -31.395  -18.405  45.937 0.0000000000
41433  -8.336  -21.340  40.461 0.0000000000
41417  -8.491  -21.337  41.371 0.0000000000
105529  -7.425  -22.459  41.413 0.0000000000
42428  -9.085  -19.723  46.192 0.0000000000
54726  -36.184  -8.230  26.613 0.0000000000
53827  -37.057  -9.124  28.000 0.0000000000
104832  -37.292  -8.400  27.646 0.0000000000
55601  -40.448  -7.530  29.775 0.0000000000
54693  -40.008  -8.422  30.256 0.0000000000
55585  -41.012  -7.979  31.522 0.0000000000
54680  -41.581  -8.726  33.233 0.0000000000
55586  -41.716  -7.420  32.257 0.0000000000
59569  -44.013  -3.158  29.181 0.0000000000
58715  -43.548  -3.581  29.675 0.0000000000
58694  -44.602  -3.382  30.721 0.0000000000
60570  -48.974  -2.065  19.846 0.0000000000
61296  -49.916  -1.969  21.031 0.0000000000
61337  -49.578  -1.654  19.204 0.0000000000
62114  -50.477  -0.415  18.056 0.0000000000
62985  -51.417  0.928  18.393 0.0000000000
62986  -51.986  1.530  19.077 0.0000000000
64854  -51.161  2.188  18.289 0.0000000000
105121  -50.869  3.155  14.052 0.0000000000
119148  -49.879  3.023  14.918 0.0000000000
102277  -51.935  3.078  16.088 0.0000000000
65775  -52.656  3.135  17.503 0.0000000000
65784  -53.477  3.639  17.028 0.0000000000
65785  -54.372  4.366  16.541 0.0000000000
66657  -56.215  5.602  14.650 0.0000000000
46884  -32.003  -16.947  39.040 0.0000000000
47892  -32.988  -15.893  39.127 0.0000000000
46912  -31.763  -16.307  37.445 0.0000000000
47977  -31.743  -15.637  36.071 0.0000000000
46907  -11.848  -16.079  37.419 0.0000000000
44789  -27.570  -18.601  37.178 0.0000000000
44771  -28.451  -18.645  38.317 0.0000000000
44755  -29.522  -18.609  39.365 0.0000000000
44737  -30.556  -18.534  40.429 0.0000000000
44756  -30.304  -18.375  39.598 0.0000000000
45860  -31.506  -17.515  39.431 0.0000000000
49891  -36.882  -13.289  31.962 0.0000000000
49893  -38.623  -13.879  32.390 0.0000000000
50849  -37.982  -13.118  31.109 0.0000000000
50870  -38.104  -12.384  30.854 0.0000000000
51973  -38.261  -11.355  30.688 0.0000000000
109175  -46.567  -3.633  25.882 0.0000000000
59630  -47.136  -3.622  26.660 0.0000000000
59631  -48.122  -3.472  26.526 0.0000000000
59616  -49.720  -3.357  28.078 0.0000000000
61299  -53.171  -0.830  22.015 0.0000000000
37459  -4.120  -25.334  43.368 0.0000000000
37436  -3.912  -25.808  45.842 0.0000000000
50743  -32.957  -11.775  37.239 0.0000000000
51810  -33.776  -11.881  38.167 0.0000000000
51846  -33.195  -11.206  36.892 0.0000000000
119411  -33.724  -10.895  36.403 0.0000000000
51863  -34.671  -10.909  36.174 0.0000000000
51880  -35.389  -11.112  35.014 0.0000000000
111212  -33.999  -10.709  33.971 0.0000000000
52921  -33.001  -10.645  32.896 0.0000000000
51948  -31.938  -10.927  31.078 0.0000000000
47838  -14.676  -15.525  43.150 0.0000000000
47817  -14.838  -15.511  44.555 0.0000000000
123612  -15.460  -15.518  45.000 0.0000000000
47805  -16.405  -15.543  45.964 0.0000000000
45721  -18.827  -16.785  49.668 0.0000000000
120519  -19.757  -15.558  35.707 0.0000000000
47932  -19.953  -15.733  36.839 0.0000000000
43591  -25.170  -19.457  41.070 0.0000000000
44733  -23.977  -18.866  40.481 0.0000000000
44703  -24.228  -19.233  41.943 0.0000000000
43542  -23.718  -19.594  43.726 0.0000000000
43523  -23.314  -19.780  45.084 0.0000000000
43504  -22.762  -19.726  46.586 0.0000000000
42420  -24.488  -20.334  46.315 0.0000000000
43627  -9.445  -19.756  37.981 0.0000000000
43602  -9.416  -19.557  39.881 0.0000000000
42472  -9.247  -20.480  42.527 0.0000000000
122510  -9.232  -20.549  44.283 0.0000000000
43556  -9.468  -19.241  44.298 0.0000000000
56743  -37.400  -6.198  26.531 0.0000000000
55623  -38.304  -7.291  27.711 0.0000000000
56728  -38.537  -6.370  27.478 0.0000000000
56714  -40.347  -6.215  28.748 0.0000000000
56697  -41.448  -6.260  29.715 0.0000000000
62122  -47.225  -1.019  16.820 0.0000000000
61357  -48.806  -1.086  17.530 0.0000000000
62134  -47.728  -0.330  16.617 0.0000000000
65829  -51.579  3.290  13.795 0.0000000000
65813  -53.324  3.622  14.249 0.0000000000
65830  -52.427  3.384  13.564 0.0000000000
65840  -53.638  3.683  12.557 0.0000000000
39302  -7.560  -23.477  45.357 0.0000000000
38373  -6.565  -24.410  45.467 0.0000000000
115197  -34.958  -12.978  42.567 0.0000000000
111790  -34.824  -13.944  42.416 0.0000000000
48860  -34.126  -13.954  40.032 0.0000000000
49798  -33.819  -13.585  39.230 0.0000000000
48876  -32.962  -14.775  38.098 0.0000000000
48892  -33.090  -13.648  37.902 0.0000000000
50727  -32.935  -12.689  37.418 0.0000000000
50742  -32.541  -12.245  36.754 0.0000000000
50757  -31.824  -11.669  35.546 0.0000000000
45833  -9.899  -17.034  40.843 0.0000000000
46852  -10.242  -16.282  42.387 0.0000000000
47865  -10.606  -15.978  40.891 0.0000000000
119204  -11.986  -15.586  41.121 0.0000000000
47850  -12.796  -15.532  41.312 0.0000000000
47887  -12.563  -15.571  39.075 0.0000000000
47867  -13.896  -15.466  39.999 0.0000000000
47852  -14.550  -15.463  41.496 0.0000000000
47853  -15.410  -15.465  41.532 0.0000000000
47855  -17.034  -15.456  42.013 0.0000000000
116309  -17.908  -15.446  42.348 0.0000000000
109694  -23.283  -18.340  36.794 0.0000000000
44768  -24.228  -18.650  38.079 0.0000000000
117935  -25.949  -18.820  38.113 0.0000000000
44753  -26.123  -19.030  39.109 0.0000000000
43620  -25.507  -19.161  39.745 0.0000000000
43593  -26.434  -19.575  41.372 0.0000000000
119455  -27.051  -19.892  43.182 0.0000000000
43545  -28.360  -19.770  44.295 0.0000000000
43526  -28.776  -19.539  45.799 0.0000000000
109659  -29.154  -19.624  43.932 0.0000000000
43548  -30.713  -19.258  44.257 0.0000000000
44688  -32.020  -18.764  44.181 0.0000000000
44720  -31.619  -18.663  42.047 0.0000000000
44704  -32.522  -18.363  42.608 0.0000000000
44690  -33.243  -18.084  44.204 0.0000000000
45793  -34.190  -16.871  43.897 0.0000000000
113875  -9.916  -18.321  38.048 0.0000000000
50747  -40.959  -12.951  37.356 0.0000000000
49836  -41.476  -13.801  36.921 0.0000000000
48922  -42.345  -14.666  35.547 0.0000000000
110495  -43.010  -14.531  35.070 0.0000000000
107440  -40.741  -14.362  33.559 0.0000000000
104049  -41.641  -14.270  33.672 0.0000000000
59626  -40.848  -3.488  26.491 0.0000000000
58756  -41.369  -3.726  27.643 0.0000000000
59610  -42.465  -3.360  27.795 0.0000000000
59589  -44.360  -3.061  29.037 0.0000000000
103017  -45.501  -2.577  29.863 0.0000000000
59592  -47.117  -3.200  28.985 0.0000000000
59572  -46.559  -2.305  29.845 0.0000000000
53835  -33.737  -10.110  26.150 0.0000000000
52981  -35.320  -10.333  27.711 0.0000000000
53846  -34.079  -9.342  25.724 0.0000000000
54734  -35.067  -8.108  25.697 0.0000000000
55632  -35.770  -7.748  26.023 0.0000000000
104884  -35.732  -6.510  25.416 0.0000000000
56759  -36.951  -5.693  25.990 0.0000000000
123793  -37.670  -4.468  25.560 0.0000000000
58782  -38.405  -4.151  25.599 0.0000000000
109989  -39.674  -3.633  25.472 0.0000000000
59661  -40.996  -3.420  24.865 0.0000000000
59663  -42.874  -3.571  24.874 0.0000000000
116811  -43.792  -3.621  24.878 0.0000000000
102683  -42.431  -3.583  22.689 0.0000000000
59683  -44.029  -3.631  23.336 0.0000000000
59665  -45.392  -3.631  24.323 0.0000000000
117512  -46.572  -3.479  23.653 0.0000000000
59687  -47.896  -3.240  23.735 0.0000000000
60516  -48.577  -2.867  23.360 0.0000000000
60527  -49.982  -2.335  22.869 0.0000000000
60533  -48.436  -2.560  21.419 0.0000000000
102998  -48.212  -2.470  20.388 0.0000000000
60569  -47.544  -2.496  19.510 0.0000000000
60590  -46.363  -1.913  17.610 0.0000000000
102336  -6.247  -25.041  46.925 0.0000000000
37425  -5.415  -25.364  47.409 0.0000000000
118520  -4.186  -25.640  47.939 0.0000000000
37405  -6.336  -24.776  50.885 0.0000000000
37410  -4.524  -25.542  49.663 0.0000000000
37416  -3.649  -25.814  48.425 0.0000000000
36537  -2.434  -26.594  48.707 0.0000000000
35674  -1.413  -27.555  48.790 0.0000000000
35673  -0.600  -28.139  49.310 0.0000000000
34786  -0.014  -28.395  51.105 0.0000000000
50716  -41.898  -11.767  39.572 0.0000000000
121949  -36.834  -11.428  41.103 0.0000000000
51812  -34.970  -11.569  38.749 0.0000000000
51791  -36.282  -11.596  39.784 0.0000000000
51793  -38.507  -11.444  39.471 0.0000000000
116814  -40.057  -11.501  38.840 0.0000000000
50730  -40.636  -12.216  37.824 0.0000000000
50745  -39.512  -12.387  36.413 0.0000000000
102722  -38.572  -12.502  35.364 0.0000000000
50797  -37.421  -12.751  33.767 0.0000000000
51904  -36.208  -11.591  34.175 0.0000000000
50796  -36.302  -11.958  33.507 0.0000000000
50823  -37.151  -13.187  32.819 0.0000000000
50848  -35.751  -12.961  31.024 0.0000000000
50876  -34.515  -12.193  29.587 0.0000000000
52002  -34.397  -11.661  28.548 0.0000000000
52918  -30.606  -10.656  32.712 0.0000000000
52941  -30.252  -10.479  30.908 0.0000000000
52942  -31.117  -10.642  31.007 0.0000000000
51967  -31.759  -11.167  30.261 0.0000000000
51999  -31.354  -11.542  28.417 0.0000000000
52013  -32.022  -11.562  27.696 0.0000000000
52014  -32.813  -11.418  27.466 0.0000000000
52026  -32.857  -11.059  26.773 0.0000000000
109091  -14.116  -15.479  45.537 0.0000000000
47970  -15.822  -14.938  35.830 0.0000000000
47951  -17.091  -14.823  36.603 0.0000000000
109085  -16.868  -15.132  37.808 0.0000000000
103722  -17.645  -15.352  38.943 0.0000000000
47872  -18.388  -15.453  40.691 0.0000000000
104538  -18.821  -15.545  42.387 0.0000000000
105276  -21.176  -16.690  35.928 0.0000000000
46931  -21.125  -16.731  36.817 0.0000000000
46910  -21.063  -16.613  38.518 0.0000000000
45842  -22.449  -17.626  39.972 0.0000000000
45841  -21.853  -17.193  40.451 0.0000000000
46882  -20.761  -16.254  39.819 0.0000000000
46861  -20.717  -16.163  41.178 0.0000000000
46853  -20.323  -16.168  42.586 0.0000000000
46831  -19.538  -16.327  44.506 0.0000000000
46819  -19.885  -16.795  45.180 0.0000000000
45733  -20.125  -17.779  47.342 0.0000000000
39348  -5.726  -23.556  41.127 0.0000000000
39337  -6.421  -23.579  42.261 0.0000000000
40409  -7.511  -21.824  39.154 0.0000000000
40408  -6.742  -22.156  38.924 0.0000000000
40379  -6.715  -22.625  40.305 0.0000000000
39350  -6.952  -23.036  41.835 0.0000000000
39325  -7.149  -23.409  43.535 0.0000000000
39314  -7.872  -23.042  44.930 0.0000000000
41371  -8.940  -20.947  44.934 0.0000000000
52970  -36.397  -10.392  28.648 0.0000000000
52957  -38.123  -10.156  30.015 0.0000000000
53801  -38.781  -9.990  30.470 0.0000000000
54699  -39.061  -8.226  28.940 0.0000000000
53802  -39.386  -9.309  30.458 0.0000000000
106132  -40.265  -9.991  31.757 0.0000000000
53789  -41.366  -9.614  33.002 0.0000000000
58737  -41.675  -4.068  28.312 0.0000000000
57709  -42.100  -4.989  29.731 0.0000000000
56674  -42.446  -5.922  30.822 0.0000000000
61287  -50.921  -1.828  21.896 0.0000000000
61298  -51.593  -1.572  21.393 0.0000000000
61319  -52.518  -1.089  21.304 0.0000000000
61349  -50.077  -1.132  18.573 0.0000000000
62106  -51.581  -0.615  19.108 0.0000000000
62107  -52.928  -0.143  19.987 0.0000000000
62979  -53.293  1.006  20.659 0.0000000000
63899  -53.807  2.616  20.997 0.0000000000
64865  -50.123  2.182  17.407 0.0000000000
64867  -51.311  2.397  18.052 0.0000000000
64857  -53.359  2.889  19.537 0.0000000000
66648  -55.807  5.467  15.638 0.0000000000
45911  -30.362  -17.441  36.606 0.0000000000
44812  -29.064  -18.256  36.436 0.0000000000
45910  -29.730  -17.863  36.429 0.0000000000
52003  -35.196  -11.422  28.706 0.0000000000
60517  -49.510  -2.683  24.346 0.0000000000
102186  -49.977  -2.625  24.984 0.0000000000
60498  -50.668  -2.391  25.046 0.0000000000
60518  -50.545  -2.205  23.449 0.0000000000
38389  -6.119  -24.241  43.472 0.0000000000
38388  -5.551  -24.564  43.493 0.0000000000
38379  -5.962  -24.507  44.181 0.0000000000
51900  -31.060  -10.949  34.058 0.0000000000
51879  -32.055  -10.780  35.007 0.0000000000
52888  -31.619  -10.753  34.316 0.0000000000
52903  -32.069  -10.523  33.615 0.0000000000
52902  -31.287  -10.723  33.787 0.0000000000
45783  -9.890  -16.877  43.608 0.0000000000
46851  -10.007  -16.612  42.859 0.0000000000
47826  -17.677  -15.455  43.222 0.0000000000
117832  -17.429  -15.566  44.763 0.0000000000
47819  -18.083  -15.656  44.614 0.0000000000
47807  -18.505  -15.924  45.253 0.0000000000
46830  -18.831  -15.943  44.533 0.0000000000
119751  -27.104  -19.982  45.232 0.0000000000
43524  -27.004  -19.867  45.985 0.0000000000
58769  -40.364  -3.986  26.979 0.0000000000
46874  -33.454  -16.397  40.605 0.0000000000
47875  -33.695  -15.723  40.299 0.0000000000
48918  -31.864  -14.523  35.000 0.0000000000
47978  -32.136  -14.769  35.792 0.0000000000
47905  -14.673  -15.371  38.007 0.0000000000
47906  -15.565  -15.263  38.168 0.0000000000
44735  -28.923  -18.910  40.080 0.0000000000
43595  -28.828  -19.232  41.016 0.0000000000
105823  -29.172  -19.374  41.671 0.0000000000
43596  -29.499  -19.145  41.210 0.0000000000
46873  -32.856  -16.833  40.183 0.0000000000
47859  -33.837  -16.499  41.501 0.0000000000
122046  -10.619  -16.957  37.576 0.0000000000
49861  -38.625  -13.620  34.175 0.0000000000
48935  -39.335  -14.106  34.402 0.0000000000
48950  -38.588  -13.979  33.307 0.0000000000
51954  -40.073  -11.663  31.962 0.0000000000
50852  -40.057  -12.672  32.011 0.0000000000
51931  -41.385  -11.474  32.771 0.0000000000
118074  -44.444  -3.500  26.623 0.0000000000
59575  -50.434  -1.619  30.598 0.0000000000
59679  -40.571  -3.543  23.058 0.0000000000
117485  -45.459  -3.356  20.886 0.0000000000
36560  -2.966  -26.345  44.785 0.0000000000
36551  -2.470  -26.742  45.325 0.0000000000
37413  -7.220  -24.330  49.887 0.0000000000
38354  -7.252  -23.456  51.304 0.0000000000
36519  -3.195  -26.671  52.818 0.0000000000
120826  -3.290  -27.183  53.358 0.0000000000
50700  -34.033  -12.776  39.028 0.0000000000
50701  -34.311  -12.294  39.286 0.0000000000
116325  -35.849  -11.289  37.433 0.0000000000
51848  -36.386  -11.325  36.657 0.0000000000
119937  -37.202  -11.494  36.211 0.0000000000
51950  -33.520  -11.545  31.402 0.0000000000
51969  -33.347  -11.753  30.591 0.0000000000
47931  -19.279  -15.460  37.294 0.0000000000
104173  -19.167  -15.487  38.619 0.0000000000
47910  -19.913  -15.726  38.797 0.0000000000
44766  -22.978  -18.175  38.292 0.0000000000
43540  -22.822  -19.233  44.668 0.0000000000
44686  -22.670  -18.460  43.300 0.0000000000
44657  -21.573  -18.445  45.493 0.0000000000
44658  -22.233  -18.834  45.070 0.0000000000
44674  -31.973  -18.526  45.148 0.0000000000
41400  -9.075  -20.893  43.319 0.0000000000
55621  -36.902  -7.969  26.953 0.0000000000
56672  -41.121  -7.023  30.146 0.0000000000
55592  -40.738  -7.797  30.618 0.0000000000
59552  -45.158  -2.706  30.282 0.0000000000
59551  -44.310  -3.084  29.879 0.0000000000
60584  -48.068  -2.188  18.748 0.0000000000
61336  -48.801  -1.900  18.979 0.0000000000
62997  -50.234  1.173  17.467 0.0000000000
63904  -50.811  1.784  18.088 0.0000000000
63916  -50.289  1.949  17.672 0.0000000000
65811  -51.420  3.135  14.501 0.0000000000
65793  -50.737  2.926  15.028 0.0000000000
102617  -51.737  3.065  15.201 0.0000000000
109375  -52.680  3.332  16.520 0.0000000000
104626  -53.453  3.717  16.141 0.0000000000
46897  -31.809  -16.662  38.295 0.0000000000
46949  -31.175  -16.406  36.028 0.0000000000
46932  -31.556  -16.199  36.660 0.0000000000
47976  -31.247  -15.964  35.287 0.0000000000
117193  -27.516  -18.559  36.450 0.0000000000
102289  -29.037  -18.429  37.709 0.0000000000
44790  -28.301  -18.555  37.487 0.0000000000
108403  -28.685  -18.757  39.161 0.0000000000
44773  -30.072  -18.236  38.756 0.0000000000
45876  -31.331  -17.324  38.644 0.0000000000
45859  -30.807  -17.888  39.083 0.0000000000
49913  -36.596  -13.184  31.171 0.0000000000
49914  -37.463  -13.327  31.408 0.0000000000
51972  -37.512  -11.881  30.382 0.0000000000
52943  -37.766  -10.902  30.232 0.0000000000
59650  -47.663  -3.465  25.618 0.0000000000
59617  -50.758  -2.850  27.686 0.0000000000
59595  -50.931  -2.929  28.976 0.0000000000
60478  -52.055  -2.366  28.571 0.0000000000
61280  -52.753  -1.367  23.604 0.0000000000
61290  -53.391  -0.810  22.924 0.0000000000
120953  -4.432  -25.296  43.810 0.0000000000
37443  -4.706  -25.237  44.240 0.0000000000
37442  -3.979  -25.632  44.154 0.0000000000
106106  -4.390  -25.548  44.955 0.0000000000
102547  -32.936  -10.716  35.444 0.0000000000
120891  -33.951  -10.772  35.700 0.0000000000
110472  -34.034  -10.712  34.850 0.0000000000
51926  -32.882  -10.885  32.041 0.0000000000
52931  -32.052  -10.677  31.861 0.0000000000
47839  -15.417  -15.514  42.906 0.0000000000
109088  -15.188  -15.516  43.676 0.0000000000
109087  -15.863  -15.516  44.246 0.0000000000
120485  -16.574  -15.546  46.734 0.0000000000
46801  -18.608  -16.475  47.858 0.0000000000
45732  -19.455  -17.227  47.999 0.0000000000
47975  -19.829  -15.557  34.976 0.0000000000
47954  -20.040  -15.734  36.176 0.0000000000
46930  -20.531  -16.187  36.420 0.0000000000
102276  -24.997  -19.622  41.887 0.0000000000
102307  -25.217  -20.051  42.873 0.0000000000
42451  -25.203  -20.430  44.640 0.0000000000
43560  -24.572  -20.181  43.842 0.0000000000
108660  -24.475  -20.320  44.790 0.0000000000
42450  -23.842  -20.067  44.533 0.0000000000
42432  -23.942  -20.277  45.485 0.0000000000
42405  -25.067  -20.044  47.120 0.0000000000
44744  -9.622  -18.890  39.358 0.0000000000
43615  -9.384  -19.849  38.958 0.0000000000
102370  -9.515  -19.311  41.612 0.0000000000
43572  -9.552  -19.704  42.501 0.0000000000
42460  -9.514  -20.041  43.523 0.0000000000
104317  -9.620  -19.106  43.225 0.0000000000
44667  -9.330  -18.503  45.296 0.0000000000
56727  -37.871  -6.764  27.066 0.0000000000
56744  -38.096  -5.811  26.885 0.0000000000
57733  -39.894  -5.637  28.131 0.0000000000
56696  -40.763  -6.685  29.413 0.0000000000
57707  -40.996  -5.800  29.092 0.0000000000
113576  -51.021  3.367  13.356 0.0000000000
104836  -51.638  3.468  12.800 0.0000000000
38374  -7.263  -24.018  45.837 0.0000000000
39278  -7.567  -21.982  50.299 0.0000000000
48848  -33.951  -14.976  40.084 0.0000000000
48849  -34.213  -14.568  40.614 0.0000000000
47911  -32.704  -15.598  38.410 0.0000000000
48905  -32.479  -14.002  36.488 0.0000000000
105033  -32.773  -13.602  37.182 0.0000000000
46860  -10.161  -16.471  41.438 0.0000000000
114465  -10.189  -16.491  40.421 0.0000000000
46870  -11.243  -15.731  39.703 0.0000000000
47866  -11.413  -15.667  40.462 0.0000000000
103576  -12.454  -15.544  40.529 0.0000000000
47903  -12.156  -15.706  38.241 0.0000000000
102729  -14.432  -15.451  39.376 0.0000000000
47888  -13.521  -15.504  39.218 0.0000000000
102734  -14.244  -15.452  40.751 0.0000000000
102733  -15.119  -15.427  40.797 0.0000000000
47870  -16.596  -15.445  40.365 0.0000000000
102732  -15.985  -15.456  40.835 0.0000000000
102731  -16.831  -15.451  41.135 0.0000000000
102730  -17.701  -15.444  41.417 0.0000000000
44806  -23.763  -18.373  36.101 0.0000000000
105286  -24.118  -18.545  36.881 0.0000000000
116714  -24.359  -18.627  37.540 0.0000000000
44788  -26.141  -18.686  37.183 0.0000000000
43621  -26.248  -19.240  39.933 0.0000000000
44752  -25.278  -18.965  38.871 0.0000000000
43607  -25.726  -19.377  40.578 0.0000000000
43608  -26.412  -19.404  40.622 0.0000000000
43576  -27.545  -19.684  42.258 0.0000000000
103289  -28.031  -19.761  43.001 0.0000000000
43562  -27.712  -19.874  43.791 0.0000000000
115686  -28.437  -19.753  43.595 0.0000000000
43579  -30.245  -19.313  42.560 0.0000000000
43565  -30.494  -19.338  43.367 0.0000000000
43566  -31.270  -19.085  43.703 0.0000000000
44718  -30.851  -18.721  41.292 0.0000000000
44719  -31.639  -18.356  41.254 0.0000000000
45810  -33.074  -17.843  42.402 0.0000000000
44689  -32.659  -18.478  43.683 0.0000000000
44705  -33.214  -18.003  43.284 0.0000000000
45792  -33.745  -17.564  44.068 0.0000000000
46856  -34.465  -16.051  42.529 0.0000000000
47829  -34.763  -15.170  43.581 0.0000000000
45851  -9.892  -17.087  39.974 0.0000000000
50746  -40.286  -12.704  36.871 0.0000000000
49835  -40.684  -13.446  36.497 0.0000000000
48920  -40.900  -14.569  35.038 0.0000000000
48921  -41.309  -14.399  35.839 0.0000000000
109233  -41.533  -14.670  35.000 0.0000000000
48938  -42.142  -14.524  34.537 0.0000000000
49894  -39.410  -13.864  32.400 0.0000000000
48973  -39.309  -14.200  32.980 0.0000000000
48974  -40.189  -14.045  32.795 0.0000000000
49896  -41.556  -13.301  32.825 0.0000000000
48975  -41.188  -13.896  33.000 0.0000000000
49876  -42.036  -13.678  33.280 0.0000000000
48953  -42.575  -14.106  33.876 0.0000000000
49877  -43.081  -13.259  33.682 0.0000000000
51906  -43.005  -11.246  33.884 0.0000000000
59627  -41.685  -3.328  26.663 0.0000000000
122702  -41.275  -3.406  26.993 0.0000000000
118059  -42.199  -3.288  27.282 0.0000000000
103437  -44.709  -3.016  28.821 0.0000000000
59612  -44.011  -3.194  28.456 0.0000000000
104823  -45.006  -2.804  29.384 0.0000000000
116588  -47.699  -3.573  27.268 0.0000000000
59614  -46.725  -3.491  27.904 0.0000000000
105562  -47.867  -3.552  28.168 0.0000000000
59573  -47.647  -2.235  29.887 0.0000000000
34792  0.854  -28.961  50.156 0.0000000000
33791  1.220  -29.481  49.269 0.0000000000
32826  0.606  -29.703  50.222 0.0000000000
55644  -34.569  -7.761  25.104 0.0000000000
56757  -35.807  -5.845  25.171 0.0000000000
56758  -36.284  -6.120  25.675 0.0000000000
57784  -36.462  -5.242  25.406 0.0000000000
58780  -37.049  -4.475  25.113 0.0000000000
58781  -37.793  -4.162  25.065 0.0000000000
59659  -39.319  -3.596  24.656 0.0000000000
59660  -40.140  -3.478  24.772 0.0000000000
108993  -40.438  -3.463  25.652 0.0000000000
103653  -42.483  -3.559  24.124 0.0000000000
103652  -43.452  -3.610  24.125 0.0000000000
121458  -44.695  -3.641  22.979 0.0000000000
59684  -44.953  -3.665  23.584 0.0000000000
59664  -44.439  -3.653  24.281 0.0000000000
59666  -46.293  -3.553  24.304 0.0000000000
59685  -45.828  -3.572  23.644 0.0000000000
59704  -47.105  -3.245  22.472 0.0000000000
106784  -47.178  -3.348  23.288 0.0000000000
59705  -47.877  -3.051  22.882 0.0000000000
60525  -48.656  -2.663  22.420 0.0000000000
60532  -47.606  -2.726  21.145 0.0000000000
60546  -47.394  -2.662  20.399 0.0000000000
35696  -1.916  -27.211  45.575 0.0000000000
123900  -7.087  -24.627  47.053 0.0000000000
38365  -6.794  -24.562  46.287 0.0000000000
116464  -6.165  -25.239  47.787 0.0000000000
37418  -5.513  -25.383  48.355 0.0000000000
37424  -4.507  -25.569  47.187 0.0000000000
103569  -4.799  -25.490  47.895 0.0000000000
38353  -6.886  -24.051  51.809 0.0000000000
37398  -3.801  -25.864  51.417 0.0000000000
37403  -4.588  -25.520  50.754 0.0000000000
36534  -3.042  -26.151  49.003 0.0000000000
36538  -3.017  -26.202  48.135 0.0000000000
36527  -1.659  -27.239  51.105 0.0000000000
35669  -1.879  -27.066  49.260 0.0000000000
35668  -1.176  -27.675  49.835 0.0000000000
108043  -0.241  -28.239  50.409 0.0000000000
121981  -2.676  -28.192  53.344 0.0000000000
105767  -41.604  -11.132  40.340 0.0000000000
50702  -42.623  -11.607  40.503 0.0000000000
103066  -41.033  -11.562  39.169 0.0000000000
49754  -35.293  -12.292  43.250 0.0000000000
50664  -35.130  -12.379  42.087 0.0000000000
50678  -35.261  -12.075  41.594 0.0000000000
51766  -35.623  -11.800  41.202 0.0000000000
51743  -36.509  -11.440  41.856 0.0000000000
51767  -36.252  -11.558  40.770 0.0000000000
51811  -34.236  -11.570  38.137 0.0000000000
102631  -35.975  -11.520  38.966 0.0000000000
121741  -36.620  -11.540  39.148 0.0000000000
51792  -37.341  -11.524  39.441 0.0000000000
51814  -39.529  -11.649  38.077 0.0000000000
117062  -40.427  -11.818  38.289 0.0000000000
51832  -39.899  -11.946  37.564 0.0000000000
50729  -40.084  -12.311  37.153 0.0000000000
51850  -39.346  -11.953  36.953 0.0000000000
50759  -37.460  -11.874  35.020 0.0000000000
50744  -38.789  -12.240  35.808 0.0000000000
50760  -38.163  -12.082  35.367 0.0000000000
50776  -38.063  -12.617  34.637 0.0000000000
51902  -34.803  -10.976  34.196 0.0000000000
51903  -35.574  -11.400  33.856 0.0000000000
50795  -35.734  -11.896  33.032 0.0000000000
121819  -35.767  -12.439  32.341 0.0000000000
50822  -36.390  -12.672  32.681 0.0000000000
108695  -36.121  -12.944  31.754 0.0000000000
50865  -33.968  -12.147  29.967 0.0000000000
50866  -34.688  -12.376  30.176 0.0000000000
51988  -34.786  -12.008  29.109 0.0000000000
52001  -33.598  -11.725  28.448 0.0000000000
52929  -30.512  -10.490  31.849 0.0000000000
52940  -29.466  -10.497  30.642 0.0000000000
51966  -30.922  -10.862  30.125 0.0000000000
51984  -30.717  -11.244  29.168 0.0000000000
52012  -31.067  -11.559  27.528 0.0000000000
108287  -32.230  -11.646  28.687 0.0000000000
47834  -10.628  -15.884  42.678 0.0000000000
46842  -10.750  -15.812  43.488 0.0000000000
103814  -12.076  -15.623  45.274 0.0000000000
109090  -14.937  -15.490  45.351 0.0000000000
103720  -17.587  -14.840  36.045 0.0000000000
47929  -17.412  -15.030  37.282 0.0000000000
47908  -17.053  -15.293  38.423 0.0000000000
118556  -18.843  -15.462  39.960 0.0000000000
47856  -18.568  -15.480  41.623 0.0000000000
47857  -19.398  -15.608  41.751 0.0000000000
45908  -21.819  -17.302  36.289 0.0000000000
45875  -22.176  -17.565  38.185 0.0000000000
114309  -21.527  -17.061  38.112 0.0000000000
107742  -21.053  -16.665  37.689 0.0000000000
44715  -23.778  -18.841  41.499 0.0000000000
44732  -23.094  -18.226  40.235 0.0000000000
44714  -23.143  -18.350  41.123 0.0000000000
45824  -21.849  -17.254  41.293 0.0000000000
46883  -21.324  -16.692  40.099 0.0000000000
46871  -20.915  -16.329  40.475 0.0000000000
46862  -21.275  -16.698  41.670 0.0000000000
118623  -21.016  -17.033  43.412 0.0000000000
45789  -20.429  -16.548  43.426 0.0000000000
46843  -19.765  -16.030  43.226 0.0000000000
46832  -20.185  -16.680  44.296 0.0000000000
45760  -20.617  -17.177  44.692 0.0000000000
44643  -21.377  -18.656  46.485 0.0000000000
106146  -20.307  -17.654  46.389 0.0000000000
44642  -20.715  -18.200  46.871 0.0000000000
42403  -23.354  -19.891  47.401 0.0000000000
43483  -23.163  -19.562  48.326 0.0000000000
43527  -29.526  -19.355  45.685 0.0000000000
39336  -5.785  -23.842  41.816 0.0000000000
39349  -6.308  -23.336  41.427 0.0000000000
42504  -9.163  -20.240  39.653 0.0000000000
42514  -8.775  -20.716  39.007 0.0000000000
41451  -8.208  -21.335  39.539 0.0000000000
40396  -7.062  -22.285  39.736 0.0000000000
40380  -7.288  -22.342  40.573 0.0000000000
40368  -7.533  -22.615  42.255 0.0000000000
39338  -7.049  -23.232  42.669 0.0000000000
40329  -7.863  -22.783  44.108 0.0000000000
42444  -9.175  -20.204  45.234 0.0000000000
48896  -43.454  -14.502  37.708 0.0000000000
53824  -34.953  -9.970  27.017 0.0000000000
52982  -36.085  -10.014  28.029 0.0000000000
53818  -37.458  -9.453  28.624 0.0000000000
53808  -37.819  -9.776  29.308 0.0000000000
53809  -38.627  -9.416  29.682 0.0000000000
55610  -38.694  -7.767  28.347 0.0000000000
107780  -40.468  -8.528  31.130 0.0000000000
54692  -39.273  -8.704  29.614 0.0000000000
53803  -39.977  -9.020  30.965 0.0000000000
53794  -39.848  -9.661  31.172 0.0000000000
53788  -40.764  -9.628  32.192 0.0000000000
54672  -42.194  -9.092  34.173 0.0000000000
59586  -42.184  -3.479  28.020 0.0000000000
58738  -42.432  -3.782  28.648 0.0000000000
58692  -43.221  -4.501  30.354 0.0000000000
58714  -42.717  -4.279  29.509 0.0000000000
57684  -42.567  -5.134  30.271 0.0000000000
57683  -41.994  -5.731  30.077 0.0000000000
57668  -42.993  -5.215  31.101 0.0000000000
60534  -50.142  -2.119  21.962 0.0000000000
61317  -50.571  -1.657  20.369 0.0000000000
61297  -50.715  -1.775  21.216 0.0000000000
111765  -51.219  -1.530  20.654 0.0000000000
61318  -51.920  -1.194  20.559 0.0000000000
61348  -49.270  -1.432  18.344 0.0000000000
62113  -49.669  -0.766  17.816 0.0000000000
106243  -51.272  -0.077  18.367 0.0000000000
121521  -52.301  -0.211  19.347 0.0000000000
62092  -52.132  -0.724  19.842 0.0000000000
62116  -52.582  0.551  19.528 0.0000000000
63906  -52.172  2.196  19.174 0.0000000000
112211  -52.800  1.959  20.073 0.0000000000
64846  -53.075  2.480  19.874 0.0000000000
107983  -54.680  3.355  21.965 0.0000000000
64847  -54.073  3.075  20.660 0.0000000000
64889  -49.957  2.629  16.365 0.0000000000
64888  -49.254  2.721  16.109 0.0000000000
64878  -50.460  2.502  17.000 0.0000000000
64866  -50.731  2.255  17.786 0.0000000000
64879  -51.233  2.576  17.450 0.0000000000
65776  -53.503  3.453  18.000 0.0000000000
64856  -52.723  2.848  18.519 0.0000000000
65766  -53.827  3.369  18.999 0.0000000000
65753  -54.378  3.452  20.095 0.0000000000
65767  -54.961  3.983  19.461 0.0000000000
65795  -54.034  4.121  15.324 0.0000000000
66647  -54.966  5.071  14.953 0.0000000000
44811  -28.268  -18.471  36.608 0.0000000000
44791  -29.430  -18.200  37.087 0.0000000000
44792  -29.866  -18.121  37.816 0.0000000000
50878  -35.894  -12.312  29.891 0.0000000000
51990  -36.299  -11.628  29.554 0.0000000000
52955  -36.708  -10.799  29.281 0.0000000000
60507  -49.175  -2.929  25.135 0.0000000000
60488  -49.784  -2.793  25.535 0.0000000000
103127  -51.503  -2.155  25.739 0.0000000000
61261  -52.528  -1.597  25.292 0.0000000000
61271  -53.431  -1.091  24.704 0.0000000000
61270  -51.969  -1.724  24.232 0.0000000000
61279  -51.463  -1.815  23.270 0.0000000000
108296  -5.163  -24.361  42.149 0.0000000000
112832  -5.179  -24.603  42.898 0.0000000000
37451  -5.312  -24.857  44.149 0.0000000000
51861  -32.190  -11.041  35.812 0.0000000000
103090  -31.261  -10.503  32.391 0.0000000000
45767  -9.656  -17.466  44.659 0.0000000000
117674  -16.743  -15.459  43.536 0.0000000000
47818  -16.780  -15.498  44.494 0.0000000000
46806  -18.005  -15.908  47.045 0.0000000000
47794  -18.227  -15.921  46.028 0.0000000000
46808  -19.294  -16.594  45.906 0.0000000000
42452  -26.030  -20.405  44.591 0.0000000000
42434  -25.686  -20.387  45.378 0.0000000000
109428  -25.369  -20.282  46.221 0.0000000000
42421  -26.200  -20.077  46.104 0.0000000000
43507  -26.831  -19.652  46.926 0.0000000000
44709  -9.736  -18.410  41.858 0.0000000000
57772  -38.387  -4.951  26.651 0.0000000000
57754  -38.786  -5.392  27.222 0.0000000000
57756  -40.216  -4.733  27.751 0.0000000000
47860  -34.336  -15.588  41.553 0.0000000000
47956  -32.362  -15.058  36.631 0.0000000000
49847  -32.286  -12.971  36.213 0.0000000000
110694  -10.778  -16.116  38.854 0.0000000000
47886  -11.484  -15.722  39.015 0.0000000000
47947  -13.751  -15.506  37.026 0.0000000000
47925  -13.803  -15.490  37.807 0.0000000000
47869  -15.594  -15.421  40.200 0.0000000000
102728  -15.332  -15.415  39.525 0.0000000000
102727  -16.184  -15.414  39.715 0.0000000000
44754  -27.732  -18.867  39.026 0.0000000000
44769  -26.857  -18.873  38.563 0.0000000000
43622  -27.475  -19.157  39.922 0.0000000000
102389  -27.185  -19.408  40.776 0.0000000000
43594  -27.975  -19.462  41.396 0.0000000000
43577  -28.537  -19.572  42.180 0.0000000000
43578  -29.437  -19.474  42.380 0.0000000000
119886  -30.753  -19.000  42.064 0.0000000000
106504  -31.696  -17.714  40.184 0.0000000000
45843  -31.891  -17.972  40.836 0.0000000000
45827  -33.383  -17.327  41.907 0.0000000000
45881  -10.297  -17.579  37.624 0.0000000000
50761  -39.183  -12.810  35.706 0.0000000000
49848  -39.607  -13.702  35.279 0.0000000000
48936  -40.227  -14.439  34.588 0.0000000000
121428  -40.495  -14.559  33.979 0.0000000000
118080  -39.461  -13.034  31.734 0.0000000000
49917  -39.836  -13.432  32.179 0.0000000000
50825  -41.485  -12.525  32.689 0.0000000000
52923  -41.370  -10.508  32.925 0.0000000000
59646  -43.234  -3.525  25.673 0.0000000000
109146  -43.535  -3.437  26.568 0.0000000000
116615  -44.766  -3.335  27.664 0.0000000000
59613  -45.487  -3.235  28.311 0.0000000000
111139  -48.164  -3.372  29.092 0.0000000000
59574  -49.143  -2.805  29.841 0.0000000000
62970  -54.230  2.098  22.528 0.0000000000
114315  -35.775  -5.157  24.884 0.0000000000
103655  -40.725  -3.489  24.030 0.0000000000
59680  -41.288  -3.531  23.485 0.0000000000
102680  -44.957  -3.594  22.415 0.0000000000
118662  -45.690  -3.507  22.442 0.0000000000
59703  -46.310  -3.365  22.081 0.0000000000
59727  -46.993  -3.070  21.644 0.0000000000
120895  -2.288  -26.955  45.839 0.0000000000
35686  -2.030  -27.180  46.352 0.0000000000
38359  -7.436  -24.149  49.150 0.0000000000
37420  -7.163  -24.704  49.133 0.0000000000
37412  -6.714  -24.945  49.721 0.0000000000
37400  -5.414  -25.071  52.638 0.0000000000
36524  -3.145  -26.229  50.954 0.0000000000
111732  -3.196  -26.365  51.959 0.0000000000
36523  -2.554  -26.895  52.293 0.0000000000
36517  -1.871  -27.379  52.496 0.0000000000
35662  -1.359  -27.618  51.849 0.0000000000
35658  -1.984  -27.471  52.938 0.0000000000
35649  -2.599  -27.661  53.267 0.0000000000
49783  -34.533  -13.044  40.523 0.0000000000
50677  -34.938  -12.444  41.050 0.0000000000
50689  -34.628  -12.356  40.131 0.0000000000
51829  -35.032  -11.285  37.860 0.0000000000
102714  -37.964  -11.528  38.597 0.0000000000
51830  -37.621  -11.470  37.728 0.0000000000
51831  -38.389  -11.611  37.050 0.0000000000
51849  -38.737  -11.901  36.346 0.0000000000
102709  -37.936  -11.638  36.315 0.0000000000
51865  -37.624  -11.708  35.700 0.0000000000
51928  -34.568  -11.590  32.416 0.0000000000
51970  -34.122  -12.075  30.764 0.0000000000
51986  -33.069  -11.856  28.931 0.0000000000
47835  -11.476  -15.598  42.918 0.0000000000
47825  -12.172  -15.533  43.620 0.0000000000
47815  -12.684  -15.546  44.400 0.0000000000
47791  -14.937  -15.450  46.738 0.0000000000
47974  -19.006  -15.253  35.425 0.0000000000
105813  -18.429  -15.078  36.138 0.0000000000
116828  -18.679  -15.210  36.817 0.0000000000
47930  -18.341  -15.232  37.503 0.0000000000
47909  -18.400  -15.355  38.374 0.0000000000
47890  -19.397  -15.550  39.390 0.0000000000
47873  -19.584  -15.597  40.260 0.0000000000
44785  -22.711  -18.069  37.459 0.0000000000
45858  -22.462  -17.671  39.073 0.0000000000
44687  -23.379  -18.938  43.065 0.0000000000
108846  -22.914  -18.415  42.492 0.0000000000
45791  -22.257  -17.873  42.729 0.0000000000
45808  -21.749  -17.312  42.176 0.0000000000
45790  -21.599  -17.370  43.073 0.0000000000
45775  -21.278  -17.481  44.049 0.0000000000
45761  -21.128  -17.754  45.049 0.0000000000
42492  -8.862  -20.732  40.858 0.0000000000
40381  -7.902  -21.913  40.948 0.0000000000
40369  -8.032  -21.985  41.839 0.0000000000
40356  -8.123  -22.132  42.712 0.0000000000
40343  -8.181  -22.265  43.496 0.0000000000
54715  -35.853  -8.838  26.837 0.0000000000
53826  -36.457  -9.439  27.812 0.0000000000
54716  -36.503  -8.785  27.315 0.0000000000
54707  -37.731  -8.782  28.308 0.0000000000
55600  -39.743  -7.944  29.361 0.0000000000
54679  -40.967  -9.023  32.392 0.0000000000
123647  -41.236  -8.291  32.379 0.0000000000
123658  -41.741  -7.983  33.154 0.0000000000
59568  -43.190  -3.423  28.954 0.0000000000
58693  -43.916  -3.900  30.556 0.0000000000
60547  -49.104  -2.241  20.757 0.0000000000
61316  -49.762  -1.811  20.120 0.0000000000
61338  -50.480  -1.394  19.420 0.0000000000
62984  -50.766  0.542  17.853 0.0000000000
63905  -51.420  2.017  18.659 0.0000000000
65810  -50.125  3.150  14.242 0.0000000000
118780  -51.260  2.895  15.786 0.0000000000
65782  -51.233  2.784  16.584 0.0000000000
65783  -51.918  2.933  17.035 0.0000000000
65777  -54.339  4.044  17.629 0.0000000000
66656  -55.379  5.170  14.153 0.0000000000
46885  -32.622  -16.559  39.446 0.0000000000
46898  -32.402  -16.290  38.729 0.0000000000
46913  -32.225  -16.054  38.087 0.0000000000
47955  -31.980  -15.730  36.873 0.0000000000
46929  -13.194  -15.723  36.626 0.0000000000
47948  -14.550  -15.295  36.706 0.0000000000
44831  -26.180  -18.563  35.584 0.0000000000
103325  -26.874  -18.622  36.797 0.0000000000
44770  -27.628  -18.710  38.037 0.0000000000
44717  -30.030  -18.891  40.930 0.0000000000
44736  -29.808  -18.736  40.192 0.0000000000
44757  -31.008  -18.029  39.892 0.0000000000
45861  -32.181  -17.168  39.797 0.0000000000
49892  -37.703  -13.621  32.142 0.0000000000
49915  -38.287  -13.484  31.647 0.0000000000
50869  -37.236  -12.884  30.704 0.0000000000
50850  -38.755  -12.891  31.366 0.0000000000
51952  -38.826  -11.790  31.181 0.0000000000
102822  -45.865  -3.636  25.177 0.0000000000
59649  -45.763  -3.655  26.074 0.0000000000
59615  -48.629  -3.469  27.430 0.0000000000
59632  -48.945  -3.306  26.588 0.0000000000
121064  -49.230  -3.321  27.174 0.0000000000
38395  -4.463  -24.898  42.596 0.0000000000
38394  -3.581  -25.386  42.659 0.0000000000
37450  -3.308  -25.828  43.479 0.0000000000
110171  -3.620  -25.975  44.939 0.0000000000
50728  -33.328  -12.056  37.863 0.0000000000
51827  -33.601  -11.535  37.569 0.0000000000
51847  -34.041  -11.002  36.965 0.0000000000
51901  -33.911  -10.905  33.091 0.0000000000
51949  -32.716  -11.235  31.235 0.0000000000
121268  -14.198  -15.521  42.772 0.0000000000
103728  -13.975  -15.523  43.402 0.0000000000
109089  -14.491  -15.513  43.819 0.0000000000
47804  -15.498  -15.495  45.801 0.0000000000
109660  -16.164  -15.522  45.123 0.0000000000
47792  -15.812  -15.489  46.669 0.0000000000
118004  -19.956  -15.775  37.504 0.0000000000
43606  -24.922  -19.244  40.430 0.0000000000
44716  -24.526  -19.271  41.197 0.0000000000
110059  -24.212  -19.553  42.770 0.0000000000
43541  -23.347  -19.535  44.378 0.0000000000
43522  -22.715  -19.490  45.534 0.0000000000
43505  -23.254  -19.962  45.827 0.0000000000
42419  -23.644  -20.141  46.453 0.0000000000
42404  -24.189  -20.026  47.218 0.0000000000
43485  -24.755  -19.613  48.052 0.0000000000
43587  -9.449  -19.402  40.695 0.0000000000
42493  -9.227  -20.163  40.372 0.0000000000
43535  -9.206  -19.430  45.340 0.0000000000
55634  -37.195  -7.128  26.685 0.0000000000
55622  -37.593  -7.621  27.342 0.0000000000
56712  -38.981  -6.948  28.073 0.0000000000
56729  -39.203  -5.990  27.829 0.0000000000
56713  -39.650  -6.586  28.432 0.0000000000
55612  -40.085  -7.106  29.060 0.0000000000
56673  -41.782  -6.500  30.505 0.0000000000
61356  -47.501  -1.543  17.368 0.0000000000
61347  -48.503  -1.727  18.168 0.0000000000
113217  -48.138  -1.506  17.572 0.0000000000
110132  -48.025  -1.057  16.999 0.0000000000
62123  -48.578  -0.379  16.867 0.0000000000
65828  -50.360  3.373  13.449 0.0000000000
65812  -52.210  3.294  14.462 0.0000000000
108221  -53.215  3.529  13.280 0.0000000000
65839  -52.648  3.514  12.628 0.0000000000
65831  -54.096  3.922  13.403 0.0000000000
38381  -7.021  -23.999  45.131 0.0000000000
38380  -6.531  -24.220  44.691 0.0000000000
38366  -7.496  -24.035  46.721 0.0000000000
39281  -7.473  -23.017  49.163 0.0000000000
48841  -34.518  -14.545  41.416 0.0000000000
107943  -34.398  -13.885  40.815 0.0000000000
47912  -33.243  -15.123  38.855 0.0000000000
48877  -33.368  -14.158  38.676 0.0000000000
49811  -33.606  -13.184  38.541 0.0000000000
105187  -33.369  -12.710  38.031 0.0000000000
50758  -32.125  -11.918  36.122 0.0000000000
51878  -31.388  -11.064  34.682 0.0000000000
47848  -10.570  -15.951  41.822 0.0000000000
46869  -10.670  -15.978  40.014 0.0000000000
47849  -11.222  -15.663  41.376 0.0000000000
104183  -12.035  -15.546  41.977 0.0000000000
102739  -13.117  -15.515  42.095 0.0000000000
47904  -13.156  -15.549  38.393 0.0000000000
102508  -12.992  -15.524  39.870 0.0000000000
102735  -13.362  -15.501  40.655 0.0000000000
47851  -13.687  -15.490  41.423 0.0000000000
102738  -13.988  -15.495  42.160 0.0000000000
102737  -14.836  -15.493  42.324 0.0000000000
102736  -15.643  -15.497  42.225 0.0000000000
47854  -16.216  -15.479  41.704 0.0000000000
47840  -16.308  -15.483  42.649 0.0000000000
116305  -17.145  -15.437  42.754 0.0000000000
103968  -18.368  -15.512  42.958 0.0000000000
44828  -23.258  -18.039  35.362 0.0000000000
44805  -23.036  -18.179  36.118 0.0000000000
44786  -23.629  -18.486  37.644 0.0000000000
102152  -24.440  -18.773  38.739 0.0000000000
103746  -25.513  -18.626  36.713 0.0000000000
102987  -25.474  -18.708  37.425 0.0000000000
123579  -24.939  -18.766  37.982 0.0000000000
103221  -24.643  -18.992  39.601 0.0000000000
43592  -25.711  -19.570  41.323 0.0000000000
102409  -25.866  -19.783  42.113 0.0000000000
43575  -26.683  -19.760  42.254 0.0000000000
102251  -27.062  -20.009  44.026 0.0000000000
104212  -27.565  -19.910  44.665 0.0000000000
112296  -28.302  -19.745  45.079 0.0000000000
43546  -28.973  -19.628  44.918 0.0000000000
43547  -29.691  -19.488  44.770 0.0000000000
113990  -29.998  -19.463  43.981 0.0000000000
120867  -30.278  -19.332  44.711 0.0000000000
43549  -31.380  -18.920  44.710 0.0000000000
44675  -32.710  -18.222  44.939 0.0000000000
119995  -31.875  -18.796  43.091 0.0000000000
44676  -33.375  -17.506  45.022 0.0000000000
45812  -34.220  -16.690  43.049 0.0000000000
46844  -34.531  -16.141  43.679 0.0000000000
44761  -9.680  -19.032  38.499 0.0000000000
44762  -9.847  -18.153  38.845 0.0000000000
49822  -41.811  -13.233  37.854 0.0000000000
48906  -42.049  -14.468  36.446 0.0000000000
48923  -43.607  -14.707  35.858 0.0000000000
48952  -39.924  -14.417  33.639 0.0000000000
111136  -43.020  -14.310  34.602 0.0000000000
50799  -43.051  -12.221  33.662 0.0000000000
59625  -40.425  -3.784  26.685 0.0000000000
59608  -40.972  -3.633  27.108 0.0000000000
59609  -41.710  -3.426  27.401 0.0000000000
105506  -42.893  -3.402  28.222 0.0000000000
59628  -42.907  -3.307  27.411 0.0000000000
59611  -43.236  -3.292  28.134 0.0000000000
59588  -43.561  -3.311  28.644 0.0000000000
59570  -44.758  -2.877  29.507 0.0000000000
59553  -46.006  -2.302  30.485 0.0000000000
59629  -45.951  -3.581  27.012 0.0000000000
59591  -45.949  -2.915  29.119 0.0000000000
59571  -45.681  -2.553  29.681 0.0000000000
34806  0.764  -28.988  48.502 0.0000000000
52980  -34.480  -10.737  27.458 0.0000000000
52993  -34.136  -10.427  26.771 0.0000000000
53836  -34.514  -9.632  26.381 0.0000000000
53837  -35.259  -9.211  26.629 0.0000000000
54724  -34.794  -8.856  26.037 0.0000000000
54725  -35.484  -8.484  26.311 0.0000000000
55645  -35.315  -7.233  25.400 0.0000000000
55646  -36.077  -6.957  25.804 0.0000000000
56742  -36.725  -6.569  26.173 0.0000000000
57785  -37.236  -4.900  25.809 0.0000000000
58766  -37.962  -4.626  26.096 0.0000000000
58767  -38.817  -4.400  26.301 0.0000000000
59642  -39.279  -3.976  25.931 0.0000000000
58794  -38.398  -3.797  24.649 0.0000000000
119274  -39.004  -3.815  25.307 0.0000000000
59643  -40.044  -3.695  26.184 0.0000000000
59644  -41.329  -3.395  25.712 0.0000000000
59662  -41.924  -3.495  24.884 0.0000000000
59645  -42.278  -3.448  25.703 0.0000000000
122387  -44.376  -3.630  24.906 0.0000000000
59682  -42.979  -3.578  23.377 0.0000000000
102682  -43.353  -3.586  22.606 0.0000000000
116746  -44.925  -3.637  24.993 0.0000000000
103657  -46.900  -3.539  24.935 0.0000000000
59667  -47.794  -3.356  24.603 0.0000000000
59686  -47.132  -3.438  24.078 0.0000000000
119505  -49.151  -2.727  23.744 0.0000000000
116503  -49.793  -2.492  23.639 0.0000000000
106496  -49.259  -2.588  23.084 0.0000000000
60526  -49.459  -2.432  22.410 0.0000000000
122684  -48.339  -2.265  19.505 0.0000000000
60583  -47.258  -2.332  18.486 0.0000000000
60591  -47.015  -2.037  17.735 0.0000000000
61355  -46.722  -1.509  17.252 0.0000000000
38372  -5.873  -24.674  45.049 0.0000000000
108206  -5.445  -25.099  45.584 0.0000000000
38361  -6.910  -24.894  47.734 0.0000000000
37431  -5.284  -25.304  46.429 0.0000000000
37430  -4.468  -25.572  46.376 0.0000000000
37429  -3.830  -25.796  46.762 0.0000000000
37411  -5.558  -25.275  50.053 0.0000000000
37404  -5.419  -25.146  51.363 0.0000000000
103869  -5.186  -25.419  49.144 0.0000000000
37417  -4.485  -25.560  48.656 0.0000000000
37423  -3.629  -25.850  47.551 0.0000000000
121984  -3.392  -25.966  47.052 0.0000000000
36542  -3.017  -26.221  47.329 0.0000000000
108267  -2.383  -26.734  47.791 0.0000000000
36533  -2.433  -26.630  49.616 0.0000000000
35675  -1.976  -27.028  48.475 0.0000000000
34793  0.322  -28.643  49.870 0.0000000000
117980  0.378  -28.742  50.638 0.0000000000
34785  0.454  -28.811  50.811 0.0000000000
110637  -0.709  -28.137  51.748 0.0000000000
35656  -0.818  -28.401  52.114 0.0000000000
50717  -42.748  -12.225  39.741 0.0000000000
50714  -34.230  -11.924  38.763 0.0000000000
51790  -35.369  -11.678  39.508 0.0000000000
51768  -37.149  -11.462  40.487 0.0000000000
103665  -39.152  -11.212  40.407 0.0000000000
51794  -39.624  -11.352  39.553 0.0000000000
102713  -39.049  -11.500  38.693 0.0000000000
50715  -41.242  -12.003  38.610 0.0000000000
111990  -40.651  -12.512  37.472 0.0000000000
50798  -38.083  -13.347  33.826 0.0000000000
51881  -36.687  -11.674  34.661 0.0000000000
50774  -36.849  -12.005  33.955 0.0000000000
110216  -36.814  -12.513  33.373 0.0000000000
50867  -35.446  -12.589  30.358 0.0000000000
52015  -34.040  -11.383  27.926 0.0000000000
52930  -31.361  -10.561  31.671 0.0000000000
51998  -30.487  -11.435  28.290 0.0000000000
51985  -31.569  -11.402  29.359 0.0000000000
112716  -32.408  -11.605  29.566 0.0000000000
52000  -32.848  -11.651  28.202 0.0000000000
122839  -33.365  -11.501  27.866 0.0000000000
52979  -33.583  -11.091  27.251 0.0000000000
46841  -10.265  -16.248  43.359 0.0000000000
103008  -10.442  -16.077  44.053 0.0000000000
47824  -11.350  -15.607  43.720 0.0000000000
47816  -13.778  -15.513  44.355 0.0000000000
47949  -15.412  -15.012  36.529 0.0000000000
47927  -16.091  -15.062  37.606 0.0000000000
47907  -16.373  -15.257  38.316 0.0000000000
103723  -16.710  -15.377  39.005 0.0000000000
102726  -17.090  -15.421  39.734 0.0000000000
102725  -17.998  -15.428  39.838 0.0000000000
104683  -19.042  -15.684  43.109 0.0000000000
114779  -20.474  -16.208  37.234 0.0000000000
46909  -20.375  -16.104  38.115 0.0000000000
45825  -22.469  -17.741  40.816 0.0000000000
45857  -21.803  -17.162  39.630 0.0000000000
46896  -21.206  -16.647  39.321 0.0000000000
46895  -20.579  -16.166  39.028 0.0000000000
47874  -20.373  -15.920  40.396 0.0000000000
105218  -19.962  -15.685  41.062 0.0000000000
110888  -20.760  -16.282  41.958 0.0000000000
47858  -20.163  -15.883  41.845 0.0000000000
47841  -19.603  -15.771  42.489 0.0000000000
47828  -19.242  -15.967  43.843 0.0000000000
45745  -19.839  -17.116  46.081 0.0000000000
122093  -20.450  -17.424  45.541 0.0000000000
104166  -19.797  -17.339  46.859 0.0000000000
43503  -21.923  -19.215  47.151 0.0000000000
38406  -5.159  -23.946  41.349 0.0000000000
39324  -6.532  -23.793  43.090 0.0000000000
39364  -6.812  -22.815  41.021 0.0000000000
39313  -7.225  -23.617  44.485 0.0000000000
41355  -8.772  -20.372  46.088 0.0000000000
52969  -35.638  -10.694  28.370 0.0000000000
53817  -36.768  -9.742  28.351 0.0000000000
52971  -37.120  -10.105  28.949 0.0000000000
52956  -37.438  -10.483  29.616 0.0000000000
119791  -38.391  -10.598  30.496 0.0000000000
52944  -38.960  -10.738  30.986 0.0000000000
54717  -38.016  -8.079  27.999 0.0000000000
54698  -38.409  -8.486  28.603 0.0000000000
121372  -38.725  -8.813  29.128 0.0000000000
118606  -39.331  -10.004  30.905 0.0000000000
52933  -40.142  -10.759  31.901 0.0000000000
52922  -40.771  -10.269  32.325 0.0000000000
52905  -42.117  -9.926  33.871 0.0000000000
58755  -40.644  -4.070  27.422 0.0000000000
58736  -40.939  -4.392  28.016 0.0000000000
57735  -41.238  -4.873  28.769 0.0000000000
58713  -41.921  -4.529  29.097 0.0000000000
57708  -41.617  -5.388  29.415 0.0000000000
56649  -42.116  -6.601  31.510 0.0000000000
57655  -42.828  -5.848  31.950 0.0000000000
56624  -42.560  -6.556  32.850 0.0000000000
61278  -50.726  -1.980  22.628 0.0000000000
61288  -51.528  -1.718  22.308 0.0000000000
110582  -52.406  -1.381  22.050 0.0000000000
62074  -53.518  -0.325  21.658 0.0000000000
62105  -50.845  -0.825  18.763 0.0000000000
62093  -52.803  -0.624  20.617 0.0000000000
62094  -53.614  0.247  21.206 0.0000000000
107996  -53.721  2.128  21.286 0.0000000000
63894  -54.419  2.921  22.457 0.0000000000
64855  -51.806  2.374  18.549 0.0000000000
64868  -51.893  2.678  17.883 0.0000000000
115807  -54.834  4.937  15.766 0.0000000000
34779  -0.219  -28.650  51.417 0.0000000000
35657  -1.263  -27.898  52.587 0.0000000000
36510  -2.781  -27.108  53.121 0.0000000000
36522  -2.024  -27.014  51.670 0.0000000000
36529  -3.095  -26.201  49.940 0.0000000000
36532  -1.766  -27.191  50.253 0.0000000000
36541  -2.541  -26.676  46.876 0.0000000000
37409  -3.727  -25.778  49.302 0.0000000000
37432  -6.027  -24.871  45.939 0.0000000000
37437  -4.795  -25.415  45.674 0.0000000000
43544  -26.756  -20.214  44.604 0.0000000000
46817  -18.805  -16.198  45.771 0.0000000000
47973  -18.064  -14.987  35.452 0.0000000000
50877  -35.146  -12.282  29.695 0.0000000000
52932  -39.677  -10.394  31.376 0.0000000000
54687  -40.783  -8.619  31.814 0.0000000000
65792  -49.942  2.849  15.633 0.0000000000
108578  -23.196  -18.234  38.959 0.0000000000
108632  -19.845  -16.299  43.876 0.0000000000
109083  -15.913  -14.911  37.018 0.0000000000
116584  -26.071  -19.486  40.969 0.0000000000
116858  -3.194  -26.157  46.522 0.0000000000
117728  -50.014  -2.806  26.059 0.0000000000
118418  -2.684  -26.658  51.499 0.0000000000
119946  -23.186  -18.446  41.854 0.0000000000
120957  -51.049  -1.053  19.271 0.0000000000
121260  -19.005  -15.480  40.474 0.0000000000
121348  -37.824  -11.331  40.837 0.0000000000
