#!ascii label  , from subject sub-v2s15x29744_ses-1 vox2ras=TkReg
918
46897  28.034  -8.190  34.222 0.0000000000
47692  38.933  -7.715  43.298 0.0000000000
59381  41.100  5.045  15.636 0.0000000000
52518  32.680  -2.555  28.499 0.0000000000
117658  38.055  -3.778  36.556 0.0000000000
68132  50.045  14.147  9.164 0.0000000000
57459  40.658  2.561  18.425 0.0000000000
56584  35.464  1.357  19.689 0.0000000000
45782  22.705  -10.028  34.287 0.0000000000
46835  34.255  -8.908  37.657 0.0000000000
105416  37.093  -8.990  36.427 0.0000000000
102163  29.948  -6.511  30.700 0.0000000000
63876  46.208  9.914  12.909 0.0000000000
45723  31.458  -10.416  38.367 0.0000000000
45739  27.645  -9.900  37.803 0.0000000000
62998  46.416  8.752  16.751 0.0000000000
119883  22.650  -10.661  38.499 0.0000000000
42322  19.490  -11.962  40.672 0.0000000000
55424  35.682  0.667  24.593 0.0000000000
52453  35.558  -2.429  32.983 0.0000000000
47819  38.179  -7.182  32.067 0.0000000000
44712  38.062  -9.729  33.380 0.0000000000
56579  40.557  1.364  19.626 0.0000000000
115344  37.905  2.354  18.445 0.0000000000
117407  37.942  1.338  20.424 0.0000000000
107843  43.722  2.324  19.433 0.0000000000
47845  25.775  -7.624  31.356 0.0000000000
45802  23.391  -9.700  32.102 0.0000000000
46900  25.414  -8.540  33.543 0.0000000000
46879  31.049  -8.431  34.840 0.0000000000
47781  32.457  -7.562  34.611 0.0000000000
47841  29.011  -7.002  32.305 0.0000000000
47871  26.963  -6.966  29.430 0.0000000000
60329  41.469  5.704  14.433 0.0000000000
59378  44.252  4.981  16.841 0.0000000000
61284  43.910  6.526  16.261 0.0000000000
62188  43.685  7.945  15.266 0.0000000000
44648  27.049  -10.617  39.052 0.0000000000
44663  25.449  -10.121  37.813 0.0000000000
44635  25.780  -10.902  39.477 0.0000000000
42268  22.997  -12.194  44.207 0.0000000000
43544  21.467  -11.600  41.641 0.0000000000
100420  19.864  -11.911  43.238 0.0000000000
42287  17.981  -11.861  43.276 0.0000000000
42254  19.383  -12.152  46.121 0.0000000000
55307  36.711  0.075  33.882 0.0000000000
51479  36.928  -3.122  34.369 0.0000000000
49566  36.711  -5.481  32.577 0.0000000000
48637  37.904  -6.109  34.085 0.0000000000
47838  34.405  -7.776  32.069 0.0000000000
45776  37.322  -9.667  34.560 0.0000000000
46927  35.527  -9.048  31.560 0.0000000000
45813  36.751  -9.639  31.207 0.0000000000
99667  33.613  -0.525  26.875 0.0000000000
54465  33.097  -0.199  23.805 0.0000000000
52541  31.893  -2.697  25.541 0.0000000000
68954  52.678  15.603  6.762 0.0000000000
68143  49.581  13.906  6.558 0.0000000000
114646  41.316  4.208  17.012 0.0000000000
58436  38.640  3.452  17.382 0.0000000000
58416  43.807  3.456  18.189 0.0000000000
46790  36.031  -9.549  40.716 0.0000000000
44618  38.355  -9.526  40.044 0.0000000000
46845  35.522  -7.938  36.688 0.0000000000
47798  33.667  -7.079  33.474 0.0000000000
48689  31.956  -7.011  30.017 0.0000000000
63850  49.271  10.164  14.831 0.0000000000
64726  49.581  10.618  12.592 0.0000000000
64744  49.170  10.950  10.936 0.0000000000
65669  48.771  11.118  9.256 0.0000000000
46851  30.229  -9.759  35.976 0.0000000000
46867  27.684  -8.890  35.290 0.0000000000
45737  29.724  -10.550  37.967 0.0000000000
46825  33.067  -10.157  38.470 0.0000000000
63841  46.539  9.418  15.520 0.0000000000
45767  24.600  -9.363  35.700 0.0000000000
44680  22.650  -10.348  36.415 0.0000000000
43586  20.660  -11.515  37.129 0.0000000000
43554  23.682  -11.283  40.633 0.0000000000
43566  21.323  -11.175  39.408 0.0000000000
113355  17.055  -10.999  49.459 0.0000000000
56517  37.573  1.408  22.837 0.0000000000
111699  34.449  -0.486  29.016 0.0000000000
55335  35.479  0.071  31.259 0.0000000000
52488  34.261  -2.540  30.962 0.0000000000
50540  35.191  -4.705  30.763 0.0000000000
48687  36.728  -6.530  30.611 0.0000000000
46949  38.394  -8.483  29.472 0.0000000000
44645  40.621  -10.413  38.637 0.0000000000
46842  40.652  -9.072  36.755 0.0000000000
47768  38.882  -7.587  35.077 0.0000000000
108169  38.439  -8.575  32.880 0.0000000000
45826  38.096  -8.985  30.839 0.0000000000
55488  34.901  1.052  21.803 0.0000000000
54515  33.134  -0.023  20.215 0.0000000000
56562  40.464  0.892  20.566 0.0000000000
114380  39.044  1.424  19.627 0.0000000000
56563  38.791  1.188  20.470 0.0000000000
56561  41.469  1.029  20.247 0.0000000000
47804  26.673  -7.727  32.995 0.0000000000
110652  25.031  -8.215  32.727 0.0000000000
46899  26.246  -8.313  33.629 0.0000000000
47784  29.654  -8.133  34.183 0.0000000000
47802  29.607  -7.676  33.560 0.0000000000
47825  28.436  -7.408  32.816 0.0000000000
47843  27.263  -7.053  31.573 0.0000000000
60320  41.692  5.569  15.221 0.0000000000
59380  42.585  4.713  16.540 0.0000000000
60309  43.724  5.584  16.407 0.0000000000
60319  42.402  5.850  15.534 0.0000000000
61290  42.638  6.705  15.174 0.0000000000
115566  21.526  -12.373  44.644 0.0000000000
99857  21.579  -12.152  43.956 0.0000000000
114746  20.245  -12.121  43.901 0.0000000000
42296  18.923  -11.771  43.046 0.0000000000
42271  20.202  -12.227  44.669 0.0000000000
113369  17.975  -11.698  44.733 0.0000000000
52415  37.364  -2.323  35.385 0.0000000000
51466  37.489  -3.105  35.615 0.0000000000
116729  37.140  -4.300  34.488 0.0000000000
49518  37.793  -5.207  35.211 0.0000000000
47698  40.408  -7.449  42.470 0.0000000000
46940  33.964  -8.061  30.332 0.0000000000
111988  35.079  -8.497  32.000 0.0000000000
46939  34.610  -8.589  30.596 0.0000000000
45830  34.888  -9.281  29.955 0.0000000000
53501  32.781  -1.062  27.234 0.0000000000
53510  32.404  -1.102  25.697 0.0000000000
67362  50.323  13.291  10.360 0.0000000000
68130  50.968  14.863  10.030 0.0000000000
68924  50.776  15.026  9.254 0.0000000000
68947  51.138  15.253  7.720 0.0000000000
68135  49.824  14.192  8.381 0.0000000000
58419  41.113  3.119  18.074 0.0000000000
58435  39.621  3.559  17.431 0.0000000000
58420  40.233  3.086  17.998 0.0000000000
56582  37.110  1.813  18.878 0.0000000000
102561  36.949  2.363  18.224 0.0000000000
56595  35.327  1.681  18.035 0.0000000000
57458  42.789  2.857  18.632 0.0000000000
58417  43.031  3.350  18.158 0.0000000000
58432  42.597  3.786  17.655 0.0000000000
44714  22.906  -10.046  32.802 0.0000000000
120581  21.689  -10.931  34.568 0.0000000000
46823  34.663  -9.150  38.555 0.0000000000
46821  36.175  -8.663  39.019 0.0000000000
46846  34.610  -7.949  36.941 0.0000000000
47823  31.098  -6.969  32.841 0.0000000000
117804  33.278  -7.217  34.290 0.0000000000
47822  32.002  -6.747  32.610 0.0000000000
47840  32.750  -7.026  31.308 0.0000000000
48690  31.334  -6.732  30.405 0.0000000000
100266  29.730  -6.490  29.697 0.0000000000
49598  34.771  -5.198  29.417 0.0000000000
63865  48.212  10.182  13.862 0.0000000000
64704  49.057  10.297  14.022 0.0000000000
64719  47.958  10.316  12.933 0.0000000000
64738  47.783  10.429  11.134 0.0000000000
64750  47.777  10.094  9.756 0.0000000000
65664  48.956  10.978  10.100 0.0000000000
45749  30.694  -10.200  36.693 0.0000000000
45750  29.885  -10.230  36.816 0.0000000000
103388  30.404  -10.528  38.145 0.0000000000
112352  32.252  -10.221  37.857 0.0000000000
45748  31.471  -10.065  36.737 0.0000000000
103056  48.027  9.611  16.072 0.0000000000
63832  46.115  9.149  16.004 0.0000000000
104746  43.787  8.739  13.849 0.0000000000
45751  27.580  -9.738  36.928 0.0000000000
106683  26.431  -9.026  35.981 0.0000000000
45753  25.903  -9.366  36.648 0.0000000000
44651  24.327  -10.575  38.556 0.0000000000
44678  23.844  -10.115  36.930 0.0000000000
107131  22.888  -10.535  37.799 0.0000000000
44666  22.130  -10.621  37.070 0.0000000000
43584  22.076  -10.765  38.075 0.0000000000
43541  24.831  -11.248  41.815 0.0000000000
42309  20.521  -11.663  41.627 0.0000000000
43545  21.112  -11.578  40.929 0.0000000000
42333  19.984  -11.764  39.967 0.0000000000
42346  19.654  -11.905  39.052 0.0000000000
54422  35.183  -0.108  27.672 0.0000000000
53424  36.050  -1.592  33.821 0.0000000000
54374  36.105  -0.072  33.150 0.0000000000
54375  35.383  -0.776  32.767 0.0000000000
54387  34.725  -0.632  31.395 0.0000000000
52470  34.642  -2.541  31.750 0.0000000000
51513  34.638  -3.379  31.316 0.0000000000
51502  35.096  -3.334  32.075 0.0000000000
49565  37.169  -5.958  32.956 0.0000000000
48674  36.868  -6.306  31.454 0.0000000000
48659  37.667  -6.770  31.803 0.0000000000
47865  38.268  -7.879  30.072 0.0000000000
47852  38.327  -7.901  30.950 0.0000000000
45734  37.898  -9.621  37.654 0.0000000000
44631  39.370  -9.994  39.762 0.0000000000
112703  38.572  -10.286  37.332 0.0000000000
101440  38.031  -9.950  34.088 0.0000000000
44674  39.992  -10.141  36.116 0.0000000000
45775  39.353  -9.741  34.895 0.0000000000
46843  39.944  -8.206  36.522 0.0000000000
47778  39.156  -8.443  34.768 0.0000000000
47779  38.582  -7.899  34.155 0.0000000000
46894  38.732  -9.082  33.440 0.0000000000
44751  35.987  -10.477  29.319 0.0000000000
45827  37.367  -9.557  30.378 0.0000000000
55448  36.205  1.044  24.037 0.0000000000
56518  36.651  1.380  22.484 0.0000000000
55449  35.366  0.811  23.735 0.0000000000
53539  32.400  -1.755  23.229 0.0000000000
54490  32.796  -0.367  21.873 0.0000000000
108972  52.853  15.521  5.895 0.0000000000
57449  40.606  1.949  18.891 0.0000000000
57460  39.933  2.405  18.497 0.0000000000
57450  39.660  1.707  19.128 0.0000000000
56581  38.292  1.459  19.735 0.0000000000
56565  37.307  1.492  19.833 0.0000000000
57437  43.044  1.783  19.697 0.0000000000
57448  41.413  1.688  19.295 0.0000000000
46930  24.248  -8.687  31.259 0.0000000000
45801  23.845  -9.034  32.606 0.0000000000
117680  23.848  -9.255  34.152 0.0000000000
46862  32.329  -8.695  35.648 0.0000000000
46861  33.116  -8.262  35.896 0.0000000000
47773  31.910  -8.198  35.018 0.0000000000
110371  30.161  -7.335  33.068 0.0000000000
110624  29.647  -6.683  31.687 0.0000000000
48693  28.387  -6.516  30.180 0.0000000000
48678  27.991  -6.682  31.022 0.0000000000
47859  26.107  -7.464  30.541 0.0000000000
63885  45.044  9.378  11.616 0.0000000000
45711  30.993  -10.177  39.732 0.0000000000
60307  45.392  5.629  17.179 0.0000000000
61282  45.246  6.636  16.992 0.0000000000
62179  45.031  7.398  16.616 0.0000000000
63006  44.521  8.371  15.584 0.0000000000
62181  43.373  7.119  15.631 0.0000000000
62189  42.315  7.079  14.212 0.0000000000
45728  27.121  -10.058  38.257 0.0000000000
45740  26.277  -9.806  37.493 0.0000000000
44649  26.262  -10.300  38.403 0.0000000000
44650  25.371  -10.589  38.649 0.0000000000
44637  23.811  -10.830  39.221 0.0000000000
43531  23.488  -11.580  42.802 0.0000000000
42294  22.577  -11.761  42.959 0.0000000000
42308  21.077  -11.746  42.455 0.0000000000
42310  19.581  -11.833  41.687 0.0000000000
42311  18.749  -12.115  42.038 0.0000000000
53413  36.546  -1.493  34.415 0.0000000000
51488  36.457  -3.096  33.693 0.0000000000
51500  36.261  -3.748  33.107 0.0000000000
50487  36.734  -3.882  33.912 0.0000000000
49548  37.358  -5.628  33.671 0.0000000000
48650  37.732  -6.414  33.324 0.0000000000
46878  35.233  -7.866  33.966 0.0000000000
45763  37.069  -9.256  35.398 0.0000000000
45778  36.274  -9.103  33.616 0.0000000000
45789  36.268  -9.242  32.850 0.0000000000
45799  36.922  -9.536  32.615 0.0000000000
45798  37.747  -9.492  32.431 0.0000000000
45814  35.936  -9.632  30.954 0.0000000000
44752  35.420  -9.996  29.425 0.0000000000
55410  34.654  0.179  25.637 0.0000000000
55426  33.883  0.251  24.095 0.0000000000
54455  33.370  -0.143  24.755 0.0000000000
53519  32.294  -1.404  24.761 0.0000000000
68945  52.504  15.691  7.671 0.0000000000
68137  50.932  15.071  7.104 0.0000000000
107298  41.656  4.626  16.411 0.0000000000
117289  40.283  4.757  15.490 0.0000000000
118608  39.704  4.411  16.303 0.0000000000
114190  38.553  2.889  18.043 0.0000000000
57471  37.096  3.056  16.915 0.0000000000
58404  44.944  3.194  19.015 0.0000000000
58414  45.472  3.782  18.464 0.0000000000
59363  45.138  4.105  17.778 0.0000000000
59369  43.902  4.380  17.181 0.0000000000
59370  43.044  4.311  17.131 0.0000000000
45656  37.500  -8.880  41.997 0.0000000000
45654  39.096  -8.982  41.483 0.0000000000
107297  37.584  -9.388  40.449 0.0000000000
45735  37.078  -9.061  38.422 0.0000000000
46844  36.301  -8.396  37.087 0.0000000000
47763  34.078  -7.706  35.969 0.0000000000
47770  34.104  -7.443  34.933 0.0000000000
47780  34.822  -7.589  34.602 0.0000000000
47820  34.336  -7.448  33.046 0.0000000000
47856  33.407  -7.481  30.805 0.0000000000
47869  32.524  -7.444  29.596 0.0000000000
64725  50.684  10.792  12.668 0.0000000000
64728  47.960  10.458  11.993 0.0000000000
64736  49.572  10.843  11.733 0.0000000000
65657  50.385  11.166  11.629 0.0000000000
65662  50.313  11.632  10.987 0.0000000000
66573  49.746  12.034  10.270 0.0000000000
66575  49.235  12.462  9.315 0.0000000000
101199  49.056  12.827  7.801 0.0000000000
107784  28.871  -8.478  34.463 0.0000000000
46883  27.422  -8.584  34.647 0.0000000000
46866  28.317  -9.198  35.634 0.0000000000
45764  28.295  -9.721  36.482 0.0000000000
102175  28.262  -10.020  37.453 0.0000000000
45725  30.030  -10.303  39.157 0.0000000000
100567  28.176  -10.224  38.317 0.0000000000
45715  28.291  -9.889  39.945 0.0000000000
47686  37.833  -6.876  44.043 0.0000000000
46746  36.532  -7.946  42.468 0.0000000000
46791  35.246  -9.887  41.358 0.0000000000
102129  34.129  -10.040  39.455 0.0000000000
46824  33.444  -10.244  39.389 0.0000000000
46836  33.585  -9.372  37.707 0.0000000000
46849  31.916  -9.482  36.139 0.0000000000
46864  30.654  -9.173  35.332 0.0000000000
63839  48.725  9.840  15.583 0.0000000000
63840  47.843  9.716  15.372 0.0000000000
102543  46.890  9.814  14.191 0.0000000000
63843  44.885  9.003  15.109 0.0000000000
118911  45.299  9.326  14.573 0.0000000000
63877  45.241  9.561  12.792 0.0000000000
46884  26.483  -8.604  34.387 0.0000000000
45779  25.086  -9.012  35.000 0.0000000000
45780  24.215  -9.320  34.847 0.0000000000
45741  25.449  -9.755  37.134 0.0000000000
45755  24.183  -9.745  36.382 0.0000000000
44691  22.765  -10.158  35.692 0.0000000000
44681  21.855  -10.582  35.916 0.0000000000
43595  20.591  -11.713  36.182 0.0000000000
43563  24.248  -11.164  39.941 0.0000000000
43564  23.261  -11.126  39.892 0.0000000000
43555  22.633  -11.369  40.624 0.0000000000
43575  22.080  -10.800  38.927 0.0000000000
113154  20.812  -11.370  38.745 0.0000000000
43496  18.375  -11.765  48.188 0.0000000000
56540  38.229  1.258  22.116 0.0000000000
109079  35.395  0.300  25.761 0.0000000000
55388  35.392  0.036  26.884 0.0000000000
110252  34.378  -0.387  27.758 0.0000000000
53483  33.207  -1.397  28.678 0.0000000000
105399  34.881  -0.287  30.630 0.0000000000
53474  33.847  -1.348  29.962 0.0000000000
52505  33.500  -2.381  29.711 0.0000000000
51520  34.190  -3.440  30.443 0.0000000000
50541  34.610  -4.437  30.108 0.0000000000
49587  35.631  -5.374  30.551 0.0000000000
50526  35.951  -4.639  31.908 0.0000000000
49586  36.248  -5.761  30.998 0.0000000000
102986  36.502  -6.784  29.712 0.0000000000
47866  37.749  -7.764  29.428 0.0000000000
50455  38.424  -4.100  37.083 0.0000000000
45671  40.314  -9.329  40.974 0.0000000000
45688  41.572  -9.361  39.867 0.0000000000
45706  41.842  -8.757  39.303 0.0000000000
44676  38.829  -10.565  36.330 0.0000000000
110568  40.967  -9.683  37.170 0.0000000000
107040  41.252  -7.936  38.074 0.0000000000
48584  39.761  -6.618  37.743 0.0000000000
49499  38.947  -6.043  37.264 0.0000000000
109071  38.269  -4.957  36.408 0.0000000000
119710  38.189  -6.547  34.482 0.0000000000
48636  38.210  -6.965  33.789 0.0000000000
47818  38.235  -7.818  32.456 0.0000000000
45812  37.593  -9.363  31.445 0.0000000000
45811  38.152  -9.040  31.818 0.0000000000
46926  38.333  -8.489  31.293 0.0000000000
45843  38.268  -9.101  29.716 0.0000000000
56541  37.377  1.369  21.815 0.0000000000
56542  36.474  1.383  21.482 0.0000000000
56566  35.166  1.232  20.402 0.0000000000
55470  33.989  0.520  22.683 0.0000000000
55489  34.072  0.672  21.437 0.0000000000
55505  33.844  0.550  19.819 0.0000000000
66580  49.144  12.598  7.060 0.0000000000
112190  39.603  0.868  20.949 0.0000000000
46898  27.109  -8.188  33.897 0.0000000000
47785  28.805  -7.813  33.702 0.0000000000
47803  27.756  -7.733  33.382 0.0000000000
47826  27.493  -7.362  32.479 0.0000000000
60321  41.114  5.338  14.887 0.0000000000
60311  42.083  5.138  15.901 0.0000000000
60310  42.921  5.328  16.148 0.0000000000
42270  21.856  -12.555  45.255 0.0000000000
99930  20.894  -12.287  44.276 0.0000000000
42286  19.438  -11.916  44.003 0.0000000000
42272  19.411  -12.072  45.018 0.0000000000
51456  37.896  -3.236  36.334 0.0000000000
52404  37.733  -2.491  36.110 0.0000000000
50464  37.633  -3.920  35.885 0.0000000000
50473  37.930  -4.738  35.791 0.0000000000
48528  39.921  -5.997  43.140 0.0000000000
47699  39.730  -8.017  42.754 0.0000000000
46951  33.747  -8.305  29.535 0.0000000000
46950  34.252  -8.914  29.258 0.0000000000
53484  32.582  -1.791  28.040 0.0000000000
53493  32.109  -2.056  27.042 0.0000000000
117066  50.094  13.761  9.820 0.0000000000
68127  50.666  13.987  10.335 0.0000000000
68131  50.450  14.447  9.607 0.0000000000
68134  50.382  14.681  8.801 0.0000000000
56583  36.316  1.562  19.363 0.0000000000
56594  36.177  1.963  18.362 0.0000000000
101263  35.476  1.526  18.877 0.0000000000
56596  34.752  1.217  18.447 0.0000000000
112695  34.848  1.212  19.160 0.0000000000
113042  41.376  2.400  18.643 0.0000000000
58418  42.123  3.096  18.277 0.0000000000
45791  23.183  -9.613  33.677 0.0000000000
44715  22.560  -10.310  33.495 0.0000000000
120067  22.232  -10.514  34.028 0.0000000000
43612  21.824  -10.956  34.103 0.0000000000
44692  22.154  -10.465  34.838 0.0000000000
105214  30.585  -6.629  31.454 0.0000000000
48662  31.273  -6.708  32.022 0.0000000000
48676  31.354  -6.674  31.226 0.0000000000
119089  30.782  -6.584  30.776 0.0000000000
48691  30.581  -6.572  30.024 0.0000000000
48707  35.796  -6.348  29.376 0.0000000000
63866  47.389  10.060  13.706 0.0000000000
63875  47.029  10.135  12.997 0.0000000000
64749  48.410  10.553  9.531 0.0000000000
45736  31.012  -10.402  37.602 0.0000000000
120306  31.701  -10.237  37.458 0.0000000000
62990  46.435  7.845  17.157 0.0000000000
62997  47.154  9.065  16.961 0.0000000000
63831  47.106  9.413  16.140 0.0000000000
45752  26.793  -9.524  36.725 0.0000000000
102022  27.065  -9.772  37.425 0.0000000000
44652  23.407  -10.593  38.485 0.0000000000
44665  23.862  -10.373  37.700 0.0000000000
43530  24.407  -11.452  42.638 0.0000000000
120746  19.977  -11.746  41.205 0.0000000000
42321  20.316  -11.676  40.778 0.0000000000
42334  19.210  -12.187  39.682 0.0000000000
53425  35.606  -1.648  33.237 0.0000000000
53435  35.163  -1.732  32.650 0.0000000000
53436  34.774  -1.874  32.093 0.0000000000
52454  35.097  -2.529  32.419 0.0000000000
51501  35.602  -3.187  32.720 0.0000000000
106317  37.670  -6.628  32.549 0.0000000000
47837  38.107  -7.343  31.402 0.0000000000
116816  37.639  -9.469  36.794 0.0000000000
44711  38.478  -9.833  34.081 0.0000000000
44701  39.014  -10.121  34.647 0.0000000000
46858  39.519  -9.028  35.269 0.0000000000
46893  38.896  -9.481  34.177 0.0000000000
46875  38.956  -8.814  34.052 0.0000000000
45787  38.514  -9.423  33.585 0.0000000000
57436  43.982  1.843  19.988 0.0000000000
57438  42.152  1.519  19.680 0.0000000000
46901  24.529  -8.713  33.115 0.0000000000
45790  23.890  -9.109  33.444 0.0000000000
46886  24.656  -8.938  34.073 0.0000000000
47824  29.298  -7.424  32.990 0.0000000000
115792  30.149  -7.712  33.751 0.0000000000
118421  29.713  -7.049  32.491 0.0000000000
48677  28.774  -6.714  31.596 0.0000000000
47842  28.163  -7.011  31.993 0.0000000000
47844  26.586  -7.368  32.022 0.0000000000
113160  26.531  -7.284  31.226 0.0000000000
60300  44.940  5.074  17.024 0.0000000000
60308  44.596  5.836  16.721 0.0000000000
61283  44.567  6.827  16.593 0.0000000000
62180  44.256  7.523  16.093 0.0000000000
60328  42.030  6.215  14.752 0.0000000000
61297  41.784  6.298  13.872 0.0000000000
45727  27.853  -10.311  39.008 0.0000000000
105708  26.314  -10.813  39.048 0.0000000000
44636  24.787  -10.931  39.289 0.0000000000
42284  23.249  -11.871  43.596 0.0000000000
100971  20.785  -12.030  43.356 0.0000000000
100668  21.687  -11.932  43.133 0.0000000000
42295  20.209  -11.775  42.519 0.0000000000
114838  19.482  -11.815  42.526 0.0000000000
119035  18.730  -11.763  43.694 0.0000000000
42297  18.178  -12.130  42.513 0.0000000000
42255  18.649  -11.843  45.302 0.0000000000
99471  17.856  -11.660  45.413 0.0000000000
42243  18.504  -11.787  46.167 0.0000000000
111220  37.223  -2.905  34.995 0.0000000000
53399  37.115  -1.354  35.087 0.0000000000
52427  36.930  -2.282  34.755 0.0000000000
52441  36.439  -2.335  34.126 0.0000000000
118060  37.005  -3.717  34.431 0.0000000000
49535  37.504  -5.217  34.494 0.0000000000
50486  36.989  -4.780  33.868 0.0000000000
46896  34.922  -7.799  33.374 0.0000000000
107479  35.823  -8.494  33.949 0.0000000000
46895  35.593  -8.514  33.248 0.0000000000
46912  35.617  -8.857  32.373 0.0000000000
45788  36.845  -9.525  33.355 0.0000000000
45800  36.277  -9.443  31.935 0.0000000000
45829  35.535  -9.701  30.301 0.0000000000
54444  33.986  -0.163  26.203 0.0000000000
54454  33.901  0.003  25.437 0.0000000000
103774  33.218  -0.408  25.599 0.0000000000
110979  31.973  -1.967  26.107 0.0000000000
111470  32.048  -1.898  25.373 0.0000000000
68138  50.430  14.777  7.804 0.0000000000
68142  50.240  14.527  6.710 0.0000000000
114259  50.313  14.352  5.813 0.0000000000
118951  49.855  14.158  6.162 0.0000000000
111500  40.508  4.480  16.387 0.0000000000
58446  39.030  3.939  16.890 0.0000000000
58447  38.335  3.822  16.520 0.0000000000
58437  37.832  3.455  16.891 0.0000000000
100370  39.019  2.356  18.564 0.0000000000
57472  36.446  2.479  17.479 0.0000000000
120308  37.231  2.721  17.752 0.0000000000
57485  36.421  2.523  16.586 0.0000000000
57445  44.477  2.506  19.511 0.0000000000
57444  45.352  2.708  19.644 0.0000000000
58415  44.621  3.573  18.300 0.0000000000
58430  44.310  3.943  17.658 0.0000000000
58433  41.653  3.725  17.599 0.0000000000
59371  42.144  4.253  17.085 0.0000000000
45675  36.871  -9.161  41.869 0.0000000000
45693  37.307  -9.265  41.147 0.0000000000
116863  36.798  -9.416  40.811 0.0000000000
46834  35.251  -8.264  37.766 0.0000000000
46833  36.222  -8.460  38.111 0.0000000000
47772  32.672  -7.908  35.225 0.0000000000
47771  33.365  -7.606  35.204 0.0000000000
120154  32.944  -7.517  34.840 0.0000000000
47799  32.811  -6.847  33.273 0.0000000000
47769  34.863  -7.599  35.369 0.0000000000
47797  34.339  -7.378  33.973 0.0000000000
48675  32.023  -6.879  30.877 0.0000000000
47857  32.647  -7.249  30.450 0.0000000000
48694  27.573  -6.656  30.119 0.0000000000
48711  27.856  -6.615  29.381 0.0000000000
64695  50.042  10.264  14.951 0.0000000000
64717  49.685  10.494  13.356 0.0000000000
118177  50.168  10.653  12.827 0.0000000000
64729  47.118  10.261  11.667 0.0000000000
119959  47.341  10.281  12.395 0.0000000000
108120  48.346  10.584  10.474 0.0000000000
64737  48.649  10.675  11.425 0.0000000000
65658  49.832  11.146  11.182 0.0000000000
100209  49.201  11.562  9.777 0.0000000000
65668  48.818  11.825  9.025 0.0000000000
46865  29.805  -9.229  35.273 0.0000000000
104671  28.988  -9.034  35.128 0.0000000000
100740  29.057  -10.164  37.122 0.0000000000
45712  30.199  -9.823  40.299 0.0000000000
45713  29.455  -9.619  40.568 0.0000000000
103956  29.311  -10.248  39.278 0.0000000000
45726  28.626  -10.222  39.198 0.0000000000
46745  37.312  -7.522  43.229 0.0000000000
46806  34.936  -9.706  39.625 0.0000000000
45722  32.956  -9.600  37.293 0.0000000000
46837  32.191  -9.812  36.945 0.0000000000
46850  31.100  -9.719  35.972 0.0000000000
46881  29.497  -8.744  34.721 0.0000000000
59382  39.651  4.528  15.742 0.0000000000
119102  47.140  9.606  15.279 0.0000000000
63852  47.531  9.837  14.555 0.0000000000
63853  46.678  9.604  14.832 0.0000000000
63005  45.310  8.826  15.795 0.0000000000
63013  44.085  8.608  14.790 0.0000000000
63855  44.588  9.101  14.279 0.0000000000
63869  44.427  9.194  13.309 0.0000000000
63868  45.235  9.463  13.806 0.0000000000
46868  26.927  -8.833  35.240 0.0000000000
45766  25.488  -9.083  35.861 0.0000000000
46869  26.001  -8.824  35.141 0.0000000000
44664  24.641  -10.000  37.198 0.0000000000
101978  23.141  -10.365  37.043 0.0000000000
44679  23.389  -10.082  36.337 0.0000000000
43585  21.356  -11.067  37.585 0.0000000000
43594  21.208  -11.008  36.605 0.0000000000
105794  20.188  -12.183  36.773 0.0000000000
43553  24.745  -11.136  40.812 0.0000000000
43532  22.880  -11.476  42.160 0.0000000000
43543  22.350  -11.514  41.500 0.0000000000
43557  20.794  -11.474  40.145 0.0000000000
43556  21.669  -11.374  40.325 0.0000000000
43565  22.282  -11.054  39.764 0.0000000000
112325  19.061  -11.968  47.694 0.0000000000
42221  19.195  -11.872  48.645 0.0000000000
43487  17.538  -11.454  48.714 0.0000000000
118016  37.053  0.986  24.746 0.0000000000
55397  36.055  0.264  26.289 0.0000000000
55398  35.023  0.119  26.320 0.0000000000
54423  34.618  -0.349  28.280 0.0000000000
54424  33.847  -0.740  28.386 0.0000000000
54415  33.750  -1.044  29.252 0.0000000000
55323  35.759  0.113  32.208 0.0000000000
53448  34.445  -1.588  31.378 0.0000000000
54401  34.316  -0.921  30.607 0.0000000000
53462  34.037  -1.778  30.529 0.0000000000
53463  33.685  -1.941  29.981 0.0000000000
52489  33.830  -2.527  30.244 0.0000000000
102362  33.528  -3.111  29.684 0.0000000000
50528  34.729  -4.063  30.873 0.0000000000
49588  35.098  -5.089  30.155 0.0000000000
50515  36.356  -4.679  32.605 0.0000000000
50516  35.765  -3.968  32.333 0.0000000000
49577  36.398  -5.422  31.861 0.0000000000
47854  37.379  -7.280  30.122 0.0000000000
111872  38.598  -8.959  28.834 0.0000000000
45673  38.655  -9.240  41.018 0.0000000000
45672  39.431  -9.384  40.999 0.0000000000
45691  39.044  -9.582  40.524 0.0000000000
44630  39.999  -10.410  39.300 0.0000000000
45708  39.977  -10.227  40.014 0.0000000000
45707  40.985  -10.104  39.408 0.0000000000
118529  41.676  -9.416  39.076 0.0000000000
45762  37.769  -9.909  35.165 0.0000000000
44690  38.271  -10.256  35.704 0.0000000000
45760  40.244  -9.554  36.292 0.0000000000
45745  40.564  -9.723  36.559 0.0000000000
46832  41.322  -8.859  37.563 0.0000000000
47761  40.717  -8.187  37.239 0.0000000000
107344  40.478  -7.469  37.724 0.0000000000
48617  39.243  -7.203  36.099 0.0000000000
48598  39.315  -6.783  36.961 0.0000000000
48599  38.853  -6.450  36.624 0.0000000000
49500  38.462  -5.781  36.603 0.0000000000
48618  38.576  -6.370  36.086 0.0000000000
49517  38.152  -5.684  35.759 0.0000000000
103846  38.453  -6.653  35.278 0.0000000000
100358  38.597  -8.491  33.534 0.0000000000
115680  38.434  -7.123  34.554 0.0000000000
47796  38.280  -7.817  33.286 0.0000000000
104574  37.048  -9.569  31.938 0.0000000000
45844  37.499  -9.816  29.240 0.0000000000
56519  35.752  1.278  22.164 0.0000000000
56543  35.543  1.285  21.212 0.0000000000
55450  34.442  0.548  23.478 0.0000000000
55451  33.520  0.216  23.245 0.0000000000
54502  32.779  -0.395  20.928 0.0000000000
112016  33.566  0.361  21.962 0.0000000000
55490  33.269  0.171  21.153 0.0000000000
107121  33.834  0.564  20.631 0.0000000000
117251  52.945  15.454  5.161 0.0000000000
68960  53.414  15.543  4.547 0.0000000000
65678  49.059  11.736  7.018 0.0000000000
56580  39.697  1.203  20.004 0.0000000000
47827  25.828  -7.673  32.315 0.0000000000
46915  24.967  -7.920  31.915 0.0000000000
46914  25.742  -7.992  32.978 0.0000000000
116479  25.958  -8.574  33.964 0.0000000000
46880  30.201  -8.644  34.727 0.0000000000
47783  30.553  -7.971  34.258 0.0000000000
59379  43.433  4.836  16.682 0.0000000000
60318  43.152  6.159  15.862 0.0000000000
44619  27.634  -10.193  39.868 0.0000000000
51478  37.270  -3.647  34.978 0.0000000000
50474  37.525  -4.510  35.147 0.0000000000
47855  34.169  -7.874  31.121 0.0000000000
46913  34.998  -8.135  32.676 0.0000000000
46928  34.854  -8.508  31.354 0.0000000000
45815  35.272  -9.145  30.790 0.0000000000
45846  34.679  -9.538  28.952 0.0000000000
54445  33.011  -0.690  26.364 0.0000000000
53502  32.335  -1.325  26.506 0.0000000000
67361  51.038  13.087  10.886 0.0000000000
68935  51.701  15.485  8.126 0.0000000000
68936  50.944  15.206  8.488 0.0000000000
68139  49.659  14.149  7.430 0.0000000000
58434  40.609  3.781  17.364 0.0000000000
57473  35.772  2.053  17.601 0.0000000000
57446  43.188  2.529  19.056 0.0000000000
58405  44.007  2.979  18.889 0.0000000000
118207  43.359  3.053  18.597 0.0000000000
58431  43.474  3.864  17.637 0.0000000000
43613  21.506  -11.462  34.351 0.0000000000
44693  21.480  -10.991  35.039 0.0000000000
105699  35.637  -9.163  39.329 0.0000000000
46804  36.127  -9.229  39.690 0.0000000000
46822  35.443  -8.809  38.695 0.0000000000
47800  31.792  -7.038  33.450 0.0000000000
115316  32.398  -7.192  33.974 0.0000000000
101859  32.798  -6.823  32.254 0.0000000000
48661  32.046  -6.734  31.734 0.0000000000
48708  31.213  -6.832  29.380 0.0000000000
48709  30.330  -6.605  29.051 0.0000000000
109189  29.477  -6.567  28.754 0.0000000000
63851  48.441  10.010  14.708 0.0000000000
64718  48.887  10.413  13.181 0.0000000000
64745  47.583  10.211  10.422 0.0000000000
106384  30.357  -10.445  37.412 0.0000000000
63819  47.892  9.325  16.842 0.0000000000
63014  43.261  8.231  14.391 0.0000000000
45765  27.451  -9.259  36.040 0.0000000000
103029  24.732  -10.345  37.971 0.0000000000
103118  24.026  -11.273  41.320 0.0000000000
43567  20.440  -11.525  39.307 0.0000000000
55387  36.052  0.080  27.226 0.0000000000
55377  36.025  -0.067  28.074 0.0000000000
54413  35.237  -0.156  28.603 0.0000000000
116957  35.115  -0.177  29.680 0.0000000000
54357  36.271  -0.747  33.924 0.0000000000
54358  35.798  -0.942  33.447 0.0000000000
105585  35.143  -0.396  32.011 0.0000000000
53447  34.823  -1.125  32.117 0.0000000000
50527  35.294  -4.180  31.530 0.0000000000
48660  37.005  -6.161  32.237 0.0000000000
48673  37.469  -6.955  31.036 0.0000000000
47853  38.004  -7.482  30.750 0.0000000000
46938  38.384  -8.453  30.395 0.0000000000
44633  38.366  -9.640  39.536 0.0000000000
44632  38.820  -9.780  39.643 0.0000000000
44647  38.647  -9.908  38.979 0.0000000000
109299  39.241  -10.179  39.110 0.0000000000
44661  39.025  -10.421  38.121 0.0000000000
44703  37.888  -9.973  34.528 0.0000000000
44689  38.835  -10.444  35.310 0.0000000000
44702  38.423  -10.103  34.618 0.0000000000
44688  39.428  -10.213  35.383 0.0000000000
46857  39.912  -8.982  36.080 0.0000000000
47767  39.476  -8.205  35.626 0.0000000000
45828  36.436  -9.882  30.542 0.0000000000
45845  36.554  -10.182  29.802 0.0000000000
44750  36.807  -10.455  28.877 0.0000000000
56501  36.806  1.341  23.440 0.0000000000
56502  35.950  1.230  23.128 0.0000000000
114399  34.979  0.920  22.751 0.0000000000
54479  32.566  -0.816  23.465 0.0000000000
54478  32.876  -0.302  22.909 0.0000000000
54491  32.483  -0.981  22.595 0.0000000000
68958  52.066  15.320  6.137 0.0000000000
57451  38.651  1.764  19.077 0.0000000000
57452  37.881  1.676  19.138 0.0000000000
57447  42.296  2.210  19.001 0.0000000000
109284  23.843  -9.034  31.866 0.0000000000
46916  24.329  -8.503  32.245 0.0000000000
110313  23.412  -9.456  32.927 0.0000000000
46847  33.606  -8.742  36.830 0.0000000000
47782  31.554  -7.647  34.275 0.0000000000
47801  30.867  -7.429  33.620 0.0000000000
48663  30.422  -6.849  32.268 0.0000000000
48692  29.181  -6.464  30.191 0.0000000000
114188  28.996  -6.519  30.923 0.0000000000
47858  26.910  -6.966  30.551 0.0000000000
120076  45.812  9.804  12.173 0.0000000000
60299  46.145  5.513  17.569 0.0000000000
61276  45.848  6.222  17.379 0.0000000000
118658  45.470  7.268  16.939 0.0000000000
62178  45.723  7.874  16.745 0.0000000000
114397  45.693  8.604  16.325 0.0000000000
62999  45.072  8.119  16.203 0.0000000000
106837  42.919  7.551  14.825 0.0000000000
118717  27.702  -10.141  38.355 0.0000000000
43533  21.979  -11.665  42.307 0.0000000000
104936  18.701  -12.362  41.095 0.0000000000
119635  18.300  -12.483  41.500 0.0000000000
54341  37.260  -0.461  34.986 0.0000000000
54342  36.817  -0.622  34.505 0.0000000000
52442  35.984  -2.370  33.536 0.0000000000
51489  35.957  -2.990  33.234 0.0000000000
50501  36.621  -4.427  33.327 0.0000000000
49549  36.814  -5.177  33.194 0.0000000000
46876  36.351  -8.604  35.122 0.0000000000
100015  36.300  -8.869  34.323 0.0000000000
116436  36.772  -9.246  34.655 0.0000000000
45777  36.794  -9.498  34.045 0.0000000000
44713  37.476  -9.779  33.853 0.0000000000
44724  37.414  -9.624  33.133 0.0000000000
44740  35.898  -10.100  30.154 0.0000000000
104307  35.160  0.408  25.111 0.0000000000
55425  34.833  0.491  24.328 0.0000000000
55411  34.308  0.241  24.908 0.0000000000
109147  32.728  -0.661  25.041 0.0000000000
54466  32.678  -0.694  24.299 0.0000000000
53528  32.385  -1.319  23.965 0.0000000000
68946  51.739  15.388  7.106 0.0000000000
59372  39.740  4.119  16.788 0.0000000000
59383  39.019  4.276  16.199 0.0000000000
58421  39.347  2.993  18.038 0.0000000000
57470  37.844  3.071  17.612 0.0000000000
59368  45.565  4.809  17.466 0.0000000000
106879  44.712  4.509  17.285 0.0000000000
46744  38.117  -8.172  43.008 0.0000000000
46743  38.913  -8.409  42.573 0.0000000000
45655  38.336  -8.890  41.584 0.0000000000
45674  37.805  -9.075  41.332 0.0000000000
45692  38.280  -9.373  40.628 0.0000000000
45710  36.827  -9.361  40.117 0.0000000000
45721  36.980  -9.164  39.339 0.0000000000
45709  37.723  -9.448  39.755 0.0000000000
45747  37.094  -8.936  37.409 0.0000000000
46859  36.358  -8.493  36.059 0.0000000000
47762  34.923  -7.688  36.182 0.0000000000
46860  35.656  -7.959  35.696 0.0000000000
46877  35.644  -8.055  34.701 0.0000000000
47821  33.613  -7.073  32.656 0.0000000000
47839  33.545  -7.267  31.687 0.0000000000
47868  33.238  -7.711  29.971 0.0000000000
47881  33.058  -7.946  29.056 0.0000000000
48710  28.785  -6.501  29.354 0.0000000000
48727  28.197  -6.676  28.737 0.0000000000
51531  33.022  -3.197  28.949 0.0000000000
65648  51.079  11.131  12.161 0.0000000000
64727  48.794  10.553  12.307 0.0000000000
64735  50.277  10.845  12.230 0.0000000000
66570  51.058  11.617  11.554 0.0000000000
116347  50.906  12.166  11.098 0.0000000000
65663  49.554  11.350  10.581 0.0000000000
66572  50.360  12.501  10.620 0.0000000000
67363  49.760  12.982  10.003 0.0000000000
67366  49.586  13.476  9.056 0.0000000000
113894  49.165  12.944  8.516 0.0000000000
46882  28.233  -8.740  34.885 0.0000000000
46852  29.225  -9.661  36.017 0.0000000000
45724  30.735  -10.409  38.818 0.0000000000
46810  29.563  -8.579  41.251 0.0000000000
45738  28.884  -10.425  38.179 0.0000000000
48529  39.240  -6.190  43.821 0.0000000000
48530  38.768  -6.955  43.899 0.0000000000
45657  36.562  -8.675  42.254 0.0000000000
46776  35.917  -8.929  42.096 0.0000000000
46777  35.438  -9.403  41.843 0.0000000000
46805  35.464  -9.759  40.194 0.0000000000
100128  33.889  -9.571  38.504 0.0000000000
46848  32.720  -9.140  36.412 0.0000000000
46863  31.498  -8.995  35.457 0.0000000000
63837  50.138  10.161  15.760 0.0000000000
63838  49.505  10.068  15.491 0.0000000000
63867  46.616  9.896  13.605 0.0000000000
63842  45.811  9.313  15.204 0.0000000000
63854  46.080  9.633  14.261 0.0000000000
114850  45.899  9.730  13.492 0.0000000000
46885  25.610  -8.749  34.336 0.0000000000
45781  23.413  -9.613  34.602 0.0000000000
45754  25.027  -9.506  36.502 0.0000000000
45768  23.648  -9.724  35.526 0.0000000000
45769  22.930  -9.976  35.014 0.0000000000
103119  21.069  -11.200  35.689 0.0000000000
118099  20.770  -11.770  35.541 0.0000000000
44622  25.219  -11.037  40.053 0.0000000000
44638  22.871  -10.751  39.155 0.0000000000
103906  23.775  -11.344  42.020 0.0000000000
43542  23.218  -11.375  41.362 0.0000000000
104833  21.856  -11.535  40.987 0.0000000000
43576  21.399  -11.092  38.480 0.0000000000
43577  20.765  -11.472  38.015 0.0000000000
112103  20.191  -11.716  38.476 0.0000000000
42358  20.113  -11.948  37.613 0.0000000000
42242  18.988  -11.999  46.853 0.0000000000
105179  18.234  -11.721  47.129 0.0000000000
114630  17.191  -11.531  47.074 0.0000000000
56539  39.606  0.644  21.839 0.0000000000
55423  36.526  0.798  24.857 0.0000000000
55409  35.930  0.497  25.391 0.0000000000
54434  34.506  -0.237  27.020 0.0000000000
54435  33.709  -0.637  27.532 0.0000000000
53492  33.106  -1.074  28.030 0.0000000000
53476  32.946  -1.984  28.758 0.0000000000
113857  34.589  -0.496  30.222 0.0000000000
54414  34.254  -0.695  29.838 0.0000000000
53475  33.408  -1.793  29.376 0.0000000000
52506  33.150  -2.505  29.174 0.0000000000
49597  35.397  -5.674  29.814 0.0000000000
49578  35.814  -4.998  31.263 0.0000000000
48688  36.044  -6.063  30.202 0.0000000000
112745  38.165  -8.168  29.243 0.0000000000
46758  39.469  -8.584  42.052 0.0000000000
46757  40.289  -8.287  42.127 0.0000000000
46774  40.776  -8.557  41.425 0.0000000000
45690  39.742  -9.765  40.483 0.0000000000
45689  40.683  -9.764  40.304 0.0000000000
46773  41.489  -7.990  41.001 0.0000000000
47730  41.272  -7.457  38.836 0.0000000000
45746  37.676  -9.711  35.990 0.0000000000
107411  39.109  -10.588  37.145 0.0000000000
44660  39.734  -10.578  37.466 0.0000000000
116940  39.342  -10.530  35.893 0.0000000000
44659  40.354  -10.258  36.852 0.0000000000
102061  40.581  -10.359  37.750 0.0000000000
46820  41.700  -8.797  38.480 0.0000000000
114802  41.623  -8.154  38.785 0.0000000000
119941  40.974  -6.796  39.083 0.0000000000
48583  40.574  -6.963  38.460 0.0000000000
47751  39.869  -7.456  37.065 0.0000000000
49483  38.618  -4.992  37.198 0.0000000000
119703  38.325  -4.549  36.791 0.0000000000
50463  38.080  -4.316  36.428 0.0000000000
49534  37.995  -5.917  34.870 0.0000000000
48649  38.066  -7.112  32.852 0.0000000000
45797  38.338  -9.180  32.782 0.0000000000
46911  38.342  -8.569  32.105 0.0000000000
47836  38.299  -7.837  31.687 0.0000000000
101647  38.248  -9.520  28.841 0.0000000000
109607  38.869  0.975  21.480 0.0000000000
56564  38.072  1.206  21.179 0.0000000000
106760  37.239  1.367  20.860 0.0000000000
113981  36.234  1.402  20.418 0.0000000000
114387  34.337  0.728  22.140 0.0000000000
55471  33.277  0.126  22.527 0.0000000000
56544  34.650  0.998  20.967 0.0000000000
56567  34.422  0.871  20.306 0.0000000000
56585  34.632  1.005  19.733 0.0000000000
67369  49.363  13.557  8.044 0.0000000000
67371  49.313  13.390  7.185 0.0000000000
66583  49.442  12.329  6.399 0.0000000000
44616  39.383  -9.827  40.150 0.0000000000
44617  38.892  -9.651  40.117 0.0000000000
44646  39.858  -10.532  38.421 0.0000000000
44662  38.435  -9.974  38.223 0.0000000000
44675  39.558  -10.544  36.600 0.0000000000
44677  38.183  -10.056  36.604 0.0000000000
45719  41.315  -9.738  38.265 0.0000000000
45720  37.908  -9.590  38.864 0.0000000000
45761  39.786  -9.674  35.665 0.0000000000
46759  38.174  -8.623  42.232 0.0000000000
46760  37.325  -8.360  42.507 0.0000000000
46775  39.903  -8.929  41.566 0.0000000000
46789  41.266  -8.955  40.665 0.0000000000
46874  39.254  -9.136  34.587 0.0000000000
47691  39.773  -6.995  43.329 0.0000000000
47693  38.153  -7.478  43.544 0.0000000000
49422  39.476  -5.545  43.569 0.0000000000
62172  45.966  7.091  17.317 0.0000000000
101050  38.234  -10.196  35.050 0.0000000000
102541  38.814  -8.710  41.937 0.0000000000
112455  34.333  -8.629  29.959 0.0000000000
112897  36.342  -9.454  41.551 0.0000000000
119429  25.368  -7.892  32.487 0.0000000000
