#!ascii label  , from subject sub-v2s15x29748_ses-1 vox2ras=TkReg
845
40022  -32.860  -23.288  45.800 0.0000000000
43269  -18.502  -20.275  45.151 0.0000000000
41058  -27.313  -22.328  47.560 0.0000000000
54132  -40.621  -8.828  22.557 0.0000000000
54896  -44.636  -7.752  17.031 0.0000000000
45857  -11.889  -17.214  48.998 0.0000000000
96315  -37.994  -7.531  25.297 0.0000000000
42255  -33.833  -22.105  42.523 0.0000000000
42137  -29.472  -20.618  48.780 0.0000000000
45071  -15.059  -18.564  46.606 0.0000000000
43176  -14.509  -20.631  51.130 0.0000000000
42227  -29.440  -21.498  44.211 0.0000000000
101083  -29.390  -21.384  41.678 0.0000000000
40018  -23.366  -22.716  45.737 0.0000000000
108989  -27.243  -19.002  47.137 0.0000000000
52593  -31.535  -9.961  28.703 0.0000000000
52617  -35.205  -10.612  26.056 0.0000000000
93571  -39.542  -12.407  24.549 0.0000000000
44176  -7.216  -19.473  53.296 0.0000000000
107367  -4.521  -18.828  56.269 0.0000000000
44331  -28.332  -19.385  37.905 0.0000000000
46031  -28.805  -16.972  34.166 0.0000000000
95324  -29.577  -13.576  30.571 0.0000000000
43157  -10.841  -20.918  51.914 0.0000000000
43226  -18.458  -20.886  48.344 0.0000000000
106840  -20.755  -21.636  48.106 0.0000000000
41060  -31.224  -22.439  47.747 0.0000000000
45933  -17.749  -17.673  44.754 0.0000000000
44230  -16.529  -19.277  45.739 0.0000000000
43224  -16.226  -20.321  48.478 0.0000000000
44255  -29.386  -20.209  44.412 0.0000000000
43273  -28.689  -19.836  45.645 0.0000000000
55596  -31.465  -6.962  27.584 0.0000000000
53394  -33.142  -9.431  27.058 0.0000000000
54833  -33.837  -7.834  25.860 0.0000000000
53414  -37.905  -10.130  23.583 0.0000000000
108365  -39.368  -10.764  22.641 0.0000000000
50733  -42.287  -12.395  23.236 0.0000000000
51775  -41.557  -11.157  21.319 0.0000000000
51790  -43.095  -11.094  20.204 0.0000000000
106493  -28.850  -18.125  40.818 0.0000000000
98902  -28.650  -20.322  39.847 0.0000000000
45988  -28.310  -17.546  39.469 0.0000000000
103660  -28.554  -15.230  35.260 0.0000000000
48536  -28.844  -14.280  33.761 0.0000000000
47728  -29.240  -15.516  32.172 0.0000000000
97090  -29.220  -12.492  31.893 0.0000000000
53369  -29.829  -9.826  30.999 0.0000000000
40003  -25.524  -23.415  46.104 0.0000000000
103280  -9.475  -18.499  51.352 0.0000000000
44189  -11.098  -19.400  50.106 0.0000000000
43076  -3.492  -20.131  58.534 0.0000000000
44136  -2.095  -18.804  60.316 0.0000000000
56409  -35.936  -5.686  26.694 0.0000000000
43350  -33.608  -20.535  40.461 0.0000000000
42135  -27.677  -20.045  49.620 0.0000000000
45868  -12.993  -17.408  48.076 0.0000000000
44193  -12.588  -19.665  49.084 0.0000000000
44198  -13.897  -19.741  48.322 0.0000000000
54907  -46.316  -7.340  15.504 0.0000000000
41097  -30.981  -23.038  45.386 0.0000000000
41127  -31.306  -22.798  43.654 0.0000000000
91541  -29.489  -21.643  42.838 0.0000000000
44266  -19.725  -19.436  43.413 0.0000000000
42206  -21.232  -21.840  45.946 0.0000000000
42241  -22.444  -20.962  43.310 0.0000000000
42224  -24.600  -21.422  43.983 0.0000000000
42208  -26.089  -20.942  45.765 0.0000000000
44235  -26.245  -18.996  46.420 0.0000000000
43241  -26.794  -19.800  47.806 0.0000000000
43243  -27.929  -19.459  48.407 0.0000000000
42192  -29.426  -21.381  46.876 0.0000000000
50628  -32.573  -12.306  29.717 0.0000000000
54118  -35.934  -9.273  24.753 0.0000000000
50690  -37.621  -12.046  25.306 0.0000000000
92943  -44.016  -10.563  19.188 0.0000000000
44171  -5.647  -19.111  54.984 0.0000000000
41977  -5.602  -21.120  57.035 0.0000000000
41151  -31.081  -22.388  41.674 0.0000000000
42286  -30.659  -21.370  39.862 0.0000000000
44321  -30.801  -19.747  38.028 0.0000000000
46844  -28.061  -16.346  37.208 0.0000000000
45201  -28.343  -18.266  36.653 0.0000000000
45192  -30.772  -18.740  36.796 0.0000000000
46024  -30.776  -17.585  34.612 0.0000000000
46903  -30.753  -15.914  31.838 0.0000000000
48577  -31.187  -14.377  30.389 0.0000000000
51656  -30.476  -11.467  29.487 0.0000000000
54807  -30.499  -7.524  29.177 0.0000000000
41036  -22.681  -22.557  48.211 0.0000000000
45038  -7.907  -18.262  52.863 0.0000000000
94582  -8.646  -20.100  52.457 0.0000000000
43174  -12.229  -20.779  51.341 0.0000000000
45015  -0.384  -17.652  61.441 0.0000000000
42169  -18.403  -20.745  47.218 0.0000000000
98350  -19.237  -21.114  47.689 0.0000000000
42170  -19.921  -21.300  47.081 0.0000000000
40007  -32.583  -23.182  46.686 0.0000000000
44232  -18.047  -19.631  44.779 0.0000000000
45087  -17.398  -18.482  44.833 0.0000000000
43268  -17.743  -20.052  45.588 0.0000000000
43255  -17.649  -20.359  46.593 0.0000000000
56392  -32.607  -5.787  27.472 0.0000000000
55613  -32.888  -6.797  26.609 0.0000000000
56393  -33.573  -5.562  27.201 0.0000000000
54127  -39.606  -8.717  23.694 0.0000000000
53416  -39.189  -9.516  23.103 0.0000000000
53419  -39.589  -9.839  22.580 0.0000000000
51762  -40.354  -11.105  22.055 0.0000000000
53424  -40.752  -9.812  21.594 0.0000000000
53425  -41.285  -9.665  21.188 0.0000000000
45163  -28.424  -18.204  40.172 0.0000000000
50527  -29.594  -12.879  34.549 0.0000000000
50573  -29.209  -12.653  32.789 0.0000000000
103324  -29.639  -11.491  33.308 0.0000000000
52507  -29.902  -10.053  32.652 0.0000000000
40005  -27.033  -23.033  46.773 0.0000000000
39033  -26.538  -24.269  47.637 0.0000000000
39988  -27.462  -23.382  47.431 0.0000000000
45051  -10.730  -17.916  50.115 0.0000000000
45856  -11.313  -17.625  49.567 0.0000000000
54153  -45.038  -8.582  17.005 0.0000000000
93268  -3.052  -19.701  59.450 0.0000000000
41131  -35.410  -22.250  43.780 0.0000000000
42279  -33.213  -21.274  40.877 0.0000000000
96611  -28.800  -20.092  49.421 0.0000000000
43215  -29.092  -20.278  50.158 0.0000000000
45893  -15.351  -17.764  46.365 0.0000000000
46739  -14.830  -17.239  46.867 0.0000000000
46707  -14.308  -16.188  47.896 0.0000000000
45880  -14.292  -17.755  47.151 0.0000000000
44204  -13.525  -19.052  47.924 0.0000000000
44205  -14.320  -19.280  47.560 0.0000000000
43212  -17.445  -20.665  49.366 0.0000000000
43211  -16.443  -20.480  49.335 0.0000000000
41114  -29.707  -22.169  44.418 0.0000000000
41126  -30.305  -22.572  43.826 0.0000000000
42243  -29.457  -21.435  43.493 0.0000000000
45125  -20.317  -18.655  43.370 0.0000000000
43304  -21.027  -20.263  43.040 0.0000000000
44268  -21.614  -19.545  42.879 0.0000000000
44271  -23.850  -20.294  43.596 0.0000000000
43288  -25.139  -21.072  44.487 0.0000000000
42207  -25.630  -21.722  44.926 0.0000000000
43271  -25.565  -20.731  45.146 0.0000000000
45092  -27.637  -18.151  45.759 0.0000000000
44236  -27.090  -18.588  46.548 0.0000000000
43258  -26.529  -19.943  47.171 0.0000000000
43242  -27.173  -19.626  48.385 0.0000000000
100365  -28.100  -19.364  47.495 0.0000000000
42226  -29.008  -20.838  44.875 0.0000000000
42191  -29.029  -20.707  46.501 0.0000000000
42209  -29.347  -21.517  45.919 0.0000000000
41096  -30.307  -22.638  45.735 0.0000000000
52573  -31.712  -10.750  29.009 0.0000000000
51659  -33.133  -11.151  29.534 0.0000000000
52594  -32.403  -10.048  28.611 0.0000000000
53398  -34.227  -9.681  26.045 0.0000000000
52607  -34.319  -10.078  27.357 0.0000000000
55629  -36.773  -6.753  25.776 0.0000000000
55628  -35.775  -6.992  25.665 0.0000000000
54836  -36.464  -7.554  25.328 0.0000000000
51751  -38.642  -11.319  23.449 0.0000000000
51737  -37.573  -11.336  24.257 0.0000000000
50709  -38.684  -12.172  24.553 0.0000000000
50674  -38.659  -12.393  26.042 0.0000000000
51804  -43.748  -10.987  19.714 0.0000000000
52705  -43.591  -9.942  18.973 0.0000000000
53437  -43.783  -9.325  18.485 0.0000000000
44175  -6.622  -19.041  53.833 0.0000000000
45033  -6.164  -18.636  54.497 0.0000000000
44172  -6.140  -19.452  54.429 0.0000000000
41978  -6.448  -21.500  57.051 0.0000000000
41961  -5.786  -21.247  58.412 0.0000000000
41139  -30.122  -22.368  42.350 0.0000000000
95559  -30.695  -22.481  42.173 0.0000000000
41150  -30.315  -22.294  41.671 0.0000000000
43360  -28.733  -20.321  39.051 0.0000000000
42285  -29.835  -21.258  39.730 0.0000000000
43361  -29.437  -20.638  38.990 0.0000000000
43362  -30.314  -20.880  39.145 0.0000000000
43373  -29.311  -20.145  38.256 0.0000000000
48516  -28.903  -14.969  36.850 0.0000000000
46866  -28.506  -16.399  34.433 0.0000000000
46860  -28.292  -16.647  35.443 0.0000000000
46023  -28.885  -17.484  34.886 0.0000000000
45203  -29.816  -18.600  36.226 0.0000000000
45213  -29.241  -18.056  35.505 0.0000000000
45214  -30.254  -18.089  35.364 0.0000000000
46032  -29.267  -17.252  34.003 0.0000000000
48564  -29.329  -14.222  31.148 0.0000000000
98239  -29.749  -15.541  31.635 0.0000000000
47752  -29.961  -15.071  30.946 0.0000000000
47753  -30.698  -15.050  30.826 0.0000000000
49627  -30.158  -13.679  30.103 0.0000000000
102780  -30.370  -12.941  29.675 0.0000000000
97187  -30.018  -12.225  29.695 0.0000000000
54086  -30.263  -8.308  30.888 0.0000000000
54092  -30.340  -8.691  30.081 0.0000000000
54797  -30.437  -7.368  30.675 0.0000000000
41089  -21.868  -22.055  45.445 0.0000000000
41055  -21.819  -22.174  47.224 0.0000000000
94856  -23.205  -22.814  47.436 0.0000000000
44183  -9.585  -19.418  51.436 0.0000000000
44180  -9.047  -19.820  51.945 0.0000000000
43156  -9.335  -20.584  52.455 0.0000000000
43208  -13.185  -20.395  49.854 0.0000000000
43207  -12.342  -20.216  49.792 0.0000000000
99396  -13.761  -20.605  50.673 0.0000000000
43213  -18.097  -20.839  49.072 0.0000000000
105866  -19.341  -21.308  49.601 0.0000000000
42133  -20.088  -21.446  49.534 0.0000000000
41016  -21.729  -22.038  49.566 0.0000000000
41040  -30.734  -21.902  48.399 0.0000000000
42156  -30.128  -21.132  49.018 0.0000000000
103509  -17.503  -17.118  45.178 0.0000000000
45912  -16.416  -17.852  45.560 0.0000000000
45072  -15.617  -18.622  46.170 0.0000000000
44206  -15.153  -19.639  47.395 0.0000000000
109911  -16.395  -20.044  47.036 0.0000000000
43225  -17.732  -20.664  48.619 0.0000000000
43290  -29.368  -20.890  44.076 0.0000000000
44237  -28.259  -18.823  45.845 0.0000000000
44222  -27.915  -18.986  46.837 0.0000000000
43289  -29.014  -20.340  44.877 0.0000000000
54103  -31.229  -8.295  27.963 0.0000000000
53393  -32.350  -9.031  27.357 0.0000000000
54106  -32.355  -8.328  26.852 0.0000000000
54107  -33.128  -8.294  26.326 0.0000000000
53400  -34.054  -9.126  25.748 0.0000000000
54120  -37.604  -8.746  24.443 0.0000000000
53408  -37.934  -9.441  23.906 0.0000000000
52642  -38.374  -10.619  23.319 0.0000000000
51752  -39.596  -11.830  23.279 0.0000000000
50711  -41.322  -12.499  24.281 0.0000000000
105265  -40.867  -12.227  23.046 0.0000000000
50761  -41.891  -11.815  21.848 0.0000000000
50762  -42.996  -11.869  21.617 0.0000000000
51789  -42.286  -11.035  20.683 0.0000000000
52674  -42.224  -10.293  20.367 0.0000000000
43131  -7.830  -21.043  54.039 0.0000000000
42011  -6.888  -21.209  55.089 0.0000000000
40925  -8.288  -21.896  55.696 0.0000000000
43336  -28.906  -20.284  41.068 0.0000000000
43348  -28.839  -20.471  40.573 0.0000000000
44302  -28.552  -19.771  40.414 0.0000000000
44311  -28.282  -19.513  39.474 0.0000000000
45172  -27.885  -18.474  38.494 0.0000000000
104456  -29.142  -14.480  36.277 0.0000000000
48531  -29.023  -14.364  35.447 0.0000000000
48530  -28.722  -14.721  34.579 0.0000000000
47717  -28.563  -15.794  33.701 0.0000000000
46890  -28.753  -15.789  32.924 0.0000000000
48544  -28.838  -14.372  32.908 0.0000000000
49576  -29.090  -14.011  31.802 0.0000000000
50595  -29.318  -12.309  31.027 0.0000000000
51632  -29.470  -11.459  30.757 0.0000000000
52519  -29.529  -10.568  31.559 0.0000000000
40002  -24.682  -23.348  46.057 0.0000000000
39984  -24.079  -23.237  47.084 0.0000000000
39985  -24.993  -23.620  46.872 0.0000000000
45048  -10.042  -18.385  50.858 0.0000000000
44188  -10.590  -19.411  50.603 0.0000000000
43103  -3.738  -19.866  56.958 0.0000000000
45023  -3.292  -18.379  57.387 0.0000000000
44144  -3.023  -19.538  58.441 0.0000000000
107567  -2.223  -17.921  58.921 0.0000000000
45017  -1.025  -16.957  60.892 0.0000000000
43365  -33.178  -20.141  39.870 0.0000000000
41038  -27.337  -21.419  48.727 0.0000000000
39973  -27.853  -22.827  47.982 0.0000000000
46706  -13.739  -16.037  48.425 0.0000000000
46705  -12.580  -16.855  48.618 0.0000000000
45053  -11.813  -18.370  49.032 0.0000000000
107309  -12.775  -18.215  48.205 0.0000000000
44197  -13.130  -19.428  48.497 0.0000000000
43209  -14.050  -20.412  49.721 0.0000000000
43237  -15.658  -20.100  47.948 0.0000000000
43210  -15.559  -20.479  49.810 0.0000000000
107498  -15.621  -20.544  50.547 0.0000000000
54898  -45.145  -7.421  16.495 0.0000000000
40006  -31.856  -23.191  45.964 0.0000000000
106832  -31.976  -22.986  44.311 0.0000000000
41116  -31.026  -22.996  44.507 0.0000000000
103216  -30.026  -22.385  43.019 0.0000000000
105964  -29.518  -21.757  42.227 0.0000000000
43308  -29.408  -20.917  43.006 0.0000000000
43324  -29.376  -20.485  42.169 0.0000000000
110150  -29.123  -20.142  41.581 0.0000000000
45152  -29.187  -18.698  41.436 0.0000000000
43284  -18.783  -19.901  44.311 0.0000000000
42204  -19.823  -21.047  45.058 0.0000000000
42220  -19.951  -20.666  44.203 0.0000000000
100855  -21.137  -21.185  43.989 0.0000000000
41110  -23.010  -22.245  44.504 0.0000000000
44270  -23.122  -19.924  43.224 0.0000000000
42242  -23.439  -21.424  43.544 0.0000000000
41092  -24.397  -22.596  44.697 0.0000000000
41113  -25.064  -22.469  44.704 0.0000000000
41094  -26.215  -22.692  45.782 0.0000000000
42189  -26.520  -21.680  46.214 0.0000000000
93115  -25.657  -18.802  45.834 0.0000000000
43272  -26.239  -19.870  46.541 0.0000000000
103295  -26.401  -20.572  46.614 0.0000000000
42174  -26.908  -20.584  48.278 0.0000000000
102550  -27.412  -19.750  49.004 0.0000000000
43227  -28.076  -19.724  49.228 0.0000000000
43228  -28.710  -19.954  48.648 0.0000000000
43259  -28.542  -19.848  46.614 0.0000000000
43244  -28.763  -20.074  47.558 0.0000000000
42175  -29.459  -20.972  47.851 0.0000000000
105797  -30.752  -22.556  47.041 0.0000000000
41078  -30.979  -22.870  46.253 0.0000000000
45108  -18.766  -18.436  43.995 0.0000000000
52595  -33.247  -9.825  28.472 0.0000000000
55615  -34.558  -6.352  26.295 0.0000000000
109649  -35.045  -7.513  25.549 0.0000000000
53402  -35.307  -9.726  25.122 0.0000000000
103599  -37.088  -9.498  24.273 0.0000000000
52625  -36.300  -10.757  24.863 0.0000000000
51727  -36.479  -11.343  25.299 0.0000000000
51717  -37.312  -12.091  25.951 0.0000000000
52707  -45.029  -10.121  18.179 0.0000000000
53438  -44.470  -9.368  17.936 0.0000000000
54895  -44.021  -7.588  17.708 0.0000000000
45031  -5.674  -18.249  55.188 0.0000000000
44168  -4.751  -19.527  55.868 0.0000000000
43119  -6.185  -20.786  55.375 0.0000000000
43118  -5.493  -20.452  55.670 0.0000000000
43104  -4.479  -20.231  56.562 0.0000000000
43091  -4.343  -20.394  57.383 0.0000000000
41128  -32.355  -22.724  43.459 0.0000000000
41141  -32.237  -22.497  42.585 0.0000000000
41152  -31.948  -22.317  41.832 0.0000000000
42275  -29.597  -21.416  40.413 0.0000000000
42277  -31.081  -21.758  40.529 0.0000000000
98274  -31.918  -21.636  40.656 0.0000000000
42288  -32.239  -21.192  40.278 0.0000000000
43376  -31.937  -20.042  38.923 0.0000000000
44322  -31.630  -19.553  38.276 0.0000000000
45997  -28.145  -17.016  38.562 0.0000000000
45190  -27.887  -18.346  37.788 0.0000000000
46852  -28.135  -16.439  36.396 0.0000000000
46013  -28.034  -17.677  36.744 0.0000000000
110335  -28.460  -19.185  37.442 0.0000000000
44343  -29.149  -18.980  36.785 0.0000000000
44332  -30.721  -19.255  37.421 0.0000000000
46041  -29.549  -16.928  33.282 0.0000000000
46042  -30.324  -16.966  33.151 0.0000000000
105934  -31.893  -12.930  29.668 0.0000000000
51657  -31.253  -11.540  29.274 0.0000000000
52572  -31.003  -10.732  29.125 0.0000000000
52550  -30.050  -9.933  30.196 0.0000000000
53379  -30.457  -9.421  29.644 0.0000000000
53387  -30.760  -9.025  29.001 0.0000000000
55586  -30.686  -6.758  28.815 0.0000000000
56373  -31.541  -5.621  28.604 0.0000000000
42187  -20.564  -21.560  46.513 0.0000000000
42172  -21.277  -21.886  47.724 0.0000000000
39970  -23.742  -23.156  48.488 0.0000000000
44178  -7.753  -19.021  52.736 0.0000000000
45042  -8.931  -18.299  51.937 0.0000000000
44179  -8.411  -19.380  52.337 0.0000000000
43155  -7.970  -19.973  52.879 0.0000000000
42043  -8.927  -21.217  53.563 0.0000000000
44192  -11.787  -19.391  49.475 0.0000000000
43206  -11.589  -20.029  50.044 0.0000000000
43173  -11.409  -20.661  51.300 0.0000000000
44126  -1.775  -19.019  62.231 0.0000000000
44130  -1.053  -17.724  61.191 0.0000000000
98506  -0.366  -16.988  61.124 0.0000000000
41099  -33.407  -23.167  45.203 0.0000000000
43256  -18.399  -20.563  46.148 0.0000000000
43240  -19.125  -21.012  46.661 0.0000000000
56375  -33.097  -5.014  27.976 0.0000000000
53417  -39.898  -9.168  22.865 0.0000000000
53420  -40.227  -9.650  22.125 0.0000000000
46687  -11.641  -16.597  49.793 0.0000000000
54161  -45.670  -8.639  16.582 0.0000000000
100860  -45.221  -8.079  16.603 0.0000000000
107612  -34.789  -22.014  43.042 0.0000000000
42256  -34.500  -21.604  42.191 0.0000000000
97784  -33.624  -21.636  41.655 0.0000000000
109987  -29.486  -20.474  49.493 0.0000000000
46740  -15.515  -16.859  46.601 0.0000000000
45892  -14.757  -17.936  46.735 0.0000000000
45063  -14.500  -18.526  47.057 0.0000000000
45126  -21.226  -18.741  43.264 0.0000000000
44233  -24.560  -19.252  45.096 0.0000000000
44253  -24.303  -19.889  44.267 0.0000000000
44254  -25.056  -20.100  44.853 0.0000000000
44234  -25.204  -19.339  45.419 0.0000000000
44208  -27.385  -19.292  47.691 0.0000000000
94689  -29.316  -21.522  45.013 0.0000000000
41095  -29.714  -22.199  45.321 0.0000000000
53389  -32.032  -9.420  28.115 0.0000000000
52616  -34.556  -10.184  26.441 0.0000000000
54837  -37.379  -7.218  25.508 0.0000000000
50730  -39.088  -11.932  23.785 0.0000000000
50729  -38.311  -11.645  24.038 0.0000000000
50692  -39.126  -12.457  25.328 0.0000000000
53434  -43.328  -9.279  18.953 0.0000000000
43141  -6.614  -19.967  53.823 0.0000000000
41149  -29.734  -22.045  41.780 0.0000000000
44320  -28.285  -19.635  38.709 0.0000000000
43372  -28.745  -19.938  38.326 0.0000000000
93275  -28.526  -17.081  34.822 0.0000000000
45224  -29.644  -17.704  34.631 0.0000000000
47740  -29.522  -14.959  31.311 0.0000000000
48575  -29.764  -14.380  30.705 0.0000000000
48576  -30.361  -14.449  30.477 0.0000000000
49626  -29.782  -12.937  30.026 0.0000000000
41090  -22.664  -22.384  45.434 0.0000000000
41074  -22.768  -22.550  46.546 0.0000000000
43171  -9.954  -20.365  51.756 0.0000000000
42062  -10.201  -21.076  52.571 0.0000000000
42063  -11.098  -21.285  52.710 0.0000000000
45818  -4.711  -18.017  56.448 0.0000000000
45024  -4.054  -18.224  56.837 0.0000000000
41130  -34.297  -22.718  44.199 0.0000000000
94497  -18.705  -21.102  49.268 0.0000000000
96359  -20.079  -21.394  47.972 0.0000000000
42152  -19.471  -21.264  48.738 0.0000000000
42153  -20.446  -21.523  48.748 0.0000000000
42134  -20.935  -21.706  49.478 0.0000000000
42154  -21.333  -21.873  48.655 0.0000000000
106891  -30.507  -22.183  47.665 0.0000000000
45914  -18.181  -16.944  44.977 0.0000000000
45086  -16.766  -18.601  45.310 0.0000000000
45085  -16.173  -18.649  45.754 0.0000000000
44229  -15.973  -19.173  46.082 0.0000000000
44219  -16.295  -19.685  46.477 0.0000000000
43239  -17.547  -20.503  47.716 0.0000000000
45115  -29.716  -19.524  44.603 0.0000000000
54811  -31.376  -7.720  27.587 0.0000000000
54104  -31.753  -8.325  27.380 0.0000000000
54812  -31.862  -7.574  27.073 0.0000000000
54820  -33.321  -7.309  26.274 0.0000000000
54819  -32.576  -7.490  26.625 0.0000000000
54109  -33.750  -8.611  25.878 0.0000000000
54121  -38.606  -8.591  24.335 0.0000000000
53409  -38.781  -9.145  23.691 0.0000000000
52643  -39.093  -10.292  22.844 0.0000000000
51761  -39.013  -10.957  22.940 0.0000000000
100446  -39.193  -11.464  23.197 0.0000000000
97253  -39.704  -11.328  22.670 0.0000000000
50745  -40.189  -12.038  23.107 0.0000000000
51774  -40.862  -10.937  21.631 0.0000000000
51763  -41.106  -11.505  21.967 0.0000000000
99796  -42.334  -11.566  21.350 0.0000000000
52673  -41.654  -10.373  20.860 0.0000000000
45151  -28.609  -18.908  40.697 0.0000000000
45173  -28.055  -18.544  39.344 0.0000000000
44310  -27.975  -19.082  38.806 0.0000000000
103198  -27.951  -17.860  38.814 0.0000000000
92038  -29.163  -13.419  33.953 0.0000000000
49547  -29.146  -13.831  34.607 0.0000000000
95693  -28.598  -15.120  33.930 0.0000000000
101341  -28.612  -15.135  33.223 0.0000000000
51600  -29.385  -11.888  32.593 0.0000000000
49561  -29.096  -13.284  32.219 0.0000000000
49577  -29.241  -13.267  31.258 0.0000000000
51613  -29.334  -11.612  31.703 0.0000000000
53351  -29.772  -9.687  31.828 0.0000000000
102456  -10.277  -18.051  50.569 0.0000000000
45049  -10.555  -18.663  50.392 0.0000000000
43090  -3.493  -20.088  57.764 0.0000000000
106973  -3.085  -19.201  57.575 0.0000000000
107218  -2.497  -19.007  59.259 0.0000000000
45018  -1.952  -17.961  59.898 0.0000000000
43337  -34.027  -20.941  41.034 0.0000000000
42155  -27.261  -20.405  49.190 0.0000000000
41019  -27.547  -20.885  49.633 0.0000000000
46721  -13.617  -16.703  47.870 0.0000000000
110206  -13.165  -16.567  48.342 0.0000000000
45867  -12.370  -17.817  48.523 0.0000000000
43222  -13.426  -20.080  49.087 0.0000000000
43223  -14.382  -20.195  48.929 0.0000000000
44207  -15.901  -19.894  47.169 0.0000000000
43193  -16.312  -20.568  50.255 0.0000000000
105958  -15.405  -20.310  48.870 0.0000000000
41098  -31.776  -23.160  45.097 0.0000000000
41125  -29.659  -22.087  43.463 0.0000000000
41138  -29.726  -22.136  42.599 0.0000000000
44272  -29.604  -20.378  43.604 0.0000000000
91561  -29.634  -20.148  42.798 0.0000000000
44286  -30.001  -19.368  42.718 0.0000000000
44294  -29.372  -19.623  41.988 0.0000000000
44251  -19.099  -19.563  43.815 0.0000000000
106461  -20.067  -20.390  43.713 0.0000000000
42240  -21.475  -20.803  43.402 0.0000000000
42222  -21.881  -21.457  43.876 0.0000000000
43307  -24.064  -21.078  43.512 0.0000000000
41124  -24.092  -21.695  43.762 0.0000000000
41111  -23.710  -22.168  44.063 0.0000000000
41112  -24.485  -22.106  44.206 0.0000000000
110403  -26.122  -21.988  45.494 0.0000000000
41093  -25.654  -22.615  45.271 0.0000000000
41075  -26.638  -22.652  46.305 0.0000000000
45091  -26.525  -18.217  45.844 0.0000000000
100181  -25.671  -19.785  45.788 0.0000000000
42173  -26.611  -20.653  47.247 0.0000000000
41059  -29.947  -22.075  47.171 0.0000000000
45124  -19.500  -18.529  43.652 0.0000000000
44265  -19.046  -19.069  43.677 0.0000000000
52574  -33.147  -10.180  29.073 0.0000000000
53390  -32.800  -9.580  27.882 0.0000000000
52606  -33.571  -9.722  27.615 0.0000000000
56395  -35.575  -5.230  27.284 0.0000000000
56408  -35.075  -5.717  26.699 0.0000000000
55616  -35.426  -6.306  26.199 0.0000000000
54835  -35.529  -7.932  25.281 0.0000000000
54111  -35.294  -8.859  25.079 0.0000000000
53407  -37.319  -10.117  23.955 0.0000000000
98344  -37.373  -11.673  24.828 0.0000000000
52632  -37.009  -10.775  24.265 0.0000000000
51736  -36.904  -11.312  24.761 0.0000000000
51728  -36.997  -11.735  25.349 0.0000000000
50673  -37.948  -12.286  25.838 0.0000000000
50658  -39.036  -12.221  26.909 0.0000000000
98395  -41.474  -12.405  23.517 0.0000000000
51791  -43.969  -11.382  20.254 0.0000000000
51805  -44.438  -11.112  19.644 0.0000000000
52691  -44.905  -10.688  18.954 0.0000000000
54150  -43.827  -8.472  18.067 0.0000000000
54152  -44.446  -8.492  17.492 0.0000000000
45030  -5.177  -18.953  55.636 0.0000000000
44169  -5.221  -19.742  55.460 0.0000000000
42010  -6.636  -21.276  55.774 0.0000000000
41994  -6.002  -21.137  56.208 0.0000000000
98376  -5.240  -20.584  56.390 0.0000000000
43117  -4.770  -20.175  55.886 0.0000000000
92967  -5.008  -20.617  57.056 0.0000000000
43092  -5.157  -20.875  57.792 0.0000000000
41947  -5.608  -21.015  59.330 0.0000000000
41140  -31.396  -22.526  42.337 0.0000000000
42274  -29.057  -20.972  40.458 0.0000000000
42276  -30.242  -21.696  40.451 0.0000000000
42278  -32.552  -21.403  40.680 0.0000000000
42287  -31.577  -21.281  40.047 0.0000000000
43375  -31.019  -20.252  38.662 0.0000000000
47690  -28.621  -15.628  37.572 0.0000000000
46835  -28.203  -16.429  37.889 0.0000000000
46834  -27.920  -17.004  37.696 0.0000000000
45996  -27.863  -17.716  38.138 0.0000000000
46005  -27.901  -17.644  37.419 0.0000000000
105930  -28.634  -15.074  36.064 0.0000000000
47703  -28.351  -15.824  35.832 0.0000000000
46014  -28.314  -17.725  36.163 0.0000000000
46851  -28.132  -17.171  36.190 0.0000000000
45200  -27.983  -18.176  37.180 0.0000000000
44342  -28.600  -18.908  37.003 0.0000000000
91240  -31.459  -18.788  37.297 0.0000000000
46891  -29.197  -16.350  32.846 0.0000000000
46902  -30.096  -16.057  31.972 0.0000000000
46892  -29.834  -16.546  32.575 0.0000000000
46893  -30.787  -16.413  32.480 0.0000000000
48565  -31.650  -14.805  31.011 0.0000000000
48578  -32.088  -14.068  30.577 0.0000000000
49602  -31.509  -13.604  29.935 0.0000000000
50626  -30.765  -12.254  29.456 0.0000000000
52549  -29.753  -10.613  30.442 0.0000000000
54801  -30.390  -7.940  30.007 0.0000000000
54100  -30.536  -8.485  29.402 0.0000000000
54101  -30.760  -8.308  28.645 0.0000000000
55580  -30.858  -5.979  29.064 0.0000000000
42205  -20.538  -21.439  45.498 0.0000000000
41056  -22.423  -22.428  47.404 0.0000000000
41035  -21.938  -22.214  48.027 0.0000000000
98998  -22.227  -22.277  48.905 0.0000000000
101796  -24.327  -23.434  47.774 0.0000000000
107269  -23.678  -23.120  47.846 0.0000000000
39971  -24.462  -23.552  48.541 0.0000000000
39974  -28.269  -23.319  48.329 0.0000000000
45037  -7.269  -18.648  53.336 0.0000000000
45838  -9.374  -17.700  51.744 0.0000000000
43144  -8.761  -20.696  52.978 0.0000000000
43143  -8.249  -20.813  53.506 0.0000000000
108175  -12.139  -19.079  48.992 0.0000000000
43192  -12.748  -20.586  50.596 0.0000000000
43191  -11.876  -20.456  50.573 0.0000000000
54906  -45.577  -6.979  15.959 0.0000000000
45013  -0.428  -18.247  61.667 0.0000000000
44125  -0.994  -18.404  61.761 0.0000000000
41079  -31.712  -22.876  46.999 0.0000000000
45107  -18.066  -18.436  44.400 0.0000000000
44249  -17.786  -19.040  44.576 0.0000000000
44231  -17.262  -19.323  45.195 0.0000000000
44220  -17.001  -19.874  46.010 0.0000000000
109112  -30.434  -19.434  44.517 0.0000000000
55588  -31.805  -6.093  27.791 0.0000000000
55597  -32.219  -6.658  27.035 0.0000000000
55598  -32.934  -6.227  26.899 0.0000000000
55614  -33.628  -6.419  26.515 0.0000000000
52652  -39.786  -10.488  22.323 0.0000000000
52661  -40.461  -10.403  21.785 0.0000000000
52662  -41.074  -10.393  21.367 0.0000000000
45979  -29.069  -17.170  40.382 0.0000000000
50556  -29.337  -12.750  33.630 0.0000000000
49553  -29.044  -13.494  33.125 0.0000000000
96695  -29.464  -12.153  33.272 0.0000000000
52506  -29.516  -11.016  32.561 0.0000000000
40004  -26.293  -23.320  46.299 0.0000000000
39986  -25.942  -23.880  46.971 0.0000000000
39987  -26.812  -23.741  47.066 0.0000000000
39034  -27.360  -24.164  47.593 0.0000000000
45052  -11.183  -18.572  49.725 0.0000000000
53445  -45.579  -9.308  17.131 0.0000000000
102668  -3.943  -20.344  59.101 0.0000000000
43064  -3.710  -20.206  60.061 0.0000000000
44137  -2.784  -19.466  60.682 0.0000000000
108557  -34.412  -21.179  41.569 0.0000000000
43214  -28.314  -20.163  49.840 0.0000000000
45894  -16.031  -17.298  46.047 0.0000000000
46724  -15.803  -16.246  47.008 0.0000000000
46723  -15.043  -16.392  47.332 0.0000000000
46722  -14.254  -16.937  47.390 0.0000000000
45879  -13.664  -17.570  47.574 0.0000000000
45058  -13.243  -18.266  47.844 0.0000000000
45062  -13.879  -18.441  47.466 0.0000000000
107638  -17.018  -20.456  48.542 0.0000000000
94126  -16.970  -20.641  49.978 0.0000000000
41115  -30.272  -22.682  44.837 0.0000000000
43303  -20.249  -20.130  43.343 0.0000000000
44267  -20.741  -19.623  42.977 0.0000000000
43321  -21.434  -19.986  42.795 0.0000000000
43322  -21.923  -19.990  42.750 0.0000000000
44252  -23.619  -19.589  43.855 0.0000000000
43287  -24.551  -20.650  43.989 0.0000000000
42225  -25.039  -21.804  44.389 0.0000000000
110410  -27.081  -17.896  45.663 0.0000000000
44221  -26.758  -19.304  47.157 0.0000000000
105167  -28.933  -20.726  45.668 0.0000000000
41076  -29.783  -22.158  46.261 0.0000000000
51658  -32.137  -11.493  29.293 0.0000000000
102961  -32.495  -10.702  29.112 0.0000000000
52615  -33.892  -9.766  26.770 0.0000000000
55617  -36.308  -6.258  26.211 0.0000000000
54112  -36.147  -8.404  24.886 0.0000000000
51750  -38.058  -11.174  23.700 0.0000000000
52641  -37.660  -10.709  23.786 0.0000000000
50708  -37.950  -11.886  24.667 0.0000000000
50691  -38.313  -12.284  25.267 0.0000000000
52689  -42.724  -10.361  19.909 0.0000000000
52690  -43.336  -10.461  19.536 0.0000000000
52706  -44.265  -10.050  18.564 0.0000000000
54149  -43.334  -8.496  18.732 0.0000000000
45034  -6.789  -18.169  54.093 0.0000000000
93836  -30.743  -22.578  42.900 0.0000000000
109140  -28.427  -19.991  39.264 0.0000000000
94926  -29.155  -20.889  39.735 0.0000000000
43374  -30.067  -20.358  38.414 0.0000000000
43385  -29.895  -19.793  37.728 0.0000000000
104182  -28.372  -15.932  35.089 0.0000000000
46022  -28.470  -17.389  35.528 0.0000000000
45212  -28.649  -17.917  35.825 0.0000000000
45202  -28.881  -18.485  36.303 0.0000000000
45215  -30.963  -18.273  36.077 0.0000000000
46033  -29.974  -17.422  33.801 0.0000000000
47739  -29.125  -14.740  31.818 0.0000000000
46901  -29.594  -16.041  32.219 0.0000000000
47741  -30.350  -15.540  31.407 0.0000000000
48585  -30.780  -13.950  30.039 0.0000000000
49628  -30.775  -13.453  29.767 0.0000000000
53361  -29.937  -9.040  31.456 0.0000000000
53370  -30.139  -9.198  30.532 0.0000000000
95557  -30.435  -7.189  29.947 0.0000000000
55579  -30.578  -6.609  29.539 0.0000000000
41073  -21.957  -22.192  46.357 0.0000000000
106844  -22.226  -22.330  46.897 0.0000000000
44182  -8.904  -18.983  51.833 0.0000000000
42044  -9.536  -21.202  53.177 0.0000000000
108190  -12.876  -20.150  49.435 0.0000000000
93542  -34.740  -22.408  43.718 0.0000000000
43195  -18.129  -20.934  49.761 0.0000000000
42132  -18.805  -21.219  50.094 0.0000000000
42107  -19.682  -21.396  50.421 0.0000000000
42176  -30.044  -21.569  48.120 0.0000000000
46763  -16.843  -16.932  45.646 0.0000000000
45913  -17.069  -17.734  45.132 0.0000000000
45911  -15.876  -18.036  45.909 0.0000000000
44217  -14.863  -19.108  46.999 0.0000000000
44218  -15.508  -19.296  46.642 0.0000000000
43238  -16.532  -20.234  47.683 0.0000000000
43254  -16.898  -20.156  46.902 0.0000000000
103256  -28.178  -18.019  45.548 0.0000000000
44238  -28.891  -19.530  45.111 0.0000000000
53388  -31.289  -9.089  28.454 0.0000000000
53392  -31.727  -8.834  27.834 0.0000000000
53396  -32.847  -8.953  26.737 0.0000000000
53397  -33.547  -9.226  26.339 0.0000000000
52623  -34.841  -10.079  25.690 0.0000000000
54113  -37.191  -8.034  24.921 0.0000000000
54114  -38.210  -8.041  24.870 0.0000000000
53415  -38.492  -9.857  23.334 0.0000000000
50731  -39.921  -12.273  23.809 0.0000000000
50710  -40.571  -12.531  24.638 0.0000000000
50732  -40.714  -12.374  23.721 0.0000000000
100647  -40.601  -11.743  22.544 0.0000000000
50746  -41.504  -12.135  22.585 0.0000000000
51776  -42.826  -11.486  20.909 0.0000000000
110029  -42.588  -10.723  20.279 0.0000000000
53429  -42.375  -9.637  20.023 0.0000000000
43142  -7.458  -20.360  53.588 0.0000000000
98017  -7.174  -20.783  54.340 0.0000000000
42012  -7.822  -21.483  54.825 0.0000000000
42264  -29.088  -20.919  41.079 0.0000000000
95630  -28.331  -19.002  40.035 0.0000000000
44319  -27.924  -19.018  38.170 0.0000000000
47708  -28.499  -15.546  34.490 0.0000000000
46879  -28.803  -16.412  33.555 0.0000000000
47727  -28.822  -15.063  32.508 0.0000000000
49560  -29.014  -13.900  32.494 0.0000000000
48554  -28.959  -14.430  32.302 0.0000000000
92833  -29.477  -12.857  30.595 0.0000000000
54083  -30.203  -8.323  31.895 0.0000000000
54794  -30.467  -7.548  31.542 0.0000000000
40019  -24.202  -22.962  45.412 0.0000000000
40001  -23.697  -22.974  46.403 0.0000000000
101899  -25.139  -23.856  47.694 0.0000000000
101948  -25.837  -24.218  47.764 0.0000000000
45843  -9.863  -17.879  51.024 0.0000000000
45850  -10.400  -17.511  50.674 0.0000000000
44187  -10.056  -19.016  50.921 0.0000000000
43172  -10.291  -19.817  51.076 0.0000000000
107292  -10.699  -20.409  51.318 0.0000000000
44160  -3.673  -19.067  56.774 0.0000000000
45022  -2.686  -18.244  58.084 0.0000000000
44143  -2.571  -18.675  58.576 0.0000000000
45020  -1.635  -17.119  59.834 0.0000000000
57191  -35.999  -4.790  27.831 0.0000000000
56410  -36.787  -5.694  26.753 0.0000000000
99831  -37.071  -6.195  26.298 0.0000000000
55618  -37.641  -6.526  26.070 0.0000000000
44312  -32.764  -19.707  39.230 0.0000000000
41039  -27.862  -22.118  49.081 0.0000000000
42138  -29.960  -20.630  49.903 0.0000000000
46689  -13.096  -16.011  48.897 0.0000000000
45057  -12.505  -18.789  48.598 0.0000000000
110821  -13.001  -18.778  48.188 0.0000000000
43236  -14.775  -19.958  48.139 0.0000000000
94356  -14.824  -20.398  49.529 0.0000000000
108454  -14.786  -20.527  50.360 0.0000000000
109743  -32.285  -23.235  45.450 0.0000000000
42254  -29.368  -21.185  42.262 0.0000000000
42253  -29.207  -20.739  41.620 0.0000000000
44293  -28.869  -19.587  41.195 0.0000000000
45153  -29.951  -18.117  41.920 0.0000000000
43257  -19.116  -20.814  45.624 0.0000000000
43270  -19.256  -20.503  44.651 0.0000000000
42221  -20.543  -21.132  44.515 0.0000000000
43286  -20.612  -20.668  43.685 0.0000000000
93468  -21.330  -21.625  44.823 0.0000000000
41109  -22.246  -21.987  44.610 0.0000000000
45127  -22.107  -18.957  43.367 0.0000000000
44269  -22.372  -19.670  42.981 0.0000000000
43323  -22.472  -20.227  42.982 0.0000000000
43306  -23.254  -20.640  43.292 0.0000000000
42223  -22.803  -21.792  43.851 0.0000000000
41091  -23.573  -22.583  44.899 0.0000000000
40020  -25.086  -23.060  45.321 0.0000000000
40021  -25.736  -23.126  45.715 0.0000000000
42190  -26.873  -21.930  46.960 0.0000000000
41077  -30.328  -22.497  46.471 0.0000000000
45934  -18.517  -17.644  44.487 0.0000000000
44250  -18.463  -19.184  44.104 0.0000000000
56407  -34.290  -5.803  26.744 0.0000000000
54821  -34.080  -7.012  25.972 0.0000000000
55627  -34.878  -6.899  25.802 0.0000000000
54834  -34.470  -7.504  25.702 0.0000000000
54110  -34.534  -8.356  25.495 0.0000000000
53401  -34.643  -9.369  25.467 0.0000000000
54119  -36.710  -8.917  24.577 0.0000000000
108795  -36.441  -9.597  24.514 0.0000000000
53406  -36.633  -10.152  24.360 0.0000000000
53405  -35.957  -10.035  24.743 0.0000000000
52624  -35.536  -10.405  25.329 0.0000000000
51715  -35.885  -11.032  25.647 0.0000000000
101867  -37.188  -11.826  26.589 0.0000000000
53439  -45.159  -9.629  17.663 0.0000000000
53444  -44.909  -9.104  17.413 0.0000000000
45027  -5.176  -18.218  55.947 0.0000000000
43130  -6.429  -20.381  54.686 0.0000000000
43129  -5.826  -19.947  55.052 0.0000000000
44161  -4.257  -19.654  56.307 0.0000000000
43077  -4.273  -20.491  58.280 0.0000000000
43078  -5.036  -20.801  58.692 0.0000000000
107539  -4.527  -20.576  58.893 0.0000000000
103783  -32.661  -23.141  44.939 0.0000000000
105809  -31.615  -22.645  42.970 0.0000000000
41153  -32.895  -22.197  42.112 0.0000000000
42265  -29.439  -21.509  41.069 0.0000000000
41160  -29.940  -21.950  41.065 0.0000000000
41161  -30.653  -22.117  41.073 0.0000000000
42266  -31.526  -22.083  41.154 0.0000000000
42267  -32.526  -21.835  41.278 0.0000000000
43349  -32.843  -20.882  40.319 0.0000000000
43363  -31.290  -20.776  39.379 0.0000000000
43364  -32.281  -20.575  39.701 0.0000000000
46836  -28.702  -16.070  38.481 0.0000000000
47698  -28.356  -15.685  36.669 0.0000000000
46843  -27.913  -17.015  36.956 0.0000000000
45191  -28.143  -18.795  37.434 0.0000000000
102621  -28.972  -19.522  37.505 0.0000000000
44344  -29.846  -19.204  37.032 0.0000000000
44333  -31.373  -19.232  37.755 0.0000000000
44334  -32.077  -18.885  37.806 0.0000000000
105409  -29.097  -16.800  33.555 0.0000000000
49603  -32.511  -13.206  30.170 0.0000000000
49629  -31.153  -12.956  29.557 0.0000000000
50627  -31.634  -12.289  29.444 0.0000000000
94850  -29.598  -12.213  30.268 0.0000000000
51655  -29.841  -11.441  29.945 0.0000000000
52571  -30.319  -10.530  29.630 0.0000000000
52592  -30.879  -9.838  28.985 0.0000000000
54808  -30.897  -7.425  28.220 0.0000000000
55587  -31.124  -6.433  28.285 0.0000000000
56374  -32.279  -5.338  28.243 0.0000000000
57171  -32.738  -4.712  28.789 0.0000000000
42186  -19.827  -21.234  46.089 0.0000000000
42171  -20.639  -21.599  47.396 0.0000000000
42188  -21.233  -21.895  46.881 0.0000000000
41057  -23.251  -22.866  48.246 0.0000000000
39957  -23.871  -23.172  49.304 0.0000000000
41037  -23.084  -22.718  49.038 0.0000000000
41018  -23.343  -22.766  50.121 0.0000000000
39035  -28.025  -23.788  47.822 0.0000000000
45831  -7.570  -17.941  53.549 0.0000000000
45837  -8.652  -17.819  52.454 0.0000000000
45041  -8.390  -18.605  52.340 0.0000000000
42027  -8.552  -21.384  54.151 0.0000000000
43190  -11.039  -20.117  50.645 0.0000000000
101906  -13.974  -20.724  51.656 0.0000000000
43175  -13.104  -20.768  51.451 0.0000000000
43158  -11.672  -21.060  52.019 0.0000000000
54899  -45.802  -7.927  16.064 0.0000000000
44132  -2.623  -19.340  61.702 0.0000000000
44131  -1.773  -18.704  61.462 0.0000000000
45014  -0.040  -17.984  61.475 0.0000000000
45805  0.150  -17.144  60.271 0.0000000000
95912  -0.088  -17.191  61.213 0.0000000000
45804  -0.292  -16.569  60.527 0.0000000000
43285  -19.529  -20.144  43.806 0.0000000000
43305  -21.789  -20.308  42.940 0.0000000000
110110  -29.009  -20.320  38.634 0.0000000000
