#!ascii label  , from subject sub-v2s15x29748_ses-1 vox2ras=TkReg
1286
47540  -35.514  -14.723  52.495 0.0000000000
58791  -44.910  -1.904  34.346 0.0000000000
54749  -35.980  -7.637  38.994 0.0000000000
47526  -6.955  -14.841  52.234 0.0000000000
46652  -20.645  -16.323  52.429 0.0000000000
52340  -3.131  -9.885  50.944 0.0000000000
55394  -5.068  -5.963  58.360 0.0000000000
60345  -38.700  -0.667  38.319 0.0000000000
53988  -3.982  -8.645  43.367 0.0000000000
50229  -3.342  -12.948  60.599 0.0000000000
45940  -35.090  -17.298  45.021 0.0000000000
92105  -30.431  -14.377  51.353 0.0000000000
49353  -28.140  -13.377  54.137 0.0000000000
58023  -48.029  -3.717  31.127 0.0000000000
94953  -38.412  -4.961  38.154 0.0000000000
106978  -16.793  -15.504  50.967 0.0000000000
108465  -4.655  -3.456  47.478 0.0000000000
51377  -8.535  -11.510  51.395 0.0000000000
50400  -7.364  -12.417  46.352 0.0000000000
46719  -7.734  -16.832  47.341 0.0000000000
49286  -11.370  -13.078  60.895 0.0000000000
52265  -7.936  -10.769  64.063 0.0000000000
92034  -36.148  -10.108  42.145 0.0000000000
48375  -25.573  -14.533  56.192 0.0000000000
46694  -23.605  -16.788  50.381 0.0000000000
53194  -3.531  -8.674  54.523 0.0000000000
52296  -8.493  -10.862  55.289 0.0000000000
103520  -41.988  0.314  36.403 0.0000000000
48345  -12.482  -14.221  57.155 0.0000000000
47501  -14.458  -14.783  54.534 0.0000000000
53217  -3.872  -10.026  47.174 0.0000000000
49446  -3.888  -13.022  42.980 0.0000000000
55386  -8.798  -5.440  62.435 0.0000000000
52282  -7.702  -10.199  60.005 0.0000000000
49326  -5.440  -13.644  56.447 0.0000000000
47589  -37.239  -15.614  50.127 0.0000000000
46682  -34.731  -16.397  50.575 0.0000000000
45877  -36.198  -16.674  48.715 0.0000000000
47538  -33.629  -15.057  52.356 0.0000000000
46697  -32.275  -15.803  50.129 0.0000000000
49357  -32.269  -13.565  54.186 0.0000000000
105015  -46.279  -2.704  33.016 0.0000000000
58837  -42.322  -2.602  32.480 0.0000000000
58020  -43.433  -3.636  30.632 0.0000000000
107017  -45.014  -4.756  29.425 0.0000000000
56316  -37.380  -6.299  38.230 0.0000000000
52455  -34.955  -10.063  39.411 0.0000000000
54035  -35.582  -8.422  37.926 0.0000000000
54761  -36.486  -7.058  37.173 0.0000000000
101846  -8.748  -13.607  51.501 0.0000000000
48435  -8.994  -14.377  49.085 0.0000000000
95604  -7.587  -15.557  49.731 0.0000000000
45056  -5.953  -18.198  48.366 0.0000000000
46669  -5.355  -16.872  50.589 0.0000000000
48325  -9.468  -14.412  58.693 0.0000000000
105938  -8.530  -14.235  60.108 0.0000000000
51488  -36.662  -10.890  43.480 0.0000000000
48464  -36.291  -14.875  44.377 0.0000000000
104698  -34.786  -15.800  43.237 0.0000000000
49470  -35.869  -13.609  43.358 0.0000000000
50473  -35.253  -12.299  41.539 0.0000000000
98949  -26.231  -11.934  56.708 0.0000000000
108971  -26.956  -13.555  50.930 0.0000000000
93739  -25.408  -14.450  52.332 0.0000000000
54830  -46.783  -6.849  26.830 0.0000000000
99017  -48.152  -6.715  24.795 0.0000000000
54623  -4.042  -7.187  56.488 0.0000000000
98101  -6.232  -9.408  55.107 0.0000000000
107243  -6.254  -8.269  56.995 0.0000000000
61242  -39.991  0.563  37.358 0.0000000000
58769  -36.325  -2.547  36.706 0.0000000000
97352  -36.821  -1.273  35.981 0.0000000000
107114  -38.600  -1.013  34.952 0.0000000000
49302  -14.293  -13.432  59.547 0.0000000000
95871  -15.171  -13.968  58.290 0.0000000000
54662  -3.491  -8.443  50.517 0.0000000000
54672  -4.156  -8.167  48.775 0.0000000000
52368  -3.812  -9.932  49.305 0.0000000000
48463  -7.673  -14.911  44.661 0.0000000000
49432  -6.192  -13.049  44.692 0.0000000000
47643  -4.710  -15.444  43.232 0.0000000000
107689  -11.368  -6.637  62.748 0.0000000000
50220  -5.602  -12.345  62.409 0.0000000000
101886  -6.871  -10.295  62.466 0.0000000000
51326  -6.268  -11.630  60.303 0.0000000000
50250  -7.101  -12.259  58.459 0.0000000000
49311  -4.294  -12.752  58.599 0.0000000000
46754  -36.614  -16.312  46.614 0.0000000000
50292  -28.593  -11.716  56.494 0.0000000000
50309  -29.803  -12.343  55.630 0.0000000000
49377  -29.181  -13.583  52.378 0.0000000000
106076  -48.783  -4.903  29.484 0.0000000000
55591  -46.124  -6.392  28.157 0.0000000000
57941  -39.192  -3.886  38.291 0.0000000000
56328  -37.070  -5.722  36.831 0.0000000000
46692  -20.497  -16.555  49.983 0.0000000000
46662  -18.839  -15.849  51.997 0.0000000000
55472  -4.583  -6.649  45.570 0.0000000000
52343  -6.705  -10.663  50.807 0.0000000000
52361  -5.720  -10.704  49.292 0.0000000000
51420  -8.431  -11.991  48.849 0.0000000000
48452  -9.014  -14.799  46.894 0.0000000000
45932  -7.040  -17.811  44.823 0.0000000000
51311  -11.945  -11.348  62.997 0.0000000000
52268  -10.797  -9.989  63.679 0.0000000000
50216  -9.586  -12.410  63.146 0.0000000000
49276  -7.522  -13.304  62.635 0.0000000000
53280  -35.972  -9.155  40.275 0.0000000000
51515  -34.877  -11.589  40.411 0.0000000000
46644  -23.507  -16.528  53.571 0.0000000000
48388  -26.501  -14.441  54.446 0.0000000000
47522  -24.719  -16.277  53.238 0.0000000000
46665  -22.663  -16.758  51.926 0.0000000000
54655  -3.909  -7.807  51.621 0.0000000000
54640  -4.318  -7.422  53.415 0.0000000000
96742  -3.375  -9.145  53.210 0.0000000000
52315  -6.169  -9.868  52.996 0.0000000000
51361  -8.716  -11.674  53.418 0.0000000000
49350  -8.144  -13.347  53.864 0.0000000000
60383  -44.052  -0.651  35.668 0.0000000000
59626  -40.953  -1.856  33.635 0.0000000000
50225  -13.849  -12.141  61.536 0.0000000000
97734  -11.426  -13.653  59.217 0.0000000000
48343  -10.211  -14.654  57.101 0.0000000000
99690  -17.728  -15.551  53.100 0.0000000000
47503  -16.412  -15.219  54.826 0.0000000000
47484  -15.828  -14.750  56.121 0.0000000000
102966  -13.737  -14.534  55.486 0.0000000000
47481  -11.244  -14.797  55.455 0.0000000000
57016  -4.240  -4.452  48.655 0.0000000000
98727  -4.402  -7.094  47.233 0.0000000000
53232  -3.803  -9.303  44.900 0.0000000000
51435  -5.321  -11.223  47.198 0.0000000000
52395  -3.832  -11.013  45.394 0.0000000000
52408  -2.788  -10.542  43.194 0.0000000000
93406  -6.676  -5.209  60.442 0.0000000000
53903  -8.569  -7.533  63.660 0.0000000000
54608  -7.282  -7.269  61.719 0.0000000000
53920  -7.168  -8.086  59.265 0.0000000000
52286  -8.392  -10.263  58.045 0.0000000000
49328  -7.579  -12.944  55.855 0.0000000000
48383  -5.741  -14.630  54.114 0.0000000000
48341  -1.744  -13.781  58.242 0.0000000000
48355  -2.140  -14.594  56.730 0.0000000000
46646  -4.244  -16.562  52.350 0.0000000000
92395  -36.613  -15.585  51.163 0.0000000000
48405  -36.395  -14.265  52.781 0.0000000000
47557  -35.230  -15.957  51.119 0.0000000000
46684  -36.297  -16.214  50.435 0.0000000000
47539  -34.599  -14.888  52.493 0.0000000000
47556  -34.046  -15.529  51.756 0.0000000000
48392  -35.614  -14.050  53.416 0.0000000000
48402  -34.234  -14.514  53.118 0.0000000000
58809  -46.241  -2.317  33.868 0.0000000000
58806  -43.324  -2.226  33.604 0.0000000000
58838  -43.029  -2.933  32.003 0.0000000000
58821  -44.606  -2.563  33.156 0.0000000000
96278  -45.236  -3.329  31.707 0.0000000000
55531  -36.546  -7.043  38.458 0.0000000000
56315  -36.022  -5.986  38.725 0.0000000000
55528  -35.441  -6.684  39.159 0.0000000000
53302  -35.151  -9.087  38.188 0.0000000000
54030  -35.631  -8.634  38.645 0.0000000000
54754  -36.353  -7.474  38.294 0.0000000000
48406  -7.730  -14.522  51.816 0.0000000000
47562  -8.043  -14.942  50.160 0.0000000000
47561  -7.310  -15.362  50.548 0.0000000000
46685  -6.454  -16.524  49.716 0.0000000000
47543  -6.443  -15.764  50.924 0.0000000000
47454  -8.928  -15.097  57.223 0.0000000000
48328  -8.749  -14.714  58.338 0.0000000000
49456  -36.946  -13.382  44.494 0.0000000000
48475  -36.376  -13.944  44.015 0.0000000000
49471  -36.522  -13.046  43.807 0.0000000000
50447  -36.666  -12.142  43.667 0.0000000000
55609  -48.133  -6.431  27.466 0.0000000000
54846  -47.405  -6.829  26.090 0.0000000000
55631  -48.749  -6.608  25.331 0.0000000000
54624  -4.623  -7.106  57.293 0.0000000000
53923  -5.352  -7.765  57.190 0.0000000000
54625  -5.302  -7.339  58.000 0.0000000000
60358  -39.025  0.022  37.832 0.0000000000
61229  -40.326  0.665  38.854 0.0000000000
59568  -37.450  -1.576  37.521 0.0000000000
59576  -36.410  -1.803  36.482 0.0000000000
60356  -37.645  -0.932  37.236 0.0000000000
60364  -38.195  -0.536  36.723 0.0000000000
49316  -15.657  -13.791  58.998 0.0000000000
48334  -16.025  -14.099  58.340 0.0000000000
46632  -21.903  -16.193  53.837 0.0000000000
94094  -20.217  -16.059  53.084 0.0000000000
54691  -5.085  -7.084  44.364 0.0000000000
53947  -3.021  -9.055  50.992 0.0000000000
53949  -3.319  -9.150  50.269 0.0000000000
52358  -3.373  -9.894  50.364 0.0000000000
46778  -6.169  -16.368  43.791 0.0000000000
48473  -5.855  -14.897  43.688 0.0000000000
46788  -4.777  -16.348  43.401 0.0000000000
54610  -11.808  -7.032  62.330 0.0000000000
53909  -12.266  -7.796  63.053 0.0000000000
50231  -4.562  -12.414  61.375 0.0000000000
51315  -5.346  -12.055  61.754 0.0000000000
109886  -4.616  -12.203  60.730 0.0000000000
50249  -4.895  -12.499  59.011 0.0000000000
50248  -4.059  -12.523  59.547 0.0000000000
46718  -37.266  -16.026  48.796 0.0000000000
96082  -36.519  -16.541  47.483 0.0000000000
46755  -37.091  -16.011  47.265 0.0000000000
47625  -37.342  -15.561  46.697 0.0000000000
91321  -31.458  -14.421  52.414 0.0000000000
49367  -30.568  -13.633  53.388 0.0000000000
48410  -29.837  -13.890  51.948 0.0000000000
49376  -29.157  -13.747  51.623 0.0000000000
57147  -48.365  -4.080  30.568 0.0000000000
57145  -46.690  -4.246  30.419 0.0000000000
56366  -45.360  -5.309  29.027 0.0000000000
57166  -47.345  -4.743  29.883 0.0000000000
56369  -47.967  -5.243  29.438 0.0000000000
57093  -38.767  -4.645  38.037 0.0000000000
57080  -39.197  -4.067  38.549 0.0000000000
57079  -39.062  -4.199  38.808 0.0000000000
55538  -37.541  -6.160  37.508 0.0000000000
55544  -36.904  -6.425  36.948 0.0000000000
56329  -37.744  -5.562  37.417 0.0000000000
57957  -37.475  -4.081  37.249 0.0000000000
57874  -5.327  -3.357  46.684 0.0000000000
56266  -5.196  -5.250  45.606 0.0000000000
56259  -4.911  -4.775  46.349 0.0000000000
95955  -7.865  -10.972  51.030 0.0000000000
102973  -7.871  -11.290  49.910 0.0000000000
50350  -8.887  -12.363  50.180 0.0000000000
47591  -8.278  -15.663  48.507 0.0000000000
48444  -9.024  -14.863  47.596 0.0000000000
46720  -8.381  -16.170  47.103 0.0000000000
46738  -8.515  -16.012  46.188 0.0000000000
46737  -8.007  -16.803  46.474 0.0000000000
45061  -6.834  -18.003  46.966 0.0000000000
50223  -11.815  -12.525  61.575 0.0000000000
51310  -10.871  -11.573  63.339 0.0000000000
50222  -10.699  -12.929  61.850 0.0000000000
48319  -7.619  -14.320  60.548 0.0000000000
104326  -8.166  -13.478  62.116 0.0000000000
48312  -6.694  -14.208  61.242 0.0000000000
49274  -5.732  -13.295  62.396 0.0000000000
108708  -36.089  -9.489  40.906 0.0000000000
51509  -35.827  -10.876  41.979 0.0000000000
50483  -35.164  -11.771  41.004 0.0000000000
51516  -35.437  -10.983  40.918 0.0000000000
94183  -35.613  -10.009  40.336 0.0000000000
48374  -25.006  -15.140  55.961 0.0000000000
47492  -23.694  -15.600  55.929 0.0000000000
105072  -24.896  -15.822  54.991 0.0000000000
49344  -27.748  -13.165  55.263 0.0000000000
107994  -27.177  -13.217  55.841 0.0000000000
49352  -27.229  -13.773  54.091 0.0000000000
101769  -24.312  -16.080  51.462 0.0000000000
106567  -25.048  -15.738  53.039 0.0000000000
46667  -24.029  -16.485  51.804 0.0000000000
46666  -23.595  -16.664  52.151 0.0000000000
45853  -22.755  -17.087  50.488 0.0000000000
45852  -22.033  -17.118  50.184 0.0000000000
55413  -3.546  -7.391  55.284 0.0000000000
99944  -2.843  -7.944  53.977 0.0000000000
54639  -3.247  -8.177  53.127 0.0000000000
53193  -3.390  -8.934  53.922 0.0000000000
52314  -4.880  -9.709  52.887 0.0000000000
95802  -4.521  -9.328  54.326 0.0000000000
52295  -8.087  -10.341  55.063 0.0000000000
52303  -7.820  -10.414  54.201 0.0000000000
52304  -8.463  -10.953  54.491 0.0000000000
92173  -8.814  -12.347  53.283 0.0000000000
103764  -8.594  -12.270  54.130 0.0000000000
60382  -43.067  -0.664  35.526 0.0000000000
61265  -44.884  0.310  36.723 0.0000000000
61245  -43.143  1.090  37.384 0.0000000000
95494  -40.041  -0.497  35.483 0.0000000000
59608  -39.444  -1.319  34.376 0.0000000000
59591  -41.726  -1.067  34.835 0.0000000000
59611  -42.248  -1.505  34.406 0.0000000000
50226  -14.885  -11.928  61.559 0.0000000000
49313  -13.031  -13.655  58.696 0.0000000000
49301  -13.397  -13.448  59.397 0.0000000000
49312  -11.937  -13.779  58.448 0.0000000000
108844  -11.295  -14.114  57.900 0.0000000000
48344  -11.321  -14.436  57.100 0.0000000000
105528  -17.940  -15.564  51.026 0.0000000000
47535  -18.223  -15.629  52.583 0.0000000000
47550  -16.694  -15.493  51.734 0.0000000000
47531  -14.888  -15.375  52.927 0.0000000000
92808  -16.274  -15.429  53.465 0.0000000000
47502  -15.851  -15.085  54.751 0.0000000000
100154  -16.061  -14.967  55.399 0.0000000000
94408  -15.316  -14.812  54.982 0.0000000000
48373  -14.928  -14.579  56.126 0.0000000000
47500  -13.733  -14.601  55.004 0.0000000000
102168  -12.123  -14.880  54.364 0.0000000000
56242  -4.313  -5.036  48.797 0.0000000000
53956  -4.337  -8.745  47.846 0.0000000000
92046  -4.324  -6.973  48.215 0.0000000000
54674  -4.262  -8.059  47.047 0.0000000000
100618  -4.059  -8.255  46.141 0.0000000000
53224  -3.744  -9.822  46.413 0.0000000000
51437  -7.298  -11.676  47.629 0.0000000000
51417  -5.587  -11.065  47.962 0.0000000000
51454  -6.948  -11.794  46.822 0.0000000000
97014  -5.343  -13.207  44.133 0.0000000000
51468  -5.025  -11.769  45.244 0.0000000000
50411  -4.383  -12.111  44.368 0.0000000000
51466  -3.426  -11.050  44.559 0.0000000000
50426  -3.279  -11.629  43.124 0.0000000000
50438  -3.438  -11.508  42.616 0.0000000000
56182  -7.217  -5.147  61.142 0.0000000000
52267  -9.676  -10.203  63.900 0.0000000000
95701  -10.006  -8.808  63.845 0.0000000000
53158  -8.247  -9.379  63.680 0.0000000000
52276  -7.234  -10.383  61.000 0.0000000000
53170  -7.483  -8.954  61.871 0.0000000000
53913  -7.455  -8.402  61.123 0.0000000000
101627  -7.173  -7.615  60.904 0.0000000000
53917  -7.889  -8.846  59.440 0.0000000000
53921  -7.912  -8.927  58.565 0.0000000000
98923  -8.106  -10.247  59.068 0.0000000000
49323  -6.315  -13.209  56.835 0.0000000000
50257  -7.476  -12.406  57.450 0.0000000000
93701  -6.372  -13.511  56.206 0.0000000000
49341  -7.037  -13.782  54.907 0.0000000000
48369  -5.869  -14.199  55.186 0.0000000000
47451  -0.871  -14.707  58.067 0.0000000000
48342  -2.195  -13.915  57.408 0.0000000000
95302  -37.982  -15.304  49.325 0.0000000000
45862  -34.697  -16.991  49.152 0.0000000000
45875  -35.031  -17.247  48.538 0.0000000000
46700  -35.897  -16.651  49.804 0.0000000000
46701  -36.635  -16.291  49.796 0.0000000000
48412  -31.771  -14.805  51.725 0.0000000000
47555  -33.129  -15.484  51.544 0.0000000000
46681  -33.759  -16.036  50.812 0.0000000000
48389  -32.777  -14.219  53.588 0.0000000000
58006  -47.601  -3.279  31.927 0.0000000000
57141  -42.229  -3.897  29.950 0.0000000000
57142  -43.571  -4.148  29.849 0.0000000000
56364  -43.633  -4.767  29.022 0.0000000000
108045  -44.647  -3.838  30.542 0.0000000000
58004  -45.831  -3.556  31.358 0.0000000000
56317  -37.984  -5.743  37.929 0.0000000000
57078  -38.455  -4.547  38.729 0.0000000000
57085  -36.720  -5.300  38.720 0.0000000000
57931  -35.455  -4.010  39.484 0.0000000000
51529  -34.032  -11.251  39.071 0.0000000000
52465  -34.103  -10.205  37.994 0.0000000000
53301  -34.452  -9.460  37.729 0.0000000000
53317  -34.040  -9.069  37.026 0.0000000000
54046  -34.459  -8.377  36.684 0.0000000000
54047  -35.258  -8.045  37.185 0.0000000000
54755  -36.809  -7.184  37.883 0.0000000000
50337  -9.041  -12.624  51.497 0.0000000000
49392  -9.163  -13.069  49.757 0.0000000000
48418  -8.875  -13.959  50.301 0.0000000000
47577  -8.425  -15.135  49.264 0.0000000000
46703  -7.628  -16.234  48.613 0.0000000000
45878  -6.972  -17.490  47.602 0.0000000000
92361  -6.537  -16.933  49.169 0.0000000000
45849  -5.688  -17.210  49.773 0.0000000000
104908  -10.049  -13.741  60.004 0.0000000000
49289  -9.269  -13.687  60.647 0.0000000000
48320  -9.396  -14.114  59.596 0.0000000000
52425  -36.380  -10.500  42.779 0.0000000000
108096  -36.027  -16.324  44.941 0.0000000000
46791  -35.214  -16.249  43.839 0.0000000000
110207  -35.863  -15.181  43.950 0.0000000000
48474  -35.742  -14.577  43.600 0.0000000000
48482  -34.807  -13.760  42.208 0.0000000000
50459  -35.631  -12.549  42.359 0.0000000000
51500  -36.265  -11.272  42.745 0.0000000000
49338  -26.313  -13.218  56.487 0.0000000000
49364  -26.913  -13.650  52.875 0.0000000000
49363  -26.027  -13.919  52.604 0.0000000000
49373  -25.752  -13.890  51.623 0.0000000000
106519  -24.676  -14.739  51.008 0.0000000000
54845  -46.558  -7.084  25.119 0.0000000000
54855  -46.571  -7.093  24.262 0.0000000000
54867  -47.265  -6.837  23.732 0.0000000000
55653  -47.819  -6.451  22.177 0.0000000000
54631  -3.504  -7.716  55.554 0.0000000000
91265  -5.117  -9.138  55.025 0.0000000000
53932  -4.550  -8.604  55.749 0.0000000000
53183  -6.736  -8.845  56.444 0.0000000000
53184  -7.933  -9.441  56.668 0.0000000000
61262  -41.083  0.522  36.724 0.0000000000
62083  -40.809  1.152  38.401 0.0000000000
58779  -35.555  -2.030  35.277 0.0000000000
59586  -36.120  -1.694  34.752 0.0000000000
59606  -37.518  -1.478  34.363 0.0000000000
92579  -37.656  -1.102  35.256 0.0000000000
60379  -39.045  -0.340  36.166 0.0000000000
50236  -15.323  -12.465  61.072 0.0000000000
49294  -15.789  -12.937  60.507 0.0000000000
49315  -14.800  -13.711  58.952 0.0000000000
48332  -13.692  -13.769  58.117 0.0000000000
92915  -14.392  -15.415  52.258 0.0000000000
47515  -12.914  -14.937  53.925 0.0000000000
98532  -4.387  -6.783  49.353 0.0000000000
55456  -4.066  -5.890  48.949 0.0000000000
54668  -3.814  -8.357  49.757 0.0000000000
53952  -3.773  -9.125  49.432 0.0000000000
52377  -3.887  -10.101  48.198 0.0000000000
49434  -8.128  -13.789  45.641 0.0000000000
50414  -6.871  -12.651  45.524 0.0000000000
49447  -6.721  -13.752  44.559 0.0000000000
48461  -5.810  -13.945  44.038 0.0000000000
49460  -4.709  -13.675  43.408 0.0000000000
55391  -11.162  -5.775  60.740 0.0000000000
105742  -10.972  -5.766  61.555 0.0000000000
55382  -9.560  -5.722  63.070 0.0000000000
51308  -7.287  -12.108  63.405 0.0000000000
52271  -7.378  -10.374  63.223 0.0000000000
51316  -6.032  -11.542  62.199 0.0000000000
51323  -6.666  -11.186  60.972 0.0000000000
52281  -7.307  -10.864  60.216 0.0000000000
51331  -7.584  -11.682  59.016 0.0000000000
50243  -6.732  -11.989  59.432 0.0000000000
50255  -5.288  -12.781  58.216 0.0000000000
92143  -4.448  -13.426  57.171 0.0000000000
45078  -34.577  -17.624  46.366 0.0000000000
45889  -35.254  -17.268  48.068 0.0000000000
93501  -35.299  -17.271  46.637 0.0000000000
46772  -35.782  -16.929  45.370 0.0000000000
46773  -36.297  -16.346  45.678 0.0000000000
48455  -36.939  -14.762  45.296 0.0000000000
49345  -29.217  -12.773  54.935 0.0000000000
49347  -31.123  -12.738  54.838 0.0000000000
49355  -29.908  -13.191  54.064 0.0000000000
49366  -28.723  -13.381  53.158 0.0000000000
96464  -28.464  -13.539  52.271 0.0000000000
55605  -44.783  -6.722  27.608 0.0000000000
55607  -46.466  -6.652  27.600 0.0000000000
110432  -47.740  -6.338  27.982 0.0000000000
59569  -38.163  -2.031  38.089 0.0000000000
98564  -40.454  -2.053  39.715 0.0000000000
59558  -39.884  -2.703  39.122 0.0000000000
54767  -34.912  -7.626  36.327 0.0000000000
57099  -36.009  -4.124  36.319 0.0000000000
57947  -37.006  -2.932  37.233 0.0000000000
46664  -21.032  -16.576  51.686 0.0000000000
46651  -19.658  -16.046  52.423 0.0000000000
46676  -19.579  -16.186  50.467 0.0000000000
47569  -18.055  -15.606  50.283 0.0000000000
108459  -4.871  -6.620  44.886 0.0000000000
54690  -4.543  -7.214  44.825 0.0000000000
52342  -3.966  -10.102  51.356 0.0000000000
52352  -4.395  -10.302  50.561 0.0000000000
52353  -5.568  -10.529  50.234 0.0000000000
51419  -7.588  -11.541  48.449 0.0000000000
50376  -8.202  -12.196  48.008 0.0000000000
49402  -9.157  -13.059  48.995 0.0000000000
110261  -9.084  -13.673  47.851 0.0000000000
49421  -8.540  -13.499  46.548 0.0000000000
106696  -8.319  -14.682  45.389 0.0000000000
53162  -12.520  -8.806  63.243 0.0000000000
51305  -11.372  -10.802  63.549 0.0000000000
51304  -10.302  -11.000  63.935 0.0000000000
50212  -8.946  -12.048  63.584 0.0000000000
49283  -8.849  -13.523  61.572 0.0000000000
49277  -8.174  -13.083  62.915 0.0000000000
93789  -7.384  -12.804  63.183 0.0000000000
50213  -5.982  -12.677  62.706 0.0000000000
50219  -5.216  -12.850  62.346 0.0000000000
103055  -3.791  -13.430  60.970 0.0000000000
94151  -35.863  -8.025  39.674 0.0000000000
92534  -35.516  -7.399  39.686 0.0000000000
54744  -35.614  -7.585  40.485 0.0000000000
46790  -34.562  -16.657  43.410 0.0000000000
51521  -34.455  -11.456  39.742 0.0000000000
53288  -35.547  -9.445  39.702 0.0000000000
46633  -22.972  -16.277  54.418 0.0000000000
91989  -22.370  -16.474  53.068 0.0000000000
50290  -27.061  -11.732  56.769 0.0000000000
101648  -26.726  -13.632  55.891 0.0000000000
48382  -26.385  -14.401  55.268 0.0000000000
48397  -25.539  -14.852  53.180 0.0000000000
47523  -25.432  -15.682  53.806 0.0000000000
47507  -24.939  -16.233  54.013 0.0000000000
46645  -24.174  -16.512  53.363 0.0000000000
46654  -23.107  -16.567  52.953 0.0000000000
91441  -22.005  -16.757  51.770 0.0000000000
46677  -21.392  -16.796  50.773 0.0000000000
96425  -48.256  -6.224  21.636 0.0000000000
56462  -48.816  -5.609  20.601 0.0000000000
56472  -48.464  -5.314  19.756 0.0000000000
54663  -4.006  -7.796  50.779 0.0000000000
53943  -2.735  -8.996  51.814 0.0000000000
54647  -3.866  -7.717  52.596 0.0000000000
53939  -3.020  -8.784  52.713 0.0000000000
53204  -3.181  -9.413  52.189 0.0000000000
102805  -4.473  -9.881  52.033 0.0000000000
93208  -5.656  -10.105  52.118 0.0000000000
51376  -7.807  -10.903  51.806 0.0000000000
52302  -6.595  -9.921  53.896 0.0000000000
52316  -7.453  -10.404  53.315 0.0000000000
103105  -8.559  -11.518  52.115 0.0000000000
50326  -8.923  -12.537  52.349 0.0000000000
92041  -8.779  -13.069  52.782 0.0000000000
48395  -7.652  -14.271  52.691 0.0000000000
59614  -44.981  -1.513  34.886 0.0000000000
59623  -38.192  -1.693  33.598 0.0000000000
58802  -39.628  -2.081  33.119 0.0000000000
94845  -40.120  -2.379  32.665 0.0000000000
58804  -41.579  -2.144  33.349 0.0000000000
58789  -42.762  -1.883  33.994 0.0000000000
51317  -12.414  -11.772  62.163 0.0000000000
50233  -12.245  -12.811  60.951 0.0000000000
49292  -13.777  -13.140  60.137 0.0000000000
49291  -12.068  -13.227  60.119 0.0000000000
49290  -10.931  -13.486  60.005 0.0000000000
48329  -9.512  -14.687  57.769 0.0000000000
46650  -18.900  -15.768  52.798 0.0000000000
47521  -18.406  -15.610  53.500 0.0000000000
105710  -18.137  -15.507  54.314 0.0000000000
47533  -16.522  -15.478  52.611 0.0000000000
47519  -16.816  -15.424  54.180 0.0000000000
47486  -17.505  -15.293  55.401 0.0000000000
92227  -17.372  -15.094  56.113 0.0000000000
97792  -17.213  -14.795  56.867 0.0000000000
48349  -16.358  -14.362  57.791 0.0000000000
48348  -15.543  -14.324  57.500 0.0000000000
48361  -14.138  -14.392  56.581 0.0000000000
93187  -13.200  -14.347  56.542 0.0000000000
100427  -12.935  -14.671  54.714 0.0000000000
48370  -12.225  -14.542  55.688 0.0000000000
48360  -12.283  -14.432  56.373 0.0000000000
47465  -10.695  -14.815  56.052 0.0000000000
57021  -4.233  -4.466  48.244 0.0000000000
55464  -4.190  -5.954  48.506 0.0000000000
56257  -4.263  -5.253  47.910 0.0000000000
93224  -4.496  -5.438  46.920 0.0000000000
55469  -4.459  -6.345  46.548 0.0000000000
54684  -4.216  -7.565  45.462 0.0000000000
53979  -4.006  -8.535  44.281 0.0000000000
52369  -4.115  -10.202  48.995 0.0000000000
52378  -4.156  -10.402  48.063 0.0000000000
52387  -4.005  -10.314  47.155 0.0000000000
51469  -5.674  -11.822  45.905 0.0000000000
51451  -4.363  -11.161  45.833 0.0000000000
52388  -3.926  -10.684  46.193 0.0000000000
52394  -3.504  -10.492  45.273 0.0000000000
100944  -3.254  -9.958  44.576 0.0000000000
53247  -2.954  -9.916  43.044 0.0000000000
51490  -3.164  -11.036  42.656 0.0000000000
53905  -10.605  -8.158  63.790 0.0000000000
54600  -9.454  -7.138  63.746 0.0000000000
54605  -8.919  -6.580  63.458 0.0000000000
53163  -7.656  -9.072  63.180 0.0000000000
53907  -7.606  -8.064  62.882 0.0000000000
54609  -7.640  -6.505  62.307 0.0000000000
96335  -7.045  -6.416  61.551 0.0000000000
54612  -6.289  -6.392  60.350 0.0000000000
54620  -5.488  -6.595  58.733 0.0000000000
94150  -7.220  -8.431  58.199 0.0000000000
53179  -7.935  -9.142  57.657 0.0000000000
104580  -8.435  -10.139  56.580 0.0000000000
51335  -7.948  -11.782  57.926 0.0000000000
51336  -8.366  -11.494  57.096 0.0000000000
51344  -8.516  -11.523  55.605 0.0000000000
49337  -8.318  -12.773  54.518 0.0000000000
48385  -7.457  -13.991  53.601 0.0000000000
48394  -6.833  -14.598  53.032 0.0000000000
49287  -2.631  -13.688  60.197 0.0000000000
48322  -1.539  -14.029  59.582 0.0000000000
49310  -2.524  -13.042  59.351 0.0000000000
104647  -2.479  -13.351  58.279 0.0000000000
49325  -3.234  -13.645  57.114 0.0000000000
93192  -3.365  -14.184  56.299 0.0000000000
47477  -2.722  -15.451  55.293 0.0000000000
48377  -4.420  -14.759  54.844 0.0000000000
47497  -4.948  -15.001  54.113 0.0000000000
95985  -5.350  -15.452  52.842 0.0000000000
47525  -5.521  -15.642  52.185 0.0000000000
46658  -5.112  -16.599  51.240 0.0000000000
45847  -4.404  -18.011  50.623 0.0000000000
47558  -35.956  -15.274  51.699 0.0000000000
47559  -37.014  -14.737  51.771 0.0000000000
47541  -36.369  -14.581  52.395 0.0000000000
101361  -34.935  -15.447  51.853 0.0000000000
48404  -35.910  -14.377  52.969 0.0000000000
48403  -35.166  -14.441  53.147 0.0000000000
48393  -36.140  -14.102  53.121 0.0000000000
58808  -45.196  -2.270  33.864 0.0000000000
58793  -46.799  -1.762  34.654 0.0000000000
58792  -45.771  -1.768  34.600 0.0000000000
58807  -44.253  -2.209  33.865 0.0000000000
94925  -43.845  -2.488  33.205 0.0000000000
58822  -45.513  -2.634  33.099 0.0000000000
100235  -35.929  -8.140  38.888 0.0000000000
48416  -7.864  -14.783  50.991 0.0000000000
47544  -7.104  -15.120  51.389 0.0000000000
97043  -6.306  -15.382  51.800 0.0000000000
47453  -8.266  -15.296  57.404 0.0000000000
54619  -5.041  -6.618  57.968 0.0000000000
60346  -39.420  -0.313  38.719 0.0000000000
100858  -39.474  -1.250  39.031 0.0000000000
96970  -38.042  -1.118  37.956 0.0000000000
60357  -38.313  -0.558  37.583 0.0000000000
95284  -16.538  -13.804  59.070 0.0000000000
46643  -21.160  -16.241  53.291 0.0000000000
54704  -4.538  -7.823  44.026 0.0000000000
53989  -4.765  -8.249  43.253 0.0000000000
53210  -3.134  -9.689  50.697 0.0000000000
53910  -12.981  -8.147  62.630 0.0000000000
50230  -3.962  -12.871  61.145 0.0000000000
50240  -3.979  -12.518  60.583 0.0000000000
50247  -3.174  -12.716  59.978 0.0000000000
46736  -37.202  -16.023  47.990 0.0000000000
47616  -37.918  -15.425  47.573 0.0000000000
48411  -31.086  -14.513  51.752 0.0000000000
48399  -30.621  -14.103  52.370 0.0000000000
57146  -47.626  -4.225  30.532 0.0000000000
98003  -47.158  -3.782  31.102 0.0000000000
57165  -46.482  -4.779  29.684 0.0000000000
57087  -38.888  -4.463  38.382 0.0000000000
104574  -37.892  -5.862  37.788 0.0000000000
56318  -38.229  -5.273  37.840 0.0000000000
57022  -4.963  -4.072  47.070 0.0000000000
51391  -8.449  -11.570  50.521 0.0000000000
46704  -8.026  -16.221  47.912 0.0000000000
99237  -8.620  -15.565  47.747 0.0000000000
45891  -7.400  -17.499  46.741 0.0000000000
53273  -36.348  -9.381  41.716 0.0000000000
45927  -34.474  -17.785  45.543 0.0000000000
52440  -35.931  -10.130  41.321 0.0000000000
47493  -24.378  -15.558  55.697 0.0000000000
93983  -28.468  -13.027  54.782 0.0000000000
46679  -23.994  -16.431  50.940 0.0000000000
46678  -23.624  -16.752  51.257 0.0000000000
45854  -23.282  -16.974  50.694 0.0000000000
45861  -23.194  -17.107  49.928 0.0000000000
53930  -3.269  -8.104  54.943 0.0000000000
54634  -3.173  -7.835  54.655 0.0000000000
53934  -2.991  -8.285  54.264 0.0000000000
101491  -3.785  -9.137  54.123 0.0000000000
51354  -8.594  -11.607  54.615 0.0000000000
60367  -42.509  -0.177  35.953 0.0000000000
61263  -42.829  0.381  36.561 0.0000000000
60366  -41.557  -0.090  35.947 0.0000000000
60380  -41.133  -0.551  35.393 0.0000000000
60381  -42.113  -0.628  35.402 0.0000000000
48331  -12.733  -13.834  57.897 0.0000000000
92839  -11.920  -14.026  57.694 0.0000000000
47568  -17.344  -15.527  50.599 0.0000000000
47551  -17.392  -15.526  51.422 0.0000000000
105931  -14.670  -15.151  53.725 0.0000000000
47517  -15.323  -15.073  54.314 0.0000000000
95259  -14.558  -14.615  55.365 0.0000000000
57002  -4.618  -4.931  49.133 0.0000000000
53214  -3.967  -9.705  47.966 0.0000000000
53964  -4.187  -9.178  46.942 0.0000000000
51436  -6.314  -11.403  47.392 0.0000000000
50428  -4.582  -12.817  43.820 0.0000000000
50427  -3.796  -12.280  43.473 0.0000000000
50439  -3.609  -12.272  42.660 0.0000000000
100992  -9.694  -5.311  62.233 0.0000000000
56179  -8.095  -5.203  61.813 0.0000000000
100170  -9.046  -11.133  64.111 0.0000000000
52266  -8.634  -10.131  63.894 0.0000000000
52277  -7.571  -9.345  60.754 0.0000000000
53914  -7.799  -8.854  60.179 0.0000000000
53173  -7.963  -9.409  59.661 0.0000000000
49334  -6.043  -13.887  55.729 0.0000000000
46606  -0.187  -15.913  57.896 0.0000000000
46607  -0.729  -15.418  57.546 0.0000000000
46698  -34.228  -16.592  49.877 0.0000000000
46699  -35.127  -16.719  49.833 0.0000000000
47574  -36.959  -15.668  50.582 0.0000000000
46702  -37.214  -15.860  49.494 0.0000000000
48413  -32.671  -15.052  52.104 0.0000000000
47554  -32.256  -15.248  51.296 0.0000000000
46668  -34.502  -15.908  51.216 0.0000000000
48401  -33.237  -14.606  52.926 0.0000000000
98812  -32.280  -14.588  52.638 0.0000000000
57987  -46.821  -2.973  32.488 0.0000000000
57988  -47.642  -2.774  32.888 0.0000000000
58823  -46.996  -2.560  33.359 0.0000000000
58836  -41.515  -2.634  32.260 0.0000000000
58000  -41.230  -2.953  31.548 0.0000000000
58001  -42.161  -3.035  31.617 0.0000000000
58002  -43.680  -3.291  31.476 0.0000000000
92961  -42.941  -3.312  31.293 0.0000000000
98593  -42.908  -3.850  30.115 0.0000000000
58021  -44.248  -3.599  30.901 0.0000000000
57986  -45.881  -3.096  32.232 0.0000000000
58005  -46.611  -3.422  31.665 0.0000000000
57086  -37.866  -5.314  38.352 0.0000000000
57076  -35.512  -4.972  39.244 0.0000000000
52454  -34.331  -10.497  38.783 0.0000000000
54034  -34.824  -8.743  37.460 0.0000000000
55532  -37.109  -6.887  38.043 0.0000000000
55533  -37.607  -6.300  37.903 0.0000000000
49372  -9.061  -13.206  51.155 0.0000000000
49371  -8.821  -13.798  50.893 0.0000000000
47576  -7.827  -15.773  49.085 0.0000000000
110258  -7.068  -16.690  48.726 0.0000000000
46686  -7.143  -16.235  49.303 0.0000000000
46670  -6.091  -16.417  50.325 0.0000000000
45855  -4.896  -17.954  49.933 0.0000000000
45848  -4.975  -17.476  50.386 0.0000000000
49300  -10.320  -13.976  59.150 0.0000000000
47640  -36.391  -15.646  45.048 0.0000000000
47639  -35.857  -15.790  44.293 0.0000000000
93699  -35.251  -14.115  42.880 0.0000000000
49480  -35.474  -13.327  42.612 0.0000000000
49481  -36.063  -12.767  43.102 0.0000000000
105317  -36.547  -11.540  43.338 0.0000000000
50460  -36.194  -12.016  42.866 0.0000000000
49374  -26.729  -13.594  51.668 0.0000000000
54829  -45.938  -7.071  26.522 0.0000000000
54844  -45.867  -7.228  25.662 0.0000000000
102549  -46.615  -7.045  25.958 0.0000000000
55630  -47.849  -6.778  25.408 0.0000000000
106882  -47.161  -6.909  25.452 0.0000000000
54856  -47.371  -6.873  24.693 0.0000000000
55636  -48.060  -6.708  24.090 0.0000000000
53926  -3.879  -7.896  56.034 0.0000000000
53927  -4.611  -7.814  56.544 0.0000000000
98801  -5.486  -8.384  56.472 0.0000000000
101203  -40.857  0.971  37.580 0.0000000000
61243  -40.256  0.843  38.099 0.0000000000
57955  -35.767  -3.086  36.315 0.0000000000
58768  -35.802  -2.240  36.105 0.0000000000
59587  -36.182  -1.684  35.639 0.0000000000
93681  -36.797  -1.436  35.068 0.0000000000
60363  -37.518  -0.878  36.325 0.0000000000
92416  -38.713  -0.203  37.065 0.0000000000
60365  -39.385  0.094  36.812 0.0000000000
92862  -40.416  0.040  36.192 0.0000000000
48333  -14.436  -13.799  58.372 0.0000000000
48347  -14.483  -14.091  57.575 0.0000000000
47530  -13.974  -15.291  52.970 0.0000000000
47547  -13.668  -15.420  52.002 0.0000000000
54669  -4.096  -7.705  49.934 0.0000000000
53212  -3.497  -9.707  49.927 0.0000000000
102950  -3.878  -9.790  48.959 0.0000000000
48454  -7.546  -14.109  44.861 0.0000000000
49433  -7.248  -13.351  45.146 0.0000000000
48462  -6.763  -14.480  44.272 0.0000000000
48472  -4.979  -14.545  43.337 0.0000000000
105279  -4.479  -14.982  42.976 0.0000000000
55388  -11.158  -6.368  62.228 0.0000000000
55387  -10.461  -5.713  62.273 0.0000000000
55383  -10.746  -6.113  62.924 0.0000000000
51306  -6.285  -12.111  62.982 0.0000000000
51307  -6.684  -11.150  62.952 0.0000000000
51322  -5.902  -11.556  61.237 0.0000000000
51327  -7.088  -11.395  59.835 0.0000000000
50242  -5.841  -12.015  59.861 0.0000000000
108131  -5.929  -12.387  58.950 0.0000000000
49322  -5.446  -13.179  57.361 0.0000000000
98540  -4.611  -13.037  57.861 0.0000000000
45876  -35.692  -16.921  48.653 0.0000000000
45904  -35.847  -16.951  47.134 0.0000000000
110580  -36.238  -16.701  46.911 0.0000000000
45928  -35.941  -16.906  46.317 0.0000000000
47631  -37.408  -15.010  46.087 0.0000000000
46696  -31.657  -15.551  49.945 0.0000000000
98809  -28.447  -12.736  55.417 0.0000000000
102707  -31.520  -13.227  54.406 0.0000000000
93298  -29.705  -13.493  53.011 0.0000000000
49354  -29.020  -13.229  54.056 0.0000000000
49385  -28.369  -13.628  51.361 0.0000000000
56370  -49.274  -5.240  28.881 0.0000000000
56365  -44.573  -5.051  28.947 0.0000000000
101790  -44.052  -5.548  28.485 0.0000000000
56384  -45.752  -5.938  28.617 0.0000000000
55590  -45.252  -6.368  28.103 0.0000000000
55606  -45.645  -6.696  27.673 0.0000000000
54816  -46.023  -6.854  27.184 0.0000000000
56386  -47.789  -5.869  28.632 0.0000000000
109744  -48.529  -5.458  28.996 0.0000000000
56387  -48.853  -5.800  28.478 0.0000000000
58762  -38.641  -3.286  37.989 0.0000000000
58750  -39.212  -3.019  38.487 0.0000000000
58751  -39.493  -3.521  38.844 0.0000000000
57926  -39.457  -3.650  39.222 0.0000000000
57077  -37.238  -4.582  38.969 0.0000000000
57933  -37.620  -3.945  39.437 0.0000000000
108480  -35.721  -7.502  36.943 0.0000000000
54768  -35.643  -7.050  36.369 0.0000000000
56327  -36.106  -5.828  36.210 0.0000000000
95974  -36.291  -5.040  36.393 0.0000000000
57949  -38.908  -4.160  37.916 0.0000000000
57948  -38.079  -3.611  37.578 0.0000000000
58761  -37.586  -2.459  37.630 0.0000000000
104372  -20.355  -16.464  51.010 0.0000000000
46690  -18.834  -15.835  49.939 0.0000000000
57031  -5.475  -4.519  45.808 0.0000000000
56265  -4.726  -5.695  45.967 0.0000000000
92083  -5.017  -6.013  45.244 0.0000000000
93010  -5.262  -10.337  51.272 0.0000000000
51405  -8.465  -11.863  49.671 0.0000000000
51404  -7.755  -11.377  49.246 0.0000000000
48426  -9.050  -13.776  49.725 0.0000000000
48436  -9.166  -13.624  49.019 0.0000000000
49412  -9.079  -14.068  47.277 0.0000000000
50390  -8.720  -13.048  47.526 0.0000000000
98566  -8.790  -14.333  46.321 0.0000000000
47618  -8.802  -15.164  46.215 0.0000000000
102225  -8.019  -16.656  45.636 0.0000000000
46762  -8.239  -16.070  45.395 0.0000000000
101282  -6.635  -17.325  48.429 0.0000000000
109530  -6.472  -17.833  47.988 0.0000000000
52272  -12.295  -10.611  63.267 0.0000000000
50217  -10.379  -12.358  62.813 0.0000000000
51309  -9.860  -11.754  63.638 0.0000000000
49284  -9.658  -13.307  61.649 0.0000000000
49282  -7.274  -13.745  61.934 0.0000000000
50215  -8.119  -12.452  63.409 0.0000000000
50214  -6.698  -12.589  63.075 0.0000000000
49275  -6.655  -13.199  62.687 0.0000000000
49280  -5.044  -13.327  62.117 0.0000000000
49279  -4.550  -13.008  61.768 0.0000000000
54018  -35.990  -8.373  40.321 0.0000000000
50482  -34.678  -12.324  40.756 0.0000000000
54024  -35.757  -8.746  39.530 0.0000000000
46634  -23.618  -16.277  54.499 0.0000000000
46624  -23.283  -15.951  55.238 0.0000000000
104909  -22.766  -16.441  53.592 0.0000000000
49343  -26.986  -13.818  55.157 0.0000000000
48398  -26.349  -14.243  53.568 0.0000000000
47508  -25.450  -15.676  54.525 0.0000000000
98518  -23.154  -16.663  52.414 0.0000000000
91433  -22.622  -16.623  52.491 0.0000000000
45858  -21.216  -16.879  49.089 0.0000000000
46693  -21.342  -16.898  49.807 0.0000000000
55654  -48.794  -6.313  22.200 0.0000000000
106254  -49.573  -5.419  20.522 0.0000000000
110200  -4.593  -7.614  51.058 0.0000000000
54654  -3.287  -8.389  51.316 0.0000000000
54648  -5.143  -7.436  52.512 0.0000000000
52328  -3.706  -9.745  51.963 0.0000000000
96854  -3.823  -9.521  52.829 0.0000000000
52329  -7.037  -10.345  52.376 0.0000000000
53195  -5.745  -9.559  54.472 0.0000000000
52317  -8.372  -11.008  53.711 0.0000000000
51369  -8.268  -11.058  52.764 0.0000000000
91982  -8.872  -11.889  52.661 0.0000000000
49351  -8.566  -12.892  53.618 0.0000000000
48386  -8.294  -13.583  53.146 0.0000000000
59594  -44.508  -1.120  35.321 0.0000000000
60384  -44.991  -0.644  35.807 0.0000000000
55523  -35.032  -6.805  40.160 0.0000000000
59607  -38.425  -1.371  34.347 0.0000000000
59609  -40.455  -1.448  34.244 0.0000000000
59625  -40.019  -1.749  33.680 0.0000000000
58819  -39.296  -2.433  32.515 0.0000000000
108544  -40.344  -2.089  33.214 0.0000000000
58803  -40.978  -2.326  32.912 0.0000000000
59592  -42.641  -1.111  34.978 0.0000000000
59612  -43.137  -1.509  34.574 0.0000000000
59613  -44.029  -1.488  34.755 0.0000000000
51318  -13.474  -11.441  62.011 0.0000000000
50224  -12.810  -12.301  61.498 0.0000000000
49293  -14.760  -13.059  60.332 0.0000000000
50235  -14.278  -12.629  60.947 0.0000000000
94566  -12.463  -13.517  59.292 0.0000000000
104451  -12.943  -13.208  59.899 0.0000000000
48330  -10.527  -14.399  57.784 0.0000000000
47455  -9.533  -14.890  57.016 0.0000000000
46663  -19.533  -16.128  51.439 0.0000000000
47520  -17.601  -15.504  53.827 0.0000000000
91820  -15.894  -15.473  51.899 0.0000000000
47532  -15.701  -15.433  52.787 0.0000000000
47518  -16.028  -15.302  54.209 0.0000000000
47504  -17.537  -15.422  54.642 0.0000000000
107020  -16.983  -15.300  54.915 0.0000000000
47485  -16.811  -15.154  55.471 0.0000000000
47466  -16.619  -14.933  56.137 0.0000000000
48362  -16.314  -14.620  56.956 0.0000000000
93044  -15.529  -14.560  56.672 0.0000000000
48372  -14.070  -14.525  55.883 0.0000000000
109420  -13.686  -14.467  56.128 0.0000000000
102033  -13.586  -14.741  54.435 0.0000000000
47499  -11.490  -14.945  54.774 0.0000000000
47482  -12.184  -14.675  55.067 0.0000000000
48359  -11.399  -14.607  56.199 0.0000000000
57001  -4.225  -4.172  48.868 0.0000000000
57853  -4.138  -3.463  49.042 0.0000000000
57868  -4.170  -3.773  48.630 0.0000000000
95251  -4.193  -7.071  49.096 0.0000000000
55467  -4.310  -6.118  47.560 0.0000000000
53963  -3.863  -9.190  45.903 0.0000000000
53970  -4.018  -8.432  45.252 0.0000000000
52360  -4.681  -10.415  49.598 0.0000000000
52370  -4.858  -10.663  48.611 0.0000000000
52379  -4.753  -10.859  47.778 0.0000000000
51434  -4.416  -10.845  46.962 0.0000000000
50399  -6.475  -12.085  46.087 0.0000000000
50413  -5.958  -12.259  45.257 0.0000000000
51467  -4.128  -11.446  44.904 0.0000000000
51477  -2.951  -11.055  43.541 0.0000000000
52401  -3.003  -10.534  44.059 0.0000000000
53239  -2.906  -10.118  43.602 0.0000000000
52416  -2.978  -10.533  42.805 0.0000000000
55392  -6.124  -5.696  59.884 0.0000000000
53161  -11.550  -9.239  63.582 0.0000000000
53906  -11.574  -8.385  63.506 0.0000000000
53160  -10.753  -9.032  63.707 0.0000000000
53904  -9.478  -8.073  63.981 0.0000000000
53166  -7.297  -9.556  62.574 0.0000000000
53911  -7.508  -8.119  62.178 0.0000000000
54603  -7.591  -7.386  62.451 0.0000000000
53916  -7.344  -8.269  60.226 0.0000000000
54617  -6.433  -7.254  60.228 0.0000000000
54616  -5.814  -6.393  59.635 0.0000000000
54621  -6.092  -7.082  59.378 0.0000000000
53919  -6.236  -7.589  58.579 0.0000000000
53180  -8.226  -9.533  58.031 0.0000000000
53185  -8.402  -9.837  57.308 0.0000000000
52289  -8.505  -10.668  57.018 0.0000000000
51332  -8.178  -11.058  58.583 0.0000000000
50266  -7.763  -12.502  56.524 0.0000000000
50258  -8.100  -12.066  57.102 0.0000000000
50267  -8.318  -11.879  56.404 0.0000000000
50279  -8.217  -12.379  55.555 0.0000000000
49336  -7.731  -13.180  55.175 0.0000000000
48379  -6.285  -14.243  54.604 0.0000000000
48380  -6.970  -13.996  54.246 0.0000000000
48384  -6.450  -14.453  53.742 0.0000000000
48314  -2.269  -14.183  60.061 0.0000000000
48327  -1.158  -14.077  58.711 0.0000000000
49309  -1.806  -13.508  59.024 0.0000000000
49298  -2.212  -13.551  59.709 0.0000000000
48356  -2.678  -14.178  56.654 0.0000000000
47478  -3.444  -15.135  55.048 0.0000000000
47496  -3.994  -15.399  54.217 0.0000000000
97341  -4.610  -15.564  53.365 0.0000000000
47524  -4.767  -15.934  52.571 0.0000000000
46647  -4.941  -16.284  51.908 0.0000000000
47542  -5.670  -15.942  51.464 0.0000000000
99406  -37.256  -15.105  51.222 0.0000000000
47560  -37.622  -14.545  51.408 0.0000000000
48414  -37.082  -14.133  52.378 0.0000000000
46683  -35.552  -16.477  50.466 0.0000000000
47573  -35.914  -15.904  50.925 0.0000000000
48391  -34.814  -13.942  53.801 0.0000000000
100931  -43.132  -2.539  32.831 0.0000000000
57984  -43.962  -2.837  32.381 0.0000000000
58003  -44.514  -3.294  31.635 0.0000000000
57985  -44.946  -2.948  32.361 0.0000000000
56310  -35.170  -5.740  39.302 0.0000000000
53293  -34.697  -9.752  38.518 0.0000000000
53294  -35.318  -9.302  38.986 0.0000000000
94418  -35.977  -8.062  38.329 0.0000000000
48407  -8.378  -14.180  51.347 0.0000000000
46671  -6.809  -15.932  50.068 0.0000000000
46659  -5.742  -16.282  50.893 0.0000000000
47449  -8.691  -14.953  57.757 0.0000000000
47448  -8.043  -15.077  58.130 0.0000000000
48465  -36.768  -14.137  44.654 0.0000000000
51349  -26.687  -11.125  56.826 0.0000000000
105745  -26.310  -13.644  50.557 0.0000000000
55623  -47.764  -6.637  26.801 0.0000000000
96040  -48.253  -6.675  26.080 0.0000000000
55632  -49.684  -6.408  25.664 0.0000000000
55397  -4.275  -6.734  56.841 0.0000000000
53924  -6.182  -8.047  57.781 0.0000000000
61228  -39.714  0.389  38.380 0.0000000000
61216  -39.981  0.047  39.214 0.0000000000
58760  -36.755  -1.967  37.208 0.0000000000
59577  -37.011  -1.345  36.835 0.0000000000
49304  -16.170  -13.411  59.812 0.0000000000
109520  -21.663  -15.955  54.462 0.0000000000
54692  -5.906  -6.996  44.145 0.0000000000
54705  -5.348  -7.583  43.648 0.0000000000
47637  -6.837  -15.468  44.068 0.0000000000
47644  -5.691  -15.669  43.593 0.0000000000
54611  -12.475  -7.553  62.519 0.0000000000
54607  -11.838  -7.110  62.885 0.0000000000
107824  -4.981  -12.560  62.035 0.0000000000
50232  -5.273  -11.888  60.773 0.0000000000
50241  -4.920  -12.254  59.923 0.0000000000
46735  -36.608  -16.461  48.360 0.0000000000
99221  -33.091  -16.266  49.848 0.0000000000
48400  -31.856  -14.156  53.245 0.0000000000
49368  -31.343  -13.668  53.730 0.0000000000
97121  -31.155  -14.069  53.002 0.0000000000
101794  -48.202  -4.635  30.054 0.0000000000
57144  -45.943  -4.408  30.081 0.0000000000
57164  -45.679  -4.778  29.547 0.0000000000
56367  -46.169  -5.396  29.146 0.0000000000
56368  -47.074  -5.347  29.250 0.0000000000
56385  -46.651  -5.948  28.677 0.0000000000
57094  -39.037  -4.269  38.190 0.0000000000
57934  -38.801  -3.915  39.314 0.0000000000
57100  -37.071  -4.787  36.852 0.0000000000
57101  -37.901  -4.969  37.396 0.0000000000
57092  -38.351  -4.547  37.666 0.0000000000
46691  -19.597  -16.226  49.473 0.0000000000
57880  -5.232  -4.056  46.213 0.0000000000
51390  -7.586  -11.004  50.387 0.0000000000
102199  -8.875  -15.002  48.418 0.0000000000
47604  -8.813  -15.440  46.962 0.0000000000
45910  -7.516  -17.560  45.686 0.0000000000
45070  -6.966  -18.254  46.159 0.0000000000
50218  -11.374  -12.132  62.407 0.0000000000
50221  -9.720  -12.928  62.509 0.0000000000
48313  -8.152  -13.871  61.169 0.0000000000
108927  -7.435  -14.069  61.245 0.0000000000
49281  -6.341  -13.737  62.109 0.0000000000
48311  -5.542  -13.896  61.774 0.0000000000
53281  -36.236  -8.811  41.007 0.0000000000
47652  -34.979  -14.912  43.116 0.0000000000
50474  -35.736  -11.761  42.173 0.0000000000
51508  -35.484  -11.558  41.503 0.0000000000
52448  -34.988  -10.829  40.037 0.0000000000
47506  -24.038  -15.919  55.098 0.0000000000
46635  -24.252  -16.346  54.246 0.0000000000
50307  -28.135  -12.447  56.134 0.0000000000
49340  -27.467  -12.543  56.306 0.0000000000
48408  -24.610  -15.370  51.598 0.0000000000
47537  -24.952  -15.164  52.396 0.0000000000
47536  -24.532  -16.034  52.329 0.0000000000
46656  -24.113  -16.542  52.650 0.0000000000
45846  -23.063  -16.848  51.470 0.0000000000
45845  -22.323  -16.909  51.091 0.0000000000
54865  -45.703  -7.214  23.312 0.0000000000
107143  -3.320  -7.800  53.544 0.0000000000
53936  -3.104  -8.543  53.588 0.0000000000
105819  -3.629  -9.237  53.652 0.0000000000
53200  -4.123  -9.440  53.648 0.0000000000
53201  -5.268  -9.632  53.714 0.0000000000
53196  -7.076  -9.859  54.725 0.0000000000
100202  -8.572  -11.481  54.032 0.0000000000
104140  -8.684  -11.908  53.895 0.0000000000
60369  -44.494  -0.212  36.200 0.0000000000
60368  -43.485  -0.188  36.080 0.0000000000
61264  -43.857  0.390  36.670 0.0000000000
59589  -39.250  -0.768  35.195 0.0000000000
106340  -40.023  -1.007  34.761 0.0000000000
59590  -40.809  -1.021  34.785 0.0000000000
59610  -41.352  -1.492  34.283 0.0000000000
49314  -13.948  -13.648  58.862 0.0000000000
48326  -10.909  -14.038  58.468 0.0000000000
47552  -18.095  -15.606  51.744 0.0000000000
47534  -17.394  -15.530  52.362 0.0000000000
93419  -15.493  -15.323  53.606 0.0000000000
107807  -15.371  -14.717  55.581 0.0000000000
47498  -10.656  -15.285  54.807 0.0000000000
107549  -4.333  -7.798  47.821 0.0000000000
51418  -6.576  -11.239  48.149 0.0000000000
52371  -5.856  -10.915  48.595 0.0000000000
51453  -5.997  -11.594  46.632 0.0000000000
50412  -5.273  -12.534  44.580 0.0000000000
51478  -3.572  -11.631  44.013 0.0000000000
51484  -2.899  -11.017  42.850 0.0000000000
98048  -10.071  -9.465  63.802 0.0000000000
53159  -9.181  -9.228  63.833 0.0000000000
92859  -8.355  -8.500  63.677 0.0000000000
52274  -7.111  -9.832  61.804 0.0000000000
53177  -8.120  -9.505  58.760 0.0000000000
50256  -6.402  -12.756  57.730 0.0000000000
50265  -7.048  -12.844  56.973 0.0000000000
49327  -7.053  -13.144  56.355 0.0000000000
97871  -6.922  -13.524  55.654 0.0000000000
49335  -6.446  -13.952  55.228 0.0000000000
48340  -1.546  -14.384  57.597 0.0000000000
47461  -1.739  -15.026  56.806 0.0000000000
47509  -3.621  -16.002  53.557 0.0000000000
46715  -33.744  -16.903  49.060 0.0000000000
45874  -34.158  -17.351  48.349 0.0000000000
45863  -35.470  -16.890  49.181 0.0000000000
46716  -36.119  -16.695  49.197 0.0000000000
46717  -36.671  -16.430  49.068 0.0000000000
46680  -32.699  -15.700  50.723 0.0000000000
48390  -33.808  -14.165  53.827 0.0000000000
58007  -48.644  -3.305  31.770 0.0000000000
57140  -41.596  -3.614  30.385 0.0000000000
57161  -41.465  -4.023  29.734 0.0000000000
57162  -42.079  -4.374  29.313 0.0000000000
57163  -44.353  -4.483  29.596 0.0000000000
95443  -45.082  -4.246  30.142 0.0000000000
95649  -45.049  -3.654  30.956 0.0000000000
58022  -45.833  -3.954  30.638 0.0000000000
110496  -46.424  -3.786  31.021 0.0000000000
100148  -36.223  -4.522  39.174 0.0000000000
54760  -36.096  -7.670  37.731 0.0000000000
55537  -37.199  -6.713  37.679 0.0000000000
57871  -4.286  -3.250  48.209 0.0000000000
50336  -8.971  -12.107  51.023 0.0000000000
50351  -9.122  -12.782  50.680 0.0000000000
49382  -9.068  -13.392  50.414 0.0000000000
48417  -8.467  -14.375  50.602 0.0000000000
48425  -8.679  -14.430  49.852 0.0000000000
45866  -7.351  -16.784  48.111 0.0000000000
45865  -6.045  -17.558  48.996 0.0000000000
45864  -5.378  -18.073  49.183 0.0000000000
49285  -10.335  -13.357  60.807 0.0000000000
48324  -8.691  -14.480  59.131 0.0000000000
91985  -7.885  -14.589  59.537 0.0000000000
53266  -36.460  -9.687  42.810 0.0000000000
46782  -35.527  -16.639  44.551 0.0000000000
46781  -34.917  -17.067  44.134 0.0000000000
47645  -35.426  -15.439  43.654 0.0000000000
48481  -34.555  -14.512  42.465 0.0000000000
49497  -35.110  -13.064  41.882 0.0000000000
49333  -25.731  -13.849  56.628 0.0000000000
48376  -26.180  -14.151  56.042 0.0000000000
49365  -27.812  -13.442  53.111 0.0000000000
48409  -25.029  -14.562  51.656 0.0000000000
48419  -25.242  -14.118  50.819 0.0000000000
47570  -24.307  -15.572  50.711 0.0000000000
97309  -45.789  -7.271  24.712 0.0000000000
110315  -45.976  -7.213  23.927 0.0000000000
54866  -46.440  -7.012  23.452 0.0000000000
55643  -47.032  -6.694  22.757 0.0000000000
55644  -48.112  -6.583  23.103 0.0000000000
55637  -48.794  -6.591  24.447 0.0000000000
53931  -3.750  -8.396  55.280 0.0000000000
53187  -4.162  -8.885  54.770 0.0000000000
53188  -5.916  -8.953  55.729 0.0000000000
53189  -7.332  -9.548  55.646 0.0000000000
53190  -8.286  -10.176  55.908 0.0000000000
61244  -41.930  0.899  37.174 0.0000000000
96284  -35.336  -2.709  35.636 0.0000000000
59605  -36.803  -1.612  34.323 0.0000000000
59588  -38.320  -0.699  35.777 0.0000000000
108653  -39.701  -0.148  36.140 0.0000000000
49303  -15.221  -13.437  59.681 0.0000000000
48346  -13.448  -14.108  57.304 0.0000000000
47567  -15.525  -15.480  50.275 0.0000000000
91818  -16.101  -15.485  51.022 0.0000000000
47549  -15.265  -15.478  51.153 0.0000000000
92290  -15.083  -15.436  52.063 0.0000000000
47516  -13.826  -14.977  53.836 0.0000000000
98887  -13.292  -15.178  53.320 0.0000000000
56243  -4.421  -5.812  49.245 0.0000000000
53953  -4.108  -9.190  48.613 0.0000000000
49420  -7.776  -13.034  45.933 0.0000000000
49459  -4.037  -13.707  42.465 0.0000000000
51302  -7.413  -11.229  63.722 0.0000000000
102174  -6.539  -10.644  61.910 0.0000000000
51328  -7.796  -10.998  59.495 0.0000000000
102725  -35.230  -17.386  45.890 0.0000000000
45903  -35.018  -17.348  47.258 0.0000000000
45890  -35.917  -16.939  48.018 0.0000000000
47630  -36.848  -15.662  45.889 0.0000000000
48466  -37.363  -13.787  45.150 0.0000000000
49346  -30.236  -12.762  54.852 0.0000000000
49356  -30.764  -13.246  54.235 0.0000000000
49375  -27.616  -13.548  52.060 0.0000000000
101180  -27.530  -13.547  51.127 0.0000000000
56383  -44.892  -5.805  28.523 0.0000000000
55589  -44.239  -6.251  28.014 0.0000000000
55604  -43.828  -6.733  27.427 0.0000000000
55592  -47.007  -6.357  28.120 0.0000000000
55608  -47.309  -6.569  27.493 0.0000000000
55593  -48.448  -6.198  28.041 0.0000000000
59557  -38.864  -1.688  38.529 0.0000000000
57956  -36.555  -3.588  36.795 0.0000000000
108264  -20.228  -16.320  51.776 0.0000000000
46675  -18.712  -15.754  50.994 0.0000000000
47582  -16.461  -15.487  50.148 0.0000000000
52351  -3.476  -10.078  50.787 0.0000000000
51389  -6.850  -10.872  49.812 0.0000000000
51403  -6.753  -11.022  48.903 0.0000000000
50389  -7.856  -12.236  47.118 0.0000000000
50365  -8.906  -12.528  49.325 0.0000000000
108522  -9.142  -14.176  48.240 0.0000000000
109788  -9.094  -13.377  48.353 0.0000000000
50377  -8.832  -12.696  48.511 0.0000000000
50401  -8.101  -12.815  46.675 0.0000000000
109686  -8.146  -15.176  45.018 0.0000000000
105865  -8.409  -15.475  45.466 0.0000000000
47638  -7.865  -15.687  44.798 0.0000000000
46779  -7.232  -16.391  44.407 0.0000000000
52269  -11.966  -9.920  63.481 0.0000000000
51303  -8.075  -11.612  63.796 0.0000000000
49278  -8.948  -13.256  62.383 0.0000000000
97018  -8.917  -12.729  63.024 0.0000000000
54738  -36.188  -8.072  41.156 0.0000000000
45949  -34.220  -17.446  43.758 0.0000000000
46801  -34.117  -16.157  42.825 0.0000000000
52447  -34.523  -10.799  39.413 0.0000000000
46623  -22.464  -15.881  55.258 0.0000000000
103096  -22.213  -16.106  54.442 0.0000000000
49339  -26.873  -12.731  56.429 0.0000000000
48381  -25.695  -15.032  55.361 0.0000000000
102880  -26.016  -15.004  53.945 0.0000000000
48387  -25.942  -15.106  54.548 0.0000000000
46655  -23.595  -16.592  52.859 0.0000000000
46653  -21.670  -16.531  52.462 0.0000000000
96716  -47.134  -6.524  21.957 0.0000000000
55664  -47.597  -6.317  21.474 0.0000000000
55677  -48.131  -5.998  21.051 0.0000000000
56461  -47.885  -5.688  20.339 0.0000000000
99729  -49.297  -5.185  19.930 0.0000000000
53207  -3.029  -9.549  51.347 0.0000000000
54656  -4.803  -7.582  51.748 0.0000000000
54646  -3.165  -8.288  52.200 0.0000000000
52341  -3.326  -9.819  51.397 0.0000000000
93012  -6.602  -10.477  51.606 0.0000000000
94714  -8.881  -12.033  51.846 0.0000000000
49362  -8.924  -13.140  51.925 0.0000000000
48396  -8.416  -13.780  52.184 0.0000000000
106196  -45.787  -1.372  35.190 0.0000000000
59595  -45.402  -1.070  35.471 0.0000000000
60331  -40.017  -0.776  39.522 0.0000000000
55527  -34.649  -5.962  39.775 0.0000000000
58800  -37.858  -2.041  32.931 0.0000000000
59624  -39.112  -1.699  33.648 0.0000000000
58801  -38.776  -2.082  33.015 0.0000000000
58818  -38.427  -2.443  32.369 0.0000000000
58833  -39.017  -2.737  31.827 0.0000000000
58834  -39.842  -2.682  31.983 0.0000000000
58835  -40.668  -2.635  32.144 0.0000000000
58820  -41.749  -2.389  32.876 0.0000000000
59627  -41.879  -1.846  33.826 0.0000000000
58805  -42.380  -2.246  33.326 0.0000000000
58790  -43.641  -1.874  34.202 0.0000000000
108094  -44.370  -1.794  34.405 0.0000000000
50234  -13.124  -12.797  60.726 0.0000000000
91919  -10.133  -14.341  58.358 0.0000000000
46641  -19.446  -15.792  53.521 0.0000000000
97443  -18.315  -15.429  55.156 0.0000000000
93869  -17.052  -15.499  53.262 0.0000000000
47487  -18.141  -15.215  56.019 0.0000000000
104243  -17.042  -14.505  57.691 0.0000000000
104069  -14.929  -14.424  56.851 0.0000000000
47483  -13.018  -14.538  55.312 0.0000000000
48358  -10.696  -14.672  56.573 0.0000000000
47480  -10.282  -15.145  55.649 0.0000000000
47464  -9.980  -14.936  56.409 0.0000000000
100777  -4.309  -3.890  47.861 0.0000000000
56254  -4.272  -5.119  48.546 0.0000000000
57026  -4.509  -4.665  47.430 0.0000000000
54677  -4.323  -7.302  46.314 0.0000000000
103189  -4.169  -7.833  44.749 0.0000000000
52359  -3.864  -10.128  49.944 0.0000000000
109264  -3.914  -10.091  48.621 0.0000000000
51452  -5.093  -11.387  46.291 0.0000000000
103139  -3.693  -10.236  46.338 0.0000000000
53231  -3.505  -9.909  45.634 0.0000000000
53240  -3.397  -9.372  43.706 0.0000000000
53248  -3.458  -9.285  42.993 0.0000000000
53256  -3.557  -9.749  42.743 0.0000000000
52417  -3.490  -10.656  42.561 0.0000000000
51491  -3.683  -11.492  42.394 0.0000000000
55395  -5.372  -5.668  59.089 0.0000000000
54602  -11.377  -7.466  63.348 0.0000000000
54601  -10.378  -7.256  63.663 0.0000000000
97987  -11.080  -6.706  63.171 0.0000000000
54606  -10.067  -6.483  63.424 0.0000000000
55381  -8.303  -5.990  63.052 0.0000000000
53157  -7.871  -9.959  63.597 0.0000000000
53908  -7.888  -8.022  63.290 0.0000000000
110098  -7.478  -8.763  62.640 0.0000000000
54604  -7.982  -7.110  63.055 0.0000000000
55385  -8.006  -5.795  62.351 0.0000000000
55384  -7.338  -5.853  61.735 0.0000000000
55389  -6.588  -5.915  60.967 0.0000000000
54613  -6.733  -6.746  61.010 0.0000000000
53928  -7.191  -8.630  57.255 0.0000000000
52292  -8.521  -10.732  56.124 0.0000000000
96160  -8.363  -11.053  57.716 0.0000000000
51340  -8.495  -11.260  56.441 0.0000000000
50296  -8.579  -12.122  54.891 0.0000000000
49342  -7.667  -13.526  54.402 0.0000000000
49288  -3.076  -13.472  60.473 0.0000000000
48321  -0.944  -14.609  59.473 0.0000000000
49299  -2.721  -13.119  60.105 0.0000000000
97852  -3.355  -12.758  59.066 0.0000000000
49321  -3.597  -13.096  58.078 0.0000000000
48357  -4.236  -13.934  56.346 0.0000000000
47476  -2.114  -15.374  55.965 0.0000000000
48366  -2.851  -14.763  55.923 0.0000000000
48367  -3.879  -14.476  55.633 0.0000000000
48368  -5.059  -14.207  55.551 0.0000000000
48378  -5.393  -14.512  54.731 0.0000000000
47511  -5.633  -14.970  53.417 0.0000000000
110855  -6.252  -14.766  53.202 0.0000000000
47512  -6.117  -15.075  52.659 0.0000000000
46780  -7.868  -16.382  45.000 0.0000000000
54630  -3.408  -7.620  55.233 0.0000000000
57143  -44.222  -3.969  30.262 0.0000000000
58019  -42.425  -3.510  30.709 0.0000000000
59593  -43.572  -1.131  35.169 0.0000000000
96281  -42.843  -4.320  29.506 0.0000000000
108397  -7.278  -10.700  51.312 0.0000000000
110012  -2.917  -12.981  58.696 0.0000000000
