#!ascii label  , from subject sub-v2s15x29748_ses-1 vox2ras=TkReg
786
40914  -13.905  -22.638  57.068 0.0000000000
43231  -42.755  -20.237  48.941 0.0000000000
46822  -39.919  -13.930  40.801 0.0000000000
95512  -40.175  -10.618  37.571 0.0000000000
43167  -37.573  -19.969  53.365 0.0000000000
49537  -39.688  -11.699  38.975 0.0000000000
92583  -49.081  -9.541  33.317 0.0000000000
52583  -54.988  -9.502  30.031 0.0000000000
41106  -44.628  -22.414  45.990 0.0000000000
45159  -43.029  -18.262  41.946 0.0000000000
46775  -42.684  -15.020  45.947 0.0000000000
43069  -17.542  -19.356  60.992 0.0000000000
41957  -21.084  -19.397  60.453 0.0000000000
39834  -24.064  -23.103  59.576 0.0000000000
37962  -28.446  -25.147  58.365 0.0000000000
37138  -33.260  -26.580  57.505 0.0000000000
106366  -35.093  -26.010  51.815 0.0000000000
38991  -41.460  -24.712  50.961 0.0000000000
46009  -39.066  -17.380  37.192 0.0000000000
52621  -56.151  -9.868  26.883 0.0000000000
42161  -44.919  -20.644  47.681 0.0000000000
45082  -46.101  -17.753  46.383 0.0000000000
110068  -43.744  -17.778  46.575 0.0000000000
44155  -18.180  -19.139  58.992 0.0000000000
43071  -19.304  -18.873  60.623 0.0000000000
37994  -34.178  -25.309  56.110 0.0000000000
37167  -35.725  -26.694  55.315 0.0000000000
39886  -35.337  -23.247  54.600 0.0000000000
43201  -40.380  -20.522  51.498 0.0000000000
39918  -39.445  -22.516  52.108 0.0000000000
41013  -42.139  -21.728  50.418 0.0000000000
39975  -43.642  -23.578  48.228 0.0000000000
47665  -41.969  -15.560  41.898 0.0000000000
45992  -40.832  -17.779  39.274 0.0000000000
46841  -40.450  -15.651  39.172 0.0000000000
51550  -39.827  -10.910  37.925 0.0000000000
48533  -39.064  -13.293  36.559 0.0000000000
50544  -40.432  -11.660  36.748 0.0000000000
50547  -41.566  -11.966  34.764 0.0000000000
51595  -51.840  -10.390  35.005 0.0000000000
52496  -48.060  -10.832  36.564 0.0000000000
100614  -35.337  -19.978  54.472 0.0000000000
52500  -39.075  -10.485  35.041 0.0000000000
105750  -52.630  -9.049  32.868 0.0000000000
51644  -53.461  -10.972  31.801 0.0000000000
50705  -54.549  -12.264  25.750 0.0000000000
41135  -41.886  -22.590  43.882 0.0000000000
44281  -44.338  -18.749  43.868 0.0000000000
48479  -45.113  -13.688  44.511 0.0000000000
96013  -15.747  -21.171  58.842 0.0000000000
40901  -21.072  -22.469  58.416 0.0000000000
40886  -22.584  -21.862  59.344 0.0000000000
39856  -22.454  -23.829  57.702 0.0000000000
38926  -24.245  -24.579  57.637 0.0000000000
37978  -26.337  -25.792  57.582 0.0000000000
101857  -28.749  -27.461  57.181 0.0000000000
37136  -30.754  -26.542  58.265 0.0000000000
101305  -34.388  -29.607  55.549 0.0000000000
40994  -36.148  -22.649  52.470 0.0000000000
38045  -38.898  -25.503  51.254 0.0000000000
110015  -40.412  -27.165  50.890 0.0000000000
38085  -41.250  -25.238  48.805 0.0000000000
39056  -42.881  -24.482  45.931 0.0000000000
47694  -40.079  -13.615  38.807 0.0000000000
54058  -44.708  -7.971  37.272 0.0000000000
52483  -43.027  -10.060  37.610 0.0000000000
40884  -14.480  -21.977  58.720 0.0000000000
43233  -44.114  -20.250  48.222 0.0000000000
44211  -44.596  -19.208  47.504 0.0000000000
44210  -43.933  -19.464  47.680 0.0000000000
38951  -33.878  -23.797  55.616 0.0000000000
38940  -35.229  -24.404  55.491 0.0000000000
40954  -35.028  -22.616  55.224 0.0000000000
43217  -41.883  -20.590  50.240 0.0000000000
42123  -41.564  -20.914  50.897 0.0000000000
42145  -42.800  -20.905  49.605 0.0000000000
102190  -43.583  -21.749  49.000 0.0000000000
46823  -41.022  -16.043  40.115 0.0000000000
47679  -40.359  -14.105  40.260 0.0000000000
51566  -39.908  -10.698  37.195 0.0000000000
50532  -40.080  -10.944  38.020 0.0000000000
51579  -40.670  -11.483  36.587 0.0000000000
50545  -40.101  -11.833  35.204 0.0000000000
51580  -41.020  -11.489  35.823 0.0000000000
50590  -51.226  -11.577  33.253 0.0000000000
50554  -50.163  -11.438  35.212 0.0000000000
50606  -49.325  -12.395  32.808 0.0000000000
105496  -50.440  -10.809  30.595 0.0000000000
108987  -52.761  -9.728  31.337 0.0000000000
51607  -53.333  -9.478  32.941 0.0000000000
51646  -54.560  -10.076  31.151 0.0000000000
108668  -53.454  -11.632  29.634 0.0000000000
51675  -55.091  -10.577  29.876 0.0000000000
51724  -56.371  -11.023  26.869 0.0000000000
41122  -43.326  -22.758  44.935 0.0000000000
42232  -43.549  -21.144  44.686 0.0000000000
109459  -44.641  -20.201  45.097 0.0000000000
46758  -45.239  -15.322  46.471 0.0000000000
46786  -46.541  -15.567  45.192 0.0000000000
48459  -44.274  -12.353  45.845 0.0000000000
101378  -42.659  -12.439  44.540 0.0000000000
48467  -41.560  -13.683  43.778 0.0000000000
41969  -16.749  -20.728  59.206 0.0000000000
43083  -18.122  -19.520  60.677 0.0000000000
43086  -20.360  -19.218  60.645 0.0000000000
40903  -24.311  -21.705  58.637 0.0000000000
39833  -23.332  -22.840  59.430 0.0000000000
39832  -22.567  -23.153  59.117 0.0000000000
39846  -23.493  -23.744  59.206 0.0000000000
38925  -23.462  -24.310  57.307 0.0000000000
38906  -24.232  -23.881  59.365 0.0000000000
37128  -27.359  -25.807  58.361 0.0000000000
37143  -27.637  -26.687  57.151 0.0000000000
37134  -28.432  -26.691  58.184 0.0000000000
37146  -33.093  -25.770  57.143 0.0000000000
37972  -31.308  -25.587  57.946 0.0000000000
37137  -31.803  -26.169  57.988 0.0000000000
36345  -30.427  -27.832  57.689 0.0000000000
35519  -31.977  -28.046  57.467 0.0000000000
107039  -32.103  -29.381  56.366 0.0000000000
35528  -33.607  -28.370  56.941 0.0000000000
37174  -35.290  -26.481  53.353 0.0000000000
36371  -35.713  -27.794  54.830 0.0000000000
36387  -35.563  -27.838  52.526 0.0000000000
37186  -35.524  -26.809  51.490 0.0000000000
40979  -35.940  -21.778  53.446 0.0000000000
40981  -37.559  -21.256  53.265 0.0000000000
39935  -40.779  -23.626  51.396 0.0000000000
39933  -39.135  -23.494  51.784 0.0000000000
38990  -40.599  -24.981  51.360 0.0000000000
93808  -39.225  -26.516  51.319 0.0000000000
37191  -41.142  -26.331  51.030 0.0000000000
38073  -41.832  -25.438  49.657 0.0000000000
40011  -44.513  -23.050  47.044 0.0000000000
39036  -43.040  -24.255  47.459 0.0000000000
40024  -43.829  -23.499  46.147 0.0000000000
40028  -42.302  -24.154  44.626 0.0000000000
100872  -17.254  -18.822  59.815 0.0000000000
43060  -17.392  -19.127  61.156 0.0000000000
43068  -16.922  -19.682  61.040 0.0000000000
95582  -42.497  -19.544  42.583 0.0000000000
44298  -41.087  -19.559  41.001 0.0000000000
46001  -39.963  -17.657  38.205 0.0000000000
48520  -39.408  -12.483  39.297 0.0000000000
48513  -40.183  -12.861  39.876 0.0000000000
48521  -40.307  -12.138  39.584 0.0000000000
49550  -38.255  -13.353  35.152 0.0000000000
48527  -38.882  -14.300  36.851 0.0000000000
52471  -47.646  -11.107  38.868 0.0000000000
52485  -46.194  -9.778  37.072 0.0000000000
97135  -46.287  -9.753  39.277 0.0000000000
53306  -44.210  -8.077  39.398 0.0000000000
51555  -44.871  -11.486  37.754 0.0000000000
50549  -43.486  -12.201  35.380 0.0000000000
52610  -52.637  -10.461  28.327 0.0000000000
108203  -55.846  -9.434  28.418 0.0000000000
104224  -54.995  -9.642  27.554 0.0000000000
104070  -55.976  -9.754  26.228 0.0000000000
41071  -45.270  -22.098  46.865 0.0000000000
43278  -45.793  -20.180  46.047 0.0000000000
44213  -45.910  -19.017  47.191 0.0000000000
45907  -45.294  -17.619  46.728 0.0000000000
46756  -43.417  -15.790  46.301 0.0000000000
44147  -17.922  -18.711  60.182 0.0000000000
43070  -18.126  -18.962  60.768 0.0000000000
44150  -20.679  -18.853  60.454 0.0000000000
37981  -33.879  -25.845  56.735 0.0000000000
36356  -34.925  -27.056  56.483 0.0000000000
37995  -34.694  -25.718  56.228 0.0000000000
38952  -35.544  -24.457  55.084 0.0000000000
38964  -35.216  -24.848  52.885 0.0000000000
43185  -38.747  -20.215  52.469 0.0000000000
42077  -38.784  -20.569  52.833 0.0000000000
40984  -40.120  -20.827  52.002 0.0000000000
40998  -40.938  -22.315  51.467 0.0000000000
39947  -42.164  -23.061  50.347 0.0000000000
39000  -42.500  -24.592  49.565 0.0000000000
39963  -43.268  -23.541  49.041 0.0000000000
39976  -44.119  -23.120  47.982 0.0000000000
44154  -17.347  -19.318  58.649 0.0000000000
46815  -42.821  -16.748  41.588 0.0000000000
45169  -42.176  -18.303  40.974 0.0000000000
46824  -41.721  -16.710  40.378 0.0000000000
46002  -40.616  -17.161  38.632 0.0000000000
46840  -40.185  -16.602  38.206 0.0000000000
50521  -40.022  -11.342  38.399 0.0000000000
49538  -40.184  -11.698  39.242 0.0000000000
95996  -40.052  -11.264  38.114 0.0000000000
49551  -39.563  -12.596  36.576 0.0000000000
52515  -51.117  -9.561  35.172 0.0000000000
52502  -48.973  -9.724  34.603 0.0000000000
52504  -50.932  -10.339  35.622 0.0000000000
51584  -48.954  -11.611  36.248 0.0000000000
43230  -42.125  -20.429  49.543 0.0000000000
42144  -40.668  -20.746  50.333 0.0000000000
47678  -40.142  -13.368  40.295 0.0000000000
50520  -38.982  -11.608  37.817 0.0000000000
50531  -38.396  -11.601  36.767 0.0000000000
51565  -39.396  -10.929  37.145 0.0000000000
52491  -39.770  -10.376  36.076 0.0000000000
52542  -50.116  -9.559  33.211 0.0000000000
52530  -52.354  -9.114  33.947 0.0000000000
51606  -52.999  -10.140  33.627 0.0000000000
50617  -50.901  -12.441  30.936 0.0000000000
51712  -55.936  -10.745  28.423 0.0000000000
50687  -53.983  -12.266  27.034 0.0000000000
42247  -41.572  -21.842  43.340 0.0000000000
43313  -42.867  -19.854  43.394 0.0000000000
45133  -43.929  -18.515  43.257 0.0000000000
45102  -46.056  -18.383  45.387 0.0000000000
45952  -45.813  -16.611  43.825 0.0000000000
45964  -44.577  -16.887  42.827 0.0000000000
47656  -43.508  -15.248  42.864 0.0000000000
91283  -41.238  -14.341  42.184 0.0000000000
44223  -42.960  -19.148  46.628 0.0000000000
45101  -42.509  -17.718  45.807 0.0000000000
46783  -40.769  -16.012  43.943 0.0000000000
41983  -15.080  -21.578  58.192 0.0000000000
41984  -15.973  -21.249  57.611 0.0000000000
39854  -20.967  -23.525  56.768 0.0000000000
43100  -21.055  -19.544  58.662 0.0000000000
43087  -21.784  -19.450  60.115 0.0000000000
41973  -21.809  -20.370  60.027 0.0000000000
39844  -22.160  -23.515  58.328 0.0000000000
37976  -24.872  -24.895  56.767 0.0000000000
37987  -25.500  -25.418  56.029 0.0000000000
38929  -29.363  -24.388  57.712 0.0000000000
37970  -29.978  -24.993  58.201 0.0000000000
37130  -28.970  -25.935  58.401 0.0000000000
92187  -29.749  -27.335  58.009 0.0000000000
36354  -29.740  -28.125  57.300 0.0000000000
36357  -35.384  -27.693  56.070 0.0000000000
40969  -35.116  -21.877  54.788 0.0000000000
39916  -35.659  -23.078  52.525 0.0000000000
38986  -35.375  -24.111  51.918 0.0000000000
39917  -38.742  -22.458  52.332 0.0000000000
38988  -37.540  -23.956  51.502 0.0000000000
38059  -36.241  -25.664  50.959 0.0000000000
37187  -37.571  -27.323  51.178 0.0000000000
36401  -39.358  -27.974  51.196 0.0000000000
92843  -40.294  -25.159  47.147 0.0000000000
39024  -42.725  -24.456  48.366 0.0000000000
38099  -42.327  -24.671  47.621 0.0000000000
38133  -40.943  -25.312  45.480 0.0000000000
38157  -41.517  -25.214  44.309 0.0000000000
41967  -15.178  -21.410  59.482 0.0000000000
47687  -40.269  -13.335  40.038 0.0000000000
47695  -39.988  -14.434  38.682 0.0000000000
46848  -39.454  -15.389  37.600 0.0000000000
48528  -40.394  -12.400  38.667 0.0000000000
47700  -39.190  -14.847  37.327 0.0000000000
46864  -37.949  -16.668  36.072 0.0000000000
102987  -40.300  -9.925  35.219 0.0000000000
52480  -40.458  -10.092  37.000 0.0000000000
103076  -47.078  -8.921  34.550 0.0000000000
53337  -44.966  -8.329  34.515 0.0000000000
53330  -43.167  -8.615  36.758 0.0000000000
53304  -41.563  -9.717  38.491 0.0000000000
51540  -41.232  -10.476  38.551 0.0000000000
51568  -41.843  -11.010  36.233 0.0000000000
43232  -43.391  -20.230  48.669 0.0000000000
44199  -43.763  -19.928  48.193 0.0000000000
44209  -43.307  -19.863  48.261 0.0000000000
38950  -33.085  -23.967  55.105 0.0000000000
39885  -34.397  -22.870  55.445 0.0000000000
40952  -33.594  -21.820  55.080 0.0000000000
43218  -42.405  -20.560  49.641 0.0000000000
43204  -42.079  -20.655  50.116 0.0000000000
43219  -42.974  -20.428  49.218 0.0000000000
47671  -40.188  -14.095  40.986 0.0000000000
47672  -40.528  -14.451  40.677 0.0000000000
92170  -40.260  -13.676  40.611 0.0000000000
98563  -40.666  -11.516  37.419 0.0000000000
50607  -50.202  -12.257  32.437 0.0000000000
50589  -50.420  -11.856  33.568 0.0000000000
52601  -52.782  -10.361  29.445 0.0000000000
107872  -54.241  -9.471  30.452 0.0000000000
52563  -53.841  -9.371  31.523 0.0000000000
52564  -54.483  -9.549  30.851 0.0000000000
51647  -55.082  -9.922  30.311 0.0000000000
41105  -43.933  -22.613  45.438 0.0000000000
42212  -44.217  -21.834  45.372 0.0000000000
42213  -45.004  -21.559  45.822 0.0000000000
46776  -43.739  -13.996  46.485 0.0000000000
47634  -45.093  -13.054  46.301 0.0000000000
95744  -43.633  -12.672  46.022 0.0000000000
48457  -42.761  -12.779  45.220 0.0000000000
47632  -41.969  -14.050  45.054 0.0000000000
41971  -20.006  -20.011  60.282 0.0000000000
40889  -24.591  -22.464  59.069 0.0000000000
40888  -23.961  -22.167  59.343 0.0000000000
37961  -27.656  -25.145  58.491 0.0000000000
37960  -26.866  -24.983  58.692 0.0000000000
37144  -27.920  -26.622  58.003 0.0000000000
37129  -28.071  -26.019  58.439 0.0000000000
101628  -33.372  -25.990  57.304 0.0000000000
98111  -32.705  -26.011  57.637 0.0000000000
36347  -32.351  -26.875  57.719 0.0000000000
35520  -33.041  -27.640  57.508 0.0000000000
36355  -33.853  -27.219  57.138 0.0000000000
38020  -35.106  -25.830  52.605 0.0000000000
37182  -35.115  -26.938  52.169 0.0000000000
36398  -35.714  -27.808  51.852 0.0000000000
42075  -37.079  -20.285  53.724 0.0000000000
42076  -37.842  -20.309  53.337 0.0000000000
38047  -40.892  -26.126  51.260 0.0000000000
38048  -41.359  -25.754  51.030 0.0000000000
37200  -41.463  -25.999  50.565 0.0000000000
38060  -41.761  -25.388  50.435 0.0000000000
40025  -44.358  -23.032  46.476 0.0000000000
40010  -44.015  -23.498  46.833 0.0000000000
102443  -44.054  -22.976  45.918 0.0000000000
40030  -43.603  -23.288  45.462 0.0000000000
95061  -17.509  -18.807  60.722 0.0000000000
44140  -17.216  -18.919  61.123 0.0000000000
43061  -17.531  -18.965  61.121 0.0000000000
45145  -42.827  -18.836  42.237 0.0000000000
44290  -42.164  -19.298  41.900 0.0000000000
45158  -42.495  -18.647  41.621 0.0000000000
45197  -39.308  -17.997  37.822 0.0000000000
46020  -38.527  -17.090  36.535 0.0000000000
49531  -39.954  -11.787  39.385 0.0000000000
52512  -47.297  -9.070  33.650 0.0000000000
50514  -46.863  -12.093  38.811 0.0000000000
52470  -47.228  -10.689  39.218 0.0000000000
51541  -45.687  -10.502  39.033 0.0000000000
42179  -45.192  -21.665  47.311 0.0000000000
99117  -45.542  -20.726  47.193 0.0000000000
110103  -45.253  -20.196  47.502 0.0000000000
45066  -44.421  -18.787  47.297 0.0000000000
45067  -45.054  -18.480  47.247 0.0000000000
45080  -44.513  -17.876  46.838 0.0000000000
92014  -44.859  -16.642  46.523 0.0000000000
45906  -44.020  -16.825  46.439 0.0000000000
44157  -20.556  -18.853  59.578 0.0000000000
38007  -33.592  -24.842  55.635 0.0000000000
37993  -33.442  -25.396  56.266 0.0000000000
93941  -34.723  -24.900  55.777 0.0000000000
39872  -35.189  -23.588  55.307 0.0000000000
38965  -35.420  -24.270  53.955 0.0000000000
43186  -39.632  -20.524  52.085 0.0000000000
43187  -40.599  -20.636  51.506 0.0000000000
42098  -40.966  -21.042  51.481 0.0000000000
41012  -41.553  -21.931  50.957 0.0000000000
39936  -41.529  -23.386  50.914 0.0000000000
39962  -42.693  -23.928  49.635 0.0000000000
96751  -42.693  -22.692  49.778 0.0000000000
42160  -44.525  -21.324  48.040 0.0000000000
41052  -44.241  -22.209  48.283 0.0000000000
105836  -44.743  -22.228  47.611 0.0000000000
41070  -44.914  -22.506  47.134 0.0000000000
46814  -41.859  -16.204  41.206 0.0000000000
45985  -42.334  -17.331  40.846 0.0000000000
106094  -40.691  -15.408  39.861 0.0000000000
46831  -41.012  -16.652  39.258 0.0000000000
106178  -39.849  -11.008  38.464 0.0000000000
50543  -38.705  -12.708  35.072 0.0000000000
50559  -39.204  -12.449  34.491 0.0000000000
52503  -50.339  -10.131  35.452 0.0000000000
51587  -51.371  -10.168  35.384 0.0000000000
50538  -47.921  -11.979  37.004 0.0000000000
43229  -41.481  -20.631  49.993 0.0000000000
51578  -38.575  -10.901  35.559 0.0000000000
52490  -39.268  -10.762  36.341 0.0000000000
52560  -50.974  -10.267  31.573 0.0000000000
51622  -49.685  -10.453  31.807 0.0000000000
52543  -51.252  -9.400  33.064 0.0000000000
106166  -51.385  -9.107  34.364 0.0000000000
51625  -53.797  -10.138  32.221 0.0000000000
51624  -53.148  -10.606  32.669 0.0000000000
51623  -52.245  -11.145  33.055 0.0000000000
104643  -52.080  -11.640  31.681 0.0000000000
93460  -51.585  -12.283  30.574 0.0000000000
50618  -52.562  -11.696  30.796 0.0000000000
51696  -54.170  -11.475  29.254 0.0000000000
52613  -56.107  -9.625  27.995 0.0000000000
52604  -55.980  -9.723  28.708 0.0000000000
51713  -56.238  -10.212  28.237 0.0000000000
50706  -56.109  -11.552  25.962 0.0000000000
92527  -54.975  -11.828  26.571 0.0000000000
105373  -41.346  -22.598  43.421 0.0000000000
41146  -40.908  -22.114  42.843 0.0000000000
42248  -42.250  -21.790  43.869 0.0000000000
43314  -43.314  -20.271  44.073 0.0000000000
44280  -43.709  -19.410  43.808 0.0000000000
44279  -43.219  -19.051  42.939 0.0000000000
44245  -46.250  -18.563  46.216 0.0000000000
101946  -45.964  -19.286  45.733 0.0000000000
45103  -46.291  -17.571  45.809 0.0000000000
47649  -45.941  -14.432  44.534 0.0000000000
46785  -46.380  -15.970  44.569 0.0000000000
46795  -46.061  -15.487  44.084 0.0000000000
46794  -45.333  -16.233  43.374 0.0000000000
46805  -44.590  -15.872  43.031 0.0000000000
47648  -44.239  -14.451  43.644 0.0000000000
48476  -41.585  -13.675  43.296 0.0000000000
47655  -41.641  -13.801  43.106 0.0000000000
43097  -17.714  -20.489  59.270 0.0000000000
43084  -18.859  -19.147  60.740 0.0000000000
40917  -19.562  -22.957  56.860 0.0000000000
40918  -20.466  -23.160  57.360 0.0000000000
39853  -20.066  -23.418  56.346 0.0000000000
39843  -21.345  -23.327  57.885 0.0000000000
43101  -22.041  -19.578  59.436 0.0000000000
44158  -21.388  -18.944  60.076 0.0000000000
41974  -22.720  -20.474  59.734 0.0000000000
40885  -21.579  -21.519  59.355 0.0000000000
39845  -22.794  -23.671  58.827 0.0000000000
39855  -21.784  -23.634  57.236 0.0000000000
39868  -22.174  -23.754  56.677 0.0000000000
38935  -24.040  -24.429  56.247 0.0000000000
37968  -26.569  -25.522  58.385 0.0000000000
37967  -25.772  -25.282  58.307 0.0000000000
37977  -25.592  -25.401  57.197 0.0000000000
37988  -26.191  -25.849  56.492 0.0000000000
37142  -26.864  -26.303  56.841 0.0000000000
36352  -28.272  -27.037  57.487 0.0000000000
36362  -28.159  -27.156  56.567 0.0000000000
36363  -28.776  -27.588  56.134 0.0000000000
37980  -30.773  -25.012  57.659 0.0000000000
37971  -30.570  -25.609  58.235 0.0000000000
37135  -29.810  -26.274  58.331 0.0000000000
36344  -29.020  -27.006  58.184 0.0000000000
35518  -30.974  -28.402  57.275 0.0000000000
35525  -30.357  -28.654  56.870 0.0000000000
35537  -29.892  -28.396  56.446 0.0000000000
34765  -33.028  -29.353  56.413 0.0000000000
34777  -32.301  -29.648  55.661 0.0000000000
34778  -33.317  -29.836  55.583 0.0000000000
37158  -35.317  -26.873  56.030 0.0000000000
42054  -34.766  -20.689  54.647 0.0000000000
97760  -35.459  -20.917  54.467 0.0000000000
39930  -35.869  -23.606  51.746 0.0000000000
103250  -39.080  -21.481  52.593 0.0000000000
40982  -38.411  -21.316  52.943 0.0000000000
38989  -38.569  -24.379  51.425 0.0000000000
93177  -38.395  -23.353  51.835 0.0000000000
38044  -37.852  -25.190  50.997 0.0000000000
38043  -36.817  -24.951  51.018 0.0000000000
37198  -37.031  -26.022  50.794 0.0000000000
92129  -38.242  -26.318  51.066 0.0000000000
37189  -39.792  -27.187  51.317 0.0000000000
36402  -39.934  -27.534  51.057 0.0000000000
38072  -41.262  -25.789  49.641 0.0000000000
38098  -41.327  -24.993  47.684 0.0000000000
39013  -43.124  -24.136  48.610 0.0000000000
97960  -42.657  -24.657  49.044 0.0000000000
39045  -43.186  -24.218  46.760 0.0000000000
38114  -42.675  -24.594  46.732 0.0000000000
38113  -41.928  -24.980  46.717 0.0000000000
94461  -42.237  -24.906  45.856 0.0000000000
38134  -41.698  -25.271  45.105 0.0000000000
38135  -42.252  -24.967  45.055 0.0000000000
40034  -42.141  -23.415  44.311 0.0000000000
40033  -41.719  -24.145  44.144 0.0000000000
41134  -41.503  -23.335  43.774 0.0000000000
41968  -15.937  -20.785  59.910 0.0000000000
45179  -41.121  -18.347  39.933 0.0000000000
45168  -41.457  -18.793  40.621 0.0000000000
45178  -40.403  -18.716  39.567 0.0000000000
47686  -40.072  -12.976  40.241 0.0000000000
49545  -39.785  -11.706  38.379 0.0000000000
46856  -38.280  -15.676  36.285 0.0000000000
53327  -40.644  -9.840  35.997 0.0000000000
94032  -47.835  -10.058  34.911 0.0000000000
92274  -47.825  -8.921  34.048 0.0000000000
52495  -46.838  -10.272  35.797 0.0000000000
54059  -45.147  -7.768  38.362 0.0000000000
53331  -45.475  -8.638  36.800 0.0000000000
54067  -44.981  -8.132  36.564 0.0000000000
54066  -44.566  -8.017  35.552 0.0000000000
110867  -44.292  -7.928  36.035 0.0000000000
54056  -43.098  -8.152  35.442 0.0000000000
54057  -43.966  -8.022  36.684 0.0000000000
52468  -43.524  -8.573  38.341 0.0000000000
53305  -42.989  -8.780  38.233 0.0000000000
99889  -42.003  -9.358  37.999 0.0000000000
52482  -41.768  -10.542  38.445 0.0000000000
52481  -41.279  -11.199  38.599 0.0000000000
52493  -42.420  -10.706  36.630 0.0000000000
43247  -44.788  -19.739  47.649 0.0000000000
44200  -44.182  -19.716  47.832 0.0000000000
44224  -43.768  -18.690  47.022 0.0000000000
109307  -34.266  -24.559  55.801 0.0000000000
38939  -34.711  -23.993  55.671 0.0000000000
43216  -41.357  -20.500  50.770 0.0000000000
43188  -41.184  -20.632  51.172 0.0000000000
43203  -41.558  -20.626  50.703 0.0000000000
42124  -42.072  -20.865  50.296 0.0000000000
41031  -42.580  -21.531  49.907 0.0000000000
41032  -43.214  -22.196  49.404 0.0000000000
42159  -43.649  -20.910  48.793 0.0000000000
47664  -41.199  -14.906  41.494 0.0000000000
47673  -41.173  -15.425  40.828 0.0000000000
50533  -40.668  -11.503  37.073 0.0000000000
50571  -51.328  -11.226  34.189 0.0000000000
51594  -51.099  -10.703  35.417 0.0000000000
95746  -49.808  -11.950  34.088 0.0000000000
52561  -51.373  -10.512  30.624 0.0000000000
52562  -52.171  -9.799  31.726 0.0000000000
98129  -53.139  -9.189  32.358 0.0000000000
51626  -53.972  -9.575  31.731 0.0000000000
109371  -54.130  -10.286  31.722 0.0000000000
51645  -53.860  -11.084  31.106 0.0000000000
51674  -54.430  -11.006  30.416 0.0000000000
51697  -55.461  -10.752  29.218 0.0000000000
52629  -56.402  -10.164  26.159 0.0000000000
51725  -56.325  -10.345  27.186 0.0000000000
101841  -56.516  -10.666  26.108 0.0000000000
50721  -53.827  -12.444  24.888 0.0000000000
41121  -42.575  -22.670  44.416 0.0000000000
42231  -42.911  -21.836  44.551 0.0000000000
44262  -44.609  -19.403  44.535 0.0000000000
46759  -45.907  -15.455  46.258 0.0000000000
46777  -46.454  -15.839  45.540 0.0000000000
47628  -46.141  -14.750  46.025 0.0000000000
47635  -45.983  -13.810  45.860 0.0000000000
48469  -44.603  -12.639  45.381 0.0000000000
48478  -43.763  -12.888  44.547 0.0000000000
48468  -43.480  -12.199  45.167 0.0000000000
48477  -41.968  -12.774  43.855 0.0000000000
47646  -40.994  -14.083  43.051 0.0000000000
43082  -16.886  -20.227  60.552 0.0000000000
38915  -23.066  -24.114  58.142 0.0000000000
38916  -23.747  -24.305  58.531 0.0000000000
38917  -24.534  -24.468  58.822 0.0000000000
37133  -27.114  -26.176  57.811 0.0000000000
36353  -28.582  -27.136  57.831 0.0000000000
37145  -32.186  -25.615  57.445 0.0000000000
37992  -31.511  -25.158  57.246 0.0000000000
35526  -31.446  -28.965  56.743 0.0000000000
34766  -34.093  -29.103  56.357 0.0000000000
94510  -35.655  -26.202  54.557 0.0000000000
37175  -35.556  -27.132  54.172 0.0000000000
96874  -35.342  -27.349  53.046 0.0000000000
36414  -36.407  -27.679  51.338 0.0000000000
43153  -35.912  -19.812  54.232 0.0000000000
42055  -36.287  -19.997  54.302 0.0000000000
40980  -36.668  -21.334  53.485 0.0000000000
40995  -36.954  -22.256  52.722 0.0000000000
40996  -40.174  -22.493  51.817 0.0000000000
39934  -39.953  -23.646  51.685 0.0000000000
107780  -39.534  -24.683  51.451 0.0000000000
38046  -40.001  -26.040  51.385 0.0000000000
37190  -40.574  -26.830  51.126 0.0000000000
37199  -40.945  -26.530  50.689 0.0000000000
37211  -41.484  -26.014  50.165 0.0000000000
109228  -41.713  -25.248  49.198 0.0000000000
39992  -43.997  -23.447  47.490 0.0000000000
39025  -43.401  -23.975  47.894 0.0000000000
39037  -43.575  -23.878  47.161 0.0000000000
39046  -43.509  -23.958  46.434 0.0000000000
39064  -42.601  -24.413  45.135 0.0000000000
39057  -43.263  -23.943  45.669 0.0000000000
40029  -42.882  -23.575  44.903 0.0000000000
44146  -16.801  -18.860  60.411 0.0000000000
43059  -16.805  -19.256  61.145 0.0000000000
45187  -40.217  -18.192  38.821 0.0000000000
45186  -39.529  -18.492  38.483 0.0000000000
48512  -39.847  -12.720  39.907 0.0000000000
101594  -40.020  -13.314  38.498 0.0000000000
52487  -48.003  -11.046  38.005 0.0000000000
52486  -47.452  -10.603  38.604 0.0000000000
97098  -46.527  -9.470  39.237 0.0000000000
54037  -45.119  -7.572  39.273 0.0000000000
54036  -44.796  -7.625  39.272 0.0000000000
53307  -44.816  -7.714  39.562 0.0000000000
52469  -44.883  -8.654  39.503 0.0000000000
52484  -44.100  -9.993  37.970 0.0000000000
51554  -43.470  -11.185  36.510 0.0000000000
52602  -54.420  -9.627  29.216 0.0000000000
100541  -55.512  -9.528  29.110 0.0000000000
52603  -55.346  -9.439  28.376 0.0000000000
52612  -55.923  -9.445  27.835 0.0000000000
52620  -55.547  -9.745  26.956 0.0000000000
52628  -56.337  -9.990  25.807 0.0000000000
42196  -45.270  -21.924  46.437 0.0000000000
42214  -45.563  -21.100  46.273 0.0000000000
44244  -46.100  -19.455  46.492 0.0000000000
44225  -46.099  -18.782  46.819 0.0000000000
44212  -45.319  -19.016  47.382 0.0000000000
45068  -45.735  -18.328  46.983 0.0000000000
45081  -45.752  -17.432  46.544 0.0000000000
45908  -45.556  -16.555  46.425 0.0000000000
46757  -44.330  -15.408  46.503 0.0000000000
44148  -18.611  -18.686  60.275 0.0000000000
43072  -20.151  -18.947  60.678 0.0000000000
43073  -20.664  -19.035  60.630 0.0000000000
38911  -28.050  -24.512  58.240 0.0000000000
37147  -33.869  -26.365  57.018 0.0000000000
109895  -34.366  -26.884  56.805 0.0000000000
37982  -34.458  -26.292  56.637 0.0000000000
37148  -34.943  -26.340  56.366 0.0000000000
101053  -35.319  -26.035  55.881 0.0000000000
37996  -35.264  -25.195  55.617 0.0000000000
38008  -35.644  -25.613  55.220 0.0000000000
38021  -35.406  -25.341  53.986 0.0000000000
38031  -35.107  -25.307  52.197 0.0000000000
43168  -38.375  -20.184  52.980 0.0000000000
43169  -38.943  -20.386  52.634 0.0000000000
42078  -39.346  -20.643  52.427 0.0000000000
40983  -39.696  -21.465  52.252 0.0000000000
40997  -40.385  -21.507  51.829 0.0000000000
38999  -42.132  -24.444  50.283 0.0000000000
38061  -42.141  -25.148  49.925 0.0000000000
39012  -42.888  -24.297  49.132 0.0000000000
41051  -43.720  -22.798  48.624 0.0000000000
39993  -44.479  -22.862  47.517 0.0000000000
41086  -44.894  -22.553  46.691 0.0000000000
45975  -43.376  -17.569  41.987 0.0000000000
45984  -41.732  -17.843  40.367 0.0000000000
45993  -41.403  -17.284  39.740 0.0000000000
46010  -39.694  -17.228  37.721 0.0000000000
52514  -49.803  -9.340  34.580 0.0000000000
52513  -48.500  -9.180  33.811 0.0000000000
91794  -49.158  -10.649  35.782 0.0000000000
51586  -50.654  -10.639  35.655 0.0000000000
51570  -49.869  -10.985  36.117 0.0000000000
51558  -48.524  -11.377  36.834 0.0000000000
51557  -47.844  -11.594  37.837 0.0000000000
50524  -47.339  -12.134  38.014 0.0000000000
43245  -42.157  -20.420  48.530 0.0000000000
43184  -38.127  -19.987  52.803 0.0000000000
43200  -39.537  -20.349  51.846 0.0000000000
42121  -40.127  -20.421  51.081 0.0000000000
42122  -40.862  -20.378  51.095 0.0000000000
46830  -39.253  -14.392  40.392 0.0000000000
47685  -38.804  -13.969  39.576 0.0000000000
49530  -38.714  -12.468  38.608 0.0000000000
51564  -38.532  -11.296  36.308 0.0000000000
52479  -40.212  -10.398  37.114 0.0000000000
106858  -49.022  -10.309  32.364 0.0000000000
52529  -50.382  -9.189  34.347 0.0000000000
52516  -51.944  -9.523  34.869 0.0000000000
52531  -53.020  -9.120  33.443 0.0000000000
51596  -52.540  -9.678  34.091 0.0000000000
51605  -52.143  -10.601  34.052 0.0000000000
96962  -51.057  -11.983  32.087 0.0000000000
50616  -50.067  -12.563  31.309 0.0000000000
50619  -52.888  -11.735  29.954 0.0000000000
105487  -55.753  -9.848  29.265 0.0000000000
51711  -54.568  -11.488  28.413 0.0000000000
96108  -56.258  -10.643  27.681 0.0000000000
50688  -55.104  -11.491  27.536 0.0000000000
42249  -42.697  -20.875  43.811 0.0000000000
42261  -41.894  -21.031  43.245 0.0000000000
106586  -42.221  -20.304  42.933 0.0000000000
45146  -43.554  -18.239  42.491 0.0000000000
43277  -45.177  -20.676  45.634 0.0000000000
43295  -45.278  -19.807  45.332 0.0000000000
45121  -45.007  -18.474  44.204 0.0000000000
45944  -46.389  -16.575  45.260 0.0000000000
45943  -46.039  -17.106  44.461 0.0000000000
45135  -45.407  -17.603  43.900 0.0000000000
45951  -45.055  -17.183  43.309 0.0000000000
45147  -44.292  -17.709  42.935 0.0000000000
45963  -43.927  -17.450  42.497 0.0000000000
46804  -43.731  -16.594  42.376 0.0000000000
46803  -42.852  -15.733  42.246 0.0000000000
47647  -42.677  -13.447  43.629 0.0000000000
102437  -42.031  -14.900  42.457 0.0000000000
92106  -43.326  -19.544  47.483 0.0000000000
45079  -43.145  -18.238  46.327 0.0000000000
45905  -43.257  -17.175  46.167 0.0000000000
97990  -42.617  -16.499  45.836 0.0000000000
46774  -41.892  -15.819  45.292 0.0000000000
46784  -41.314  -15.187  44.417 0.0000000000
108764  -39.570  -14.718  41.061 0.0000000000
40899  -14.383  -22.028  57.612 0.0000000000
101353  -15.016  -21.638  57.078 0.0000000000
44141  -21.193  -19.128  60.393 0.0000000000
40902  -21.910  -22.859  58.897 0.0000000000
38924  -22.793  -24.037  57.059 0.0000000000
37966  -25.006  -24.969  58.015 0.0000000000
37153  -27.365  -26.758  55.910 0.0000000000
38920  -28.711  -24.347  58.005 0.0000000000
37969  -29.176  -24.847  58.208 0.0000000000
94118  -29.158  -27.591  57.602 0.0000000000
92203  -29.359  -27.924  56.855 0.0000000000
35529  -34.539  -27.873  56.678 0.0000000000
34779  -34.924  -28.709  56.099 0.0000000000
107094  -35.615  -27.496  55.611 0.0000000000
35540  -35.552  -28.342  55.375 0.0000000000
34780  -35.186  -29.106  55.334 0.0000000000
40953  -34.466  -21.742  55.023 0.0000000000
39903  -35.430  -22.374  53.801 0.0000000000
38975  -35.361  -23.766  52.959 0.0000000000
38974  -35.227  -24.635  52.232 0.0000000000
38042  -35.271  -25.123  51.796 0.0000000000
39932  -37.815  -22.550  52.407 0.0000000000
39931  -36.712  -23.187  51.926 0.0000000000
38987  -36.507  -24.079  51.410 0.0000000000
95150  -35.818  -24.756  51.394 0.0000000000
37196  -35.570  -25.851  51.321 0.0000000000
37197  -36.232  -26.563  50.940 0.0000000000
37188  -38.897  -27.369  51.337 0.0000000000
38074  -42.178  -25.071  49.532 0.0000000000
38086  -42.257  -24.962  49.109 0.0000000000
93502  -41.989  -24.886  48.498 0.0000000000
38172  -40.779  -25.362  43.606 0.0000000000
39063  -41.997  -24.778  44.524 0.0000000000
39071  -41.416  -24.915  43.820 0.0000000000
105223  -40.319  -13.996  39.905 0.0000000000
95490  -40.128  -15.094  38.811 0.0000000000
107002  -39.674  -16.189  37.738 0.0000000000
106168  -39.111  -16.537  37.013 0.0000000000
46857  -38.743  -16.141  36.686 0.0000000000
52492  -40.190  -10.132  36.284 0.0000000000
51551  -40.472  -10.307  37.614 0.0000000000
53347  -46.811  -8.738  33.943 0.0000000000
53346  -45.758  -8.633  33.987 0.0000000000
52494  -46.200  -9.027  35.429 0.0000000000
53338  -45.484  -8.441  35.185 0.0000000000
53345  -44.748  -8.638  33.760 0.0000000000
53336  -42.274  -8.439  34.717 0.0000000000
53329  -42.482  -9.160  36.077 0.0000000000
53321  -43.592  -8.365  38.209 0.0000000000
53320  -42.373  -8.986  37.953 0.0000000000
53319  -41.616  -9.584  37.270 0.0000000000
53303  -41.066  -9.829  37.889 0.0000000000
52466  -40.790  -10.003  37.892 0.0000000000
51552  -40.774  -10.783  38.000 0.0000000000
51567  -41.020  -11.473  38.056 0.0000000000
51581  -41.362  -11.327  36.037 0.0000000000
51583  -42.688  -11.646  35.606 0.0000000000
51582  -42.004  -11.680  35.282 0.0000000000
35530  -35.130  -27.923  56.314 0.0000000000
37201  -41.849  -25.589  50.026 0.0000000000
41133  -40.883  -23.177  43.279 0.0000000000
42197  -45.536  -21.404  46.777 0.0000000000
42233  -44.359  -20.920  45.273 0.0000000000
43202  -41.069  -20.528  51.179 0.0000000000
43248  -45.636  -19.754  47.277 0.0000000000
43249  -46.051  -19.441  46.955 0.0000000000
43263  -45.844  -20.340  46.706 0.0000000000
43294  -43.973  -20.202  44.605 0.0000000000
44263  -45.456  -18.944  44.934 0.0000000000
44299  -41.566  -19.603  41.601 0.0000000000
45122  -45.708  -18.066  44.596 0.0000000000
45134  -44.679  -18.045  43.522 0.0000000000
45157  -41.836  -19.070  41.279 0.0000000000
45909  -46.014  -16.613  46.222 0.0000000000
45929  -46.272  -16.645  45.862 0.0000000000
45974  -42.769  -17.849  41.450 0.0000000000
46760  -46.282  -15.680  45.905 0.0000000000
47626  -44.798  -13.866  46.634 0.0000000000
47627  -45.625  -14.165  46.367 0.0000000000
47633  -42.882  -13.688  45.909 0.0000000000
47636  -46.440  -14.999  45.581 0.0000000000
47641  -42.114  -12.759  44.334 0.0000000000
47642  -46.400  -14.723  45.015 0.0000000000
48458  -43.485  -12.218  45.289 0.0000000000
48460  -45.138  -12.892  45.825 0.0000000000
48470  -45.712  -13.499  45.265 0.0000000000
49458  -42.774  -12.354  44.621 0.0000000000
50515  -47.123  -12.043  38.491 0.0000000000
50523  -47.057  -12.251  38.235 0.0000000000
50570  -50.829  -11.374  34.647 0.0000000000
51539  -40.966  -10.023  38.266 0.0000000000
51543  -47.299  -11.561  39.013 0.0000000000
51544  -47.413  -11.788  38.457 0.0000000000
51553  -41.024  -11.084  38.823 0.0000000000
51569  -48.481  -11.511  36.793 0.0000000000
51597  -53.035  -9.532  33.550 0.0000000000
51608  -53.570  -9.572  32.387 0.0000000000
51676  -55.573  -10.117  29.607 0.0000000000
51698  -55.952  -10.248  28.976 0.0000000000
52467  -41.102  -9.996  38.412 0.0000000000
52501  -46.314  -8.682  34.493 0.0000000000
52544  -53.193  -9.037  32.873 0.0000000000
52545  -53.359  -9.312  32.355 0.0000000000
52584  -55.416  -9.741  29.652 0.0000000000
53308  -45.720  -8.263  39.247 0.0000000000
53318  -40.917  -9.792  37.001 0.0000000000
53322  -45.851  -8.181  39.060 0.0000000000
54048  -44.542  -7.763  38.636 0.0000000000
54049  -44.968  -7.553  38.863 0.0000000000
96006  -43.579  -22.054  45.023 0.0000000000
98419  -45.361  -15.077  43.753 0.0000000000
99518  -44.365  -12.911  46.403 0.0000000000
101303  -42.545  -14.718  42.808 0.0000000000
105065  -41.591  -25.122  45.915 0.0000000000
105625  -39.951  -27.545  50.828 0.0000000000
109190  -39.270  -21.101  52.587 0.0000000000
110240  -35.339  -28.379  55.903 0.0000000000
110386  -46.159  -17.580  45.082 0.0000000000
