#!ascii label  , from subject sub-v2s15x29748_ses-1 vox2ras=TkReg
2269
94892  7.410  -17.433  60.532 0.6250000000
38705  6.920  -18.078  60.419 0.6250000000
39452  7.060  -17.270  60.535 0.5000000000
38706  6.719  -17.673  60.063 0.5000000000
37876  7.055  -18.756  60.524 0.6250000000
37875  7.982  -18.910  60.308 0.6250000000
37877  6.493  -18.852  60.166 0.5000000000
104042  6.460  -18.285  59.687 0.2500000000
37884  6.298  -19.007  59.189 0.2500000000
36988  6.635  -19.380  60.294 0.5000000000
36989  6.270  -19.611  59.621 0.3750000000
36994  6.229  -19.586  58.753 0.2500000000
39458  9.065  -16.417  58.579 0.6250000000
39459  8.645  -16.849  59.659 0.6250000000
38722  9.025  -17.340  58.822 0.6250000000
93912  8.321  -17.503  60.040 0.6250000000
95618  7.983  -16.927  60.388 0.6250000000
38712  8.782  -17.999  59.563 0.6250000000
38704  7.860  -18.204  60.309 0.6250000000
37894  9.152  -18.176  58.546 0.6250000000
37883  8.837  -18.718  59.525 0.6250000000
102843  6.526  -18.608  57.198 0.2500000000
38723  6.485  -18.280  58.315 0.2500000000
102410  9.270  -18.819  58.411 0.6250000000
95784  6.489  -19.390  57.230 0.2500000000
36987  7.377  -19.415  60.424 0.5000000000
37895  6.277  -19.194  58.105 0.2500000000
109354  6.219  -20.008  58.842 0.3750000000
35974  6.230  -20.523  58.477 0.2500000000
37005  6.177  -19.909  58.018 0.2500000000
34952  7.635  -20.985  60.619 0.2500000000
34945  7.142  -21.849  60.757 0.3750000000
34959  8.821  -20.719  59.561 0.2500000000
33941  6.728  -22.772  58.957 0.3750000000
41034  9.705  -14.991  58.099 0.6250000000
40237  9.227  -15.676  58.522 0.6250000000
40240  9.615  -15.796  57.568 0.6250000000
39465  9.375  -16.810  57.665 0.6250000000
38721  9.340  -17.671  57.624 0.7500000000
105937  6.415  -17.689  57.109 0.2500000000
36993  8.456  -19.499  59.839 0.6250000000
38730  6.475  -18.018  56.227 0.2500000000
37004  9.129  -19.424  58.701 0.7500000000
100222  6.530  -18.858  56.335 0.2500000000
37893  9.386  -18.548  57.448 0.8750000000
35964  6.441  -20.095  60.046 0.6250000000
35969  6.224  -20.372  59.366 0.3750000000
37016  6.641  -19.636  56.464 0.2500000000
35973  9.371  -20.057  57.971 0.5000000000
35962  7.791  -20.137  60.187 0.6250000000
35963  6.695  -20.533  60.445 0.5000000000
110594  6.416  -19.981  57.219 0.2500000000
35968  8.926  -20.117  59.093 0.3750000000
35967  9.289  -20.780  58.339 0.3750000000
41033  10.259  -14.180  57.842 0.6250000000
96936  9.807  -16.380  56.839 0.6250000000
37922  6.549  -18.297  55.463 0.2500000000
38729  9.749  -17.160  56.789 1.0000000000
37908  9.601  -17.970  56.683 1.0000000000
37051  6.907  -19.463  54.764 0.2500000000
37032  6.632  -19.130  55.540 0.2500000000
37031  9.776  -19.246  55.807 0.8750000000
37015  9.498  -19.295  56.770 0.5000000000
37003  9.432  -19.323  57.751 0.6250000000
36006  6.914  -20.089  55.687 0.2500000000
106024  9.917  -20.071  55.431 0.3750000000
37083  10.821  -19.962  52.886 0.3750000000
110949  10.680  -20.169  53.512 0.1250000000
101194  10.373  -20.027  54.103 0.3750000000
37049  10.121  -19.666  54.909 0.3750000000
35988  9.788  -20.567  56.513 0.2500000000
104033  10.459  -19.542  53.472 0.5000000000
104276  11.079  -18.991  52.007 0.5000000000
37082  11.213  -19.655  52.221 0.2500000000
37948  10.617  -19.036  52.708 0.3750000000
41933  11.491  -13.674  56.448 0.5000000000
41040  10.674  -14.501  56.389 0.5000000000
40239  10.114  -14.765  57.169 0.6250000000
40242  10.142  -15.513  56.395 0.7500000000
41051  10.608  -14.988  55.711 0.7500000000
39470  10.059  -16.569  55.963 0.8750000000
40250  10.443  -15.733  55.405 0.8750000000
38738  9.984  -17.503  56.024 1.0000000000
95916  9.594  -18.676  56.499 1.0000000000
37929  10.191  -18.208  54.484 0.7500000000
96649  10.446  -17.640  53.919 0.7500000000
38773  11.646  -17.804  50.918 0.3750000000
37113  11.791  -18.922  50.793 0.5000000000
37048  10.187  -19.171  54.256 0.5000000000
37099  11.544  -19.371  51.517 0.3750000000
37956  11.327  -18.525  51.521 0.5000000000
37947  10.897  -18.269  52.260 0.5000000000
41039  11.868  -13.776  55.625 0.5000000000
41050  11.206  -14.344  55.660 0.7500000000
40249  10.876  -14.905  54.840 0.7500000000
38737  10.166  -17.164  55.427 1.0000000000
39482  11.046  -15.948  53.938 0.7500000000
38744  10.306  -17.328  54.731 0.8750000000
39490  11.112  -16.406  53.278 0.8750000000
38752  10.690  -17.191  53.411 0.8750000000
97398  11.236  -17.616  51.849 0.6250000000
38758  10.911  -17.347  52.677 0.6250000000
38772  12.317  -17.488  50.299 0.5000000000
38764  12.089  -16.672  50.946 0.6250000000
38765  11.555  -16.959  51.554 0.6250000000
41955  13.083  -13.579  54.463 0.6250000000
41944  12.459  -13.651  55.091 0.6250000000
41062  12.358  -14.272  54.229 0.7500000000
41063  11.619  -14.736  54.356 0.7500000000
41078  11.868  -14.921  53.731 0.8750000000
40267  11.499  -15.571  53.484 0.8750000000
39498  11.390  -16.704  52.362 0.8750000000
39525  13.776  -16.763  49.206 0.3750000000
39514  13.178  -16.549  49.860 0.7500000000
39535  15.002  -17.005  48.130 0.1250000000
41968  13.654  -13.501  53.874 0.6250000000
109080  13.758  -13.063  54.620 0.5000000000
41076  13.039  -14.077  53.703 0.7500000000
41075  13.536  -13.981  53.157 0.7500000000
41077  12.495  -14.605  53.399 0.8750000000
41089  13.365  -14.466  52.427 0.8750000000
40279  12.332  -15.463  52.375 0.8750000000
40266  12.047  -15.147  53.036 1.0000000000
40278  12.911  -15.079  51.978 1.0000000000
40280  11.692  -15.845  52.758 0.8750000000
40303  13.421  -15.657  50.411 0.7500000000
40292  12.543  -15.780  51.538 0.8750000000
40312  14.371  -15.518  49.421 0.7500000000
39505  12.802  -16.109  50.668 0.7500000000
39497  11.927  -16.171  51.954 0.8750000000
109114  15.395  -16.368  48.032 0.2500000000
40322  14.789  -16.055  48.612 0.6250000000
40313  13.764  -15.927  49.652 0.7500000000
95296  14.323  -12.960  54.079 0.5000000000
41980  14.536  -13.659  52.261 0.8750000000
41967  14.288  -13.441  53.195 0.5000000000
41100  14.026  -14.192  51.846 1.0000000000
41099  14.708  -13.878  51.391 0.8750000000
41101  13.531  -14.748  51.531 1.0000000000
95716  14.207  -14.536  50.889 1.0000000000
41113  13.656  -15.072  50.854 1.0000000000
41127  14.613  -14.762  49.914 0.7500000000
40321  15.609  -15.517  48.299 0.7500000000
40302  13.980  -15.205  50.201 0.7500000000
41979  15.123  -13.157  52.717 0.6250000000
95250  15.258  -13.395  51.838 0.7500000000
42005  15.840  -13.527  50.523 0.8750000000
41991  15.349  -13.590  51.108 0.8750000000
42019  15.706  -13.899  49.887 0.8750000000
41112  15.084  -14.078  50.480 1.0000000000
41126  15.330  -14.447  49.582 1.0000000000
40320  16.259  -14.674  48.310 0.8750000000
41125  15.995  -14.166  49.195 1.0000000000
41146  16.793  -14.933  47.494 0.8750000000
41182  23.838  -14.639  43.629 0.1250000000
40364  23.147  -15.142  43.860 0.5000000000
41184  22.491  -14.300  43.068 0.7500000000
93127  15.928  -13.147  51.326 0.7500000000
93000  17.094  -13.255  49.199 0.8750000000
42018  16.428  -13.491  49.731 0.8750000000
42036  16.666  -13.803  48.748 0.8750000000
42052  17.633  -13.705  47.511 0.8750000000
41155  18.352  -14.382  46.056 0.7500000000
41145  17.368  -14.483  47.130 0.8750000000
42141  24.482  -13.587  42.580 0.2500000000
42122  24.547  -14.095  43.377 0.2500000000
42142  23.687  -13.451  42.271 0.5000000000
42143  23.041  -13.952  42.634 0.6250000000
41185  21.876  -14.323  43.374 0.7500000000
43174  17.761  -12.744  49.125 0.8750000000
42017  17.156  -12.875  49.889 0.8750000000
42035  17.458  -13.373  48.395 0.8750000000
42051  18.262  -13.271  47.213 0.8750000000
42034  17.998  -13.173  47.896 0.8750000000
42069  18.528  -13.537  46.405 0.7500000000
42070  17.890  -13.981  46.708 0.8750000000
42086  19.392  -13.516  45.400 0.7500000000
42107  19.764  -13.860  44.843 0.7500000000
43233  21.616  -12.959  43.419 0.7500000000
42105  21.043  -13.324  43.882 0.7500000000
42106  20.393  -13.801  44.331 0.7500000000
43251  24.100  -11.986  41.597 0.7500000000
43242  22.730  -12.686  42.397 0.8750000000
42124  21.565  -13.699  43.392 0.7500000000
96154  18.390  -12.533  48.701 0.8750000000
43191  18.029  -12.863  48.407 0.8750000000
43190  18.571  -12.702  47.929 0.8750000000
43202  19.051  -12.717  46.877 0.7500000000
43218  19.649  -12.751  45.860 0.7500000000
43217  20.331  -12.501  45.318 0.7500000000
42085  19.933  -13.152  44.976 0.7500000000
43225  21.178  -12.507  44.089 0.8750000000
43226  20.576  -12.864  44.533 0.7500000000
43252  23.671  -11.373  41.913 0.8750000000
44324  23.192  -11.974  42.010 0.8750000000
44308  22.454  -11.790  42.941 0.8750000000
44309  21.764  -12.134  43.603 0.8750000000
49311  28.584  -6.524  50.829 0.3750000000
48245  27.114  -7.147  50.490 0.6250000000
48262  26.527  -7.441  49.998 0.6250000000
49309  30.574  -6.272  50.460 0.5000000000
49326  29.667  -6.411  49.611 0.6250000000
49327  28.752  -6.503  49.867 0.6250000000
48261  27.204  -7.100  49.595 0.7500000000
48276  26.518  -7.472  49.146 0.8750000000
47221  25.276  -8.369  49.485 0.7500000000
46197  24.196  -9.263  48.901 0.8750000000
45257  23.053  -10.091  48.973 0.8750000000
45269  22.403  -10.472  48.509 0.8750000000
49325  30.717  -6.373  49.574 0.7500000000
49343  30.025  -6.459  48.750 0.7500000000
49344  28.995  -6.546  48.939 0.6250000000
48275  27.299  -7.074  48.590 1.0000000000
107713  26.472  -7.478  48.293 1.0000000000
47234  25.215  -8.398  48.191 1.0000000000
47235  24.680  -8.834  48.506 0.8750000000
46198  23.583  -9.648  48.501 0.8750000000
45268  22.970  -10.113  48.062 0.8750000000
43189  19.047  -12.156  48.593 0.8750000000
49342  31.133  -6.466  48.565 0.7500000000
48288  28.476  -6.737  47.552 0.8750000000
99099  27.706  -6.911  47.714 0.8750000000
47233  25.807  -7.838  47.864 1.0000000000
47249  24.706  -8.796  47.737 0.8750000000
46207  23.541  -9.676  47.617 0.8750000000
45291  21.634  -11.044  47.260 0.8750000000
44253  21.026  -11.221  47.844 0.8750000000
44254  20.303  -11.700  47.436 0.8750000000
44242  19.696  -11.882  48.081 0.8750000000
93300  19.229  -12.352  47.794 0.8750000000
49363  31.449  -6.657  47.770 0.8750000000
94146  29.144  -6.802  47.046 0.8750000000
48290  26.514  -7.484  47.492 1.0000000000
47248  25.282  -8.333  47.387 1.0000000000
47263  24.738  -8.742  46.907 1.0000000000
45278  22.946  -10.211  47.123 0.8750000000
45290  22.237  -10.767  46.562 0.8750000000
97550  21.007  -11.439  47.090 0.8750000000
43208  19.916  -12.226  46.686 0.8750000000
43201  19.645  -12.177  47.384 0.8750000000
48301  30.045  -6.962  46.594 1.0000000000
97287  28.094  -7.169  46.140 0.8750000000
48303  27.430  -7.286  46.416 0.8750000000
47261  26.019  -7.798  46.173 1.0000000000
47275  24.779  -8.707  46.016 1.0000000000
46230  23.619  -9.714  45.805 1.0000000000
45289  23.000  -10.249  46.181 0.8750000000
44265  21.888  -11.128  45.788 0.7500000000
44266  21.389  -11.397  46.352 0.7500000000
44267  20.595  -11.792  46.545 0.8750000000
110543  30.425  -7.350  45.716 1.0000000000
48315  29.191  -7.314  45.387 1.0000000000
48318  26.806  -7.515  45.875 1.0000000000
47274  25.456  -8.270  45.642 1.0000000000
45300  23.093  -10.237  45.219 0.8750000000
45301  22.441  -10.701  45.563 0.7500000000
44281  21.387  -11.575  45.368 0.7500000000
44282  20.783  -11.909  45.735 0.7500000000
97882  20.262  -12.251  46.033 0.7500000000
47288  31.859  -8.217  43.851 1.0000000000
48330  30.286  -7.672  44.644 1.0000000000
48314  29.979  -7.408  45.292 1.0000000000
48316  28.358  -7.317  45.503 0.8750000000
48334  26.990  -7.576  45.084 1.0000000000
94964  26.219  -7.927  44.334 1.0000000000
47295  24.816  -8.667  45.051 1.0000000000
46240  23.681  -9.693  44.827 0.8750000000
45308  23.189  -10.251  44.210 0.8750000000
45309  22.536  -10.727  44.575 0.7500000000
44296  21.477  -11.787  44.437 0.7500000000
43216  20.902  -12.149  44.882 0.7500000000
47289  30.686  -8.005  43.902 1.0000000000
47290  29.682  -7.849  43.882 0.8750000000
47291  28.804  -7.767  43.936 0.8750000000
47293  27.030  -7.745  44.204 0.8750000000
47312  26.416  -8.128  43.447 0.8750000000
47314  24.926  -8.667  44.073 0.8750000000
46251  23.783  -9.708  43.804 0.8750000000
45317  22.713  -10.870  43.541 0.8750000000
47309  30.049  -8.214  43.105 1.0000000000
47310  29.033  -8.165  43.008 0.8750000000
47311  27.330  -8.105  43.124 0.8750000000
47327  26.470  -8.528  42.559 0.8750000000
46249  25.155  -8.761  43.093 0.8750000000
45315  24.030  -9.855  42.801 0.8750000000
45316  23.392  -10.368  43.196 0.8750000000
44295  22.066  -11.366  43.959 0.8750000000
46269  24.775  -9.423  42.441 0.8750000000
49308  31.566  -6.119  50.171 0.7500000000
49323  32.883  -6.203  48.874 0.7500000000
49341  32.309  -6.546  48.119 0.7500000000
49361  32.927  -6.937  47.220 1.0000000000
49362  32.089  -6.829  47.328 1.0000000000
48284  33.112  -7.415  46.632 1.0000000000
48300  31.082  -7.348  46.164 1.0000000000
48299  32.618  -7.638  46.034 1.0000000000
106041  30.775  -7.520  45.374 1.0000000000
100906  32.592  -7.874  45.128 1.0000000000
48313  31.663  -7.648  45.533 1.0000000000
47287  33.197  -8.243  43.713 1.0000000000
49340  33.289  -6.486  47.987 0.8750000000
48298  33.778  -7.578  46.116 1.0000000000
48312  33.686  -7.822  45.388 1.0000000000
48328  33.707  -8.036  44.435 1.0000000000
48344  34.180  -8.040  43.549 1.0000000000
110011  34.284  -8.002  42.519 0.8750000000
48365  33.827  -8.465  41.474 0.8750000000
47351  33.571  -8.889  40.392 0.7500000000
108704  33.660  -6.679  47.289 0.8750000000
49360  34.232  -6.442  46.926 0.8750000000
49378  34.518  -6.863  46.045 1.0000000000
49379  33.771  -7.134  46.716 1.0000000000
48311  34.395  -7.570  44.724 1.0000000000
49404  34.582  -7.048  44.191 1.0000000000
48297  34.331  -7.436  45.469 1.0000000000
49418  34.401  -6.985  43.407 1.0000000000
48327  34.434  -7.648  43.881 1.0000000000
49433  34.230  -7.280  42.727 1.0000000000
48343  34.387  -7.745  43.010 1.0000000000
49434  33.699  -7.062  42.179 1.0000000000
48353  34.196  -7.827  42.293 1.0000000000
48366  33.591  -7.573  41.648 1.0000000000
48378  33.176  -8.057  40.863 0.7500000000
47352  32.459  -8.666  39.933 0.6250000000
48398  31.346  -8.351  39.721 0.6250000000
47365  33.925  -9.323  39.952 0.6250000000
47366  33.028  -9.201  39.354 0.7500000000
47367  31.841  -9.057  39.057 0.6250000000
50346  34.292  -5.576  47.335 0.6250000000
51314  34.156  -5.141  46.081 0.8750000000
50371  34.540  -5.904  45.596 1.0000000000
50372  34.112  -5.555  44.689 1.0000000000
49392  34.729  -6.716  44.923 1.0000000000
50382  34.424  -6.325  44.048 1.0000000000
50393  33.929  -6.138  43.425 1.0000000000
49419  33.600  -6.404  42.744 1.0000000000
49449  32.989  -6.956  41.734 1.0000000000
48367  32.519  -7.319  41.241 1.0000000000
48379  31.942  -7.815  40.519 0.7500000000
47368  30.882  -8.681  38.963 0.6250000000
102930  33.965  -5.136  45.382 0.8750000000
50383  33.168  -5.103  44.409 0.8750000000
104373  33.614  -5.604  43.922 0.8750000000
50394  33.046  -5.666  43.249 1.0000000000
49435  32.769  -6.460  42.131 1.0000000000
49450  32.035  -6.655  41.618 1.0000000000
49460  31.377  -7.052  41.025 0.8750000000
48380  30.841  -7.538  40.272 0.7500000000
48399  30.405  -8.023  39.501 0.6250000000
47369  30.197  -8.314  38.805 0.6250000000
50384  32.561  -5.186  43.904 0.8750000000
50396  30.740  -5.274  42.833 1.0000000000
50395  31.765  -5.316  43.247 1.0000000000
50410  30.787  -5.731  42.212 1.0000000000
50409  32.410  -5.881  42.639 1.0000000000
110450  31.470  -5.668  42.601 1.0000000000
49451  30.838  -6.279  41.512 1.0000000000
49461  30.325  -6.759  40.714 1.0000000000
48400  29.562  -7.689  39.104 0.7500000000
48417  29.141  -7.678  38.443 0.6250000000
50426  29.931  -5.656  41.829 1.0000000000
49452  29.709  -6.077  41.105 1.0000000000
48381  29.877  -7.271  39.981 1.0000000000
49473  29.034  -6.913  39.631 0.8750000000
48401  28.757  -7.181  38.863 0.8750000000
50427  29.063  -5.428  41.481 1.0000000000
50438  28.782  -5.787  40.754 1.0000000000
49462  29.351  -6.511  40.385 1.0000000000
48418  28.535  -7.399  38.112 0.7500000000
49463  28.512  -6.164  39.997 1.0000000000
49474  28.310  -6.499  39.224 1.0000000000
49487  28.109  -6.784  38.462 0.8750000000
48419  27.927  -7.036  37.695 0.7500000000
49501  27.551  -6.564  37.348 0.8750000000
95550  27.462  -6.788  36.234 0.8750000000
100806  27.366  -6.559  34.282 0.8750000000
104555  28.343  -7.160  32.875 0.6250000000
98381  28.663  -4.797  41.702 0.8750000000
50428  28.380  -4.999  41.077 1.0000000000
50439  28.000  -5.252  40.242 1.0000000000
50450  27.874  -5.748  39.460 1.0000000000
50451  27.516  -5.431  38.938 1.0000000000
49475  27.740  -6.087  38.750 1.0000000000
49488  27.599  -6.341  38.010 1.0000000000
50488  27.126  -5.609  36.576 1.0000000000
94497  27.356  -6.377  36.755 0.8750000000
49526  27.100  -6.087  35.490 0.8750000000
49513  27.214  -6.199  36.085 0.8750000000
111496  27.046  -5.929  34.409 1.0000000000
49538  27.169  -6.345  34.958 1.0000000000
50549  27.720  -5.636  31.911 0.7500000000
109218  28.012  -6.560  32.291 0.7500000000
50511  27.160  -5.905  33.676 0.8750000000
51356  28.609  -4.269  42.183 0.7500000000
52304  28.290  -3.533  41.837 0.7500000000
51368  28.251  -4.249  41.435 0.7500000000
51383  27.897  -4.351  40.679 0.8750000000
51384  27.585  -4.388  39.908 0.8750000000
50440  27.519  -4.998  39.440 0.8750000000
104682  27.403  -4.351  39.229 0.8750000000
97716  27.307  -4.760  38.640 1.0000000000
50461  27.399  -5.552  38.267 1.0000000000
51415  27.188  -4.897  37.755 1.0000000000
50475  27.271  -5.773  37.405 1.0000000000
51452  27.065  -5.100  34.193 1.0000000000
50501  27.010  -5.547  35.045 1.0000000000
50489  27.060  -5.529  35.833 1.0000000000
51466  27.396  -4.976  32.413 0.8750000000
51459  27.208  -5.125  33.258 1.0000000000
50535  27.407  -5.822  32.776 0.7500000000
52317  28.003  -3.597  41.013 0.7500000000
52318  27.726  -3.655  40.212 0.8750000000
53214  27.808  -3.029  39.671 0.8750000000
52332  27.509  -3.703  39.409 0.8750000000
53227  27.673  -3.117  38.705 0.8750000000
52347  27.337  -3.928  38.666 0.8750000000
111839  27.228  -4.240  38.024 0.8750000000
52379  27.440  -3.490  36.377 0.8750000000
51423  27.102  -4.136  37.122 1.0000000000
103017  27.079  -5.014  37.036 1.0000000000
110599  27.047  -4.084  36.352 1.0000000000
51434  27.023  -4.749  36.297 1.0000000000
51445  27.016  -4.930  35.545 1.0000000000
51453  27.066  -4.721  34.963 1.0000000000
101880  27.425  -4.389  32.990 1.0000000000
111169  27.277  -4.485  33.677 1.0000000000
52387  27.368  -3.921  34.445 1.0000000000
51482  27.763  -4.765  31.606 0.8750000000
53180  28.375  -2.693  42.182 0.6250000000
53196  28.201  -2.805  41.295 0.6250000000
53205  28.003  -2.958  40.474 0.8750000000
53213  28.241  -2.424  39.178 0.8750000000
53244  28.525  -2.443  37.405 0.8750000000
53226  28.349  -2.412  38.263 0.8750000000
53257  29.400  -2.183  36.347 0.5000000000
53258  28.672  -2.460  36.610 0.7500000000
53259  27.958  -2.882  36.899 0.8750000000
52371  27.496  -3.414  37.218 0.8750000000
52361  27.398  -3.631  37.920 0.8750000000
53275  28.816  -2.457  35.824 0.7500000000
97245  29.055  -2.467  34.978 0.5000000000
109391  28.302  -2.732  35.364 0.8750000000
53276  28.079  -2.795  36.070 0.8750000000
103716  27.677  -3.288  35.402 1.0000000000
53288  28.840  -2.635  34.031 1.0000000000
52378  28.109  -2.933  34.627 1.0000000000
51444  27.104  -4.116  35.617 1.0000000000
52386  28.036  -3.221  33.660 1.0000000000
52398  27.529  -3.919  33.533 1.0000000000
52408  28.192  -3.472  32.299 1.0000000000
51481  28.249  -4.606  30.875 1.0000000000
52416  28.205  -3.896  31.480 1.0000000000
102324  28.517  -5.171  30.419 0.7500000000
50579  28.978  -5.282  29.819 0.7500000000
54101  28.686  -1.914  42.486 0.5000000000
54123  28.394  -2.200  40.601 0.6250000000
102014  28.191  -2.468  39.945 0.7500000000
53256  30.193  -1.950  36.082 0.5000000000
53243  29.280  -2.107  37.079 0.5000000000
53274  30.063  -2.206  35.171 0.5000000000
111234  29.509  -2.252  35.672 0.5000000000
53287  29.822  -2.377  34.226 0.5000000000
53300  29.399  -2.531  33.514 1.0000000000
53301  28.783  -2.763  33.216 1.0000000000
51495  28.720  -4.525  30.204 0.8750000000
52424  28.596  -3.979  30.714 1.0000000000
49646  31.923  -6.106  27.720 0.1250000000
50593  31.096  -5.914  27.937 0.2500000000
50594  30.306  -5.486  28.345 0.5000000000
95010  29.565  -5.311  29.040 0.5000000000
51510  29.175  -4.512  29.502 0.8750000000
51527  30.322  -4.637  27.975 0.5000000000
54114  28.606  -1.867  41.509 0.3750000000
54133  28.771  -1.840  39.741 0.5000000000
54146  29.778  -1.605  38.349 0.3750000000
54147  28.959  -1.891  38.749 0.3750000000
54163  29.984  -1.694  37.499 0.2500000000
53225  29.119  -1.934  37.869 0.3750000000
54209  30.975  -1.697  36.288 0.2500000000
54184  30.574  -1.700  36.850 0.2500000000
53273  31.002  -1.875  35.482 0.3750000000
53286  30.728  -2.179  34.593 0.5000000000
53299  30.129  -2.423  33.368 1.0000000000
53321  29.272  -2.836  31.902 1.0000000000
53322  28.662  -3.248  31.845 1.0000000000
52415  29.035  -3.323  31.085 1.0000000000
52423  29.141  -3.717  30.069 0.8750000000
109097  29.540  -4.458  28.901 0.7500000000
50611  33.217  -5.541  27.229 0.1250000000
50612  32.377  -5.550  27.223 0.1250000000
51528  29.874  -4.773  28.503 0.5000000000
51548  33.660  -5.000  26.874 0.1250000000
99449  29.556  -1.191  41.276 0.2500000000
55046  32.203  -0.544  37.628 0.2500000000
54161  31.778  -0.921  37.992 0.2500000000
106181  29.084  -1.562  40.589 0.1250000000
54183  32.571  -0.892  37.058 0.2500000000
106926  29.624  -1.439  39.917 0.1250000000
54160  31.990  -1.107  37.373 0.2500000000
111578  31.472  -1.266  37.634 0.2500000000
92772  31.203  -1.287  38.290 0.2500000000
54145  30.533  -1.400  38.793 0.2500000000
54132  29.693  -1.539  39.193 0.2500000000
54162  30.889  -1.503  37.562 0.2500000000
93333  30.489  -1.497  38.097 0.2500000000
101910  32.230  -1.293  36.704 0.2500000000
94471  31.427  -1.455  36.942 0.2500000000
54208  32.463  -1.475  35.957 0.2500000000
97596  31.662  -1.564  36.130 0.2500000000
93789  31.292  -2.193  33.985 0.5000000000
108804  30.974  -2.348  33.296 0.7500000000
53308  30.598  -2.475  32.494 1.0000000000
96518  29.951  -2.581  31.981 1.0000000000
95102  29.836  -2.702  31.243 1.0000000000
53331  29.677  -2.945  30.369 1.0000000000
52437  29.493  -3.805  29.174 0.8750000000
53338  29.688  -3.157  29.486 0.8750000000
51551  30.822  -4.387  27.369 0.5000000000
109410  30.377  -3.989  27.778 0.5000000000
52436  29.904  -3.229  28.695 0.8750000000
51565  32.532  -4.311  26.504 0.1250000000
51550  31.340  -4.772  27.183 0.5000000000
94895  32.977  -1.179  36.477 0.2500000000
109977  31.841  -1.680  35.437 0.2500000000
54226  31.578  -1.928  34.738 0.5000000000
53320  30.668  -2.479  31.518 1.0000000000
53330  30.509  -2.440  30.634 1.0000000000
53337  30.246  -2.536  29.745 1.0000000000
52453  30.260  -3.347  27.955 0.6250000000
52454  29.907  -3.988  28.420 0.7500000000
105199  30.092  -2.702  29.004 0.8750000000
51566  31.464  -4.006  26.701 0.3750000000
53362  30.548  -2.835  27.414 0.6250000000
54182  33.704  -1.092  36.317 0.2500000000
54237  32.111  -1.984  34.008 0.5000000000
53298  31.787  -2.260  33.292 0.7500000000
53306  32.181  -2.307  32.694 1.0000000000
53307  31.535  -2.386  32.630 1.0000000000
53351  30.259  -2.547  28.219 0.8750000000
53373  30.739  -2.223  26.958 0.7500000000
54207  33.402  -1.408  35.800 0.2500000000
54225  32.548  -1.703  34.946 0.2500000000
53319  31.493  -2.392  31.862 1.0000000000
53329  31.461  -2.151  30.994 1.0000000000
54258  30.985  -2.037  30.066 1.0000000000
54267  30.561  -2.014  29.062 1.0000000000
54277  30.408  -1.648  28.121 1.0000000000
100948  30.606  -1.094  28.658 1.0000000000
103246  30.476  -2.118  27.580 1.0000000000
54224  33.538  -1.619  34.713 0.2500000000
95497  32.983  -1.836  33.916 0.5000000000
54236  32.583  -2.188  33.163 0.5000000000
53318  32.088  -2.300  32.187 1.0000000000
54250  32.204  -2.100  31.650 1.0000000000
54256  32.248  -1.636  31.004 1.0000000000
54257  31.594  -1.469  30.328 1.0000000000
54266  31.037  -1.333  29.569 1.0000000000
54289  30.559  -1.318  27.304 1.0000000000
55156  30.911  -0.657  26.703 0.6250000000
54307  31.516  -0.967  26.166 0.3750000000
54297  31.044  -1.569  26.568 0.6250000000
55167  32.674  -0.346  25.518 0.1250000000
96902  31.971  0.074  25.737 0.3750000000
54235  33.364  -2.024  33.010 0.5000000000
55113  33.512  -1.054  31.634 1.0000000000
54243  33.489  -1.670  32.269 1.0000000000
54244  32.740  -2.121  32.336 1.0000000000
55977  33.790  0.587  31.423 1.0000000000
55978  33.323  -0.189  31.203 1.0000000000
54249  32.888  -1.664  31.625 1.0000000000
107552  34.013  2.044  31.405 1.0000000000
56849  33.555  1.507  31.072 1.0000000000
55114  32.817  -0.939  31.071 1.0000000000
55985  33.093  0.751  30.773 1.0000000000
55986  32.588  -0.031  30.635 1.0000000000
55119  32.139  -0.805  30.469 1.0000000000
102371  32.291  0.867  30.235 1.0000000000
55987  31.831  0.137  30.077 1.0000000000
55124  31.472  -0.631  29.822 1.0000000000
56858  32.743  1.745  30.337 1.0000000000
56859  32.065  1.484  29.794 1.0000000000
56869  31.588  1.627  29.174 1.0000000000
55995  31.202  0.236  29.383 1.0000000000
55125  30.848  -0.442  29.089 1.0000000000
56012  30.657  0.536  28.077 1.0000000000
55135  30.572  -0.278  28.326 1.0000000000
56027  30.827  0.840  27.231 0.8750000000
55147  30.608  -0.211  27.465 0.8750000000
56046  31.746  0.674  25.921 0.3750000000
56034  31.235  0.727  26.497 0.5000000000
56044  33.200  0.288  25.174 0.1250000000
56045  32.409  0.603  25.385 0.5000000000
109736  34.032  -0.341  31.775 1.0000000000
56848  34.243  1.304  31.689 1.0000000000
57713  33.499  2.512  30.754 1.0000000000
56868  32.165  2.145  29.521 1.0000000000
102431  31.308  1.697  28.479 1.0000000000
57770  31.410  2.154  27.820 1.0000000000
56882  30.947  1.345  27.937 1.0000000000
56899  31.135  1.606  27.322 0.8750000000
56917  32.041  1.444  25.580 0.6250000000
56909  31.258  1.446  26.731 0.7500000000
56936  33.150  1.406  24.289 0.3750000000
57702  35.916  2.855  33.056 0.7500000000
58545  35.791  3.730  33.018 0.8750000000
98589  35.320  3.354  32.528 0.8750000000
110803  35.330  4.048  32.491 0.8750000000
59447  35.688  4.541  32.816 0.8750000000
58546  34.873  3.829  31.973 0.8750000000
57704  34.760  3.033  32.003 1.0000000000
56842  34.686  2.082  32.014 1.0000000000
55976  34.482  0.414  31.991 0.8750000000
55109  34.128  -1.121  32.277 0.8750000000
57712  34.192  2.742  31.404 1.0000000000
58558  34.393  3.489  31.344 1.0000000000
58559  33.916  3.216  30.859 1.0000000000
57724  32.835  2.699  29.877 1.0000000000
57737  32.327  2.842  29.011 1.0000000000
57736  32.995  3.365  29.295 1.0000000000
57750  31.912  2.913  28.157 1.0000000000
58608  32.330  3.442  27.632 1.0000000000
57769  31.799  2.829  27.281 1.0000000000
57777  31.887  2.659  26.424 0.8750000000
57778  31.441  2.154  26.946 0.8750000000
58624  32.383  3.116  25.849 0.7500000000
57786  32.151  2.328  25.642 0.6250000000
57787  31.658  1.924  26.231 0.6250000000
57805  33.517  2.083  23.705 0.3750000000
57794  33.056  2.319  24.353 0.3750000000
57785  32.680  2.740  25.037 0.6250000000
57795  32.547  1.924  24.923 0.6250000000
57804  34.127  2.475  23.138 0.1250000000
56935  34.069  1.520  23.245 0.2500000000
107784  35.188  4.663  31.945 0.8750000000
59458  34.615  4.234  31.213 0.8750000000
59471  34.424  4.545  30.409 1.0000000000
58572  34.136  3.833  30.621 1.0000000000
59479  34.272  4.771  29.633 1.0000000000
59472  33.927  4.129  29.902 1.0000000000
59480  33.756  4.343  29.191 1.0000000000
108267  33.485  3.838  29.466 1.0000000000
59488  33.591  4.399  28.428 1.0000000000
58607  32.831  3.914  27.149 1.0000000000
58623  33.014  3.513  25.329 0.7500000000
58616  32.282  3.336  26.739 1.0000000000
105117  33.297  3.128  24.425 0.6250000000
58641  36.054  4.173  22.856 0.8750000000
105997  35.716  3.645  22.516 0.7500000000
58642  35.145  3.716  22.888 0.3750000000
58643  34.350  3.319  23.287 0.6250000000
108206  33.380  2.617  24.022 0.5000000000
58668  37.773  3.448  21.338 0.3750000000
106301  37.094  3.686  21.851 0.7500000000
58653  36.278  3.519  22.102 0.6250000000
57825  38.362  2.806  20.774 0.2500000000
58682  39.023  3.321  20.329 0.2500000000
58695  39.241  4.010  19.692 0.2500000000
59565  38.770  4.324  20.255 0.5000000000
60344  35.414  5.502  31.554 0.8750000000
61262  35.717  6.206  31.034 0.7500000000
59457  34.894  4.988  31.021 0.8750000000
60352  35.250  5.549  30.826 0.8750000000
60353  34.829  5.301  30.176 0.8750000000
60359  34.692  5.357  29.284 1.0000000000
59487  34.160  4.867  28.839 1.0000000000
60366  34.737  5.384  28.402 1.0000000000
59500  34.068  4.854  28.042 1.0000000000
97599  34.099  4.739  27.235 1.0000000000
59501  33.468  4.377  27.611 1.0000000000
59509  34.229  4.684  26.341 0.8750000000
59510  33.449  4.315  26.714 0.8750000000
94385  35.122  4.757  24.983 0.8750000000
59525  34.441  4.272  24.502 0.6250000000
59515  34.339  4.527  25.395 0.7500000000
103618  33.531  4.180  25.784 0.8750000000
100579  37.405  4.790  23.320 1.0000000000
110761  36.707  4.486  23.089 1.0000000000
108337  35.089  4.467  24.234 0.8750000000
58632  33.980  3.643  24.036 0.6250000000
58652  37.661  4.223  22.007 0.8750000000
59542  36.962  4.249  22.514 0.8750000000
59552  38.122  4.319  21.625 0.6250000000
58667  38.419  3.925  20.938 0.6250000000
110581  38.590  4.766  20.858 0.8750000000
59580  38.942  4.812  19.498 0.5000000000
59579  39.440  4.431  18.982 0.3750000000
61258  35.820  6.172  32.051 0.7500000000
104400  35.374  5.862  30.371 0.8750000000
61266  35.778  6.389  30.124 0.8750000000
60358  35.275  5.843  29.686 1.0000000000
99302  35.186  5.760  28.980 1.0000000000
60365  35.597  5.855  28.350 1.0000000000
109767  34.563  5.166  27.666 1.0000000000
60392  35.738  5.485  26.872 1.0000000000
60381  34.852  5.152  26.951 1.0000000000
102936  39.133  6.469  26.575 1.0000000000
100180  38.232  5.797  25.450 1.0000000000
101727  37.683  5.969  26.031 1.0000000000
60400  37.323  5.627  25.492 1.0000000000
60402  36.202  5.494  26.140 1.0000000000
59508  35.195  5.117  25.991 1.0000000000
99006  39.885  6.651  26.489 1.0000000000
61315  38.897  6.215  25.809 1.0000000000
93338  37.638  5.450  24.911 1.0000000000
60401  36.642  5.491  25.589 1.0000000000
102938  35.824  4.825  24.462 1.0000000000
60411  38.392  5.445  24.550 1.0000000000
59523  37.448  5.210  24.187 1.0000000000
59535  36.506  4.746  23.747 1.0000000000
96428  39.151  5.495  24.394 0.8750000000
93023  38.991  5.316  23.254 0.8750000000
60430  38.794  5.206  22.590 0.8750000000
60440  38.554  4.906  21.712 0.7500000000
60467  39.127  5.150  18.742 0.7500000000
60468  38.765  5.476  19.333 0.8750000000
60456  38.560  5.359  20.089 0.8750000000
62166  36.972  7.477  31.173 0.6250000000
61265  36.324  6.891  30.664 0.7500000000
62171  37.715  7.684  30.625 0.6250000000
61271  36.457  6.788  29.814 1.0000000000
94973  36.802  6.629  29.067 0.8750000000
60364  36.425  6.290  28.344 1.0000000000
61292  39.620  7.106  27.755 0.5000000000
94950  37.289  6.612  28.371 1.0000000000
60380  35.269  5.501  27.639 1.0000000000
103228  39.618  6.753  27.098 0.6250000000
100984  39.138  6.688  27.337 1.0000000000
61293  38.483  6.449  27.144 1.0000000000
92958  37.852  6.563  27.724 1.0000000000
60391  36.635  5.778  26.884 1.0000000000
61291  40.275  7.078  27.159 0.6250000000
60389  38.325  6.228  26.282 1.0000000000
93366  36.998  5.785  26.151 1.0000000000
108899  40.155  6.459  25.911 0.7500000000
61314  39.566  6.330  25.858 0.8750000000
111872  40.014  6.133  25.440 0.7500000000
60399  40.176  5.906  24.952 0.7500000000
60421  39.503  5.538  23.809 0.7500000000
60429  39.448  5.555  22.926 0.7500000000
60439  39.153  5.609  22.064 0.8750000000
61363  38.551  6.007  20.198 1.0000000000
61380  39.085  6.394  18.184 0.6250000000
61370  38.856  6.548  19.015 0.7500000000
61371  38.598  6.006  19.557 0.8750000000
63092  41.368  8.515  29.386 0.5000000000
110944  37.148  7.053  29.570 0.8750000000
62169  39.221  8.023  29.992 0.5000000000
62177  38.673  7.574  29.518 0.5000000000
62178  37.837  7.409  29.762 0.7500000000
61270  37.575  6.988  29.052 0.8750000000
62183  40.763  7.810  28.409 0.5000000000
63105  40.898  8.199  29.032 0.5000000000
62175  40.303  7.970  29.086 0.5000000000
62176  39.470  7.691  29.151 0.5000000000
62185  38.741  7.316  28.752 0.6250000000
61279  38.074  6.966  28.479 0.8750000000
62198  40.315  7.390  27.900 0.6250000000
62184  39.969  7.542  28.461 0.6250000000
106751  39.306  7.330  28.405 0.7500000000
61278  38.753  6.908  27.941 0.8750000000
62212  41.075  7.257  26.844 0.3750000000
61304  40.563  6.804  26.324 0.5000000000
61325  40.962  6.165  24.704 0.6250000000
60420  40.193  5.852  24.242 0.7500000000
60428  40.086  5.873  23.362 0.7500000000
61340  39.879  6.179  22.434 0.7500000000
62277  40.168  7.217  21.013 0.8750000000
61348  40.068  6.749  21.688 0.8750000000
61349  39.379  6.246  21.500 0.7500000000
108885  39.635  6.730  21.049 0.8750000000
98596  39.048  6.359  20.655 1.0000000000
60455  38.769  5.608  21.057 1.0000000000
63250  40.690  8.423  19.389 0.8750000000
62296  40.157  7.948  19.449 1.0000000000
95795  40.144  7.610  20.239 0.8750000000
63258  40.314  8.285  18.641 1.0000000000
62297  39.454  7.253  19.461 1.0000000000
104261  39.739  7.699  18.811 0.8750000000
101275  39.272  7.127  18.483 0.7500000000
62313  39.447  6.982  17.647 0.3750000000
63104  41.444  8.246  28.663 0.3750000000
63091  42.200  8.633  29.005 0.3750000000
63103  42.091  8.259  28.233 0.3750000000
62182  41.477  7.903  27.997 0.3750000000
62196  41.633  7.589  27.345 0.3750000000
62211  41.854  7.323  26.617 0.3750000000
61303  41.329  6.875  26.079 0.5000000000
61312  41.562  6.564  25.361 0.5000000000
61313  40.709  6.358  25.527 0.5000000000
61324  41.774  6.595  24.658 0.6250000000
98492  41.347  6.475  24.037 0.6250000000
61334  40.730  6.209  23.767 0.6250000000
98781  40.523  6.323  23.028 0.7500000000
62266  41.250  7.290  22.407 0.6250000000
61339  40.600  6.776  22.420 0.7500000000
62276  40.922  7.807  20.958 0.7500000000
94916  40.721  7.274  21.713 0.7500000000
63236  41.474  8.483  20.548 0.8750000000
63249  41.307  8.701  19.744 0.8750000000
63237  40.740  8.221  20.078 0.8750000000
64136  40.877  8.832  18.115 0.8750000000
63257  41.091  8.805  18.957 0.8750000000
104828  42.713  8.525  28.404 0.3750000000
63121  42.755  8.211  27.723 0.3750000000
62181  42.062  7.929  27.702 0.3750000000
62195  42.351  7.706  27.147 0.3750000000
62210  42.583  7.502  26.410 0.3750000000
61311  42.263  6.872  25.211 0.5000000000
111780  42.327  6.979  24.588 0.6250000000
62253  41.958  6.974  23.860 0.6250000000
94711  41.733  7.321  23.018 0.6250000000
62265  41.939  7.866  22.328 0.6250000000
63216  41.714  8.217  21.393 0.7500000000
63197  42.659  8.394  22.743 0.6250000000
64104  41.988  9.055  20.137 0.7500000000
63235  42.196  8.822  20.953 0.7500000000
64120  42.407  9.715  19.751 0.8750000000
64134  42.174  9.903  18.914 0.8750000000
62194  43.095  7.919  26.949 0.3750000000
62223  42.734  7.354  25.676 0.3750000000
98456  42.778  7.347  24.935 0.5000000000
63182  42.970  8.166  23.638 0.3750000000
62238  42.619  7.489  24.154 0.6250000000
63196  43.341  8.862  23.116 0.5000000000
64066  43.050  9.117  22.272 0.3750000000
64082  43.439  9.815  21.822 0.3750000000
63215  42.401  8.606  21.833 0.6250000000
64929  43.369  10.813  20.725 0.3750000000
64103  42.592  9.522  20.571 0.7500000000
64083  42.791  9.327  21.409 0.7500000000
65821  43.463  11.509  20.467 0.5000000000
65833  42.807  11.273  19.173 0.7500000000
64940  42.683  10.479  19.429 0.7500000000
64961  42.260  10.948  17.673 0.8750000000
65801  44.830  11.547  22.352 0.1250000000
64899  44.654  10.757  22.602 0.1250000000
64065  43.708  9.571  22.638 0.2500000000
65808  44.374  11.910  21.636 0.1250000000
64912  43.703  10.572  21.467 0.1250000000
66663  43.839  12.013  20.885 0.2500000000
95576  43.460  12.105  20.278 0.5000000000
63181  43.597  8.635  23.975 0.2500000000
64051  43.957  9.328  23.453 0.1250000000
64064  44.339  10.014  22.986 0.1250000000
66656  45.552  12.772  22.691 0.1250000000
66657  44.936  12.300  22.242 0.1250000000
67521  44.919  13.022  22.150 0.1250000000
104880  44.543  12.610  21.777 0.1250000000
65832  43.147  11.769  19.766 0.6250000000
67520  45.375  13.447  22.455 0.1250000000
66672  44.087  12.633  21.236 0.2500000000
107105  6.829  -19.889  60.372 0.6250000000
100757  6.337  -20.529  57.569 0.2500000000
34951  8.976  -21.420  59.884 0.2500000000
33930  7.993  -21.656  60.861 0.2500000000
34953  6.646  -21.381  60.385 0.3750000000
33918  7.047  -22.551  60.572 0.3750000000
34958  9.334  -21.256  58.813 0.3750000000
33942  6.311  -22.003  58.561 0.3750000000
34954  6.256  -20.901  59.934 0.3750000000
35989  6.589  -20.376  56.683 0.2500000000
37931  6.746  -18.478  54.614 0.2500000000
101940  6.583  -17.788  54.797 0.2500000000
37921  9.910  -18.308  55.907 0.8750000000
37930  10.053  -18.730  55.127 0.5000000000
93752  9.596  -19.991  56.175 0.3750000000
98558  9.601  -19.989  57.111 0.3750000000
36059  11.530  -20.384  52.587 0.1250000000
35016  11.575  -21.117  53.845 0.1250000000
35017  10.841  -20.645  53.988 0.1250000000
36018  10.366  -20.627  54.789 0.2500000000
37939  10.328  -18.607  53.610 0.6250000000
100173  10.400  -16.559  55.052 1.0000000000
38745  10.046  -17.845  55.285 0.8750000000
37962  12.263  -18.385  50.274 0.3750000000
38759  10.488  -17.997  53.022 0.7500000000
37112  12.568  -19.239  50.252 0.2500000000
92794  11.743  -14.282  54.952 0.7500000000
39483  10.774  -15.879  54.590 0.7500000000
40257  11.295  -15.348  54.148 0.8750000000
39491  10.658  -16.677  54.147 0.8750000000
39515  12.603  -16.810  50.278 0.6250000000
38771  12.801  -17.285  49.863 0.5000000000
38782  12.730  -18.014  49.762 0.5000000000
38790  13.980  -17.533  48.816 0.3750000000
38781  13.341  -17.568  49.341 0.3750000000
39536  14.361  -16.912  48.651 0.3750000000
39524  14.174  -16.202  49.073 0.7500000000
93981  13.019  -14.416  53.088 0.8750000000
41090  12.659  -14.833  52.705 0.8750000000
40291  13.157  -15.377  51.184 1.0000000000
40333  15.976  -16.293  47.674 0.5000000000
108466  13.920  -13.932  52.582 0.7500000000
40311  15.022  -15.135  49.097 0.7500000000
41137  15.612  -14.750  48.882 0.8750000000
41978  15.886  -12.867  52.216 0.7500000000
42004  16.555  -12.980  50.621 0.8750000000
41136  16.989  -14.118  47.891 1.0000000000
41198  23.798  -14.155  42.839 0.3750000000
41174  24.517  -14.461  44.321 0.1250000000
40356  22.515  -15.506  44.255 0.5000000000
40365  22.307  -14.984  43.581 0.5000000000
40355  23.165  -15.386  44.550 0.1250000000
41183  23.118  -14.581  43.227 0.5000000000
43241  23.502  -12.719  41.929 0.5000000000
109650  23.043  -13.285  42.351 0.7500000000
42123  22.294  -13.532  42.858 0.7500000000
42068  19.048  -13.239  46.026 0.7500000000
42087  18.852  -13.939  45.695 0.7500000000
41167  18.854  -14.810  45.479 0.7500000000
43232  22.114  -12.608  42.991 0.7500000000
45325  23.780  -10.634  42.299 0.7500000000
44307  23.146  -11.136  42.605 0.8750000000
49328  27.842  -6.773  50.186 0.5000000000
47220  25.886  -7.807  49.665 0.7500000000
49310  29.587  -6.381  50.509 0.6250000000
48260  28.009  -6.741  49.228 0.7500000000
94470  25.728  -7.944  48.780 0.8750000000
105071  25.119  -8.495  48.840 0.8750000000
47222  24.695  -8.810  49.257 0.8750000000
46190  24.210  -9.219  49.691 0.6250000000
46191  23.635  -9.602  49.346 0.8750000000
48273  29.326  -6.599  47.958 0.8750000000
48274  28.254  -6.697  48.301 0.8750000000
109749  27.045  -7.212  47.864 1.0000000000
46206  24.183  -9.273  48.093 0.8750000000
45279  22.326  -10.578  47.599 0.8750000000
49364  30.469  -6.594  47.908 1.0000000000
48289  27.258  -7.221  47.192 1.0000000000
96395  24.194  -9.267  47.260 0.8750000000
44241  20.363  -11.444  48.493 0.8750000000
48287  30.010  -6.731  47.266 1.0000000000
48286  31.079  -6.866  47.071 1.0000000000
98777  28.134  -6.940  46.879 0.8750000000
47247  25.897  -7.807  47.032 1.0000000000
48304  26.651  -7.493  46.700 1.0000000000
47262  25.362  -8.296  46.542 1.0000000000
46218  23.563  -9.708  46.730 0.8750000000
46217  24.220  -9.254  46.386 1.0000000000
48302  28.983  -7.048  46.212 1.0000000000
94967  29.943  -7.205  45.907 1.0000000000
46229  24.238  -9.224  45.434 1.0000000000
48332  28.564  -7.517  44.721 1.0000000000
48333  27.744  -7.521  44.856 0.8750000000
48317  27.576  -7.389  45.652 1.0000000000
47273  26.202  -7.792  45.221 1.0000000000
46239  24.301  -9.193  44.447 1.0000000000
44280  21.957  -11.206  44.965 0.7500000000
48329  31.439  -7.830  44.715 1.0000000000
107363  32.537  -8.076  44.411 1.0000000000
48331  29.395  -7.571  44.648 1.0000000000
47292  27.946  -7.728  44.003 1.0000000000
110713  26.607  -7.726  44.710 1.0000000000
47294  25.541  -8.266  44.702 0.8750000000
47313  25.663  -8.335  43.752 0.8750000000
46250  24.462  -9.241  43.430 1.0000000000
47308  31.108  -8.414  43.083 1.0000000000
96614  28.244  -7.994  43.314 0.8750000000
47328  25.837  -8.474  42.953 0.8750000000
94876  28.068  -8.416  42.487 0.8750000000
47326  27.188  -8.647  42.133 0.8750000000
46268  25.650  -9.003  42.202 0.8750000000
45324  24.468  -10.220  41.951 0.7500000000
48285  32.199  -7.237  46.779 1.0000000000
47307  32.507  -8.502  42.998 0.8750000000
47306  34.011  -8.262  42.817 0.8750000000
47305  34.009  -8.322  42.017 0.8750000000
47350  34.202  -9.246  40.783 0.7500000000
50358  34.440  -5.862  46.466 0.8750000000
51330  33.284  -4.756  44.976 0.8750000000
49436  31.706  -6.120  42.123 1.0000000000
49557  27.715  -6.722  33.371 0.7500000000
52397  27.809  -3.692  32.926 1.0000000000
52409  27.685  -4.172  32.241 1.0000000000
50548  28.173  -5.529  31.040 0.7500000000
53245  27.808  -2.961  37.744 0.8750000000
111902  28.306  -3.170  32.918 1.0000000000
110849  30.583  -2.314  33.907 0.5000000000
53309  29.524  -2.587  32.713 1.0000000000
53310  28.758  -2.927  32.480 1.0000000000
49645  32.780  -6.066  27.677 0.1250000000
50613  31.573  -5.430  27.389 0.2500000000
50614  30.872  -5.160  27.638 0.2500000000
54185  29.890  -1.918  36.770 0.3750000000
50630  32.845  -5.008  26.792 0.1250000000
51549  31.976  -4.884  26.855 0.1250000000
52467  30.696  -3.622  27.263 0.5000000000
52478  31.002  -3.057  26.815 0.5000000000
102768  30.406  -0.878  27.962 1.0000000000
56035  30.912  0.140  26.785 0.6250000000
55155  31.401  -0.067  26.214 0.5000000000
55168  31.919  -0.498  25.839 0.3750000000
56860  31.616  0.929  29.619 1.0000000000
56011  31.038  0.997  28.797 1.0000000000
55996  30.776  0.243  28.737 1.0000000000
56918  31.574  1.257  26.194 0.6250000000
56056  32.936  0.845  24.860 0.1250000000
57751  31.708  2.281  28.702 1.0000000000
110139  33.606  1.433  23.717 0.3750000000
56926  32.596  1.267  25.003 0.3750000000
58522  36.424  3.365  33.490 0.6250000000
58573  33.512  3.397  30.128 1.0000000000
58593  32.586  3.436  28.478 1.0000000000
97620  33.225  3.904  28.810 1.0000000000
58592  32.963  3.949  28.016 1.0000000000
58615  32.843  3.783  26.230 0.8750000000
58644  33.725  2.893  23.717 0.5000000000
57814  34.680  1.957  22.655 0.1250000000
59516  33.707  3.926  24.872 0.6250000000
58654  35.498  3.128  22.276 0.3750000000
58655  34.774  2.866  22.626 0.3750000000
59537  34.684  4.041  23.692 0.6250000000
57826  37.610  2.333  21.092 0.3750000000
58669  36.897  2.898  21.527 0.3750000000
57812  36.086  2.554  21.772 0.6250000000
57813  35.386  2.267  22.220 0.3750000000
61261  36.277  6.841  31.591 0.7500000000
59534  38.061  5.198  23.809 1.0000000000
59533  38.308  5.028  23.130 0.8750000000
106035  37.741  4.595  22.660 1.0000000000
59536  35.503  4.366  23.603 0.8750000000
96712  38.248  4.713  22.319 0.7500000000
61272  35.869  6.282  29.196 1.0000000000
59514  35.951  5.211  25.329 1.0000000000
93718  39.311  5.774  25.128 1.0000000000
59524  36.755  5.257  24.818 1.0000000000
60410  39.685  5.675  24.529 0.7500000000
60422  38.752  5.327  23.833 0.8750000000
62165  37.632  7.901  31.291 0.5000000000
62172  37.056  7.287  30.248 0.7500000000
60379  36.129  5.849  27.603 1.0000000000
60378  36.981  6.253  27.602 1.0000000000
60390  37.575  6.134  26.838 1.0000000000
108119  38.185  7.275  29.098 0.8750000000
62197  40.921  7.509  27.628 0.3750000000
62289  39.536  6.987  20.389 0.8750000000
98685  38.922  6.531  19.858 1.0000000000
62306  39.755  7.693  18.048 1.0000000000
61302  42.101  7.000  25.898 0.5000000000
61333  41.180  6.752  23.210 0.6250000000
111482  41.334  7.680  21.748 0.7500000000
64135  41.513  9.379  18.511 0.8750000000
64121  41.745  9.270  19.342 0.8750000000
62252  42.329  7.685  23.279 0.6250000000
64930  42.932  10.265  20.223 0.7500000000
64951  42.444  10.690  18.573 0.8750000000
64952  41.854  10.055  17.934 0.8750000000
64900  44.033  10.298  22.221 0.2500000000
64102  43.156  10.064  21.028 0.3750000000
65809  43.851  11.330  21.176 0.1250000000
64939  43.106  11.015  19.952 0.6250000000
64911  44.302  11.048  21.866 0.1250000000
65800  45.414  11.987  22.774 0.1250000000
102729  17.220  -15.344  46.875 0.6250000000
39553  22.267  -16.087  45.748 0.1250000000
38818  19.437  -16.935  45.829 0.1250000000
39561  22.002  -15.902  44.797 0.2500000000
40341  18.251  -15.831  45.941 0.6250000000
101667  18.388  -15.124  45.839 0.6250000000
40357  21.716  -15.525  44.151 0.2500000000
46286  25.945  -9.596  41.637 0.7500000000
45323  25.236  -9.854  41.685 0.7500000000
45339  25.924  -10.519  41.480 0.6250000000
39545  20.733  -16.903  47.427 0.1250000000
39543  22.085  -16.157  46.782 0.1250000000
39544  21.350  -16.562  46.955 0.1250000000
107424  20.652  -16.890  46.525 0.1250000000
38807  20.028  -17.286  46.866 0.1250000000
39554  21.512  -16.472  46.109 0.1250000000
39555  20.766  -16.671  45.752 0.1250000000
38817  20.031  -17.053  46.070 0.1250000000
39562  21.432  -16.283  45.289 0.1250000000
39563  20.082  -16.646  45.451 0.2500000000
39564  19.471  -16.297  45.360 0.2500000000
39570  21.337  -15.915  44.685 0.2500000000
39571  20.676  -16.209  44.976 0.2500000000
39572  20.019  -16.158  45.013 0.2500000000
40350  18.866  -15.681  45.505 0.6250000000
41156  17.810  -14.985  46.365 0.6250000000
40358  20.900  -15.530  44.374 0.3750000000
40359  20.289  -15.744  44.737 0.2500000000
40349  19.601  -15.411  44.948 0.5000000000
41175  21.414  -14.965  43.809 0.6250000000
41176  20.651  -14.768  44.140 0.6250000000
41166  19.352  -14.359  45.107 0.6250000000
45338  26.926  -10.789  41.463 0.6250000000
46285  26.614  -9.829  41.498 0.6250000000
45337  27.888  -10.835  41.366 0.6250000000
41186  21.134  -14.199  43.741 0.6250000000
46267  26.459  -9.028  41.813 0.7500000000
46266  27.084  -9.213  41.631 0.7500000000
47339  27.825  -9.046  41.683 0.7500000000
101700  29.183  -10.540  41.206 0.5000000000
94519  28.434  -9.971  41.389 0.3750000000
45336  28.799  -10.927  41.191 0.5000000000
46261  33.539  -9.127  41.645 0.7500000000
46282  32.548  -10.158  41.371 0.6250000000
46281  33.789  -9.855  41.362 0.7500000000
45333  31.520  -11.012  40.937 0.5000000000
45335  29.743  -11.044  40.904 0.5000000000
101477  31.182  -10.258  41.228 0.6250000000
45334  30.590  -11.041  40.815 0.6250000000
99543  33.822  -10.408  41.385 0.5000000000
47324  33.156  -8.814  42.267 0.7500000000
46262  32.106  -9.420  41.769 0.6250000000
46283  29.997  -10.205  41.243 0.6250000000
46265  29.205  -9.701  41.481 0.7500000000
93595  28.829  -8.865  41.891 0.7500000000
43146  16.770  -12.573  51.623 0.6250000000
45258  22.446  -10.384  49.399 0.6250000000
99297  31.582  -8.853  42.303 0.6250000000
46263  30.744  -9.361  41.726 0.6250000000
46264  29.746  -9.149  41.774 0.6250000000
43159  17.349  -12.507  50.683 0.6250000000
45246  21.636  -10.528  50.520 0.5000000000
44218  19.625  -11.463  50.131 0.5000000000
99555  18.312  -12.159  50.063 0.7500000000
45244  23.074  -9.941  49.930 0.6250000000
110699  21.296  -10.799  49.314 0.5000000000
44228  20.712  -11.104  49.303 0.6250000000
44230  19.243  -11.751  49.395 0.6250000000
43173  18.499  -12.236  49.435 0.7500000000
45259  21.815  -10.688  48.961 0.6250000000
102644  19.998  -11.457  49.346 0.6250000000
97361  21.138  -10.970  48.675 0.7500000000
96201  19.651  -11.702  48.770 0.7500000000
47325  30.408  -8.700  42.334 0.6250000000
43129  17.723  -12.127  51.440 0.6250000000
44219  18.787  -11.799  50.218 0.6250000000
105540  29.588  -8.558  42.414 0.7500000000
52250  32.709  -3.946  46.137 0.6250000000
51315  33.397  -4.547  45.693 0.6250000000
51316  32.468  -4.211  45.368 0.6250000000
52239  32.972  -3.694  46.951 0.6250000000
52251  31.611  -3.669  45.913 0.6250000000
51331  32.220  -4.609  44.585 0.7500000000
51345  30.634  -4.709  43.571 0.7500000000
51344  31.620  -4.850  43.951 0.7500000000
51355  29.871  -4.829  42.921 0.6250000000
52232  31.919  -3.364  46.673 0.5000000000
51317  31.340  -3.999  45.126 0.6250000000
51332  30.989  -4.337  44.382 0.6250000000
51333  30.012  -4.050  44.150 0.6250000000
51346  29.614  -4.240  43.506 0.6250000000
50411  29.260  -5.005  42.247 0.7500000000
98073  28.171  -6.224  31.525 0.6250000000
50562  28.756  -5.871  30.332 0.5000000000
52252  30.604  -3.366  45.624 0.3750000000
52263  30.327  -3.701  44.842 0.6250000000
52264  29.524  -3.378  44.486 0.6250000000
107888  29.372  -3.703  43.928 0.5000000000
96730  29.107  -4.311  42.881 0.7500000000
49525  27.354  -6.660  35.595 0.7500000000
53145  30.139  -2.580  46.020 0.2500000000
52253  29.777  -2.933  45.208 0.5000000000
53153  29.245  -2.555  44.584 0.1250000000
52276  29.022  -3.176  43.969 0.5000000000
52287  29.022  -3.679  43.431 0.5000000000
54070  29.451  -1.633  44.871 0.1250000000
53166  28.862  -2.569  43.763 0.5000000000
52277  28.764  -3.118  43.417 0.5000000000
52288  28.589  -3.497  42.749 0.6250000000
64743  39.830  10.147  34.814 0.2500000000
63904  39.333  9.530  35.214 0.2500000000
62137  37.971  8.019  34.927 0.2500000000
62138  37.417  7.319  34.507 0.3750000000
61225  37.473  6.485  34.820 0.3750000000
64753  39.928  10.107  33.894 0.2500000000
63911  39.287  9.589  34.307 0.2500000000
63921  38.738  9.128  33.751 0.2500000000
63062  37.679  8.219  33.363 0.3750000000
62152  36.557  6.713  33.321 0.3750000000
61257  36.077  6.054  32.955 0.6250000000
63920  39.432  9.561  33.374 0.2500000000
63932  38.938  9.119  32.841 0.2500000000
63061  38.306  8.701  33.162 0.2500000000
111680  36.760  7.292  32.819 0.3750000000
60334  35.674  5.378  32.456 0.6250000000
63072  38.499  8.684  32.338 0.2500000000
62164  38.236  8.140  31.030 0.2500000000
54084  29.094  -1.766  44.094 0.2500000000
54085  28.862  -1.890  43.305 0.3750000000
53167  28.624  -2.615  43.010 0.3750000000
98819  39.502  9.356  36.037 0.2500000000
63044  39.030  8.965  35.592 0.2500000000
63045  38.621  8.329  35.626 0.2500000000
60293  37.115  5.844  34.464 0.3750000000
60333  36.200  5.111  33.366 0.6250000000
64742  40.508  10.604  34.455 0.2500000000
63919  40.135  9.982  32.983 0.2500000000
61245  36.905  6.671  34.162 0.3750000000
61246  36.524  5.942  33.785 0.3750000000
63931  39.644  9.457  32.494 0.2500000000
63087  38.970  8.323  30.740 0.3750000000
63080  38.711  8.544  31.527 0.2500000000
62170  38.471  7.832  30.280 0.3750000000
64732  40.445  10.629  35.357 0.2500000000
64733  39.904  10.048  35.698 0.2500000000
111550  36.639  4.521  33.852 0.5000000000
64752  40.676  10.484  33.538 0.2500000000
60315  36.801  5.141  34.124 0.3750000000
59424  36.252  4.184  33.430 0.6250000000
64764  41.699  10.488  32.474 0.2500000000
64765  40.895  10.285  32.687 0.2500000000
63930  40.397  9.723  32.191 0.2500000000
63929  41.155  9.970  31.947 0.3750000000
63941  40.639  9.447  31.455 0.3750000000
63079  39.450  8.750  31.229 0.3750000000
63954  40.871  9.160  30.752 0.3750000000
63078  40.153  8.975  30.965 0.3750000000
63086  39.706  8.488  30.497 0.3750000000
64751  41.477  10.775  33.251 0.2500000000
63940  41.403  9.630  31.272 0.3750000000
63085  40.432  8.627  30.303 0.3750000000
63094  39.970  8.220  29.769 0.3750000000
64785  41.919  10.200  31.750 0.3750000000
63084  41.142  8.784  30.094 0.3750000000
63093  40.685  8.374  29.623 0.3750000000
99224  34.658  -0.448  32.405 0.7500000000
54242  34.057  -1.610  32.937 0.6250000000
93344  17.860  -12.442  49.951 0.7500000000
41177  19.956  -14.599  44.560 0.6250000000
45280  21.706  -10.790  48.124 0.7500000000
51300  34.277  -5.009  46.924 0.6250000000
105884  30.077  -5.328  42.425 0.8750000000
57703  35.326  2.561  32.534 0.8750000000
107927  36.351  6.745  32.470 0.6250000000
62161  36.775  7.383  32.077 0.5000000000
99745  37.314  7.811  31.800 0.3750000000
63967  41.891  9.022  29.813 0.3750000000
47338  34.003  -9.004  41.238 0.7500000000
63081  37.922  8.272  31.870 0.3750000000
40342  17.664  -15.982  46.388 0.6250000000
106403  26.310  -11.274  41.573 0.6250000000
110324  21.074  -16.685  46.311 0.1250000000
98631  20.260  -15.241  44.495 0.6250000000
46284  27.449  -9.950  41.432 0.6250000000
44350  30.996  -11.067  40.835 0.3750000000
103374  21.783  -10.585  49.727 0.5000000000
43158  18.101  -12.131  50.601 0.7500000000
63912  38.667  8.920  34.799 0.2500000000
63052  38.101  8.554  34.032 0.2500000000
63053  37.572  7.987  34.112 0.3750000000
62151  37.084  7.505  33.581 0.3750000000
62160  37.310  7.894  32.598 0.3750000000
63071  39.161  9.030  31.979 0.2500000000
105028  29.419  -1.074  43.456 0.2500000000
63942  39.891  9.263  31.681 0.2500000000
32080  8.931  -24.459  53.669 0.1250000000
32099  8.562  -23.940  52.909 0.1250000000
103792  9.318  -24.086  53.170 0.1250000000
97115  8.425  -23.786  52.099 0.1250000000
33104  8.912  -23.542  51.569 0.1250000000
32064  8.629  -24.585  54.417 0.1250000000
32081  8.206  -24.312  53.601 0.1250000000
33072  7.740  -23.583  53.011 0.1250000000
33071  8.009  -23.799  52.924 0.1250000000
33086  7.776  -23.586  52.122 0.1250000000
33105  8.041  -23.559  51.560 0.1250000000
31155  8.778  -25.097  57.222 0.1250000000
32043  8.216  -24.820  56.624 0.1250000000
32036  7.768  -24.335  57.075 0.1250000000
32051  8.206  -24.696  55.734 0.1250000000
32052  7.792  -24.190  55.216 0.1250000000
32066  7.669  -24.230  54.284 0.1250000000
33052  7.485  -23.657  54.769 0.1250000000
35029  7.539  -22.372  52.238 0.1250000000
33995  7.580  -23.197  52.503 0.1250000000
106497  7.558  -22.439  51.519 0.1250000000
34010  7.614  -23.166  51.735 0.1250000000
33106  7.785  -23.362  51.433 0.1250000000
33122  8.498  -23.226  50.757 0.1250000000
31145  8.855  -25.066  58.136 0.1250000000
32035  8.289  -24.747  57.611 0.1250000000
33950  6.604  -22.057  57.532 0.1250000000
33048  7.400  -23.780  56.608 0.1250000000
34965  6.348  -21.225  58.027 0.1250000000
33965  7.236  -22.744  55.508 0.1250000000
33982  7.576  -22.817  53.747 0.1250000000
33973  7.437  -22.827  54.475 0.1250000000
97625  7.550  -21.243  52.745 0.1250000000
35018  7.509  -22.311  53.173 0.1250000000
100671  7.544  -21.490  51.831 0.1250000000
35041  7.571  -21.892  50.969 0.1250000000
34027  7.657  -22.948  50.900 0.1250000000
35053  7.664  -22.364  50.232 0.1250000000
107486  7.905  -23.180  50.802 0.1250000000
34050  7.791  -22.768  49.984 0.1250000000
33027  7.335  -23.269  60.548 0.2500000000
32026  8.833  -24.865  58.953 0.1250000000
32022  7.839  -24.145  59.093 0.1250000000
101059  6.913  -22.899  59.929 0.2500000000
33931  6.401  -21.901  59.656 0.2500000000
32028  7.720  -24.124  58.176 0.2500000000
33044  7.133  -23.386  58.343 0.2500000000
34960  6.206  -21.148  59.044 0.2500000000
97392  7.268  -23.608  57.537 0.2500000000
34969  6.899  -22.254  56.530 0.1250000000
103180  6.885  -21.653  55.907 0.1250000000
34970  6.538  -21.253  56.914 0.1250000000
35001  7.389  -21.987  54.107 0.1250000000
112097  7.287  -21.206  54.583 0.1250000000
36005  7.120  -20.975  55.346 0.1250000000
36042  7.351  -20.986  53.778 0.1250000000
37100  7.524  -19.388  51.600 0.1250000000
36060  7.537  -20.348  52.192 0.1250000000
36079  7.579  -20.654  51.266 0.1250000000
105934  7.556  -19.927  50.741 0.1250000000
36088  7.593  -21.138  50.232 0.1250000000
35067  7.640  -22.142  49.461 0.1250000000
37050  7.270  -19.772  53.966 0.1250000000
36019  7.129  -20.392  54.689 0.1250000000
95587  7.376  -20.104  53.088 0.1250000000
37084  7.416  -19.447  52.483 0.1250000000
37957  7.267  -18.367  51.448 0.1250000000
37114  7.516  -18.950  50.743 0.1250000000
103045  7.562  -19.811  49.874 0.1250000000
36098  7.537  -21.185  49.144 0.1250000000
104244  7.811  -22.346  49.086 0.1250000000
107368  7.498  -20.164  48.835 0.1250000000
35080  7.558  -22.054  48.541 0.1250000000
34092  7.715  -22.187  48.316 0.1250000000
37071  7.223  -19.018  53.213 0.1250000000
37072  7.123  -18.958  54.069 0.1250000000
37949  7.263  -18.646  52.284 0.1250000000
37136  7.497  -19.112  49.287 0.1250000000
107596  7.459  -19.447  48.552 0.1250000000
102511  7.453  -20.317  47.955 0.1250000000
35100  7.559  -22.027  47.576 0.1250000000
36127  7.464  -21.372  47.223 0.1250000000
36142  7.499  -21.225  46.395 0.1250000000
37159  7.530  -19.806  45.432 0.1250000000
37941  6.875  -18.267  53.628 0.1250000000
37950  6.861  -17.807  52.129 0.1250000000
94598  6.680  -17.539  53.054 0.1250000000
106812  6.471  -16.927  54.025 0.1250000000
38746  6.509  -17.147  54.605 0.1250000000
38753  6.502  -17.052  53.528 0.1250000000
39516  7.023  -16.990  50.536 0.1250000000
103821  6.986  -17.685  51.309 0.1250000000
37963  7.279  -18.168  50.711 0.1250000000
37126  7.450  -18.680  50.041 0.1250000000
107793  7.276  -18.057  50.030 0.1250000000
111518  7.445  -18.452  49.510 0.1250000000
37973  7.427  -18.008  49.309 0.1250000000
37991  7.431  -18.371  47.748 0.1250000000
94560  7.414  -19.343  47.866 0.1250000000
38802  7.477  -17.565  48.086 0.1250000000
97301  7.454  -19.264  46.977 0.1250000000
37142  7.386  -20.327  47.084 0.1250000000
37996  7.467  -18.399  46.635 0.1250000000
102661  7.461  -19.206  46.168 0.1250000000
99603  7.474  -17.623  46.177 0.1250000000
39476  6.471  -16.726  55.146 0.1250000000
110030  6.342  -17.068  56.806 0.1250000000
39484  6.428  -16.523  54.411 0.1250000000
38760  6.619  -17.206  52.415 0.1250000000
101383  6.474  -16.883  52.968 0.1250000000
39492  6.399  -16.508  53.656 0.1250000000
93605  6.688  -17.209  51.788 0.1250000000
39499  6.517  -16.700  52.286 0.1250000000
105586  6.770  -17.149  51.163 0.1250000000
38774  7.117  -17.587  50.633 0.1250000000
38783  7.315  -17.410  49.853 0.1250000000
38791  7.475  -17.475  48.947 0.1250000000
39526  7.467  -16.812  49.272 0.1250000000
102556  7.463  -17.997  48.591 0.1250000000
39538  7.563  -16.909  48.422 0.1250000000
39550  7.617  -17.001  47.546 0.1250000000
38811  7.516  -17.655  47.160 0.1250000000
39558  7.627  -17.044  46.646 0.1250000000
110264  7.467  -18.550  45.519 0.1250000000
39453  6.704  -16.898  59.852 0.3750000000
39460  6.396  -16.495  58.735 0.3750000000
95787  6.411  -16.467  56.619 0.1250000000
40241  6.417  -15.858  57.498 0.2500000000
98908  6.354  -16.043  54.921 0.1250000000
40243  6.470  -15.647  56.314 0.1250000000
112051  6.370  -15.541  54.197 0.1250000000
107156  6.317  -15.497  54.775 0.1250000000
40251  6.421  -15.522  55.467 0.1250000000
40293  6.550  -16.279  51.764 0.1250000000
100461  6.371  -16.410  52.982 0.1250000000
98149  6.346  -14.968  54.549 0.1250000000
40305  6.681  -16.581  51.095 0.1250000000
105993  6.608  -16.808  51.609 0.1250000000
100142  7.314  -16.731  49.976 0.1250000000
111603  16.789  -15.638  47.219 0.5000000000
94214  16.573  -16.283  47.246 0.3750000000
39537  7.981  -16.353  47.911 0.1250000000
39451  7.243  -16.619  60.729 0.5000000000
39448  6.940  -16.459  60.668 0.3750000000
101913  6.620  -16.130  59.757 0.3750000000
40238  6.341  -15.617  58.774 0.2500000000
41041  6.201  -14.945  56.880 0.1250000000
41064  6.332  -14.914  55.247 0.1250000000
102741  6.488  -13.885  56.242 0.1250000000
40281  6.385  -16.053  52.559 0.1250000000
41957  6.567  -14.117  54.950 0.1250000000
41945  6.482  -14.324  55.773 0.1250000000
44208  18.573  -11.698  51.253 0.5000000000
41092  6.530  -15.303  52.896 0.1250000000
41080  6.612  -14.305  54.045 0.1250000000
41079  6.743  -14.468  53.195 0.1250000000
41956  6.839  -13.445  54.269 0.1250000000
41104  6.632  -15.496  51.999 0.1250000000
99509  7.078  -16.263  50.433 0.1250000000
105180  6.906  -15.757  51.113 0.1250000000
40304  7.439  -15.533  50.311 0.1250000000
40315  7.522  -16.004  49.630 0.1250000000
40325  7.795  -16.209  48.768 0.1250000000
40234  8.782  -16.047  59.468 0.5000000000
98332  8.407  -16.568  60.052 0.5000000000
40235  8.111  -16.183  60.428 0.5000000000
40231  7.400  -15.771  60.839 0.5000000000
40232  6.955  -15.812  60.931 0.3750000000
40233  6.766  -15.673  60.679 0.3750000000
41029  6.592  -14.934  60.302 0.3750000000
102908  6.429  -14.954  57.944 0.1250000000
41919  6.461  -14.206  59.628 0.1250000000
93795  18.880  -11.224  53.026 0.2500000000
44194  18.168  -11.582  52.780 0.2500000000
44179  18.282  -11.379  53.596 0.2500000000
44180  17.594  -11.713  53.326 0.3750000000
41926  6.374  -14.298  57.296 0.1250000000
41921  6.461  -14.230  58.370 0.1250000000
101619  6.507  -13.600  57.696 0.1250000000
101620  6.463  -13.492  58.813 0.1250000000
93541  18.765  -11.464  52.178 0.5000000000
110022  18.103  -11.745  52.028 0.3750000000
43130  17.435  -12.057  52.457 0.3750000000
43089  6.642  -13.153  56.309 0.1250000000
43075  6.622  -12.865  57.112 0.1250000000
43088  6.888  -12.762  55.604 0.1250000000
41970  7.000  -13.629  53.479 0.1250000000
41091  6.887  -14.631  52.317 0.1250000000
41117  7.634  -15.183  50.931 0.1250000000
41103  7.263  -14.940  51.526 0.1250000000
44294  28.633  -11.734  44.369 0.1250000000
94199  9.157  -15.047  59.083 0.5000000000
41028  8.153  -15.380  60.515 0.5000000000
41025  7.065  -15.123  61.047 0.3750000000
41026  6.868  -15.064  60.980 0.3750000000
41916  6.695  -14.224  60.854 0.3750000000
101253  6.678  -13.388  61.042 0.2500000000
111283  17.695  -11.508  53.970 0.3750000000
43114  17.032  -12.073  53.188 0.3750000000
44178  19.050  -11.032  53.883 0.2500000000
43066  6.487  -12.805  58.111 0.1250000000
43131  16.574  -12.435  52.688 0.5000000000
44207  19.368  -11.336  51.588 0.3750000000
109446  19.283  -11.493  50.822 0.5000000000
42140  25.043  -13.129  42.346 0.1250000000
42121  25.198  -13.488  43.099 0.1250000000
43231  25.683  -12.866  42.698 0.1250000000
43239  25.315  -12.522  41.965 0.1250000000
43229  27.188  -12.155  43.699 0.1250000000
43230  26.422  -12.494  43.170 0.1250000000
44305  28.862  -11.611  43.367 0.1250000000
100513  27.964  -11.734  43.234 0.1250000000
93214  30.893  -11.524  43.654 0.2500000000
94288  30.385  -11.552  42.776 0.2500000000
93215  31.779  -11.527  43.656 0.1250000000
93212  32.273  -11.530  42.680 0.1250000000
44303  31.270  -11.546  42.764 0.2500000000
44317  33.018  -11.473  42.063 0.1250000000
95344  32.306  -11.385  41.622 0.1250000000
41030  10.488  -13.655  58.570 0.5000000000
41031  9.639  -14.092  59.425 0.3750000000
41027  8.923  -14.799  60.059 0.3750000000
45192  19.547  -10.562  55.409 0.2500000000
44164  18.299  -11.194  54.504 0.2500000000
44165  17.340  -11.538  54.528 0.2500000000
43099  16.443  -11.928  54.395 0.5000000000
45204  19.874  -10.624  54.053 0.2500000000
43098  17.069  -11.807  53.838 0.5000000000
43115  16.438  -12.224  53.544 0.5000000000
43132  15.785  -12.647  53.130 0.5000000000
45214  20.476  -10.534  53.258 0.3750000000
44192  20.004  -10.764  52.638 0.3750000000
44206  19.993  -10.909  51.909 0.3750000000
44217  20.029  -11.127  50.957 0.3750000000
43240  24.416  -12.823  41.847 0.2500000000
43238  26.136  -12.229  42.235 0.1250000000
43237  26.996  -11.935  42.655 0.1250000000
44339  26.731  -11.593  41.865 0.1250000000
44321  28.741  -11.507  42.235 0.1250000000
44320  29.759  -11.492  41.901 0.2500000000
44304  29.554  -11.567  42.949 0.1250000000
44318  31.595  -11.517  41.973 0.2500000000
93648  33.520  -11.247  41.610 0.2500000000
112154  32.898  -11.324  41.587 0.1250000000
45348  34.646  -10.219  41.193 0.2500000000
105107  34.147  -10.956  41.480 0.2500000000
45331  33.746  -10.774  41.404 0.2500000000
46297  35.029  -9.678  40.251 0.2500000000
112060  10.886  -13.647  57.821 0.5000000000
46122  20.694  -9.589  57.235 0.2500000000
102582  19.738  -9.948  57.197 0.2500000000
94071  19.004  -10.318  57.032 0.2500000000
45181  20.067  -10.023  56.553 0.2500000000
112383  19.543  -10.200  56.732 0.2500000000
105470  18.199  -10.511  57.197 0.2500000000
44140  17.550  -10.805  56.806 0.2500000000
46129  20.857  -9.741  56.259 0.2500000000
45182  19.356  -10.432  56.195 0.2500000000
44151  17.971  -11.022  56.001 0.2500000000
93365  17.232  -11.272  55.961 0.2500000000
44152  16.362  -11.506  55.814 0.2500000000
45190  20.900  -9.969  55.433 0.2500000000
93953  20.229  -10.432  54.926 0.2500000000
44150  18.673  -10.837  55.499 0.2500000000
103646  17.744  -11.243  55.275 0.2500000000
44166  16.867  -11.577  55.164 0.2500000000
43084  16.065  -11.922  55.116 0.5000000000
111230  20.944  -10.125  54.810 0.2500000000
43100  15.717  -12.240  54.621 0.5000000000
41953  15.066  -12.558  54.386 0.5000000000
102424  21.304  -10.178  53.597 0.3750000000
45203  20.692  -10.288  54.180 0.3750000000
43116  15.719  -12.361  53.948 0.5000000000
41966  15.022  -12.832  53.591 0.5000000000
45227  20.590  -10.610  52.328 0.3750000000
45236  20.665  -10.706  51.526 0.3750000000
45247  20.859  -10.773  50.707 0.3750000000
43249  25.811  -11.863  41.727 0.3750000000
44322  27.673  -11.549  42.078 0.1250000000
44338  28.303  -11.234  41.545 0.1250000000
44337  29.236  -11.202  41.320 0.2500000000
44335  30.693  -11.239  41.053 0.2500000000
44336  30.057  -11.241  41.096 0.2500000000
44334  31.430  -11.281  41.235 0.2500000000
44333  32.820  -11.135  41.296 0.2500000000
46308  33.879  -9.346  39.366 0.5000000000
46298  34.590  -9.505  40.274 0.3750000000
46317  34.046  -9.309  38.897 0.3750000000
97387  33.149  -9.249  38.713 0.3750000000
46120  19.469  -9.308  58.663 0.2500000000
45171  18.999  -9.909  58.265 0.2500000000
94072  18.165  -10.173  58.505 0.2500000000
93259  20.230  -9.085  58.475 0.2500000000
45176  18.534  -10.325  57.799 0.2500000000
44141  16.849  -10.787  57.502 0.2500000000
44129  16.609  -10.609  58.346 0.2500000000
107576  15.640  -11.753  55.684 0.5000000000
43085  15.224  -12.269  55.168 0.5000000000
45226  21.251  -10.385  52.703 0.3750000000
109001  21.149  -10.473  51.980 0.3750000000
45235  21.411  -10.499  51.329 0.3750000000
44229  20.385  -11.130  50.058 0.3750000000
45260  21.094  -10.785  49.927 0.3750000000
49295  31.157  -5.809  50.970 0.3750000000
44340  24.780  -11.495  41.552 0.3750000000
94532  27.407  -11.227  41.613 0.1250000000
110583  26.852  -11.249  41.620 0.2500000000
45332  32.682  -10.937  41.158 0.3750000000
44349  31.666  -11.060  40.915 0.3750000000
46280  34.377  -9.790  41.045 0.3750000000
45173  17.288  -10.235  58.875 0.2500000000
94779  21.808  -10.258  52.067 0.3750000000
45234  22.242  -10.192  51.193 0.3750000000
50301  31.701  -5.092  51.536 0.3750000000
51247  32.343  -4.523  51.764 0.3750000000
50313  32.111  -5.467  50.617 0.3750000000
51246  32.813  -4.211  51.491 0.3750000000
50300  32.591  -4.814  51.085 0.3750000000
50312  32.879  -5.194  50.239 0.3750000000
49307  32.509  -5.872  49.768 0.6250000000
49324  31.905  -6.300  49.217 0.6250000000
49322  33.586  -5.869  48.592 0.3750000000
50334  34.107  -5.314  48.324 0.5000000000
49339  33.947  -6.126  47.749 0.5000000000
45340  25.016  -10.759  41.521 0.6250000000
46318  32.369  -9.100  38.133 0.1250000000
46309  32.423  -9.205  38.689 0.2500000000
46183  22.797  -9.952  50.684 0.3750000000
45245  22.353  -10.293  50.246 0.3750000000
52196  33.115  -3.785  51.204 0.3750000000
51258  33.152  -4.465  50.646 0.3750000000
99198  33.357  -3.052  50.638 0.2500000000
52195  33.380  -3.887  50.424 0.2500000000
107666  33.433  -3.000  50.166 0.2500000000
51266  33.728  -4.427  49.437 0.2500000000
51257  33.491  -4.548  49.911 0.2500000000
52208  33.512  -3.678  49.902 0.2500000000
50322  33.772  -5.127  49.227 0.2500000000
112059  34.048  -4.894  48.914 0.3750000000
51301  33.619  -4.393  46.495 0.5000000000
46182  23.458  -9.593  50.767 0.3750000000
99730  33.226  -3.311  51.028 0.2500000000
47207  25.466  -8.205  50.281 0.3750000000
96478  26.016  -7.744  50.359 0.3750000000
104234  23.701  -9.507  50.042 0.5000000000
53136  31.445  -2.660  47.044 0.2500000000
47208  24.753  -8.728  50.139 0.5000000000
46181  24.145  -9.233  50.461 0.5000000000
48431  29.134  -7.919  37.767 0.5000000000
48433  27.762  -7.141  36.824 0.5000000000
48458  27.786  -7.313  35.862 0.6250000000
48472  27.537  -7.041  35.015 0.6250000000
97995  29.149  -1.376  41.997 0.2500000000
101111  34.933  1.121  32.253 0.7500000000
59587  41.447  4.301  17.949 0.1250000000
58700  40.975  3.805  18.550 0.1250000000
59578  40.110  3.992  18.757 0.1250000000
59588  40.530  4.419  17.960 0.1250000000
59597  41.053  4.819  17.301 0.1250000000
60504  43.188  5.379  16.088 0.1250000000
60490  42.567  5.095  16.696 0.1250000000
60492  39.759  5.536  17.401 0.2500000000
59589  39.696  4.818  18.091 0.2500000000
59606  41.584  5.180  16.613 0.1250000000
60491  40.784  5.338  16.726 0.1250000000
59598  40.324  5.072  17.396 0.2500000000
92975  42.987  5.650  15.409 0.1250000000
60505  42.198  5.510  15.808 0.1250000000
60506  41.204  5.679  16.025 0.1250000000
60518  42.449  5.946  14.950 0.1250000000
60519  41.608  6.115  15.279 0.1250000000
60477  38.832  5.883  18.782 0.6250000000
60507  40.505  5.885  16.373 0.1250000000
106888  40.234  5.558  16.907 0.1250000000
61411  40.832  6.445  15.723 0.1250000000
61409  42.036  6.632  14.622 0.1250000000
62340  43.407  7.576  13.495 0.1250000000
63262  40.305  8.267  17.697 0.7500000000
62312  39.983  7.624  17.182 0.2500000000
61391  39.465  6.227  17.445 0.2500000000
62318  39.781  6.796  16.916 0.2500000000
61401  39.918  6.082  16.832 0.2500000000
62324  40.491  7.063  15.921 0.2500000000
61410  41.310  6.880  15.069 0.1250000000
62329  42.626  7.252  13.986 0.1250000000
109237  41.276  9.364  17.757 0.7500000000
109685  40.359  8.211  17.149 0.2500000000
102737  40.242  7.324  16.451 0.2500000000
103749  40.426  8.087  16.630 0.3750000000
63272  40.635  7.790  15.839 0.3750000000
94314  41.146  7.679  15.129 0.3750000000
62323  40.818  7.160  15.485 0.2500000000
63283  43.371  8.406  13.315 0.1250000000
62330  41.772  7.457  14.532 0.2500000000
63282  44.117  7.994  12.978 0.1250000000
64962  41.756  10.471  17.006 0.7500000000
64146  40.767  8.834  17.133 0.5000000000
105081  41.947  10.782  16.067 0.6250000000
64970  41.426  9.970  16.321 0.5000000000
63266  40.803  8.653  16.183 0.3750000000
64163  41.891  9.845  14.770 0.1250000000
64158  41.496  9.220  14.995 0.3750000000
63271  41.103  8.501  15.422 0.3750000000
64977  42.391  10.189  14.401 0.1250000000
63277  41.573  8.367  14.674 0.3750000000
64168  43.321  9.249  13.303 0.1250000000
63284  42.764  8.789  13.665 0.1250000000
109950  6.565  -17.629  57.976 0.1250000000
38713  6.359  -17.484  58.997 0.1250000000
33038  7.319  -23.518  59.082 0.2500000000
33031  7.499  -23.789  59.854 0.2500000000
33949  6.746  -22.799  58.013 0.1250000000
105638  9.773  -14.378  58.554 0.5000000000
39471  6.416  -17.097  56.093 0.1250000000
38739  6.506  -17.502  55.361 0.1250000000
40332  16.318  -15.533  47.691 0.5000000000
48432  28.453  -7.587  37.311 0.5000000000
60476  39.226  5.621  18.024 0.2500000000
104981  6.753  -22.128  60.291 0.2500000000
34982  6.844  -20.840  56.132 0.1250000000
44323  24.294  -11.096  41.688 0.6250000000
64145  41.327  9.689  17.108 0.7500000000
38819  18.830  -16.511  45.745 0.1250000000
93628  25.480  -11.378  41.540 0.3750000000
44351  30.395  -11.078  40.834 0.2500000000
33084  9.305  -23.771  52.432 0.1250000000
33085  8.027  -23.765  52.244 0.1250000000
32065  8.211  -24.442  54.831 0.1250000000
106482  7.969  -24.457  54.085 0.1250000000
32082  7.754  -24.119  53.613 0.1250000000
32044  7.763  -24.399  56.119 0.1250000000
31166  8.698  -25.144  56.267 0.1250000000
95975  7.463  -23.721  55.717 0.1250000000
33062  7.498  -23.679  53.802 0.1250000000
105770  7.569  -23.205  53.202 0.1250000000
32027  8.336  -24.602  58.599 0.2500000000
33957  6.975  -22.954  57.081 0.1250000000
107553  7.270  -23.081  56.287 0.1250000000
100675  7.349  -21.862  55.005 0.1250000000
32021  8.212  -24.458  59.622 0.1250000000
32020  9.120  -24.951  59.727 0.1250000000
36111  7.500  -21.341  48.149 0.1250000000
37940  6.983  -18.209  52.846 0.1250000000
37984  7.465  -18.624  48.733 0.1250000000
35121  7.580  -21.866  46.663 0.1250000000
37149  7.429  -20.191  46.219 0.1250000000
99857  6.598  -17.576  54.018 0.1250000000
40258  6.339  -15.998  54.244 0.1250000000
39466  6.427  -16.966  57.637 0.2500000000
98915  6.506  -16.224  55.715 0.1250000000
40268  6.330  -15.886  53.482 0.1250000000
41052  6.460  -14.958  56.018 0.1250000000
40236  6.526  -15.474  59.726 0.3750000000
41032  6.305  -14.904  59.162 0.1250000000
41934  6.390  -14.373  56.502 0.1250000000
101279  6.452  -13.739  56.834 0.1250000000
95199  6.462  -15.130  53.764 0.1250000000
43103  6.626  -13.592  55.643 0.1250000000
40314  7.877  -15.257  49.747 0.1250000000
112216  8.734  -15.528  59.991 0.5000000000
44193  19.444  -11.104  52.433 0.3750000000
94915  7.588  -15.079  60.856 0.5000000000
41023  6.969  -14.419  61.143 0.3750000000
101621  6.486  -13.443  60.088 0.2500000000
96879  6.528  -11.993  58.444 0.1250000000
93213  30.152  -11.545  43.602 0.2500000000
44319  30.723  -11.483  41.759 0.2500000000
41914  9.108  -13.983  60.406 0.3750000000
44163  19.285  -10.790  54.721 0.2500000000
45215  19.600  -10.836  53.228 0.3750000000
43250  24.967  -12.055  41.596 0.3750000000
112352  32.133  -11.153  41.128 0.2500000000
105592  19.909  -9.563  57.972 0.2500000000
105584  19.242  -10.059  57.682 0.2500000000
44139  18.458  -10.658  56.454 0.2500000000
45191  20.172  -10.224  55.784 0.2500000000
45172  18.617  -9.570  58.843 0.2500000000
44128  17.580  -10.540  57.891 0.2500000000
94670  15.951  -11.055  57.619 0.2500000000
108055  16.632  -11.149  56.691 0.2500000000
50311  33.248  -5.068  49.950 0.2500000000
50323  33.210  -5.584  49.415 0.3750000000
51276  34.028  -4.639  48.693 0.2500000000
105600  43.188  5.844  14.851 0.1250000000
61424  42.894  6.374  14.365 0.1250000000
62341  42.868  8.029  13.637 0.1250000000
61400  40.284  6.587  16.357 0.2500000000
63276  42.263  8.178  14.063 0.1250000000
64153  41.107  9.290  16.510 0.5000000000
64973  41.643  10.059  15.442 0.5000000000
64152  41.219  9.292  15.799 0.5000000000
64162  42.104  9.196  14.252 0.1250000000
41022  7.491  -14.362  61.129 0.2500000000
41911  7.168  -13.698  61.337 0.2500000000
41024  8.255  -14.600  60.719 0.2500000000
109441  8.144  -12.942  61.454 0.2500000000
41910  7.685  -13.563  61.359 0.2500000000
41912  6.906  -13.716  61.245 0.2500000000
41913  9.947  -13.375  60.074 0.2500000000
41915  8.305  -13.707  61.067 0.2500000000
41918  10.439  -13.390  59.353 0.2500000000
46118  17.091  -9.298  60.231 0.1250000000
106154  15.853  -10.277  60.190 0.1250000000
45163  14.710  -10.079  61.053 0.1250000000
45164  13.779  -10.470  61.069 0.1250000000
44106  12.899  -10.409  61.418 0.1250000000
47089  19.774  -8.566  58.738 0.1250000000
46115  18.975  -8.881  59.196 0.1250000000
47078  18.215  -8.679  59.333 0.1250000000
45162  16.361  -9.902  60.322 0.1250000000
45169  15.259  -10.363  60.258 0.1250000000
109375  15.025  -10.663  59.639 0.1250000000
44113  13.613  -11.026  60.175 0.1250000000
43047  12.205  -12.234  59.879 0.1250000000
44114  12.197  -11.590  60.427 0.1250000000
43049  10.246  -12.536  60.518 0.2500000000
43043  9.652  -12.151  61.141 0.2500000000
43044  8.858  -12.279  61.513 0.2500000000
109346  8.260  -12.054  61.930 0.2500000000
46116  18.318  -9.258  59.303 0.1250000000
46117  17.765  -9.296  59.648 0.1250000000
92947  17.322  -10.039  59.743 0.1250000000
94371  16.192  -10.435  59.888 0.1250000000
44119  14.545  -11.137  59.278 0.1250000000
44126  14.002  -11.724  58.835 0.1250000000
44121  12.984  -11.805  59.841 0.1250000000
43054  11.688  -12.585  59.485 0.2500000000
43055  10.873  -12.909  59.790 0.2500000000
43050  9.174  -12.986  60.799 0.2500000000
100664  16.514  -10.403  59.337 0.1250000000
45174  15.734  -10.582  59.263 0.1250000000
43052  13.283  -12.080  59.041 0.2500000000
43060  11.890  -12.690  58.676 0.3750000000
41917  11.149  -13.032  58.997 0.3750000000
44123  15.797  -10.711  58.672 0.1250000000
41924  11.473  -13.376  57.414 0.3750000000
41925  11.369  -13.220  58.230 0.3750000000
98026  10.787  -13.975  57.146 0.3750000000
110743  31.211  -5.009  52.079 0.2500000000
44118  15.142  -10.794  59.151 0.1250000000
43059  12.644  -12.408  58.450 0.3750000000
43053  12.463  -12.314  59.246 0.2500000000
48148  20.446  -8.066  58.413 0.1250000000
44124  15.260  -10.858  58.819 0.1250000000
44130  15.171  -11.141  58.187 0.1250000000
43057  13.894  -11.592  58.087 0.2500000000
43058  13.305  -12.009  58.262 0.2500000000
41920  12.090  -12.879  57.898 0.3750000000
47088  20.702  -8.571  58.407 0.1250000000
44131  14.502  -11.390  57.881 0.2500000000
43063  14.077  -11.872  57.271 0.3750000000
43064  13.426  -12.153  57.441 0.3750000000
43065  12.763  -12.481  57.633 0.3750000000
48147  21.231  -8.063  58.312 0.1250000000
47087  21.414  -8.526  58.067 0.1250000000
46119  20.805  -9.081  58.007 0.1250000000
44142  14.941  -11.564  57.152 0.3750000000
43073  14.234  -12.028  56.400 0.3750000000
41932  12.931  -12.602  56.811 0.3750000000
41923  12.167  -12.941  57.018 0.3750000000
54892  32.780  -0.834  51.577 0.1250000000
53990  32.678  -1.634  52.026 0.1250000000
53991  32.053  -1.490  52.659 0.1250000000
43072  14.963  -11.787  56.013 0.3750000000
94490  12.461  -13.159  56.048 0.3750000000
53067  32.392  -2.240  52.366 0.1250000000
47099  21.988  -8.398  57.755 0.1250000000
94770  21.496  -8.940  57.569 0.1250000000
106538  13.143  -12.643  56.119 0.3750000000
54891  33.122  -0.188  50.924 0.1250000000
54001  33.073  -1.783  51.397 0.1250000000
53068  31.963  -2.790  52.637 0.1250000000
52171  32.198  -3.480  52.376 0.1250000000
46128  21.575  -9.291  56.788 0.1250000000
106378  33.183  -2.626  51.163 0.1250000000
53081  32.899  -2.435  51.733 0.1250000000
93312  22.241  -9.001  56.458 0.1250000000
52185  32.764  -3.647  51.784 0.2500000000
51238  32.370  -4.062  52.146 0.2500000000
50289  31.038  -4.413  53.010 0.1250000000
46139  21.692  -9.481  55.845 0.1250000000
45202  21.476  -9.799  55.061 0.1250000000
50290  29.831  -5.409  52.695 0.1250000000
49266  28.915  -5.817  53.315 0.1250000000
94832  21.365  -9.954  54.381 0.1250000000
50303  29.808  -5.932  51.906 0.2500000000
49281  29.122  -6.092  52.341 0.2500000000
49296  30.206  -6.156  51.221 0.2500000000
49297  29.306  -6.303  51.445 0.2500000000
43074  13.587  -12.327  56.659 0.3750000000
48155  21.629  -7.599  58.044 0.1250000000
43087  13.703  -12.439  55.836 0.3750000000
109204  21.827  -7.074  57.658 0.1250000000
47086  21.993  -8.007  58.107 0.1250000000
43086  14.393  -12.317  55.558 0.3750000000
41943  13.198  -13.000  55.318 0.3750000000
54906  33.300  -0.397  50.114 0.1250000000
41942  13.905  -12.720  55.212 0.3750000000
54021  33.273  -1.356  50.158 0.1250000000
54011  33.281  -1.251  50.583 0.1250000000
53055  30.894  -1.987  53.625 0.1250000000
53054  31.695  -2.072  53.033 0.1250000000
46127  22.184  -8.628  57.193 0.1250000000
41954  14.442  -12.676  54.828 0.3750000000
106882  33.246  -1.931  50.955 0.1250000000
53044  30.435  -2.647  54.077 0.1250000000
106302  30.796  -3.413  53.671 0.1250000000
53104  33.301  -2.236  50.525 0.1250000000
111460  33.276  -2.498  50.870 0.1250000000
52151  29.960  -3.322  54.504 0.1250000000
51229  30.650  -4.130  53.606 0.1250000000
50276  29.427  -5.136  53.767 0.1250000000
94778  22.065  -9.468  55.206 0.1250000000
110801  30.167  -3.879  54.211 0.1250000000
50264  29.011  -4.819  54.629 0.1250000000
49282  28.366  -6.371  52.810 0.2500000000
46149  21.888  -9.666  54.670 0.2500000000
99251  33.499  -3.362  49.436 0.1250000000
50277  28.553  -5.498  54.327 0.2500000000
102609  33.711  -3.997  49.089 0.1250000000
49283  27.646  -6.653  53.208 0.2500000000
49299  27.736  -6.700  52.255 0.2500000000
49312  27.654  -6.801  51.224 0.2500000000
96278  27.269  -6.989  52.664 0.2500000000
96039  26.975  -7.239  51.210 0.2500000000
48246  26.496  -7.517  50.799 0.2500000000
48154  22.505  -7.395  57.705 0.1250000000
47098  22.727  -7.996  57.637 0.1250000000
54029  33.127  -1.525  49.589 0.1250000000
47112  22.979  -8.445  56.718 0.1250000000
53115  33.322  -2.373  49.921 0.1250000000
53116  33.242  -2.477  49.236 0.1250000000
46138  22.662  -9.039  55.756 0.1250000000
46148  22.611  -9.317  54.669 0.1250000000
100475  29.502  -2.685  54.690 0.1250000000
51209  28.642  -3.787  55.360 0.1250000000
52230  33.746  -4.018  48.472 0.1250000000
52231  33.097  -3.310  47.900 0.1250000000
51210  28.111  -4.589  55.660 0.1250000000
45225  21.985  -9.999  53.013 0.2500000000
50265  28.153  -5.196  55.287 0.1250000000
51290  33.771  -4.229  47.411 0.5000000000
49268  27.253  -6.505  54.267 0.1250000000
48232  26.438  -7.522  51.697 0.1250000000
47206  25.815  -7.933  51.108 0.2500000000
107444  32.920  -1.731  49.035 0.1250000000
48153  23.437  -7.318  57.489 0.1250000000
106631  23.483  -7.767  57.174 0.1250000000
53125  32.871  -2.448  48.560 0.1250000000
47111  24.246  -7.316  57.141 0.1250000000
47128  23.455  -8.526  56.031 0.1250000000
46137  23.375  -8.698  55.230 0.1250000000
47127  24.493  -7.558  56.524 0.1250000000
52220  33.377  -3.159  48.725 0.1250000000
103330  27.305  -4.086  55.851 0.1250000000
47144  24.075  -8.399  54.820 0.1250000000
46157  23.433  -8.966  54.342 0.1250000000
50256  27.134  -5.443  56.083 0.1250000000
46164  24.168  -8.866  53.037 0.2500000000
46165  23.498  -9.318  52.678 0.2500000000
100062  27.066  -6.177  55.222 0.1250000000
46173  24.095  -9.076  52.106 0.2500000000
46174  23.457  -9.478  51.706 0.2500000000
46166  22.670  -9.785  52.195 0.2500000000
108434  26.456  -7.314  53.296 0.1250000000
112043  25.886  -7.829  51.807 0.1250000000
105202  24.077  -9.221  51.243 0.2500000000
54030  32.456  -1.307  48.473 0.1250000000
53126  32.058  -2.288  47.829 0.1250000000
106305  32.268  -3.090  47.323 0.1250000000
48172  24.911  -7.465  55.861 0.1250000000
48186  26.185  -6.741  55.680 0.1250000000
48187  25.572  -7.278  55.392 0.1250000000
47143  24.885  -7.906  54.874 0.1250000000
94377  26.084  -7.137  54.855 0.1250000000
98016  25.504  -7.581  54.625 0.1250000000
47157  25.088  -8.023  53.957 0.1250000000
47174  25.252  -8.052  53.005 0.1250000000
104399  24.625  -8.748  51.580 0.1250000000
98221  30.750  -7.821  32.824 0.1250000000
48499  30.206  -7.752  32.152 0.1250000000
102311  29.854  -7.797  32.917 0.1250000000
48485  28.482  -7.425  33.620 0.2500000000
48471  28.705  -7.708  34.484 0.3750000000
48523  29.078  -7.283  31.700 0.2500000000
48501  28.689  -7.230  32.248 0.3750000000
50578  29.976  -6.057  28.933 0.2500000000
110959  29.147  -6.552  30.379 0.2500000000
106347  29.212  -7.077  30.979 0.2500000000
48486  27.911  -7.242  34.314 0.5000000000
94305  28.602  -6.405  30.921 0.5000000000
49586  28.592  -6.844  31.587 0.3750000000
49615  29.453  -6.176  29.660 0.3750000000
53379  32.665  -2.055  25.762 0.2500000000
54296  31.774  -1.832  26.059 0.3750000000
54305  33.304  -1.279  25.582 0.2500000000
59400  37.172  4.400  34.329 0.3750000000
110031  35.752  2.283  32.887 0.6250000000
64741  41.246  11.033  34.120 0.1250000000
62122  37.874  7.051  35.233 0.2500000000
59423  36.833  3.833  33.944 0.5000000000
107336  40.630  10.357  36.702 0.1250000000
63897  40.187  9.828  36.552 0.1250000000
65634  41.061  11.166  35.979 0.1250000000
63898  39.747  8.995  36.767 0.1250000000
62098  38.779  7.116  36.191 0.1250000000
60251  38.922  5.719  36.086 0.1250000000
102439  38.859  7.835  36.290 0.1250000000
61200  38.479  6.544  35.782 0.1250000000
60269  38.340  5.697  35.543 0.2500000000
60291  38.103  4.963  35.248 0.2500000000
65651  41.078  11.180  35.066 0.1250000000
62121  38.400  7.505  35.684 0.1250000000
110508  37.957  6.297  35.317 0.1250000000
59399  37.824  4.273  34.855 0.3750000000
104568  37.724  5.716  35.046 0.2500000000
57681  36.532  2.663  33.505 0.5000000000
64784  42.687  10.408  31.568 0.2500000000
60292  37.469  5.054  34.675 0.2500000000
63951  43.307  9.695  30.134 0.2500000000
64805  42.960  10.098  30.845 0.2500000000
56841  35.518  1.721  32.679 0.6250000000
63952  42.447  9.533  30.345 0.2500000000
63953  41.625  9.354  30.548 0.2500000000
106504  40.059  8.663  37.379 0.1250000000
62097  39.236  7.194  36.719 0.1250000000
63015  39.479  8.096  36.966 0.1250000000
58498  38.165  3.491  34.950 0.3750000000
58507  37.486  3.635  34.450 0.5000000000
103435  37.083  2.953  33.997 0.5000000000
56840  36.220  2.003  33.228 0.5000000000
56826  36.094  1.099  33.111 0.6250000000
103453  35.532  0.912  32.702 0.6250000000
55970  35.132  0.278  32.549 0.6250000000
63965  43.620  9.424  29.375 0.2500000000
63966  42.751  9.219  29.575 0.2500000000
63102  43.386  8.667  28.187 0.2500000000
63090  43.109  8.919  28.863 0.2500000000
60268  38.798  4.978  35.733 0.1250000000
59388  38.561  4.126  35.418 0.1250000000
103680  37.821  2.861  34.599 0.1250000000
57664  37.480  2.177  34.311 0.1250000000
56825  36.704  1.310  33.655 0.3750000000
55958  36.483  0.337  33.679 0.5000000000
57680  36.887  2.121  33.779 0.5000000000
55969  35.768  0.303  33.103 0.6250000000
55107  35.341  -0.592  33.085 0.6250000000
55108  34.706  -1.185  32.930 0.6250000000
63133  43.800  8.266  26.664 0.2500000000
62209  43.267  7.789  26.168 0.2500000000
62074  40.306  7.188  38.059 0.1250000000
54234  34.576  -1.438  33.649 0.3750000000
62222  43.297  7.826  25.366 0.2500000000
62237  43.200  7.967  24.508 0.2500000000
103915  33.827  -1.672  33.750 0.2500000000
55097  35.159  -1.223  33.550 0.3750000000
65842  42.585  11.550  18.298 0.6250000000
65853  42.536  11.812  17.288 0.5000000000
66705  42.834  12.623  17.279 0.5000000000
64969  42.200  11.127  16.891 0.6250000000
49225  23.175  -6.780  57.490 0.1250000000
48484  29.005  -7.574  32.936 0.2500000000
53372  31.331  -2.414  26.482 0.2500000000
63984  43.903  9.178  28.648 0.2500000000
54306  32.281  -1.178  25.769 0.2500000000
52240  30.950  -3.029  46.404 0.1250000000
63032  39.171  8.597  36.234 0.1250000000
100061  40.518  10.513  36.193 0.1250000000
64763  42.467  10.701  32.293 0.1250000000
63939  42.170  9.861  31.073 0.2500000000
51289  34.166  -4.832  47.853 0.5000000000
44153  15.735  -11.474  56.492 0.1250000000
45166  17.874  -9.811  59.171 0.1250000000
46175  22.915  -9.788  51.304 0.2500000000
52184  32.987  -3.167  51.471 0.1250000000
109220  24.529  -8.886  50.872 0.2500000000
50302  30.640  -5.459  51.833 0.2500000000
110100  8.529  -13.011  61.209 0.2500000000
43045  7.520  -12.734  61.625 0.2500000000
46113  15.616  -9.719  60.683 0.1250000000
44112  14.433  -10.673  60.104 0.1250000000
102744  12.954  -10.995  60.655 0.1250000000
47090  18.830  -8.286  58.955 0.1250000000
45167  16.800  -10.197  60.075 0.1250000000
45168  15.582  -10.519  59.714 0.1250000000
44120  13.848  -11.434  59.485 0.1250000000
43048  11.369  -12.206  60.322 0.2500000000
44116  10.574  -11.601  61.148 0.2500000000
50288  31.665  -4.544  52.346 0.2500000000
44125  14.664  -11.303  58.681 0.1250000000
52170  32.591  -2.990  52.011 0.1250000000
54000  33.215  -1.075  50.998 0.1250000000
52159  31.566  -3.264  52.963 0.1250000000
51228  31.539  -3.902  52.896 0.1250000000
107093  30.783  -4.909  52.561 0.2500000000
50275  30.291  -4.728  53.352 0.1250000000
49298  28.451  -6.458  51.803 0.2500000000
53980  31.319  -1.377  53.245 0.1250000000
97058  31.249  -2.683  53.358 0.1250000000
51219  29.859  -4.459  54.122 0.1250000000
106343  29.383  -4.022  54.780 0.1250000000
109360  28.665  -4.506  55.206 0.1250000000
45213  21.989  -9.762  53.974 0.1250000000
49253  27.704  -5.838  54.824 0.1250000000
49267  28.084  -6.143  53.817 0.1250000000
48215  27.035  -7.022  53.380 0.1250000000
48231  27.123  -7.083  51.921 0.2500000000
48216  26.735  -7.295  52.576 0.1250000000
52141  28.802  -3.102  55.251 0.1250000000
52152  29.245  -3.333  55.001 0.1250000000
50255  27.637  -5.194  55.844 0.1250000000
49254  27.241  -5.704  55.692 0.1250000000
48200  26.567  -7.020  54.147 0.1250000000
47191  25.104  -8.496  50.975 0.1250000000
97309  23.846  -7.967  56.618 0.1250000000
49224  24.064  -6.652  57.323 0.1250000000
107530  24.738  -6.765  57.178 0.1250000000
93038  24.133  -8.130  55.797 0.1250000000
48162  25.063  -6.984  56.777 0.1250000000
106106  27.075  -3.511  55.501 0.1250000000
51211  27.394  -4.817  56.025 0.1250000000
110408  23.881  -8.730  54.190 0.2500000000
47158  24.356  -8.495  53.978 0.2500000000
112001  24.530  -7.975  55.339 0.1250000000
102915  23.709  -9.020  53.626 0.2500000000
46158  22.844  -9.467  53.500 0.1250000000
49243  26.688  -5.850  56.177 0.1250000000
50249  26.719  -5.405  56.310 0.1250000000
95092  26.669  -6.249  55.807 0.1250000000
49255  26.647  -6.637  55.077 0.1250000000
47175  24.690  -8.585  52.467 0.2500000000
48217  25.975  -7.653  52.580 0.1250000000
48201  25.838  -7.516  53.803 0.1250000000
47190  25.366  -8.260  51.917 0.1250000000
48171  25.642  -6.834  56.187 0.1250000000
99090  26.186  -6.294  56.289 0.1250000000
99218  24.692  -8.408  53.293 0.2500000000
48522  29.690  -7.492  31.549 0.1250000000
48500  29.407  -7.552  32.249 0.1250000000
96791  29.444  -7.804  33.800 0.1250000000
61180  39.080  6.445  36.414 0.1250000000
49226  22.456  -6.801  57.505 0.1250000000
66685  43.204  12.615  19.707 0.5000000000
65841  42.843  12.111  18.971 0.5000000000
66694  42.725  12.395  18.066 0.5000000000
65864  42.444  11.551  16.337 0.3750000000
66722  43.281  13.251  16.816 0.3750000000
46307  34.810  -9.357  39.359 0.2500000000
43046  7.001  -12.966  61.488 0.1250000000
110584  6.867  -13.277  61.326 0.1250000000
43051  6.775  -12.775  61.339 0.1250000000
44108  9.719  -11.482  61.793 0.1250000000
43041  7.747  -11.700  62.207 0.1250000000
43042  7.142  -12.057  62.014 0.1250000000
38810  17.606  -16.843  46.519 0.2500000000
44332  34.324  -11.214  41.794 0.1250000000
44315  34.791  -11.352  42.471 0.1250000000
40331  17.114  -16.192  46.817 0.3750000000
45330  34.768  -10.759  41.525 0.1250000000
45347  35.273  -10.241  41.105 0.1250000000
46296  35.732  -9.781  40.559 0.1250000000
47380  30.532  -8.645  38.143 0.3750000000
47391  29.842  -8.359  37.502 0.3750000000
47390  30.508  -8.520  37.391 0.1250000000
47401  29.938  -8.354  36.636 0.2500000000
99295  29.139  -8.097  36.948 0.3750000000
47400  30.827  -8.431  36.915 0.1250000000
47402  29.094  -8.095  36.114 0.3750000000
48443  30.619  -8.149  36.049 0.1250000000
48457  28.448  -7.751  35.775 0.3750000000
47411  29.744  -8.199  35.645 0.1250000000
48456  28.922  -7.948  35.313 0.3750000000
97526  28.147  -7.551  35.127 0.3750000000
49597  29.824  -7.041  30.146 0.1250000000
54144  31.216  -1.128  39.143 0.1250000000
54131  30.543  -1.234  39.658 0.1250000000
55029  31.674  -0.788  38.728 0.1250000000
54206  34.374  -1.232  36.034 0.1250000000
97712  34.143  -1.456  35.367 0.1250000000
54223  34.390  -1.516  34.550 0.1250000000
107684  35.981  -0.332  33.549 0.2500000000
64983  47.109  10.145  12.216 0.1250000000
65894  45.990  11.206  12.716 0.1250000000
96708  47.006  10.849  12.292 0.1250000000
64987  47.798  10.144  11.125 0.1250000000
66739  43.268  12.484  15.507 0.1250000000
66753  44.528  12.778  14.506 0.1250000000
65866  43.076  11.945  15.009 0.1250000000
65880  46.152  11.892  13.006 0.1250000000
66787  46.926  12.102  12.842 0.1250000000
65893  46.633  11.373  12.567 0.1250000000
64988  47.427  10.722  11.807 0.1250000000
65892  47.233  11.525  12.266 0.1250000000
99546  47.819  11.030  11.026 0.1250000000
65906  47.651  11.641  11.710 0.1250000000
67569  43.809  14.004  16.797 0.2500000000
110055  45.359  13.962  15.219 0.1250000000
67581  44.692  13.743  15.440 0.1250000000
94359  43.416  13.013  15.997 0.2500000000
67592  45.329  13.461  14.689 0.1250000000
65867  42.737  11.824  15.632 0.1250000000
112134  42.361  11.262  15.666 0.1250000000
66752  45.958  13.055  14.008 0.1250000000
97533  47.986  11.750  11.024 0.1250000000
67561  43.398  13.766  17.449 0.1250000000
67555  43.294  13.847  18.350 0.1250000000
68328  43.777  14.494  17.553 0.2500000000
66704  43.005  13.165  17.783 0.2500000000
66693  42.948  12.961  18.727 0.2500000000
68349  46.043  14.750  15.655 0.1250000000
68350  45.323  14.405  15.721 0.1250000000
67568  44.457  14.217  16.194 0.1250000000
67580  46.074  14.194  15.040 0.1250000000
66771  46.501  12.586  13.465 0.1250000000
67604  46.824  13.352  13.951 0.1250000000
67603  47.718  13.544  13.653 0.1250000000
66800  47.625  12.379  12.378 0.1250000000
66799  48.031  12.368  11.496 0.1250000000
68322  44.036  15.180  18.069 0.1250000000
67535  43.454  13.228  20.127 0.3750000000
68327  44.564  15.172  17.238 0.1250000000
68323  43.667  14.585  18.405 0.1250000000
69051  45.421  15.398  16.746 0.1250000000
68335  44.956  14.795  16.472 0.1250000000
68336  44.280  14.557  16.823 0.1250000000
68334  45.695  15.037  16.146 0.1250000000
68346  48.409  15.175  15.036 0.1250000000
68360  47.060  14.366  14.903 0.1250000000
68372  48.193  14.203  14.028 0.1250000000
67590  47.411  13.946  14.318 0.1250000000
67591  46.715  13.875  14.540 0.1250000000
68370  49.299  15.166  13.151 0.1250000000
67613  48.510  13.862  12.404 0.1250000000
68392  49.113  14.604  11.873 0.1250000000
67614  48.001  13.195  12.911 0.1250000000
96189  46.086  15.505  16.445 0.1250000000
69060  47.212  15.410  15.841 0.1250000000
68333  46.423  15.237  15.990 0.1250000000
69067  49.144  15.539  14.739 0.1250000000
68347  47.550  14.955  15.274 0.1250000000
68348  46.728  14.793  15.469 0.1250000000
69075  49.389  15.457  13.911 0.1250000000
68371  48.848  14.675  13.621 0.1250000000
95011  48.075  15.597  15.616 0.1250000000
69082  49.631  15.947  12.925 0.1250000000
47381  29.720  -8.184  38.292 0.3750000000
39556  18.212  -16.640  46.143 0.1250000000
48444  28.419  -7.703  36.472 0.3750000000
43056  6.517  -12.528  60.464 0.1250000000
66723  42.882  12.401  16.413 0.1250000000
67547  43.280  13.485  19.375 0.2500000000
44111  6.883  -12.134  61.800 0.1250000000
44331  34.972  -11.113  41.890 0.1250000000
45329  35.447  -10.693  41.645 0.1250000000
64175  47.522  9.742  11.797 0.1250000000
66738  43.962  13.121  15.263 0.1250000000
110805  45.270  12.801  14.088 0.1250000000
65871  42.560  11.177  14.876 0.1250000000
66772  45.683  12.355  13.576 0.1250000000
67582  43.874  13.620  16.047 0.1250000000
109519  44.618  13.309  14.953 0.1250000000
98214  46.181  13.589  14.443 0.1250000000
66770  47.326  12.817  13.247 0.1250000000
68358  48.712  14.862  14.377 0.1250000000
68359  47.892  14.548  14.681 0.1250000000
67602  48.394  13.956  13.289 0.1250000000
68383  48.913  14.595  12.786 0.1250000000
34968  10.168  -21.302  56.268 0.2500000000
36004  10.039  -20.683  55.712 0.2500000000
37971  13.287  -18.577  49.399 0.1250000000
47379  31.285  -8.927  38.449 0.2500000000
47364  34.633  -9.145  38.860 0.1250000000
49632  30.663  -6.241  28.658 0.1250000000
112033  31.632  -3.134  26.462 0.1250000000
101848  33.379  -3.819  26.226 0.1250000000
52477  32.351  -3.501  26.265 0.1250000000
104962  33.055  -2.947  25.842 0.1250000000
53371  32.116  -2.670  26.101 0.1250000000
64783  43.479  10.590  31.374 0.1250000000
64804  43.804  10.253  30.625 0.1250000000
63101  44.126  8.929  27.958 0.1250000000
63120  43.596  8.436  27.456 0.1250000000
63119  44.332  8.736  27.208 0.1250000000
63132  44.493  8.722  26.310 0.1250000000
63149  43.867  8.230  25.845 0.1250000000
66673  43.624  12.660  20.536 0.2500000000
37972  12.733  -18.699  49.822 0.1250000000
37983  13.886  -18.273  48.863 0.1250000000
95389  34.504  -9.407  39.546 0.1250000000
46310  31.862  -9.107  38.391 0.2500000000
39546  16.961  -17.024  46.882 0.1250000000
104059  8.393  -21.987  61.390 0.1250000000
33910  8.084  -22.593  61.882 0.1250000000
33026  7.894  -23.438  61.245 0.1250000000
106518  8.910  -21.776  60.492 0.1250000000
33917  7.585  -22.454  61.158 0.1250000000
33939  10.515  -22.462  58.675 0.1250000000
33940  9.834  -21.811  58.734 0.1250000000
33948  10.380  -22.195  57.775 0.1250000000
34964  9.789  -21.494  57.947 0.1250000000
34963  10.130  -21.961  56.962 0.1250000000
35972  9.693  -20.876  57.268 0.1250000000
33956  10.825  -22.540  56.966 0.1250000000
34981  10.605  -21.391  55.360 0.1250000000
44291  31.356  -11.517  44.427 0.1250000000
46327  31.368  -8.806  37.762 0.1250000000
56066  36.192  0.093  22.934 0.1250000000
56945  35.328  1.353  22.352 0.1250000000
56077  36.041  0.768  22.195 0.1250000000
56944  36.051  1.576  21.835 0.1250000000
111522  41.953  10.565  15.474 0.1250000000
35000  11.075  -21.315  54.528 0.1250000000
40348  22.766  -15.691  45.058 0.1250000000
56946  34.702  1.166  22.807 0.1250000000
33964  10.862  -22.102  56.113 0.1250000000
33929  9.730  -22.093  59.588 0.1250000000
34980  11.388  -21.883  55.183 0.1250000000
107824  36.695  0.429  22.243 0.1250000000
63073  37.938  8.386  32.662 0.2500000000
64972  42.182  10.867  15.416 0.1250000000
102279  30.111  -6.349  50.046 0.6250000000
