#!ascii label  , from subject sub-v2s15x29748_ses-1 vox2ras=TkReg
739
100864  40.343  -61.359  -5.277 0.3000000119
98913  42.817  -55.149  -10.653 0.6000000238
13034  42.339  -50.834  -10.604 0.6999999881
13619  41.693  -49.903  -10.389 0.6999999881
7314  40.390  -62.430  -5.921 0.4000000060
8287  42.534  -59.920  -10.243 0.4000000060
93725  40.472  -61.673  -6.183 0.5000000000
7783  40.224  -60.545  -5.485 0.5000000000
99694  43.908  -55.110  -10.665 0.6999999881
11340  42.443  -53.414  -10.720 0.6999999881
103350  43.522  -53.500  -11.067 0.5000000000
12464  42.948  -51.775  -10.895 0.6000000238
13618  42.760  -49.964  -10.771 0.6999999881
102545  42.332  -49.111  -10.627 0.6999999881
102822  40.970  -62.161  -7.372 0.5000000000
8288  42.386  -60.596  -10.149 0.4000000060
111689  43.715  -57.878  -10.206 0.4000000060
100972  43.579  -57.387  -10.338 0.5000000000
8276  40.934  -59.961  -7.217 0.6000000238
98878  43.112  -56.560  -10.538 0.6000000238
7791  40.562  -60.602  -6.452 0.6000000238
10249  43.668  -55.843  -10.512 0.6000000238
11889  43.792  -52.861  -11.245 0.6000000238
12463  43.988  -51.934  -11.335 0.6000000238
93984  44.742  -49.392  -11.563 0.6999999881
13033  43.309  -50.917  -11.081 0.6999999881
14254  43.224  -49.080  -11.070 0.6999999881
14255  42.230  -48.316  -10.635 0.6999999881
14266  43.772  -48.375  -11.426 0.6999999881
14911  43.139  -47.588  -11.275 0.6999999881
14899  42.449  -47.557  -10.821 0.6999999881
14910  44.049  -47.586  -11.648 0.6999999881
7802  41.421  -61.214  -7.778 0.5000000000
7801  42.028  -61.392  -8.908 0.5000000000
7807  42.342  -61.142  -9.754 0.5000000000
8780  43.294  -58.756  -10.150 0.4000000060
8774  43.945  -57.713  -10.041 0.5000000000
9755  44.170  -56.612  -10.203 0.6000000238
8758  40.428  -59.075  -7.073 0.6000000238
8764  41.214  -59.336  -7.952 0.5000000000
10764  45.072  -55.042  -10.779 0.6999999881
11895  45.004  -53.080  -11.412 0.6000000238
102235  43.822  -54.332  -10.926 0.6999999881
13042  44.523  -51.051  -11.463 0.6000000238
13626  44.925  -50.257  -11.556 0.6000000238
13617  43.787  -50.079  -11.307 0.6000000238
14265  45.195  -48.506  -11.775 0.6999999881
15578  42.075  -46.710  -10.784 0.6999999881
14909  45.236  -47.585  -12.112 0.6000000238
96826  43.268  -46.875  -11.493 0.6999999881
15592  42.664  -46.371  -11.294 0.6999999881
8775  43.558  -58.378  -10.028 0.4000000060
8275  41.578  -60.411  -8.112 0.5000000000
101564  42.597  -60.043  -9.718 0.4000000060
107443  44.380  -56.807  -10.009 0.6000000238
8283  42.144  -60.317  -8.903 0.4000000060
10248  44.586  -55.733  -10.301 0.6000000238
8769  42.082  -59.253  -8.941 0.4000000060
9249  42.058  -58.249  -9.055 0.4000000060
102798  45.030  -54.169  -11.168 0.6000000238
13625  46.326  -50.126  -11.645 0.6000000238
104105  45.675  -51.547  -11.519 0.6000000238
96276  46.735  -49.485  -11.902 0.6000000238
109908  42.193  -45.972  -11.096 0.6999999881
16267  43.264  -46.084  -11.714 0.6999999881
108107  44.945  -46.597  -12.378 0.6000000238
15591  44.073  -46.732  -11.903 0.6000000238
8776  43.072  -59.078  -9.795 0.4000000060
9748  44.482  -56.402  -10.062 0.6999999881
9254  43.409  -58.157  -9.760 0.4000000060
10755  45.129  -55.068  -10.598 0.8000000119
8770  41.037  -58.277  -8.252 0.5000000000
11342  46.486  -53.962  -11.247 0.6999999881
11894  45.840  -53.050  -11.426 0.6000000238
99616  47.056  -50.725  -11.359 0.5000000000
12468  46.501  -52.418  -11.408 0.6000000238
16255  41.586  -45.921  -10.751 0.6999999881
14913  46.662  -47.311  -12.552 0.6000000238
14908  46.867  -48.644  -12.239 0.6000000238
16268  42.580  -45.648  -11.524 0.8000000119
92942  41.947  -45.358  -11.267 0.8000000119
9253  44.186  -57.539  -10.028 0.5000000000
9749  44.482  -56.710  -10.018 0.6000000238
107289  43.343  -57.274  -9.607 0.5000000000
98612  42.384  -56.330  -9.262 0.6999999881
9743  42.130  -57.301  -9.155 0.4000000060
97259  45.907  -54.681  -10.913 0.6999999881
11893  46.886  -53.235  -11.383 0.6999999881
103139  47.248  -52.251  -11.171 0.6000000238
13624  47.414  -49.873  -11.653 0.6000000238
17025  41.696  -44.608  -11.449 0.6000000238
14268  48.213  -48.539  -12.253 0.6000000238
16277  43.063  -45.297  -12.041 0.6999999881
17024  42.382  -44.904  -11.748 0.6999999881
99558  45.668  -46.284  -12.695 0.6999999881
16275  44.841  -45.877  -12.602 0.6999999881
17035  43.594  -44.870  -12.580 0.6999999881
9750  43.928  -56.705  -9.843 0.5000000000
10241  44.477  -56.067  -9.971 0.6000000238
10240  44.635  -55.949  -10.256 0.6000000238
10758  42.523  -54.818  -9.273 0.6999999881
10242  43.273  -55.743  -9.484 0.6000000238
10243  42.083  -55.392  -9.188 0.6999999881
10235  41.259  -55.570  -8.784 0.6999999881
11339  46.206  -54.057  -11.202 0.6999999881
11888  47.077  -53.066  -11.126 0.6999999881
101019  47.298  -51.630  -11.079 0.5000000000
110198  47.389  -52.826  -11.189 0.6000000238
17788  40.721  -43.501  -11.238 0.5000000000
14263  48.444  -48.645  -12.037 0.6000000238
13615  47.178  -50.510  -11.238 0.6000000238
106478  41.449  -43.781  -11.640 0.6000000238
105129  48.012  -48.014  -12.489 0.6000000238
14264  47.982  -49.329  -12.091 0.6000000238
17036  42.790  -44.500  -12.335 0.6000000238
17787  41.858  -43.307  -12.263 0.5000000000
18611  41.668  -42.471  -12.546 0.5000000000
15596  47.956  -47.088  -12.930 0.6999999881
16274  46.824  -46.163  -13.068 0.6999999881
17040  45.385  -44.816  -13.334 0.6999999881
17041  44.267  -44.417  -13.189 0.6999999881
17799  43.302  -44.039  -12.905 0.5000000000
16280  46.653  -45.235  -13.409 0.6999999881
10756  44.866  -55.386  -10.241 0.6000000238
10757  43.920  -55.157  -9.635 0.6999999881
11329  44.571  -54.556  -9.789 0.6000000238
11330  43.005  -54.157  -9.339 0.6999999881
11328  45.532  -54.315  -10.404 0.6999999881
12461  47.486  -52.427  -11.030 0.6999999881
11880  46.138  -53.410  -10.553 0.6999999881
13031  47.314  -51.788  -10.947 0.6000000238
101179  40.496  -42.721  -11.406 0.4000000060
13616  47.317  -50.223  -11.238 0.5000000000
18612  41.073  -41.949  -12.196 0.4000000060
15595  48.665  -46.262  -12.890 0.6000000238
14262  48.599  -48.083  -12.139 0.6000000238
17805  42.943  -43.251  -13.238 0.5000000000
18610  42.278  -42.882  -12.833 0.5000000000
17804  43.981  -43.489  -13.569 0.5000000000
17038  47.544  -44.435  -13.557 0.6000000238
17039  46.449  -44.421  -13.618 0.6999999881
92766  45.428  -43.872  -13.703 0.6000000238
17803  44.930  -43.128  -14.008 0.5000000000
99940  43.276  -53.419  -9.382 0.6000000238
104079  44.342  -53.613  -9.660 0.6999999881
11869  42.486  -52.517  -9.159 0.6999999881
11882  43.456  -52.665  -9.417 0.6999999881
12462  46.626  -52.457  -10.630 0.6000000238
14253  47.490  -49.268  -11.424 0.6000000238
14896  48.320  -48.774  -11.889 0.6000000238
16263  48.794  -46.743  -12.697 0.6000000238
14907  48.588  -48.127  -12.120 0.6000000238
18618  42.623  -42.455  -13.442 0.4000000060
18619  42.066  -42.206  -13.076 0.5000000000
19352  41.572  -41.626  -12.981 0.4000000060
16278  48.314  -45.362  -13.259 0.6000000238
19360  42.248  -41.633  -13.633 0.4000000060
17802  47.225  -43.680  -14.080 0.6000000238
17807  46.124  -43.081  -14.296 0.5000000000
11881  44.750  -53.033  -9.818 0.6000000238
12453  42.766  -51.933  -9.222 0.6999999881
13022  44.526  -50.874  -9.706 0.6000000238
12451  45.221  -52.189  -9.993 0.6000000238
12442  42.094  -51.715  -8.886 0.6999999881
13021  46.003  -50.751  -10.316 0.5000000000
14897  47.198  -48.303  -11.112 0.6000000238
15576  47.887  -47.760  -11.582 0.6000000238
16264  47.777  -46.000  -12.084 0.5000000000
17031  48.145  -45.132  -13.301 0.6000000238
17042  47.822  -43.771  -14.015 0.6000000238
96852  47.156  -42.975  -14.330 0.5000000000
13607  43.595  -49.810  -9.402 0.6999999881
14240  45.207  -48.971  -10.031 0.6000000238
103552  46.095  -48.541  -10.470 0.5000000000
16252  46.071  -46.051  -11.043 0.6000000238
15577  46.289  -46.961  -10.796 0.6000000238
17020  47.360  -45.251  -12.342 0.6000000238
17796  47.316  -43.851  -13.346 0.6000000238
17806  47.696  -43.234  -14.099 0.5000000000
8759  39.560  -57.874  -7.082 0.5000000000
9251  40.083  -56.598  -8.180 0.5000000000
109626  39.182  -57.301  -7.139 0.5000000000
9246  39.989  -57.460  -7.761 0.5000000000
9744  41.112  -56.461  -8.666 0.6999999881
10237  39.752  -55.057  -8.176 0.6999999881
9738  39.441  -55.861  -7.909 0.5000000000
10748  41.419  -54.682  -8.844 0.6999999881
10236  40.587  -54.940  -8.510 0.6999999881
11331  41.832  -53.973  -9.050 0.6999999881
6899  40.480  -62.168  -4.969 0.3000000119
11890  42.684  -52.590  -10.796 0.6000000238
109651  42.678  -48.673  -10.801 0.6999999881
17034  44.535  -45.211  -12.806 0.6999999881
17786  42.131  -44.119  -11.984 0.6000000238
17800  42.528  -43.684  -12.589 0.6000000238
18596  41.208  -42.845  -11.835 0.5000000000
111601  40.836  -42.360  -11.762 0.5000000000
18616  44.227  -42.782  -14.006 0.5000000000
13032  47.086  -51.645  -10.735 0.5000000000
12452  43.666  -51.745  -9.465 0.6999999881
13605  46.327  -49.993  -10.459 0.5000000000
17032  47.842  -44.863  -12.946 0.6000000238
17795  47.822  -44.137  -13.667 0.6000000238
15590  47.264  -46.636  -11.491 0.6000000238
13606  44.882  -49.830  -9.831 0.5000000000
10741  39.381  -54.315  -7.879 0.6000000238
11859  37.591  -52.481  -5.942 0.6000000238
103635  37.517  -51.146  -5.845 0.4000000060
11312  38.304  -53.419  -7.083 0.5000000000
10750  40.151  -54.314  -8.312 0.6000000238
98877  41.707  -56.412  -10.611 0.5000000000
12422  37.333  -51.855  -4.785 0.4000000060
99569  41.501  -54.781  -10.580 0.5000000000
10734  37.898  -54.166  -6.599 0.5000000000
111423  37.207  -50.291  -5.164 0.4000000060
10250  42.340  -55.704  -10.629 0.5000000000
112109  41.779  -53.649  -10.590 0.5000000000
11858  38.130  -52.467  -6.850 0.6000000238
10765  42.474  -54.322  -10.693 0.5000000000
11311  39.104  -53.537  -7.614 0.5000000000
14219  36.849  -48.612  -4.911 0.4000000060
14211  36.643  -48.445  -4.109 0.4000000060
12428  37.775  -51.718  -6.319 0.4000000060
11332  40.498  -53.130  -10.194 0.5000000000
109562  38.745  -52.081  -7.329 0.5000000000
106423  41.354  -53.121  -10.469 0.5000000000
11892  40.842  -52.387  -10.205 0.5000000000
11322  39.871  -53.598  -8.115 0.6000000238
11872  40.393  -52.938  -8.280 0.6000000238
98740  41.167  -53.954  -8.656 0.6000000238
12465  42.023  -51.666  -10.559 0.5000000000
12454  40.520  -51.668  -9.905 0.5000000000
11883  40.041  -52.363  -9.795 0.4000000060
11864  39.653  -52.842  -7.852 0.5000000000
11865  38.875  -52.748  -7.424 0.5000000000
11863  40.131  -52.152  -8.012 0.6000000238
11871  40.885  -52.221  -8.396 0.6000000238
11320  41.238  -53.179  -8.632 0.6000000238
11870  41.680  -52.350  -8.753 0.6000000238
13002  37.483  -50.380  -5.877 0.4000000060
100249  36.936  -49.311  -5.000 0.4000000060
13036  40.850  -51.101  -10.061 0.5000000000
13024  40.288  -50.916  -9.747 0.5000000000
12456  39.130  -51.425  -9.369 0.4000000060
13035  41.468  -50.913  -10.332 0.6000000238
12455  39.830  -51.525  -9.622 0.4000000060
12436  39.089  -51.504  -7.441 0.6000000238
12444  40.498  -51.377  -8.172 0.6000000238
13015  40.826  -50.522  -8.291 0.6000000238
13014  41.579  -50.444  -8.551 0.6000000238
14868  36.710  -47.673  -4.722 0.4000000060
13620  40.843  -50.375  -10.009 0.5000000000
109946  39.538  -49.603  -9.499 0.4000000060
13610  38.298  -49.730  -9.092 0.4000000060
103367  38.491  -50.189  -7.084 0.6000000238
103439  37.945  -50.094  -6.593 0.4000000060
13593  39.684  -49.650  -7.641 0.6000000238
12437  38.354  -51.573  -7.060 0.6000000238
12435  39.796  -51.445  -7.757 0.5000000000
13600  41.152  -49.682  -8.375 0.6000000238
13592  40.404  -49.702  -8.057 0.5000000000
13013  42.267  -50.425  -8.842 0.6000000238
103624  36.529  -46.866  -4.137 0.4000000060
14227  37.307  -48.923  -5.768 0.4000000060
94698  40.745  -49.390  -9.946 0.6000000238
107917  39.875  -49.218  -9.606 0.5000000000
14232  38.588  -48.825  -7.092 0.4000000060
14226  37.902  -48.882  -6.552 0.4000000060
13594  38.929  -49.553  -7.294 0.5000000000
14230  40.059  -48.928  -7.805 0.5000000000
14237  40.736  -48.892  -8.203 0.5000000000
13599  41.909  -49.656  -8.623 0.6000000238
13598  42.635  -49.720  -9.011 0.6000000238
16232  37.298  -45.929  -6.257 0.4000000060
14867  37.126  -47.202  -5.770 0.4000000060
16223  36.829  -45.975  -5.568 0.4000000060
16224  36.618  -45.250  -5.173 0.4000000060
112332  41.569  -47.658  -10.439 0.6000000238
15555  37.690  -46.682  -6.481 0.4000000060
97445  37.167  -48.052  -5.678 0.4000000060
14888  40.138  -47.888  -9.694 0.6000000238
14245  38.662  -48.271  -9.394 0.5000000000
101052  38.194  -48.858  -9.246 0.4000000060
14874  38.340  -47.311  -6.920 0.4000000060
104008  39.712  -48.301  -7.650 0.5000000000
14882  41.061  -48.013  -8.360 0.5000000000
104208  41.773  -48.185  -8.585 0.6000000238
98951  43.007  -49.117  -9.198 0.6000000238
99733  36.928  -45.433  -5.959 0.4000000060
15579  41.169  -46.683  -10.385 0.6000000238
14900  40.704  -47.354  -10.006 0.6000000238
14889  39.262  -47.659  -9.530 0.5000000000
14247  36.735  -48.497  -9.579 0.5000000000
15554  38.412  -46.431  -7.114 0.4000000060
14878  39.010  -48.000  -7.291 0.4000000060
14877  39.754  -47.566  -7.698 0.5000000000
104486  40.491  -47.271  -8.177 0.5000000000
100494  42.342  -47.874  -8.857 0.5000000000
16233  36.818  -44.766  -5.962 0.4000000060
15580  40.442  -46.628  -10.045 0.6000000238
15570  39.915  -47.083  -9.707 0.5000000000
14890  38.368  -47.464  -9.533 0.5000000000
112007  41.068  -47.352  -8.401 0.4000000060
105082  42.388  -46.990  -9.003 0.4000000060
14242  42.984  -48.385  -9.211 0.4000000060
104989  43.729  -48.079  -9.477 0.6000000238
18547  37.007  -42.631  -6.739 0.4000000060
104925  37.354  -45.205  -6.514 0.4000000060
16239  37.916  -44.900  -7.182 0.4000000060
17011  41.269  -45.130  -10.844 0.5000000000
15571  39.012  -46.843  -9.626 0.5000000000
15572  38.100  -46.685  -9.737 0.4000000060
15581  39.708  -46.189  -9.924 0.4000000060
15558  40.462  -46.335  -8.271 0.5000000000
100243  41.173  -45.928  -8.553 0.5000000000
16241  41.822  -45.590  -9.061 0.6000000238
15569  43.146  -46.722  -9.409 0.4000000060
103191  44.502  -47.201  -9.917 0.4000000060
16247  42.532  -45.285  -9.512 0.5000000000
17012  40.436  -44.926  -10.550 0.5000000000
16257  39.909  -45.434  -10.239 0.6000000238
17776  40.160  -44.109  -10.671 0.4000000060
16245  44.145  -46.034  -10.129 0.5000000000
14898  45.540  -47.565  -10.354 0.5000000000
17763  42.258  -44.038  -9.890 0.5000000000
16246  43.342  -45.829  -9.689 0.5000000000
16254  43.897  -45.360  -10.291 0.5000000000
16991  37.704  -43.970  -7.288 0.4000000060
16266  45.464  -45.267  -11.125 0.4000000060
16253  44.983  -45.838  -10.557 0.5000000000
17003  43.135  -44.983  -9.971 0.5000000000
17010  42.889  -44.294  -10.236 0.5000000000
17789  39.938  -43.239  -10.837 0.4000000060
17797  46.358  -43.435  -12.681 0.4000000060
17783  45.581  -43.964  -11.941 0.4000000060
17021  46.096  -44.766  -11.689 0.5000000000
17008  44.475  -44.915  -10.759 0.5000000000
17022  44.986  -44.445  -11.313 0.5000000000
17009  43.615  -44.583  -10.494 0.5000000000
17785  43.743  -43.380  -11.267 0.5000000000
17784  44.602  -43.650  -11.550 0.4000000060
96028  41.463  -48.763  -10.338 0.6000000238
101629  42.429  -57.330  -10.575 0.5000000000
17026  41.003  -44.317  -11.008 0.5000000000
14241  43.890  -48.919  -9.502 0.6000000238
111402  44.317  -48.446  -9.647 0.4000000060
11891  41.708  -52.440  -10.523 0.5000000000
12466  41.207  -51.684  -10.284 0.5000000000
13608  40.022  -50.042  -9.651 0.4000000060
13026  38.764  -50.649  -9.206 0.4000000060
13007  39.226  -50.293  -7.445 0.6000000238
13609  39.211  -49.992  -9.376 0.4000000060
14875  37.655  -47.616  -6.367 0.4000000060
14256  40.854  -48.184  -10.036 0.6000000238
14243  40.364  -48.647  -9.765 0.6000000238
14244  39.547  -48.465  -9.531 0.5000000000
13611  37.364  -49.127  -9.163 0.5000000000
13601  37.503  -49.923  -8.874 0.5000000000
14246  37.676  -48.140  -9.459 0.5000000000
14881  41.650  -47.366  -8.600 0.5000000000
14891  37.620  -47.292  -9.725 0.5000000000
16237  39.791  -45.854  -8.048 0.5000000000
16256  40.641  -45.835  -10.379 0.6000000238
15568  43.930  -46.604  -9.792 0.3000000119
5649  46.374  -66.276  -3.227 0.3000000119
5658  46.147  -66.013  -5.262 0.3000000119
5657  46.415  -65.341  -4.658 0.3000000119
6098  47.601  -64.723  -7.620 0.3000000119
5666  47.058  -65.472  -6.688 0.3000000119
6083  47.246  -64.698  -6.249 0.3000000119
5679  47.465  -64.613  -8.136 0.3000000119
7312  48.309  -61.911  -6.411 0.3000000119
6521  48.113  -63.422  -7.084 0.3000000119
6533  48.163  -63.338  -7.973 0.3000000119
6097  48.061  -64.260  -8.124 0.3000000119
7311  48.636  -61.105  -6.687 0.3000000119
6906  48.430  -61.689  -7.240 0.3000000119
6917  48.166  -62.460  -7.791 0.4000000060
6534  47.596  -62.756  -8.249 0.4000000060
7790  48.422  -60.463  -6.887 0.3000000119
7322  48.243  -60.900  -7.213 0.4000000060
107169  48.016  -61.363  -7.569 0.4000000060
6918  47.915  -62.211  -7.895 0.4000000060
8266  48.491  -59.845  -6.417 0.3000000119
6919  46.928  -62.485  -7.498 0.4000000060
8757  48.742  -57.923  -6.576 0.4000000060
95691  48.440  -59.039  -6.364 0.4000000060
6909  46.031  -62.239  -6.145 0.3000000119
8255  48.297  -59.752  -6.610 0.4000000060
103942  47.717  -60.832  -7.064 0.4000000060
8749  48.209  -58.830  -6.464 0.4000000060
7296  46.591  -60.982  -5.881 0.5000000000
6908  47.137  -61.623  -7.029 0.4000000060
9229  48.428  -57.289  -6.599 0.4000000060
7301  40.565  -61.266  -4.423 0.3000000119
6895  44.341  -62.228  -4.422 0.3000000119
106363  41.571  -58.044  -10.556 0.4000000060
8765  40.274  -58.400  -7.449 0.4000000060
7782  48.047  -60.185  -6.983 0.3000000119
7768  47.140  -60.299  -5.886 0.5000000000
8267  40.135  -59.388  -6.351 0.4000000060
110138  48.062  -58.062  -6.454 0.4000000060
7771  40.265  -60.584  -4.578 0.4000000060
7313  46.075  -61.598  -5.714 0.4000000060
7772  39.975  -59.901  -4.729 0.5000000000
6894  45.329  -61.970  -4.913 0.5000000000
7761  40.670  -60.549  -3.912 0.4000000060
106248  40.946  -61.802  -4.243 0.4000000060
7297  44.580  -61.266  -4.168 0.3000000119
7300  41.683  -61.847  -3.936 0.4000000060
9250  40.980  -57.355  -8.469 0.4000000060
8750  47.178  -58.436  -5.538 0.4000000060
8256  47.498  -59.468  -5.982 0.4000000060
8751  39.670  -58.513  -6.490 0.4000000060
8257  39.953  -59.726  -5.587 0.5000000000
8242  46.396  -59.134  -4.893 0.4000000060
112056  46.535  -59.836  -5.121 0.4000000060
111127  39.667  -59.326  -4.852 0.5000000000
9215  46.373  -57.693  -4.949 0.4000000060
8733  46.146  -58.418  -4.732 0.4000000060
100857  45.694  -59.736  -4.491 0.5000000000
7770  45.151  -60.443  -4.269 0.5000000000
8258  39.573  -58.992  -5.542 0.4000000060
8244  39.858  -59.249  -4.153 0.5000000000
9707  45.644  -57.105  -4.688 0.4000000060
8235  40.284  -59.883  -3.981 0.4000000060
7279  43.726  -60.879  -3.700 0.4000000060
7280  42.944  -60.985  -3.619 0.4000000060
7281  42.001  -61.095  -3.637 0.4000000060
7760  41.383  -60.440  -3.611 0.4000000060
101476  38.947  -57.669  -6.281 0.4000000060
8734  45.346  -58.832  -4.317 0.4000000060
8243  44.776  -59.589  -3.947 0.4000000060
8736  39.403  -58.647  -4.505 0.4000000060
13016  37.952  -50.595  -8.840 0.4000000060
9708  44.983  -56.565  -4.557 0.4000000060
9216  45.484  -57.931  -4.487 0.4000000060
7757  44.211  -60.273  -3.734 0.5000000000
8724  40.274  -59.061  -3.731 0.4000000060
103487  44.857  -57.374  -4.356 0.4000000060
7758  43.301  -60.165  -3.556 0.4000000060
8234  40.805  -59.808  -3.649 0.4000000060
7759  42.346  -60.265  -3.507 0.4000000060
8233  41.711  -59.621  -3.470 0.4000000060
9739  38.640  -55.892  -7.252 0.4000000060
8752  39.110  -58.285  -5.408 0.3000000119
9200  44.702  -58.142  -4.102 0.4000000060
8735  44.495  -58.852  -3.842 0.4000000060
8737  38.977  -57.998  -4.573 0.3000000119
110334  44.254  -57.645  -4.029 0.4000000060
8721  43.874  -58.373  -3.705 0.4000000060
8231  43.827  -59.339  -3.607 0.4000000060
8232  42.775  -59.326  -3.473 0.5000000000
9710  43.413  -56.446  -4.037 0.4000000060
9201  43.581  -57.496  -3.776 0.4000000060
10229  38.937  -55.095  -7.622 0.4000000060
105831  42.915  -58.297  -3.532 0.4000000060
5288  44.444  -66.793  -8.329 0.3000000119
109065  48.648  -60.752  -5.960 0.3000000119
7789  48.617  -60.440  -6.673 0.3000000119
8748  48.667  -58.364  -6.277 0.4000000060
9718  47.546  -56.572  -5.993 0.4000000060
107264  47.322  -57.481  -5.680 0.4000000060
10209  46.683  -55.909  -5.577 0.4000000060
9720  45.758  -56.280  -4.974 0.4000000060
9241  38.373  -57.131  -5.733 0.3000000119
9709  44.325  -55.922  -4.505 0.4000000060
106088  38.541  -56.734  -6.653 0.4000000060
96155  38.244  -56.979  -4.878 0.4000000060
9218  39.308  -57.914  -3.956 0.4000000060
9202  42.726  -57.292  -3.602 0.4000000060
101014  42.043  -57.956  -3.455 0.4000000060
8723  41.434  -58.395  -3.442 0.4000000060
98377  39.946  -58.200  -3.662 0.3000000119
8725  39.717  -58.624  -3.910 0.4000000060
9694  42.435  -56.407  -3.691 0.4000000060
5680  47.223  -65.527  -7.806 0.3000000119
5270  44.706  -66.132  -7.715 0.3000000119
6082  47.911  -64.027  -7.401 0.3000000119
6907  48.291  -62.631  -7.309 0.4000000060
6925  47.969  -63.099  -8.165 0.4000000060
99100  48.556  -60.924  -7.012 0.3000000119
7321  48.164  -61.545  -7.441 0.4000000060
8254  48.582  -59.542  -6.259 0.3000000119
9240  49.228  -56.932  -7.015 0.4000000060
7769  46.132  -60.455  -4.925 0.4000000060
7298  43.586  -61.631  -3.905 0.3000000119
96782  45.648  -61.176  -4.842 0.5000000000
9719  46.489  -56.851  -5.260 0.4000000060
101077  41.121  -59.034  -3.481 0.4000000060
10727  37.507  -54.784  -5.091 0.4000000060
10222  37.668  -54.917  -6.065 0.4000000060
11283  37.768  -53.758  -4.199 0.4000000060
11850  37.380  -52.498  -5.142 0.3000000119
10735  37.525  -53.962  -5.573 0.5000000000
10742  38.557  -54.279  -7.335 0.4000000060
12974  42.723  -50.270  -3.981 0.3000000119
109884  42.583  -51.262  -4.050 0.3000000119
13546  38.354  -49.490  -2.633 0.3000000119
12978  38.100  -50.700  -3.136 0.3000000119
12979  37.505  -50.299  -3.443 0.3000000119
13573  37.036  -50.013  -4.566 0.3000000119
12975  41.661  -50.324  -3.551 0.3000000119
13544  40.343  -49.374  -2.887 0.3000000119
13545  39.302  -49.505  -2.631 0.3000000119
13572  43.461  -48.873  -4.382 0.3000000119
13558  42.480  -49.473  -3.789 0.3000000119
13547  37.382  -49.507  -3.213 0.3000000119
13561  36.943  -48.810  -3.492 0.3000000119
110110  41.138  -49.142  -3.255 0.3000000119
14180  38.769  -48.145  -2.441 0.3000000119
110496  37.724  -49.350  -2.813 0.3000000119
14846  40.875  -47.461  -2.981 0.3000000119
102480  39.758  -47.680  -2.592 0.3000000119
14831  38.186  -47.439  -2.355 0.3000000119
14830  39.200  -47.217  -2.424 0.3000000119
96716  38.653  -46.775  -2.296 0.3000000119
100083  41.738  -47.596  -3.433 0.3000000119
14183  37.097  -48.041  -2.975 0.3000000119
100178  36.616  -46.874  -3.323 0.3000000119
16209  36.455  -45.341  -4.268 0.3000000119
14829  40.273  -46.851  -2.677 0.3000000119
14832  37.388  -47.383  -2.594 0.3000000119
95844  36.432  -45.261  -3.542 0.3000000119
15502  38.581  -46.102  -2.151 0.3000000119
16185  37.592  -45.849  -2.116 0.3000000119
16186  36.916  -45.759  -2.417 0.3000000119
17700  36.582  -44.075  -2.490 0.3000000119
16973  36.508  -44.338  -5.066 0.3000000119
15533  36.501  -46.059  -3.609 0.3000000119
112184  36.486  -44.869  -4.628 0.3000000119
17745  36.640  -43.024  -6.061 0.3000000119
17744  37.096  -43.512  -6.738 0.3000000119
19292  36.928  -41.781  -6.543 0.3000000119
19291  37.284  -41.133  -6.994 0.3000000119
18558  37.444  -42.069  -7.395 0.3000000119
11842  37.526  -52.411  -4.329 0.3000000119
102816  37.535  -54.104  -4.722 0.4000000060
12990  37.210  -50.669  -3.994 0.3000000119
109582  36.666  -47.741  -3.565 0.3000000119
10718  37.826  -54.632  -4.283 0.5000000000
13559  41.801  -49.304  -3.532 0.3000000119
14181  38.052  -48.850  -2.562 0.3000000119
12963  37.842  -49.958  -2.907 0.3000000119
12403  37.696  -51.226  -3.647 0.3000000119
14179  39.817  -48.543  -2.651 0.3000000119
14199  40.948  -48.443  -3.108 0.3000000119
16167  37.867  -44.985  -1.762 0.3000000119
16930  36.888  -44.480  -2.021 0.3000000119
15520  36.732  -46.374  -2.823 0.3000000119
16183  39.503  -45.323  -2.146 0.3000000119
16953  36.422  -44.744  -3.057 0.3000000119
9205  39.636  -57.393  -3.629 0.4000000060
110215  40.792  -56.320  -3.445 0.4000000060
10182  40.105  -55.835  -3.454 0.4000000060
97381  38.498  -56.761  -4.250 0.3000000119
10705  39.694  -55.093  -3.504 0.4000000060
101606  40.577  -54.828  -3.549 0.3000000119
9206  38.970  -57.059  -3.868 0.4000000060
10183  39.174  -55.652  -3.586 0.4000000060
102793  39.825  -54.325  -3.489 0.3000000119
9711  38.019  -56.149  -4.607 0.3000000119
9698  38.603  -56.175  -3.875 0.4000000060
10706  38.941  -54.751  -3.589 0.4000000060
10212  37.705  -55.602  -5.438 0.3000000119
10197  38.152  -55.435  -4.109 0.4000000060
10707  38.265  -54.049  -3.800 0.4000000060
10221  38.033  -55.792  -6.405 0.3000000119
9721  38.030  -56.445  -5.652 0.3000000119
10184  38.596  -55.396  -3.772 0.4000000060
9697  39.387  -56.521  -3.597 0.4000000060
9203  41.246  -57.764  -3.428 0.3000000119
93490  49.146  -57.479  -4.750 0.3000000119
9228  49.290  -57.270  -6.132 0.3000000119
9239  49.197  -57.066  -6.735 0.3000000119
106895  40.192  -56.811  -3.457 0.3000000119
100911  41.846  -57.143  -3.497 0.3000000119
9706  49.452  -56.181  -5.269 0.3000000119
9238  49.553  -56.387  -6.561 0.3000000119
9214  49.462  -56.592  -5.634 0.3000000119
97282  49.473  -56.456  -6.866 0.3000000119
9730  48.764  -56.312  -6.946 0.3000000119
9696  41.003  -57.019  -3.411 0.3000000119
10177  48.199  -55.472  -4.319 0.3000000119
10192  49.370  -55.247  -5.485 0.3000000119
9717  49.659  -55.771  -6.613 0.3000000119
9705  49.679  -56.027  -5.855 0.3000000119
10220  49.147  -55.223  -7.136 0.3000000119
10193  48.499  -54.519  -4.929 0.3000000119
10712  49.026  -54.227  -5.762 0.3000000119
10219  49.406  -55.170  -7.031 0.3000000119
10206  49.635  -55.264  -6.457 0.3000000119
10208  47.942  -55.487  -6.441 0.3000000119
10210  45.804  -55.432  -5.292 0.3000000119
10194  45.148  -55.846  -4.780 0.3000000119
10699  47.422  -54.779  -4.280 0.3000000119
101812  48.475  -54.339  -6.655 0.3000000119
98793  49.194  -54.426  -6.939 0.3000000119
10725  46.969  -54.713  -5.855 0.3000000119
9695  41.559  -56.343  -3.527 0.3000000119
98147  48.418  -53.636  -5.487 0.3000000119
10713  47.784  -54.008  -4.734 0.3000000119
11277  48.756  -53.528  -6.116 0.3000000119
10732  48.748  -53.774  -6.516 0.3000000119
10211  44.937  -55.042  -4.961 0.3000000119
10195  43.579  -55.589  -4.377 0.3000000119
10181  42.084  -55.591  -3.761 0.3000000119
99315  41.185  -55.501  -3.562 0.3000000119
9204  40.433  -57.614  -3.486 0.3000000119
11290  48.378  -52.877  -6.213 0.3000000119
10733  47.717  -53.457  -6.398 0.3000000119
110226  45.805  -54.626  -5.457 0.3000000119
97907  44.035  -55.047  -4.630 0.3000000119
96904  49.239  -56.838  -4.593 0.3000000119
6544  47.974  -63.536  -8.286 0.3000000119
6545  47.907  -63.469  -8.308 0.4000000060
7282  41.140  -61.211  -3.865 0.4000000060
8722  42.003  -58.780  -3.427 0.4000000060
9217  44.224  -56.908  -4.240 0.4000000060
9219  38.735  -57.398  -4.354 0.4000000060
9230  38.600  -57.634  -5.143 0.3000000119
9252  44.305  -57.107  -10.022 0.6000000238
9257  44.115  -57.223  -10.106 0.5000000000
9728  49.618  -55.891  -6.825 0.3000000119
9729  49.399  -56.045  -7.096 0.3000000119
9731  39.247  -56.659  -7.547 0.5000000000
9745  40.315  -55.751  -8.382 0.5000000000
10198  37.758  -55.333  -4.640 0.4000000060
10207  49.330  -54.444  -6.339 0.3000000119
10218  49.645  -55.438  -6.781 0.3000000119
10230  38.144  -55.052  -6.965 0.4000000060
10717  38.310  -54.868  -3.867 0.4000000060
10724  49.456  -54.809  -6.844 0.3000000119
10749  40.786  -54.303  -8.542 0.6000000238
11294  37.472  -53.288  -4.763 0.4000000060
11301  48.247  -52.730  -6.294 0.3000000119
11303  37.738  -53.272  -6.284 0.5000000000
11304  37.485  -53.103  -5.542 0.6000000238
11319  42.165  -53.225  -9.129 0.6999999881
11321  40.604  -53.702  -8.431 0.6000000238
11337  47.087  -52.941  -11.224 0.6999999881
11338  46.715  -53.237  -11.325 0.6999999881
11847  48.154  -52.275  -6.168 0.3000000119
12429  37.444  -51.790  -5.469 0.4000000060
12443  41.360  -51.375  -8.522 0.6000000238
12460  47.411  -52.419  -11.071 0.6000000238
12467  47.219  -52.781  -11.185 0.6000000238
12469  45.141  -52.153  -11.482 0.6000000238
12962  38.679  -50.191  -2.766 0.3000000119
12976  40.867  -50.021  -3.278 0.3000000119
12997  37.252  -50.981  -4.921 0.4000000060
13001  37.991  -50.842  -6.656 0.4000000060
13006  40.002  -50.562  -7.832 0.5000000000
13008  38.744  -50.882  -7.254 0.6000000238
13017  37.116  -50.518  -8.704 0.5000000000
13023  43.114  -50.598  -9.277 0.6999999881
13025  39.547  -50.763  -9.498 0.4000000060
13040  46.798  -51.552  -11.368 0.6000000238
13041  45.872  -50.836  -11.556 0.6000000238
13560  37.059  -49.774  -3.750 0.3000000119
13581  37.247  -49.745  -5.450 0.4000000060
13586  38.238  -49.515  -6.848 0.4000000060
13587  37.642  -49.582  -6.230 0.4000000060
14182  37.405  -48.814  -2.909 0.3000000119
14198  41.869  -48.338  -3.527 0.3000000119
14210  36.794  -49.191  -4.234 0.4000000060
14231  39.348  -48.872  -7.461 0.5000000000
14235  42.301  -48.822  -8.780 0.5000000000
14236  41.490  -48.873  -8.470 0.6000000238
14252  47.837  -49.456  -11.910 0.6000000238
14267  42.912  -48.235  -10.981 0.6999999881
14833  36.872  -47.193  -2.887 0.3000000119
14885  44.693  -47.975  -9.824 0.4000000060
14886  43.799  -47.332  -9.580 0.3000000119
14887  43.018  -47.554  -9.273 0.4000000060
14906  48.540  -47.577  -12.157 0.6000000238
14912  48.617  -47.219  -12.356 0.6000000238
15501  39.697  -46.198  -2.438 0.3000000119
15503  37.811  -46.734  -2.274 0.3000000119
15504  37.129  -46.575  -2.514 0.3000000119
15546  37.105  -46.495  -5.898 0.4000000060
15547  36.714  -46.715  -5.131 0.4000000060
15559  39.804  -46.695  -7.823 0.5000000000
15560  39.095  -47.018  -7.367 0.4000000060
15562  42.489  -46.130  -9.234 0.5000000000
15563  41.782  -46.447  -8.763 0.5000000000
15564  41.109  -46.771  -8.444 0.4000000060
15567  44.829  -46.662  -10.258 0.4000000060
15589  48.438  -46.971  -12.032 0.6000000238
16168  37.135  -45.084  -2.023 0.3000000119
16184  38.483  -45.448  -1.914 0.3000000119
16200  36.563  -45.558  -2.878 0.3000000119
16231  37.860  -45.789  -6.844 0.4000000060
16242  40.472  -45.475  -8.425 0.5000000000
16265  46.665  -45.659  -11.567 0.5000000000
16273  48.630  -45.932  -13.071 0.6000000238
16276  43.959  -45.810  -12.314 0.6999999881
16279  47.881  -45.726  -13.218 0.6000000238
16281  45.600  -45.580  -13.002 0.6999999881
16943  36.728  -44.973  -2.408 0.3000000119
16982  37.249  -44.391  -6.664 0.4000000060
16983  36.714  -43.904  -6.002 0.4000000060
17004  42.549  -44.630  -9.775 0.5000000000
17019  48.352  -45.724  -12.894 0.6000000238
17023  44.084  -44.145  -11.022 0.5000000000
17033  46.728  -44.320  -12.457 0.6000000238
17037  47.788  -44.339  -13.548 0.6000000238
17691  36.924  -43.802  -1.837 0.3000000119
17752  37.558  -43.082  -7.370 0.4000000060
17801  47.770  -43.538  -13.978 0.6000000238
18548  36.663  -42.313  -6.102 0.3000000119
18620  47.375  -42.404  -14.250 0.5000000000
19282  36.939  -40.989  -6.129 0.3000000119
94531  36.561  -46.033  -4.650 0.3000000119
94956  42.979  -59.465  -10.034 0.4000000060
95906  45.796  -54.789  -10.838 0.6999999881
98375  45.810  -51.539  -10.242 0.6000000238
99233  40.298  -48.161  -8.009 0.5000000000
99260  42.692  -47.013  -11.124 0.6999999881
100936  40.720  -58.366  -3.500 0.4000000060
100997  37.715  -48.152  -2.570 0.3000000119
101063  38.179  -48.154  -6.779 0.4000000060
102807  39.042  -49.151  -9.360 0.5000000000
102861  41.947  -51.022  -8.768 0.6000000238
103009  47.279  -50.969  -10.968 0.6000000238
103159  41.162  -53.860  -10.484 0.5000000000
103293  42.561  -51.210  -9.101 0.6999999881
103469  39.419  -52.128  -7.629 0.5000000000
103659  38.839  -48.930  -2.507 0.3000000119
103913  47.370  -51.184  -10.893 0.5000000000
104101  45.333  -54.948  -10.482 0.6000000238
104397  39.404  -50.937  -7.545 0.6000000238
108412  39.435  -52.018  -9.519 0.4000000060
108846  45.213  -42.377  -14.437 0.5000000000
109849  43.345  -58.835  -3.544 0.4000000060
109980  40.854  -48.753  -10.024 0.6000000238
110423  37.604  -48.317  -6.281 0.4000000060
111829  46.664  -49.427  -10.664 0.5000000000
111951  48.699  -60.704  -6.698 0.3000000119
