#!ascii label  , from subject sub-v2s15x29728_ses-1 vox2ras=TkReg
1019
48309  29.215  -15.205  23.840 0.0000000000
60178  43.511  -1.978  8.656 0.0000000000
53380  34.693  -9.110  16.924 0.0000000000
46403  11.618  -16.664  35.260 0.0000000000
51325  23.301  -11.787  29.352 0.0000000000
57197  36.806  -6.311  15.581 0.0000000000
46443  18.602  -17.279  31.340 0.0000000000
44299  16.438  -18.747  35.725 0.0000000000
45451  22.431  -17.039  31.154 0.0000000000
60161  47.570  -2.594  9.541 0.0000000000
53271  30.144  -10.054  24.124 0.0000000000
53307  31.622  -8.990  21.668 0.0000000000
49354  34.364  -13.115  24.791 0.0000000000
63844  47.622  1.111  7.660 0.0000000000
61146  50.504  -1.163  5.993 0.0000000000
61984  40.523  -1.109  11.916 0.0000000000
57217  42.446  -4.576  12.921 0.0000000000
56336  39.374  -5.942  12.198 0.0000000000
53395  39.186  -10.346  16.636 0.0000000000
97820  29.133  -14.504  29.811 0.0000000000
113385  10.494  -18.293  39.534 0.0000000000
46351  6.286  -16.876  39.110 0.0000000000
48099  4.914  -15.153  42.376 0.0000000000
50370  25.553  -12.580  25.859 0.0000000000
45464  26.017  -17.623  29.840 0.0000000000
56288  30.846  -5.601  17.851 0.0000000000
103070  34.306  -7.915  21.486 0.0000000000
64706  53.086  2.475  3.307 0.0000000000
60176  45.206  -2.387  8.743 0.0000000000
116507  45.351  -3.051  11.001 0.0000000000
50406  29.424  -12.849  23.267 0.0000000000
50422  31.785  -12.590  22.596 0.0000000000
113545  32.129  -14.706  23.769 0.0000000000
62975  43.523  -0.014  9.592 0.0000000000
63826  46.368  1.402  9.342 0.0000000000
62019  45.151  -0.519  8.293 0.0000000000
61124  47.245  -1.484  7.501 0.0000000000
43077  4.718  -19.302  43.017 0.0000000000
59172  39.522  -3.456  12.564 0.0000000000
59160  38.555  -3.520  13.602 0.0000000000
56310  35.912  -7.362  16.077 0.0000000000
113289  37.266  -9.169  14.392 0.0000000000
52415  36.689  -10.322  16.709 0.0000000000
52377  36.468  -10.550  19.652 0.0000000000
44316  14.028  -18.128  34.907 0.0000000000
109616  15.181  -18.771  37.348 0.0000000000
110428  13.258  -18.841  37.179 0.0000000000
43114  12.395  -19.489  39.433 0.0000000000
45351  10.689  -17.337  36.667 0.0000000000
48160  6.808  -14.671  37.908 0.0000000000
47240  5.268  -15.700  40.416 0.0000000000
51361  23.808  -12.128  27.099 0.0000000000
47374  25.935  -15.148  28.125 0.0000000000
47375  23.765  -15.578  28.141 0.0000000000
45392  21.784  -17.504  33.696 0.0000000000
45376  23.980  -17.315  34.128 0.0000000000
53275  34.744  -9.205  23.429 0.0000000000
54368  33.181  -8.119  21.590 0.0000000000
58135  38.284  -3.997  15.864 0.0000000000
57172  36.203  -5.463  17.325 0.0000000000
56300  34.076  -6.647  16.526 0.0000000000
44320  19.528  -18.570  33.590 0.0000000000
44297  18.564  -18.829  35.695 0.0000000000
44335  16.939  -18.489  32.496 0.0000000000
45414  14.850  -17.108  32.727 0.0000000000
46428  12.696  -15.828  33.616 0.0000000000
47361  23.179  -15.487  29.567 0.0000000000
48228  21.563  -15.171  30.751 0.0000000000
45431  20.408  -17.491  31.419 0.0000000000
55319  28.938  -6.773  23.950 0.0000000000
116585  28.262  -7.176  21.242 0.0000000000
53295  29.701  -9.395  22.748 0.0000000000
51426  33.404  -11.012  22.390 0.0000000000
63851  50.418  1.555  5.519 0.0000000000
63008  49.017  0.164  6.271 0.0000000000
106069  49.486  -1.768  7.044 0.0000000000
61084  41.979  -1.339  10.094 0.0000000000
59196  43.181  -3.314  10.533 0.0000000000
59183  41.083  -3.422  11.251 0.0000000000
104242  40.850  -5.304  12.624 0.0000000000
55459  41.075  -8.232  13.819 0.0000000000
102029  37.870  -5.887  14.059 0.0000000000
116016  38.910  -8.802  13.537 0.0000000000
106431  29.650  -15.285  26.847 0.0000000000
48284  31.777  -14.697  27.132 0.0000000000
62951  43.253  0.512  11.429 0.0000000000
48176  9.658  -14.519  35.562 0.0000000000
46392  8.764  -15.933  36.789 0.0000000000
45328  8.678  -17.095  38.710 0.0000000000
45299  8.457  -17.560  40.465 0.0000000000
44219  6.071  -18.514  40.366 0.0000000000
108543  5.157  -18.115  41.303 0.0000000000
46316  3.982  -17.036  42.970 0.0000000000
100242  2.541  -16.203  43.923 0.0000000000
49339  27.134  -13.678  25.134 0.0000000000
48271  27.036  -14.909  27.372 0.0000000000
47358  27.629  -15.248  29.634 0.0000000000
45449  24.280  -17.463  30.421 0.0000000000
55413  33.043  -7.338  16.897 0.0000000000
55389  30.323  -7.523  19.435 0.0000000000
54402  32.591  -8.290  19.320 0.0000000000
53344  34.293  -9.741  19.169 0.0000000000
50340  34.764  -12.658  28.081 0.0000000000
63865  54.497  1.244  1.947 0.0000000000
62068  51.895  0.141  4.085 0.0000000000
62066  53.355  -0.389  3.405 0.0000000000
60177  44.277  -2.248  8.675 0.0000000000
109855  45.199  -2.757  9.538 0.0000000000
60151  43.780  -3.019  9.815 0.0000000000
49382  29.481  -13.934  23.054 0.0000000000
49381  30.367  -14.245  22.916 0.0000000000
47421  30.790  -15.244  23.760 0.0000000000
62021  43.557  -1.129  8.682 0.0000000000
62986  44.828  0.077  8.639 0.0000000000
61107  44.256  -1.572  8.516 0.0000000000
61106  44.998  -1.857  8.375 0.0000000000
44169  3.757  -18.959  43.591 0.0000000000
61054  38.978  -1.819  13.466 0.0000000000
60102  38.614  -2.645  14.551 0.0000000000
54444  35.186  -8.766  16.405 0.0000000000
54443  35.848  -9.166  16.096 0.0000000000
52402  35.983  -10.221  17.146 0.0000000000
52401  36.781  -10.556  17.384 0.0000000000
52392  35.789  -10.322  18.095 0.0000000000
45381  12.797  -17.296  34.706 0.0000000000
44302  13.120  -18.275  35.771 0.0000000000
45349  12.347  -18.162  36.289 0.0000000000
44285  11.784  -18.348  37.123 0.0000000000
45367  11.127  -17.048  35.955 0.0000000000
50341  23.524  -12.701  27.750 0.0000000000
48275  23.613  -14.146  27.608 0.0000000000
48259  23.296  -14.540  28.059 0.0000000000
45363  21.476  -17.443  35.455 0.0000000000
58089  29.051  -4.221  21.955 0.0000000000
54329  34.126  -8.003  23.533 0.0000000000
57173  35.348  -5.291  17.125 0.0000000000
57174  34.339  -5.040  16.971 0.0000000000
44333  18.598  -18.432  32.348 0.0000000000
103790  18.527  -18.806  33.167 0.0000000000
44334  17.678  -18.385  32.164 0.0000000000
46434  15.329  -16.568  32.310 0.0000000000
46435  14.602  -16.326  32.596 0.0000000000
46427  13.392  -16.275  33.318 0.0000000000
49264  21.984  -14.300  30.976 0.0000000000
106863  19.137  -15.965  30.429 0.0000000000
99450  20.069  -16.416  30.562 0.0000000000
45432  19.569  -17.416  31.265 0.0000000000
44332  19.983  -18.147  32.769 0.0000000000
105165  28.953  -8.507  22.906 0.0000000000
53278  29.728  -9.410  23.600 0.0000000000
49378  33.273  -13.409  23.523 0.0000000000
50421  32.508  -12.328  22.567 0.0000000000
50403  34.397  -12.011  23.612 0.0000000000
51411  34.711  -11.193  23.478 0.0000000000
50384  35.298  -11.797  25.264 0.0000000000
63834  46.617  1.159  8.614 0.0000000000
63849  48.690  0.956  6.656 0.0000000000
62999  47.977  0.679  7.060 0.0000000000
60191  47.381  -2.176  7.943 0.0000000000
61123  48.026  -1.984  7.471 0.0000000000
60190  48.228  -2.370  8.137 0.0000000000
61071  40.806  -1.253  11.041 0.0000000000
60153  41.359  -2.593  10.722 0.0000000000
60136  40.487  -2.518  11.404 0.0000000000
57221  39.300  -5.236  12.497 0.0000000000
58171  40.246  -4.559  12.133 0.0000000000
56335  39.965  -6.225  12.393 0.0000000000
55468  41.204  -7.355  13.662 0.0000000000
55469  40.129  -7.630  13.269 0.0000000000
58145  37.979  -5.045  15.777 0.0000000000
58155  37.706  -4.986  14.825 0.0000000000
104924  37.277  -6.329  14.715 0.0000000000
53420  38.215  -9.950  15.395 0.0000000000
54479  37.970  -8.833  13.739 0.0000000000
53443  39.015  -9.818  14.958 0.0000000000
53442  40.014  -9.465  14.744 0.0000000000
47371  29.524  -14.868  28.279 0.0000000000
112092  31.007  -14.570  28.706 0.0000000000
61971  41.093  -0.149  12.903 0.0000000000
61982  41.915  -0.363  11.182 0.0000000000
61998  42.161  -0.610  10.319 0.0000000000
44298  17.197  -18.859  35.469 0.0000000000
97678  17.257  -18.595  37.004 0.0000000000
114880  11.119  -18.823  39.165 0.0000000000
43103  12.191  -19.626  40.361 0.0000000000
43116  10.965  -19.006  40.009 0.0000000000
44235  9.899  -17.744  39.886 0.0000000000
48177  9.016  -14.180  35.989 0.0000000000
47295  9.177  -15.611  36.331 0.0000000000
48168  8.321  -14.404  36.414 0.0000000000
47271  6.763  -15.559  38.233 0.0000000000
46378  7.534  -15.998  37.674 0.0000000000
45330  7.012  -17.112  38.771 0.0000000000
45314  8.362  -17.472  39.428 0.0000000000
45315  7.386  -18.002  39.772 0.0000000000
44218  6.698  -18.424  40.462 0.0000000000
45317  6.153  -17.560  39.540 0.0000000000
47232  4.995  -15.345  41.330 0.0000000000
45279  5.116  -17.407  40.919 0.0000000000
46328  4.745  -16.785  41.584 0.0000000000
45257  4.331  -17.756  42.499 0.0000000000
46315  4.436  -16.880  42.275 0.0000000000
51358  26.073  -11.247  25.952 0.0000000000
51374  26.683  -11.792  25.306 0.0000000000
49341  26.000  -13.132  25.596 0.0000000000
48285  27.319  -14.799  26.389 0.0000000000
48286  26.559  -14.331  26.770 0.0000000000
46487  26.211  -16.331  28.647 0.0000000000
47373  26.685  -15.464  28.470 0.0000000000
46471  27.256  -16.194  29.954 0.0000000000
46454  23.028  -16.674  30.565 0.0000000000
46475  23.583  -16.584  29.752 0.0000000000
45450  23.385  -17.165  30.858 0.0000000000
45389  25.327  -17.576  33.379 0.0000000000
58168  42.924  -4.156  12.233 0.0000000000
59170  43.713  -3.854  11.941 0.0000000000
58167  43.685  -4.000  12.798 0.0000000000
58126  31.476  -4.598  17.195 0.0000000000
57189  31.974  -5.117  16.770 0.0000000000
104261  31.365  -6.063  17.605 0.0000000000
54390  28.993  -8.029  21.151 0.0000000000
55391  28.789  -7.036  20.233 0.0000000000
54388  30.625  -8.285  20.649 0.0000000000
54367  33.646  -7.858  21.364 0.0000000000
118264  32.282  -8.372  20.051 0.0000000000
53326  33.733  -8.450  20.477 0.0000000000
54416  33.246  -8.634  19.045 0.0000000000
53305  34.441  -8.623  20.943 0.0000000000
103403  35.247  -9.599  20.867 0.0000000000
48267  32.862  -14.275  27.196 0.0000000000
63861  53.747  1.684  2.244 0.0000000000
63016  50.266  0.646  5.402 0.0000000000
63855  50.858  1.087  4.991 0.0000000000
115553  50.898  -0.475  5.151 0.0000000000
61154  52.737  -1.207  4.754 0.0000000000
111807  54.178  -1.274  4.399 0.0000000000
46459  18.196  -15.894  30.796 0.0000000000
46445  16.977  -16.456  31.590 0.0000000000
60162  46.737  -2.532  9.116 0.0000000000
60147  47.638  -2.586  10.476 0.0000000000
60148  46.689  -2.701  10.159 0.0000000000
51392  30.227  -11.336  23.841 0.0000000000
105580  30.474  -11.371  23.368 0.0000000000
103417  30.298  -12.612  23.065 0.0000000000
110219  31.800  -13.793  22.826 0.0000000000
48306  33.226  -14.016  24.288 0.0000000000
63821  46.257  1.663  10.141 0.0000000000
63828  44.906  0.817  9.871 0.0000000000
63835  45.882  0.894  8.819 0.0000000000
62984  46.192  0.509  8.171 0.0000000000
62033  47.269  -0.559  7.181 0.0000000000
112021  46.429  -1.007  7.610 0.0000000000
60192  46.617  -1.778  7.879 0.0000000000
43054  5.611  -19.711  43.195 0.0000000000
61973  39.891  -1.318  12.553 0.0000000000
61063  39.802  -1.980  12.063 0.0000000000
61064  39.260  -1.825  12.778 0.0000000000
102206  39.024  -3.014  13.174 0.0000000000
58173  38.995  -4.767  12.762 0.0000000000
56309  36.441  -7.182  15.401 0.0000000000
56308  36.887  -7.005  14.704 0.0000000000
55443  36.249  -8.071  15.472 0.0000000000
53421  37.183  -9.711  15.136 0.0000000000
52414  37.576  -10.528  16.767 0.0000000000
52400  37.548  -10.650  17.786 0.0000000000
52376  37.462  -10.565  19.354 0.0000000000
115244  29.214  -14.456  31.399 0.0000000000
103185  14.819  -18.408  34.986 0.0000000000
44282  15.728  -18.671  36.109 0.0000000000
44283  14.399  -18.627  36.325 0.0000000000
44267  13.809  -18.703  36.817 0.0000000000
43126  13.387  -19.385  38.331 0.0000000000
44269  11.334  -18.546  37.657 0.0000000000
44270  10.768  -18.162  37.912 0.0000000000
48159  7.219  -14.298  37.394 0.0000000000
48154  6.383  -14.599  38.614 0.0000000000
47251  5.970  -15.100  39.266 0.0000000000
47252  5.708  -16.083  39.582 0.0000000000
108520  5.514  -15.216  39.888 0.0000000000
102430  5.505  -13.772  41.090 0.0000000000
49090  5.335  -13.699  42.072 0.0000000000
51360  24.401  -11.775  26.643 0.0000000000
48287  25.726  -13.836  27.113 0.0000000000
49302  23.981  -13.609  27.188 0.0000000000
47385  24.222  -15.200  27.802 0.0000000000
46474  24.775  -16.799  28.986 0.0000000000
113661  21.777  -17.477  32.301 0.0000000000
107236  23.016  -17.503  32.766 0.0000000000
103067  22.657  -17.395  33.538 0.0000000000
57212  42.182  -5.071  13.615 0.0000000000
58104  29.719  -4.597  18.887 0.0000000000
99901  32.619  -9.442  22.108 0.0000000000
54369  31.998  -8.346  21.152 0.0000000000
54348  33.452  -7.892  22.395 0.0000000000
54331  33.869  -7.117  22.523 0.0000000000
64702  52.927  2.875  3.958 0.0000000000
44170  1.875  -18.090  44.265 0.0000000000
111788  38.333  -4.793  16.493 0.0000000000
58136  37.850  -5.246  16.805 0.0000000000
57184  36.378  -6.018  16.670 0.0000000000
56298  35.657  -6.573  16.450 0.0000000000
56299  34.969  -6.955  16.333 0.0000000000
55429  34.306  -7.355  16.499 0.0000000000
44295  20.051  -18.358  35.217 0.0000000000
44279  19.994  -18.111  36.140 0.0000000000
115767  19.436  -18.654  35.109 0.0000000000
44311  18.173  -19.127  34.500 0.0000000000
44313  16.343  -18.793  34.130 0.0000000000
105856  16.377  -17.506  32.124 0.0000000000
44323  15.785  -18.377  33.421 0.0000000000
44314  15.369  -18.420  34.246 0.0000000000
44315  14.526  -18.024  34.219 0.0000000000
46416  12.901  -16.694  33.951 0.0000000000
100519  12.245  -16.120  34.114 0.0000000000
49278  23.247  -13.940  28.831 0.0000000000
49279  22.905  -14.301  29.709 0.0000000000
47344  22.505  -15.521  30.375 0.0000000000
46455  22.010  -16.612  31.008 0.0000000000
48229  20.511  -15.135  30.810 0.0000000000
46456  20.974  -16.685  30.777 0.0000000000
45452  21.256  -17.162  31.115 0.0000000000
45393  21.081  -17.771  32.883 0.0000000000
44319  20.338  -18.068  33.504 0.0000000000
57128  28.963  -5.341  23.898 0.0000000000
57137  28.343  -5.621  22.137 0.0000000000
55350  28.427  -7.337  22.464 0.0000000000
54373  28.878  -8.329  21.757 0.0000000000
53293  31.257  -9.668  22.277 0.0000000000
51429  31.009  -11.264  22.754 0.0000000000
52346  31.676  -10.581  22.394 0.0000000000
52345  32.594  -10.467  22.252 0.0000000000
52343  34.013  -10.396  22.489 0.0000000000
53270  35.430  -9.732  24.167 0.0000000000
63847  50.056  1.902  6.169 0.0000000000
63852  49.775  1.169  5.849 0.0000000000
62041  49.516  -0.503  6.110 0.0000000000
62043  48.073  -0.666  6.817 0.0000000000
62042  48.806  -0.657  6.478 0.0000000000
60166  42.464  -1.876  9.410 0.0000000000
60152  42.821  -2.667  9.599 0.0000000000
59197  42.295  -3.038  10.400 0.0000000000
59182  41.857  -3.621  10.863 0.0000000000
58169  41.989  -4.549  12.034 0.0000000000
59184  40.482  -3.388  11.639 0.0000000000
58170  41.019  -4.722  12.063 0.0000000000
57218  41.595  -4.905  12.832 0.0000000000
56327  42.159  -6.053  13.857 0.0000000000
55457  41.965  -6.923  14.064 0.0000000000
59150  38.385  -3.305  14.301 0.0000000000
103148  38.282  -5.372  13.354 0.0000000000
57206  38.157  -6.060  12.877 0.0000000000
55461  36.972  -7.617  13.994 0.0000000000
55471  38.225  -7.422  12.736 0.0000000000
55470  38.967  -7.551  12.658 0.0000000000
54491  40.285  -8.484  13.662 0.0000000000
47404  28.828  -15.498  25.557 0.0000000000
47402  30.294  -15.494  25.349 0.0000000000
100331  30.329  -15.273  26.616 0.0000000000
48238  32.336  -14.185  29.336 0.0000000000
62965  43.365  0.326  10.505 0.0000000000
61997  42.832  -0.310  9.937 0.0000000000
47315  11.340  -15.321  34.576 0.0000000000
48175  10.285  -14.298  35.209 0.0000000000
47305  10.883  -15.673  35.005 0.0000000000
46404  10.408  -16.456  36.214 0.0000000000
45352  10.006  -16.871  36.983 0.0000000000
110521  9.709  -17.085  37.770 0.0000000000
47284  7.971  -15.598  37.027 0.0000000000
45340  8.930  -16.800  37.990 0.0000000000
45327  9.471  -17.278  38.544 0.0000000000
45298  9.226  -17.495  40.187 0.0000000000
45276  9.200  -17.436  41.084 0.0000000000
115060  6.501  -18.961  42.124 0.0000000000
45301  5.708  -17.770  40.106 0.0000000000
44220  5.587  -18.432  40.766 0.0000000000
43094  5.888  -19.189  41.994 0.0000000000
44187  5.239  -18.944  42.213 0.0000000000
44189  4.010  -18.468  43.089 0.0000000000
45258  3.550  -17.580  43.379 0.0000000000
114857  3.695  -15.970  43.541 0.0000000000
46298  3.236  -16.610  43.646 0.0000000000
45234  2.549  -17.361  43.956 0.0000000000
49356  27.852  -13.371  23.838 0.0000000000
49357  27.214  -13.194  24.402 0.0000000000
48311  27.802  -14.068  24.491 0.0000000000
47395  28.113  -15.105  25.982 0.0000000000
48270  27.891  -15.163  26.891 0.0000000000
48256  28.663  -15.005  28.133 0.0000000000
48272  26.200  -14.515  27.658 0.0000000000
48257  27.231  -15.051  28.252 0.0000000000
48242  28.317  -14.704  29.736 0.0000000000
47360  23.521  -15.583  28.777 0.0000000000
46490  23.942  -16.289  28.925 0.0000000000
45448  25.297  -17.757  30.507 0.0000000000
45405  24.237  -17.654  31.933 0.0000000000
106284  24.998  -17.679  31.904 0.0000000000
45425  26.486  -17.615  31.807 0.0000000000
59195  44.095  -3.302  10.763 0.0000000000
58137  33.408  -5.002  16.840 0.0000000000
103069  33.401  -6.384  16.680 0.0000000000
54446  33.794  -7.697  16.810 0.0000000000
57146  28.698  -5.907  20.650 0.0000000000
56256  29.172  -5.939  19.490 0.0000000000
56272  30.047  -6.401  18.694 0.0000000000
54387  31.583  -8.270  20.480 0.0000000000
55388  31.215  -7.562  19.129 0.0000000000
55401  31.252  -7.320  18.159 0.0000000000
54417  32.855  -7.961  18.287 0.0000000000
100453  33.594  -8.507  18.188 0.0000000000
113903  34.420  -9.206  17.660 0.0000000000
52378  35.668  -10.519  19.039 0.0000000000
48295  31.843  -15.020  25.828 0.0000000000
48293  33.324  -14.206  25.604 0.0000000000
49318  34.238  -13.250  26.581 0.0000000000
50339  35.123  -12.242  27.747 0.0000000000
50352  35.361  -12.082  27.043 0.0000000000
64714  55.074  2.749  1.152 0.0000000000
63853  52.004  1.774  4.084 0.0000000000
63858  52.379  1.275  3.496 0.0000000000
101646  52.249  -0.620  4.365 0.0000000000
62067  52.591  -0.128  3.728 0.0000000000
110128  52.967  0.552  3.178 0.0000000000
62079  53.862  0.053  2.717 0.0000000000
62078  54.624  -0.620  2.460 0.0000000000
60164  44.429  -2.724  9.222 0.0000000000
60165  43.541  -2.580  8.963 0.0000000000
48327  28.862  -14.504  23.435 0.0000000000
48326  29.724  -14.761  23.269 0.0000000000
47422  30.078  -15.253  23.749 0.0000000000
53399  35.414  -9.559  16.654 0.0000000000
53379  35.024  -9.784  17.587 0.0000000000
46402  12.242  -17.142  35.177 0.0000000000
45365  12.612  -17.734  35.448 0.0000000000
45366  11.870  -17.469  35.744 0.0000000000
50330  23.348  -12.144  28.531 0.0000000000
49290  23.390  -13.656  27.989 0.0000000000
100664  23.341  -13.047  28.673 0.0000000000
45346  21.336  -17.350  36.333 0.0000000000
45345  22.118  -17.134  36.029 0.0000000000
58082  29.277  -4.362  22.800 0.0000000000
44345  18.296  -17.937  31.831 0.0000000000
45433  17.660  -17.645  31.646 0.0000000000
46458  18.631  -16.467  30.967 0.0000000000
46457  19.392  -16.746  30.890 0.0000000000
45411  19.014  -17.854  31.825 0.0000000000
54332  29.317  -8.583  23.662 0.0000000000
49377  34.057  -12.835  23.942 0.0000000000
50404  33.653  -12.458  23.194 0.0000000000
50385  34.790  -12.242  24.536 0.0000000000
63833  47.351  1.413  8.389 0.0000000000
63832  48.087  1.673  8.189 0.0000000000
63843  48.320  1.374  7.415 0.0000000000
60174  47.506  -2.469  8.647 0.0000000000
101725  48.411  -2.500  9.001 0.0000000000
105443  6.463  -19.312  42.868 0.0000000000
114684  40.721  -1.827  10.904 0.0000000000
61072  40.357  -1.676  11.491 0.0000000000
57220  39.827  -5.174  12.350 0.0000000000
56330  39.503  -6.783  12.486 0.0000000000
57196  37.422  -5.639  15.231 0.0000000000
53419  39.066  -9.976  15.835 0.0000000000
48241  29.745  -14.610  29.120 0.0000000000
104670  29.891  -14.453  29.834 0.0000000000
97385  40.982  -0.573  12.238 0.0000000000
101667  41.741  -0.222  12.220 0.0000000000
61983  41.181  -0.729  11.480 0.0000000000
103842  16.588  -18.844  34.979 0.0000000000
98599  17.035  -18.729  36.181 0.0000000000
44252  10.617  -18.252  38.694 0.0000000000
44234  10.385  -18.329  40.402 0.0000000000
46368  6.706  -16.384  38.651 0.0000000000
109011  7.442  -17.613  39.084 0.0000000000
45316  6.757  -17.721  39.231 0.0000000000
46327  5.015  -16.296  41.092 0.0000000000
47233  4.587  -16.030  42.051 0.0000000000
51359  25.262  -11.769  26.202 0.0000000000
117549  25.421  -10.831  26.650 0.0000000000
51375  25.923  -12.013  25.666 0.0000000000
49320  26.136  -13.670  26.142 0.0000000000
46472  26.579  -16.844  29.403 0.0000000000
46453  26.808  -17.071  30.321 0.0000000000
46452  27.488  -16.462  30.880 0.0000000000
46442  26.952  -17.133  31.289 0.0000000000
45429  22.910  -17.376  31.523 0.0000000000
106833  43.147  -4.301  13.047 0.0000000000
58113  30.484  -4.336  18.276 0.0000000000
58112  31.098  -4.088  17.778 0.0000000000
58127  30.844  -4.809  17.599 0.0000000000
57175  31.331  -5.286  17.100 0.0000000000
54371  30.269  -8.663  21.339 0.0000000000
54389  29.713  -8.300  20.833 0.0000000000
54370  31.158  -8.525  21.217 0.0000000000
105953  35.187  -8.558  21.451 0.0000000000
64710  53.476  2.470  2.708 0.0000000000
64709  54.016  2.568  2.134 0.0000000000
62049  50.296  -0.454  5.555 0.0000000000
62058  50.829  0.157  5.028 0.0000000000
47337  17.830  -15.222  31.063 0.0000000000
47338  17.429  -15.876  31.308 0.0000000000
48218  17.546  -14.657  31.671 0.0000000000
47348  18.615  -15.199  30.693 0.0000000000
98919  46.064  -2.365  8.707 0.0000000000
60163  45.929  -2.623  9.408 0.0000000000
60150  44.765  -3.063  10.235 0.0000000000
60149  45.694  -2.873  10.264 0.0000000000
51393  29.894  -11.319  24.231 0.0000000000
51412  30.084  -11.923  23.594 0.0000000000
48324  31.430  -14.946  23.554 0.0000000000
49380  31.215  -14.357  23.022 0.0000000000
103168  31.988  -14.333  23.225 0.0000000000
48323  32.649  -14.176  23.646 0.0000000000
62964  44.114  0.584  10.165 0.0000000000
62974  44.296  0.251  9.175 0.0000000000
62985  45.478  0.266  8.443 0.0000000000
62034  45.887  -0.351  7.977 0.0000000000
63001  46.571  0.017  7.531 0.0000000000
61105  45.871  -1.978  8.196 0.0000000000
60175  46.686  -2.274  8.345 0.0000000000
61955  39.899  -0.881  13.314 0.0000000000
61053  39.424  -1.395  13.165 0.0000000000
60113  38.620  -2.556  13.777 0.0000000000
59173  39.008  -3.944  12.982 0.0000000000
58162  38.539  -4.548  13.329 0.0000000000
53398  36.210  -9.848  16.358 0.0000000000
53422  36.511  -9.388  15.703 0.0000000000
53397  36.973  -9.995  16.093 0.0000000000
105122  37.680  -10.007  15.945 0.0000000000
52391  36.720  -10.594  18.454 0.0000000000
114570  37.226  -10.419  20.162 0.0000000000
61962  40.606  -0.418  13.531 0.0000000000
44300  15.006  -18.583  35.794 0.0000000000
99226  14.281  -18.449  35.592 0.0000000000
102290  13.139  -18.557  36.526 0.0000000000
43137  13.772  -19.090  37.586 0.0000000000
43138  12.856  -19.291  37.702 0.0000000000
45338  11.021  -17.995  37.188 0.0000000000
45339  10.387  -17.518  37.464 0.0000000000
48135  5.985  -14.144  39.386 0.0000000000
117182  6.338  -15.279  38.746 0.0000000000
48136  5.668  -14.589  39.836 0.0000000000
48107  5.183  -14.469  41.652 0.0000000000
52291  23.661  -10.778  27.867 0.0000000000
51345  23.914  -11.245  27.224 0.0000000000
50355  24.182  -12.478  26.707 0.0000000000
49322  24.418  -13.033  26.754 0.0000000000
49323  23.857  -12.901  27.054 0.0000000000
47386  23.591  -14.913  27.758 0.0000000000
48274  24.073  -14.390  27.467 0.0000000000
46489  24.593  -16.009  28.337 0.0000000000
45408  22.129  -17.468  32.884 0.0000000000
45378  22.388  -17.297  34.330 0.0000000000
59091  29.643  -3.935  19.699 0.0000000000
116239  29.455  -4.585  19.513 0.0000000000
53290  33.719  -9.178  22.458 0.0000000000
53291  32.986  -8.719  22.067 0.0000000000
53276  34.000  -8.590  22.948 0.0000000000
55332  33.940  -6.935  23.275 0.0000000000
54330  33.763  -7.375  23.113 0.0000000000
45235  1.606  -17.267  44.030 0.0000000000
57185  35.723  -6.022  17.076 0.0000000000
57186  34.833  -6.085  16.715 0.0000000000
113976  20.199  -18.193  34.283 0.0000000000
44309  19.483  -18.659  34.537 0.0000000000
44321  17.522  -18.807  32.976 0.0000000000
107237  17.918  -19.145  33.791 0.0000000000
109584  17.128  -18.980  33.684 0.0000000000
44312  17.328  -19.029  34.526 0.0000000000
45434  16.970  -17.209  31.749 0.0000000000
45435  16.217  -16.692  31.958 0.0000000000
45413  15.685  -17.358  32.412 0.0000000000
45394  15.293  -17.815  32.977 0.0000000000
44324  15.058  -18.048  33.630 0.0000000000
45395  14.391  -17.513  33.411 0.0000000000
45396  13.635  -16.983  33.527 0.0000000000
50320  23.091  -13.349  29.698 0.0000000000
50308  23.110  -13.111  30.800 0.0000000000
48227  22.376  -14.747  30.413 0.0000000000
107762  22.486  -16.204  30.588 0.0000000000
47345  21.731  -16.021  30.791 0.0000000000
45453  20.286  -17.096  30.839 0.0000000000
100964  21.168  -17.496  31.899 0.0000000000
56211  28.582  -6.172  23.550 0.0000000000
55335  28.599  -7.042  23.294 0.0000000000
54350  28.708  -8.118  22.358 0.0000000000
54349  29.156  -8.796  22.312 0.0000000000
53309  29.938  -9.051  22.022 0.0000000000
53294  30.418  -9.627  22.412 0.0000000000
104254  31.300  -12.091  22.752 0.0000000000
52332  30.553  -10.762  23.108 0.0000000000
50420  33.272  -11.995  22.635 0.0000000000
51427  32.700  -11.458  22.406 0.0000000000
51410  35.354  -10.900  24.184 0.0000000000
64676  46.984  2.125  10.039 0.0000000000
64695  50.512  2.518  6.623 0.0000000000
64696  49.790  2.196  7.069 0.0000000000
109155  49.269  0.831  6.176 0.0000000000
63017  49.655  0.313  5.849 0.0000000000
61138  47.821  -1.268  7.137 0.0000000000
61122  48.878  -2.207  7.564 0.0000000000
61137  48.622  -1.487  6.928 0.0000000000
61136  49.387  -1.221  6.460 0.0000000000
100213  42.003  -2.191  10.087 0.0000000000
58179  42.313  -4.085  11.345 0.0000000000
58180  41.491  -4.185  11.415 0.0000000000
60137  39.993  -2.947  12.092 0.0000000000
59171  40.055  -3.884  11.951 0.0000000000
102125  40.404  -5.066  12.348 0.0000000000
57213  41.431  -5.564  13.317 0.0000000000
55458  41.829  -7.784  14.200 0.0000000000
59141  38.499  -3.243  15.127 0.0000000000
58144  38.083  -4.115  14.871 0.0000000000
58154  38.135  -4.803  14.123 0.0000000000
55442  36.615  -7.882  14.689 0.0000000000
54480  37.046  -8.436  14.037 0.0000000000
114358  38.971  -9.310  14.187 0.0000000000
54493  38.429  -8.206  12.991 0.0000000000
54492  39.417  -8.329  13.283 0.0000000000
54478  39.781  -8.997  13.848 0.0000000000
47393  29.669  -15.518  26.034 0.0000000000
48239  31.574  -14.375  29.215 0.0000000000
48254  31.478  -14.542  28.444 0.0000000000
62950  43.940  0.885  11.060 0.0000000000
62009  42.462  -1.040  9.505 0.0000000000
44280  19.401  -18.338  36.505 0.0000000000
45348  19.815  -17.856  36.979 0.0000000000
44261  19.048  -18.275  37.271 0.0000000000
44265  15.769  -18.705  36.902 0.0000000000
98337  12.987  -19.538  40.039 0.0000000000
48184  11.508  -14.616  34.489 0.0000000000
48185  10.788  -14.870  34.804 0.0000000000
47306  10.103  -15.168  35.331 0.0000000000
100978  10.409  -15.868  35.555 0.0000000000
46405  9.824  -15.730  35.974 0.0000000000
46391  9.602  -16.188  36.603 0.0000000000
46376  9.232  -16.546  37.238 0.0000000000
47285  7.318  -15.146  37.499 0.0000000000
46366  8.063  -16.655  38.101 0.0000000000
101760  9.310  -17.430  39.311 0.0000000000
44200  6.962  -18.505  41.315 0.0000000000
44201  6.132  -18.864  41.098 0.0000000000
46338  5.346  -16.733  40.220 0.0000000000
46352  5.736  -17.046  39.631 0.0000000000
44202  5.543  -18.738  41.475 0.0000000000
44203  4.882  -18.303  41.872 0.0000000000
47224  4.389  -15.679  43.117 0.0000000000
47214  3.747  -15.421  44.077 0.0000000000
46299  2.188  -16.649  43.938 0.0000000000
50387  28.373  -12.719  23.691 0.0000000000
49358  26.607  -13.090  25.011 0.0000000000
50369  26.895  -12.609  24.729 0.0000000000
48296  28.250  -14.994  25.014 0.0000000000
48297  27.615  -14.434  25.496 0.0000000000
97763  27.825  -15.041  27.835 0.0000000000
48273  25.174  -14.460  27.742 0.0000000000
47359  27.071  -16.018  29.054 0.0000000000
47372  27.327  -15.312  28.838 0.0000000000
48243  27.952  -14.963  28.803 0.0000000000
47342  28.151  -14.905  30.453 0.0000000000
48244  23.272  -14.849  28.969 0.0000000000
45467  23.656  -17.076  30.161 0.0000000000
45466  24.155  -17.056  29.582 0.0000000000
45465  25.040  -17.471  29.665 0.0000000000
45391  23.519  -17.459  33.446 0.0000000000
45406  23.383  -17.603  32.026 0.0000000000
108864  23.884  -17.612  32.691 0.0000000000
45404  25.742  -17.667  32.442 0.0000000000
45426  25.582  -17.754  31.424 0.0000000000
114824  43.685  -3.537  11.247 0.0000000000
107187  33.744  -4.487  17.129 0.0000000000
58124  33.068  -4.365  17.097 0.0000000000
56301  32.831  -6.674  16.778 0.0000000000
57188  32.870  -5.675  16.783 0.0000000000
56237  28.239  -6.286  21.735 0.0000000000
57140  28.494  -5.773  21.305 0.0000000000
56244  28.353  -6.672  20.922 0.0000000000
55390  29.527  -7.283  19.826 0.0000000000
56257  28.814  -6.324  20.131 0.0000000000
113888  29.218  -6.630  19.645 0.0000000000
115900  29.523  -6.298  19.143 0.0000000000
55403  29.817  -6.887  19.211 0.0000000000
101204  32.639  -8.166  21.183 0.0000000000
54403  31.814  -8.126  19.643 0.0000000000
54418  32.027  -7.736  18.740 0.0000000000
55400  32.041  -7.448  17.719 0.0000000000
53363  33.817  -9.147  18.757 0.0000000000
54415  34.082  -8.952  18.089 0.0000000000
53362  34.359  -9.586  18.313 0.0000000000
52379  34.951  -10.194  18.618 0.0000000000
53343  34.929  -10.191  19.409 0.0000000000
53304  35.963  -9.424  21.276 0.0000000000
114993  31.602  -14.919  26.559 0.0000000000
48283  32.328  -14.631  26.615 0.0000000000
102884  34.121  -13.379  28.076 0.0000000000
48282  33.191  -14.246  26.427 0.0000000000
49319  33.739  -13.738  26.705 0.0000000000
100739  33.773  -13.779  26.019 0.0000000000
100666  34.655  -12.786  27.321 0.0000000000
51344  35.463  -11.543  27.780 0.0000000000
51357  35.582  -11.369  26.643 0.0000000000
104392  54.261  2.026  1.779 0.0000000000
64715  54.553  2.674  1.655 0.0000000000
63864  54.993  1.867  1.500 0.0000000000
107849  55.020  0.830  1.587 0.0000000000
64700  50.716  2.273  5.797 0.0000000000
63022  51.325  0.577  4.508 0.0000000000
63854  51.416  1.459  4.530 0.0000000000
63859  51.794  0.972  3.946 0.0000000000
62056  53.038  -0.761  4.102 0.0000000000
63862  53.495  0.950  2.642 0.0000000000
50405  30.248  -13.404  22.853 0.0000000000
48325  30.594  -14.869  23.290 0.0000000000
48308  31.830  -15.072  24.283 0.0000000000
111494  43.684  -0.388  8.936 0.0000000000
62020  44.345  -0.617  8.589 0.0000000000
104348  44.862  -1.223  8.308 0.0000000000
61125  45.615  -1.277  8.046 0.0000000000
101536  4.064  -19.472  44.006 0.0000000000
61044  38.902  -1.865  14.428 0.0000000000
54461  35.838  -8.296  16.089 0.0000000000
115347  36.319  -10.439  17.770 0.0000000000
44301  13.314  -17.874  35.077 0.0000000000
115053  13.701  -18.271  35.475 0.0000000000
44268  12.588  -18.661  37.140 0.0000000000
45350  11.436  -17.766  36.462 0.0000000000
49128  5.861  -13.066  40.573 0.0000000000
51346  23.522  -11.680  27.769 0.0000000000
49303  23.675  -13.418  27.495 0.0000000000
45379  21.610  -17.490  34.584 0.0000000000
45362  22.227  -17.165  35.151 0.0000000000
109729  29.100  -4.382  21.075 0.0000000000
98797  34.888  -8.651  23.991 0.0000000000
102537  19.224  -18.528  32.823 0.0000000000
117218  18.068  -18.710  32.605 0.0000000000
46446  15.714  -15.891  32.045 0.0000000000
100279  15.048  -15.947  32.303 0.0000000000
46426  14.100  -16.709  33.035 0.0000000000
47347  19.976  -15.724  30.481 0.0000000000
45410  19.778  -17.800  31.979 0.0000000000
108784  19.325  -18.167  32.351 0.0000000000
54333  28.758  -7.909  23.119 0.0000000000
105149  29.288  -8.962  23.056 0.0000000000
49395  32.236  -13.156  22.659 0.0000000000
49394  32.962  -12.912  22.829 0.0000000000
50419  34.059  -11.450  22.826 0.0000000000
51390  35.260  -11.566  24.625 0.0000000000
114157  35.685  -11.133  24.971 0.0000000000
64683  47.834  1.873  8.888 0.0000000000
63842  49.020  1.734  7.223 0.0000000000
63009  48.350  0.080  6.634 0.0000000000
97085  49.792  -2.063  7.848 0.0000000000
60189  49.022  -2.390  8.322 0.0000000000
61999  41.449  -0.905  10.682 0.0000000000
60154  41.327  -1.605  10.541 0.0000000000
58172  39.557  -4.444  12.444 0.0000000000
57219  40.124  -5.644  12.356 0.0000000000
112321  40.674  -5.966  12.939 0.0000000000
56329  40.467  -6.732  13.095 0.0000000000
53444  38.062  -9.546  14.570 0.0000000000
109839  39.688  -9.773  15.484 0.0000000000
47383  29.230  -15.192  27.464 0.0000000000
47382  30.171  -14.988  27.542 0.0000000000
48255  30.352  -14.686  28.493 0.0000000000
48240  30.621  -14.479  29.395 0.0000000000
62943  41.716  0.264  13.004 0.0000000000
62952  42.545  0.132  11.816 0.0000000000
62966  42.659  -0.015  10.856 0.0000000000
103843  17.997  -18.989  35.220 0.0000000000
44281  18.753  -18.613  36.409 0.0000000000
98600  17.860  -18.766  36.154 0.0000000000
43128  11.797  -19.244  38.800 0.0000000000
43115  11.626  -19.412  39.689 0.0000000000
116424  11.465  -19.460  40.411 0.0000000000
43105  10.923  -19.146  40.937 0.0000000000
44217  9.787  -17.716  40.766 0.0000000000
49182  9.231  -13.216  36.108 0.0000000000
47307  9.193  -15.053  35.840 0.0000000000
116970  8.715  -14.744  36.115 0.0000000000
47296  8.496  -15.190  36.406 0.0000000000
46367  7.255  -16.454  38.305 0.0000000000
45329  7.814  -17.066  38.712 0.0000000000
45300  7.674  -17.890  40.831 0.0000000000
44236  6.445  -18.123  39.838 0.0000000000
45280  4.779  -17.514  41.718 0.0000000000
47225  4.160  -16.381  43.007 0.0000000000
106206  26.244  -12.595  25.320 0.0000000000
49340  26.533  -13.504  25.520 0.0000000000
48298  26.901  -14.065  25.921 0.0000000000
115575  26.127  -15.734  28.350 0.0000000000
47343  27.869  -15.647  30.547 0.0000000000
46476  23.079  -16.090  30.055 0.0000000000
45428  23.810  -17.537  31.295 0.0000000000
46414  24.245  -16.942  34.756 0.0000000000
45390  24.411  -17.569  33.434 0.0000000000
45375  24.947  -17.314  34.239 0.0000000000
59181  43.069  -3.716  11.367 0.0000000000
59123  31.852  -3.879  17.592 0.0000000000
58125  32.264  -4.411  17.092 0.0000000000
56302  32.041  -6.100  17.115 0.0000000000
55414  32.287  -7.102  17.111 0.0000000000
55376  28.531  -7.388  20.881 0.0000000000
55375  29.265  -7.628  20.517 0.0000000000
55374  30.047  -7.903  20.150 0.0000000000
54385  33.047  -7.995  20.941 0.0000000000
54386  32.441  -8.218  20.733 0.0000000000
54401  33.012  -8.495  20.020 0.0000000000
53345  33.819  -8.906  19.607 0.0000000000
102711  34.556  -9.468  20.092 0.0000000000
48268  32.298  -14.449  27.564 0.0000000000
48252  33.042  -13.991  28.066 0.0000000000
49287  34.311  -13.429  29.098 0.0000000000
50329  34.714  -12.831  28.735 0.0000000000
61153  53.528  -1.226  4.550 0.0000000000
61161  53.809  -0.923  3.911 0.0000000000
97748  54.123  -0.814  3.169 0.0000000000
61160  54.544  -1.177  3.880 0.0000000000
46444  17.776  -16.698  31.324 0.0000000000
48216  19.132  -14.439  31.129 0.0000000000
52320  30.315  -10.778  23.882 0.0000000000
105652  30.712  -12.052  23.060 0.0000000000
50423  31.015  -12.846  22.802 0.0000000000
49396  31.049  -13.698  22.761 0.0000000000
114350  31.607  -13.261  22.677 0.0000000000
49379  32.516  -13.683  23.034 0.0000000000
49355  33.751  -13.476  24.286 0.0000000000
63827  45.668  1.117  9.596 0.0000000000
62973  45.126  0.632  9.016 0.0000000000
63845  46.902  0.814  7.886 0.0000000000
63000  47.313  0.375  7.319 0.0000000000
116164  46.131  -1.539  7.908 0.0000000000
43053  6.165  -19.638  43.338 0.0000000000
117391  40.157  -1.541  12.017 0.0000000000
60123  39.371  -2.506  12.648 0.0000000000
60124  38.906  -2.241  13.122 0.0000000000
57214  38.703  -5.564  12.640 0.0000000000
54459  36.562  -8.932  14.863 0.0000000000
54460  36.211  -8.761  15.674 0.0000000000
53396  38.384  -10.207  16.253 0.0000000000
52389  38.377  -10.605  18.244 0.0000000000
53361  38.340  -10.523  19.136 0.0000000000
52390  37.701  -10.582  18.596 0.0000000000
48225  29.559  -14.442  30.544 0.0000000000
48212  30.135  -14.384  31.234 0.0000000000
61972  40.434  -0.657  12.719 0.0000000000
103315  15.739  -18.673  35.127 0.0000000000
99313  15.086  -18.706  36.586 0.0000000000
44284  13.732  -18.531  36.060 0.0000000000
44266  14.468  -18.795  37.086 0.0000000000
43127  12.571  -19.431  38.513 0.0000000000
43139  11.946  -19.158  37.795 0.0000000000
101450  11.214  -18.855  38.256 0.0000000000
49163  6.784  -13.834  38.098 0.0000000000
47272  6.282  -15.878  38.915 0.0000000000
49129  5.732  -13.902  40.187 0.0000000000
48120  5.358  -14.686  40.599 0.0000000000
48098  5.117  -14.385  42.552 0.0000000000
117348  24.906  -11.334  26.596 0.0000000000
50354  24.819  -12.499  26.375 0.0000000000
49321  25.313  -13.183  26.358 0.0000000000
48288  24.786  -13.639  27.164 0.0000000000
47384  25.094  -15.324  28.068 0.0000000000
46488  25.549  -15.901  28.299 0.0000000000
109589  25.356  -16.538  28.576 0.0000000000
46473  25.698  -17.095  29.085 0.0000000000
45430  22.002  -17.300  31.680 0.0000000000
45407  22.527  -17.498  32.168 0.0000000000
45377  23.176  -17.267  34.164 0.0000000000
46415  23.598  -17.034  34.648 0.0000000000
57211  43.046  -4.769  13.557 0.0000000000
57162  30.254  -5.109  18.246 0.0000000000
53306  32.429  -8.715  21.635 0.0000000000
55363  33.769  -7.491  22.068 0.0000000000
55349  34.015  -6.795  22.456 0.0000000000
61145  51.072  -1.041  5.382 0.0000000000
60078  38.771  -3.164  16.039 0.0000000000
57183  37.228  -5.594  16.233 0.0000000000
114897  36.205  -6.648  15.967 0.0000000000
55428  35.154  -7.808  16.364 0.0000000000
54445  34.526  -8.210  16.682 0.0000000000
45364  20.708  -17.756  35.770 0.0000000000
104450  18.832  -18.895  34.975 0.0000000000
44310  18.762  -19.045  34.077 0.0000000000
45412  16.927  -17.970  32.031 0.0000000000
44336  16.201  -18.096  32.613 0.0000000000
44322  16.615  -18.694  33.164 0.0000000000
45380  13.623  -17.525  34.211 0.0000000000
46417  12.222  -16.645  34.606 0.0000000000
50319  23.294  -12.551  29.272 0.0000000000
48245  22.865  -14.958  29.831 0.0000000000
49263  22.612  -13.956  30.522 0.0000000000
47346  20.796  -15.890  30.647 0.0000000000
45409  20.486  -17.743  32.205 0.0000000000
103639  20.960  -17.747  33.977 0.0000000000
114543  20.860  -17.867  34.889 0.0000000000
58083  28.699  -4.930  22.461 0.0000000000
57135  28.464  -5.528  23.002 0.0000000000
56232  28.261  -6.394  22.585 0.0000000000
107637  28.198  -6.928  21.737 0.0000000000
55364  28.505  -7.626  21.644 0.0000000000
54372  29.394  -8.634  21.523 0.0000000000
53308  30.795  -9.064  21.828 0.0000000000
53277  30.210  -10.074  23.196 0.0000000000
52347  30.812  -10.328  22.661 0.0000000000
51428  31.882  -11.639  22.495 0.0000000000
53292  32.039  -9.654  22.079 0.0000000000
52344  33.262  -9.891  22.244 0.0000000000
52331  34.430  -9.765  22.861 0.0000000000
116755  34.456  -10.669  22.979 0.0000000000
52330  34.935  -10.274  23.475 0.0000000000
63848  49.404  1.477  6.482 0.0000000000
61147  49.939  -1.025  6.076 0.0000000000
63010  47.740  0.004  6.902 0.0000000000
113061  42.944  -2.231  8.915 0.0000000000
100967  42.548  -3.581  10.859 0.0000000000
58181  40.690  -4.099  11.606 0.0000000000
56328  41.328  -6.443  13.559 0.0000000000
101399  38.220  -3.989  14.022 0.0000000000
56331  38.592  -6.615  12.432 0.0000000000
56322  37.306  -6.901  13.854 0.0000000000
55460  37.549  -7.792  13.279 0.0000000000
56321  37.857  -6.809  13.009 0.0000000000
54477  40.713  -8.917  14.222 0.0000000000
54476  41.523  -8.537  14.575 0.0000000000
47413  28.896  -15.496  24.628 0.0000000000
47412  29.723  -15.480  24.493 0.0000000000
47403  29.443  -15.601  25.204 0.0000000000
116469  30.345  -15.485  26.045 0.0000000000
48269  31.072  -14.952  27.114 0.0000000000
109960  30.968  -14.782  28.030 0.0000000000
98141  31.629  -14.641  27.807 0.0000000000
62008  43.031  -0.694  9.083 0.0000000000
61094  42.884  -1.541  8.875 0.0000000000
98873  16.432  -18.684  36.545 0.0000000000
47314  12.005  -15.347  34.106 0.0000000000
46418  11.589  -16.019  34.589 0.0000000000
117291  11.240  -16.157  35.063 0.0000000000
106252  10.943  -16.307  35.507 0.0000000000
45326  10.164  -17.644  38.258 0.0000000000
98274  7.756  -13.932  36.864 0.0000000000
47297  7.779  -14.767  36.866 0.0000000000
46377  8.361  -16.302  37.406 0.0000000000
45313  10.016  -17.708  39.059 0.0000000000
44199  9.519  -17.732  41.615 0.0000000000
43075  6.054  -19.537  42.657 0.0000000000
43076  5.596  -19.425  42.592 0.0000000000
44188  4.616  -18.571  42.471 0.0000000000
107656  3.051  -18.255  43.813 0.0000000000
56210  29.023  -6.161  24.380 0.0000000000
49383  28.623  -13.588  23.411 0.0000000000
112806  28.227  -14.115  23.737 0.0000000000
101856  27.571  -12.674  24.167 0.0000000000
48310  28.489  -14.815  24.121 0.0000000000
47394  28.836  -15.357  26.588 0.0000000000
113255  28.485  -15.206  27.374 0.0000000000
97083  28.895  -14.826  29.001 0.0000000000
48258  26.598  -14.927  28.067 0.0000000000
48226  28.752  -14.573  30.531 0.0000000000
106900  23.383  -15.139  28.159 0.0000000000
117999  23.479  -16.027  29.386 0.0000000000
109788  24.772  -17.682  32.630 0.0000000000
45427  24.689  -17.716  31.191 0.0000000000
45447  26.215  -17.590  30.839 0.0000000000
45424  27.028  -17.199  32.079 0.0000000000
59180  44.789  -3.267  11.130 0.0000000000
102081  44.361  -3.555  11.588 0.0000000000
105613  43.732  -4.387  13.426 0.0000000000
58123  34.256  -4.307  17.296 0.0000000000
57187  33.808  -5.790  16.742 0.0000000000
58138  32.657  -4.891  16.790 0.0000000000
58090  28.644  -4.975  21.610 0.0000000000
58096  28.716  -5.142  20.780 0.0000000000
57145  28.953  -5.530  20.080 0.0000000000
102396  29.302  -5.162  19.441 0.0000000000
57163  29.632  -5.622  18.804 0.0000000000
107833  30.327  -5.848  18.351 0.0000000000
54404  30.935  -8.033  19.878 0.0000000000
55402  30.548  -7.075  18.743 0.0000000000
56271  30.819  -6.544  18.111 0.0000000000
55415  31.520  -6.941  17.489 0.0000000000
111087  32.692  -7.549  17.421 0.0000000000
54431  33.373  -7.876  17.460 0.0000000000
54430  34.053  -8.537  17.358 0.0000000000
52365  35.468  -10.235  20.016 0.0000000000
53325  36.348  -10.157  20.718 0.0000000000
47411  30.565  -15.392  24.401 0.0000000000
47410  31.278  -15.258  25.026 0.0000000000
107155  32.066  -14.975  25.024 0.0000000000
48294  32.665  -14.625  25.565 0.0000000000
48307  32.563  -14.604  24.477 0.0000000000
106403  33.144  -14.309  24.987 0.0000000000
49338  33.738  -13.789  25.078 0.0000000000
49337  34.323  -13.190  25.727 0.0000000000
50317  34.964  -12.317  29.163 0.0000000000
50353  34.784  -12.596  26.400 0.0000000000
50368  34.844  -12.495  25.481 0.0000000000
50367  35.277  -11.940  26.128 0.0000000000
51371  35.575  -11.217  25.815 0.0000000000
63850  51.025  1.924  5.113 0.0000000000
64703  52.316  2.529  4.354 0.0000000000
64707  52.580  2.114  3.636 0.0000000000
63857  53.032  1.635  2.936 0.0000000000
62057  51.431  -0.405  4.744 0.0000000000
63025  52.286  0.564  3.636 0.0000000000
107074  54.067  0.829  2.348 0.0000000000
62089  54.528  0.208  1.963 0.0000000000
44296  19.323  -18.613  35.723 0.0000000000
47392  31.004  -15.347  26.108 0.0000000000
47420  31.212  -15.278  24.158 0.0000000000
48253  32.183  -14.349  28.498 0.0000000000
49193  9.761  -13.725  35.629 0.0000000000
49288  33.692  -13.752  28.810 0.0000000000
49301  33.478  -13.850  27.287 0.0000000000
51391  34.931  -11.611  24.089 0.0000000000
52302  24.588  -10.946  26.971 0.0000000000
55430  33.524  -7.034  16.577 0.0000000000
61043  39.439  -1.289  13.873 0.0000000000
104186  38.210  -10.684  17.436 0.0000000000
111464  34.065  -13.416  27.212 0.0000000000
114854  46.678  1.749  9.693 0.0000000000
116126  32.238  -11.057  22.351 0.0000000000
