#!ascii label  , from subject sub-v2s15x29728_ses-1 vox2ras=TkReg
271
18086  35.656  -48.328  -4.085 0.0000000000
11209  36.768  -58.406  -8.200 0.0000000000
16648  42.670  -51.380  -5.415 0.0000000000
15926  36.689  -51.249  -9.294 0.0000000000
103509  39.249  -56.547  -7.306 0.0000000000
14365  41.047  -55.053  -8.777 0.0000000000
116595  37.297  -55.122  -6.597 0.0000000000
114172  36.077  -54.980  -8.394 0.0000000000
15912  33.615  -51.623  -7.781 0.0000000000
17396  38.405  -49.591  -5.275 0.0000000000
16677  39.898  -50.901  -9.209 0.0000000000
111523  38.021  -53.976  -9.473 0.0000000000
12430  38.916  -57.315  -9.149 0.0000000000
11184  43.432  -58.060  -7.272 0.0000000000
19536  34.779  -46.306  -1.616 0.0000000000
18070  37.290  -48.005  -2.829 0.0000000000
112885  40.678  -49.760  -2.644 0.0000000000
18142  33.336  -48.380  -7.977 0.0000000000
105234  38.473  -53.772  -7.515 0.0000000000
106628  36.191  -56.978  -8.454 0.0000000000
13662  34.584  -54.487  -7.794 0.0000000000
102858  40.572  -50.506  -6.168 0.0000000000
15909  42.137  -51.821  -8.219 0.0000000000
13660  38.722  -55.354  -7.905 0.0000000000
14401  40.262  -54.915  -9.872 0.0000000000
97454  38.487  -56.034  -8.566 0.0000000000
13040  37.569  -55.841  -8.817 0.0000000000
110511  39.445  -56.705  -8.624 0.0000000000
10619  43.342  -59.193  -8.871 0.0000000000
18054  38.442  -48.276  -1.483 0.0000000000
108920  38.936  -48.653  -2.623 0.0000000000
18052  39.671  -49.309  -1.189 0.0000000000
16680  36.825  -50.213  -8.879 0.0000000000
16681  35.281  -50.245  -8.626 0.0000000000
16685  31.394  -50.559  -8.275 0.0000000000
17446  31.615  -49.808  -8.383 0.0000000000
15093  41.784  -52.720  -5.835 0.0000000000
15106  43.538  -53.704  -8.223 0.0000000000
14357  41.824  -54.151  -7.927 0.0000000000
14366  39.390  -54.966  -8.354 0.0000000000
100484  38.650  -56.066  -7.111 0.0000000000
14404  36.469  -53.107  -9.154 0.0000000000
15927  35.165  -51.284  -8.610 0.0000000000
14384  35.082  -53.102  -8.223 0.0000000000
14369  33.287  -53.172  -7.474 0.0000000000
106351  36.869  -60.236  -7.746 0.0000000000
17373  37.054  -49.147  -4.858 0.0000000000
16669  37.896  -50.124  -8.485 0.0000000000
114041  38.432  -50.872  -9.656 0.0000000000
14399  42.035  -53.011  -10.234 0.0000000000
15129  39.689  -53.007  -10.150 0.0000000000
98807  37.270  -52.917  -9.561 0.0000000000
13697  37.299  -54.269  -8.988 0.0000000000
99555  37.057  -56.182  -8.983 0.0000000000
11809  37.523  -57.745  -8.709 0.0000000000
11787  40.927  -57.640  -6.812 0.0000000000
11798  41.399  -57.970  -8.689 0.0000000000
11206  40.429  -58.590  -9.154 0.0000000000
10628  39.298  -59.378  -8.447 0.0000000000
19545  33.573  -46.520  -2.663 0.0000000000
18775  34.963  -47.241  -2.744 0.0000000000
18774  35.845  -47.354  -2.466 0.0000000000
18085  36.482  -48.169  -3.495 0.0000000000
113993  38.070  -48.850  -3.868 0.0000000000
17370  39.896  -49.468  -4.124 0.0000000000
16616  41.823  -50.350  -3.849 0.0000000000
106705  41.469  -50.595  -2.772 0.0000000000
117320  42.373  -51.862  -3.711 0.0000000000
111352  33.686  -49.684  -8.350 0.0000000000
18785  34.780  -47.971  -4.025 0.0000000000
18800  34.240  -47.972  -4.810 0.0000000000
18102  34.956  -48.484  -4.701 0.0000000000
110973  36.061  -57.486  -8.241 0.0000000000
12433  35.446  -56.527  -8.111 0.0000000000
99486  41.646  -50.668  -5.884 0.0000000000
16650  41.271  -50.978  -6.761 0.0000000000
15889  42.208  -51.633  -7.189 0.0000000000
13021  38.721  -55.869  -7.807 0.0000000000
13677  38.775  -55.289  -8.397 0.0000000000
12416  39.035  -56.158  -7.986 0.0000000000
10012  44.953  -59.339  -7.056 0.0000000000
18068  39.129  -48.691  -1.854 0.0000000000
114313  36.067  -49.772  -8.697 0.0000000000
100746  35.985  -50.717  -8.912 0.0000000000
17447  31.170  -50.056  -8.643 0.0000000000
15099  42.395  -53.143  -6.917 0.0000000000
15100  40.675  -52.969  -6.801 0.0000000000
13656  37.204  -54.444  -7.186 0.0000000000
14359  38.221  -54.564  -7.590 0.0000000000
13655  38.079  -55.339  -7.288 0.0000000000
14383  35.832  -53.487  -8.604 0.0000000000
14367  35.220  -53.979  -7.987 0.0000000000
107823  33.068  -54.046  -7.598 0.0000000000
14370  32.253  -53.459  -7.572 0.0000000000
17397  37.444  -49.646  -5.514 0.0000000000
111267  37.889  -50.238  -6.337 0.0000000000
100191  38.485  -50.396  -9.097 0.0000000000
16678  39.290  -50.765  -9.517 0.0000000000
14363  43.769  -54.452  -8.886 0.0000000000
15116  43.770  -53.544  -8.955 0.0000000000
14379  42.958  -54.663  -9.455 0.0000000000
13696  39.077  -54.969  -9.224 0.0000000000
14402  39.063  -54.086  -9.815 0.0000000000
15130  38.310  -52.881  -9.781 0.0000000000
14403  37.089  -53.606  -9.257 0.0000000000
96996  37.700  -56.496  -8.956 0.0000000000
103810  37.961  -57.088  -9.222 0.0000000000
12431  37.054  -56.791  -8.995 0.0000000000
10554  44.275  -58.957  -3.200 0.0000000000
11158  44.282  -58.166  -6.579 0.0000000000
11135  43.846  -57.844  -4.931 0.0000000000
11159  43.057  -57.778  -5.851 0.0000000000
11785  42.366  -57.863  -6.692 0.0000000000
11799  40.776  -57.253  -7.920 0.0000000000
11185  42.728  -57.881  -7.768 0.0000000000
10042  42.619  -59.564  -9.259 0.0000000000
10625  42.198  -59.261  -9.821 0.0000000000
10627  40.208  -59.335  -9.068 0.0000000000
10045  39.845  -59.958  -8.395 0.0000000000
20269  33.086  -45.903  -2.363 0.0000000000
19544  34.435  -46.698  -2.342 0.0000000000
19552  34.079  -47.105  -3.050 0.0000000000
18772  37.585  -47.832  -1.909 0.0000000000
18765  36.146  -47.063  -1.713 0.0000000000
18773  36.721  -47.541  -2.211 0.0000000000
18783  36.405  -47.741  -2.871 0.0000000000
18099  37.328  -48.470  -3.643 0.0000000000
18084  38.146  -48.425  -3.146 0.0000000000
18067  39.783  -49.227  -2.563 0.0000000000
17342  39.835  -49.352  -3.388 0.0000000000
17369  40.765  -49.814  -3.462 0.0000000000
17341  41.347  -50.319  -2.787 0.0000000000
16596  39.770  -50.773  -2.494 0.0000000000
16595  40.981  -50.619  -2.451 0.0000000000
15814  41.761  -51.343  -3.159 0.0000000000
15911  34.476  -51.760  -8.202 0.0000000000
15928  34.417  -50.924  -8.342 0.0000000000
15929  33.603  -50.554  -8.186 0.0000000000
103014  31.749  -49.000  -8.353 0.0000000000
13042  35.797  -55.643  -8.295 0.0000000000
13661  35.305  -54.895  -7.976 0.0000000000
16637  39.955  -50.164  -5.489 0.0000000000
112760  38.903  -50.267  -5.832 0.0000000000
117447  39.585  -50.442  -6.317 0.0000000000
15910  41.072  -51.491  -8.989 0.0000000000
14381  40.152  -55.497  -9.152 0.0000000000
14380  41.546  -55.198  -9.384 0.0000000000
116657  38.066  -54.714  -8.987 0.0000000000
112485  38.574  -56.628  -8.971 0.0000000000
11200  43.311  -58.332  -8.319 0.0000000000
10604  44.798  -58.934  -7.601 0.0000000000
10028  43.361  -59.693  -8.563 0.0000000000
18069  38.235  -48.263  -2.342 0.0000000000
117503  39.439  -48.907  -2.236 0.0000000000
106510  39.898  -49.329  -1.794 0.0000000000
98371  35.480  -49.088  -8.470 0.0000000000
100881  34.315  -48.859  -8.265 0.0000000000
118166  32.135  -51.446  -7.683 0.0000000000
16684  32.082  -50.366  -8.116 0.0000000000
18145  31.096  -49.198  -8.762 0.0000000000
15092  42.788  -52.056  -5.446 0.0000000000
15098  43.001  -52.920  -6.995 0.0000000000
14356  43.207  -54.030  -8.065 0.0000000000
14358  40.033  -54.056  -7.779 0.0000000000
15131  36.554  -52.222  -9.372 0.0000000000
108572  35.858  -51.723  -8.956 0.0000000000
15118  35.797  -52.642  -8.832 0.0000000000
15119  35.068  -52.209  -8.489 0.0000000000
106925  34.181  -52.583  -7.811 0.0000000000
14368  34.218  -53.716  -7.734 0.0000000000
15107  33.263  -52.423  -7.515 0.0000000000
15913  31.639  -51.828  -7.688 0.0000000000
15930  31.055  -51.419  -8.151 0.0000000000
118379  36.805  -59.359  -7.928 0.0000000000
18100  36.571  -48.684  -4.286 0.0000000000
18101  35.666  -48.883  -4.755 0.0000000000
17374  36.239  -49.264  -4.963 0.0000000000
16679  37.731  -50.285  -9.019 0.0000000000
15925  37.518  -50.925  -9.444 0.0000000000
15923  41.750  -52.064  -9.999 0.0000000000
14400  41.548  -54.030  -10.147 0.0000000000
15128  40.874  -52.291  -10.249 0.0000000000
15938  39.531  -51.455  -10.044 0.0000000000
107473  38.507  -51.724  -10.024 0.0000000000
15939  37.482  -51.814  -9.778 0.0000000000
14382  36.515  -53.880  -8.895 0.0000000000
13679  36.649  -54.638  -8.701 0.0000000000
13678  37.439  -55.054  -8.780 0.0000000000
13041  36.691  -55.498  -8.725 0.0000000000
12432  36.394  -56.249  -8.637 0.0000000000
116908  37.347  -57.243  -8.924 0.0000000000
11810  36.699  -57.514  -8.494 0.0000000000
12406  38.771  -56.465  -6.279 0.0000000000
11121  43.954  -57.949  -3.765 0.0000000000
11788  40.244  -57.372  -6.656 0.0000000000
12415  39.984  -56.905  -7.667 0.0000000000
12414  40.098  -57.036  -8.464 0.0000000000
11806  40.430  -57.810  -8.846 0.0000000000
11204  41.936  -58.567  -9.589 0.0000000000
11205  41.151  -58.463  -9.251 0.0000000000
11807  39.632  -57.951  -9.038 0.0000000000
11207  38.903  -58.128  -8.972 0.0000000000
116511  38.806  -58.830  -8.572 0.0000000000
11208  37.888  -58.647  -8.416 0.0000000000
116806  37.531  -59.596  -7.939 0.0000000000
19554  32.550  -46.174  -3.671 0.0000000000
114385  32.881  -46.256  -2.962 0.0000000000
19553  33.297  -46.744  -3.426 0.0000000000
114286  34.631  -47.527  -3.408 0.0000000000
19526  36.404  -46.836  -0.922 0.0000000000
19543  35.310  -46.840  -2.027 0.0000000000
18784  35.560  -47.755  -3.299 0.0000000000
116008  37.385  -48.858  -4.244 0.0000000000
17372  37.869  -49.174  -4.662 0.0000000000
18083  38.945  -48.875  -3.340 0.0000000000
17371  38.884  -49.259  -4.230 0.0000000000
17395  39.415  -49.629  -4.953 0.0000000000
16617  40.503  -49.891  -4.478 0.0000000000
16636  41.110  -50.377  -5.131 0.0000000000
16635  42.326  -50.767  -4.978 0.0000000000
16594  42.386  -50.837  -3.326 0.0000000000
16593  43.062  -51.059  -3.704 0.0000000000
15866  42.929  -51.541  -4.487 0.0000000000
16682  34.476  -49.822  -8.474 0.0000000000
17444  33.176  -49.222  -8.234 0.0000000000
17445  32.312  -49.583  -8.250 0.0000000000
99005  32.536  -48.883  -8.198 0.0000000000
10013  44.193  -59.640  -7.690 0.0000000000
10043  41.781  -59.945  -9.376 0.0000000000
10044  40.788  -59.971  -8.975 0.0000000000
10618  44.053  -59.083  -8.324 0.0000000000
10624  43.623  -58.838  -8.568 0.0000000000
10626  41.295  -59.177  -9.488 0.0000000000
10629  38.348  -59.470  -8.076 0.0000000000
11201  42.363  -58.162  -8.594 0.0000000000
11203  42.773  -58.870  -9.172 0.0000000000
11786  41.755  -57.700  -7.555 0.0000000000
11808  38.296  -57.712  -8.962 0.0000000000
13053  38.296  -55.406  -8.628 0.0000000000
13680  35.937  -54.291  -8.413 0.0000000000
14364  42.695  -54.931  -8.811 0.0000000000
14378  43.585  -54.136  -9.514 0.0000000000
15067  42.691  -51.766  -3.851 0.0000000000
15082  42.857  -51.901  -4.525 0.0000000000
15108  32.623  -52.732  -7.471 0.0000000000
15109  31.853  -52.601  -7.571 0.0000000000
15117  42.865  -53.140  -9.751 0.0000000000
15120  31.141  -52.354  -7.894 0.0000000000
15792  43.055  -51.178  -3.663 0.0000000000
15812  43.080  -51.283  -3.777 0.0000000000
15813  42.800  -51.277  -3.592 0.0000000000
15838  43.057  -51.487  -4.083 0.0000000000
15887  42.833  -51.622  -5.194 0.0000000000
15888  42.704  -52.056  -6.260 0.0000000000
15924  40.381  -51.307  -9.882 0.0000000000
16614  43.239  -51.146  -3.990 0.0000000000
16615  42.989  -50.838  -3.882 0.0000000000
16634  42.796  -51.128  -4.734 0.0000000000
16649  42.241  -51.225  -6.075 0.0000000000
16670  32.650  -51.009  -7.839 0.0000000000
16671  31.784  -51.083  -7.884 0.0000000000
16683  32.901  -50.092  -8.198 0.0000000000
17453  30.889  -49.974  -9.085 0.0000000000
18144  31.382  -48.280  -8.559 0.0000000000
107726  44.930  -58.390  -5.842 0.0000000000
108374  42.517  -52.364  -5.573 0.0000000000
108995  32.522  -51.948  -7.526 0.0000000000
111799  39.565  -58.656  -8.980 0.0000000000
113975  42.804  -53.923  -10.045 0.0000000000
116166  39.679  -57.370  -8.872 0.0000000000
117299  37.961  -51.271  -9.794 0.0000000000
