#!ascii label  , from subject sub-v2s15x29736_ses-1 vox2ras=TkReg
805
18318  -46.555  -52.486  -39.550 0.5000000000
17682  -45.154  -54.019  -39.005 0.8000000119
122420  -43.112  -54.445  -37.836 0.8000000119
111988  -43.807  -54.534  -38.258 0.8000000119
18310  -44.731  -53.115  -39.178 0.8000000119
121011  -47.532  -53.780  -38.821 0.5000000000
18311  -45.822  -53.262  -39.281 0.5000000000
18317  -45.367  -52.415  -39.470 0.6000000238
17673  -41.731  -54.257  -38.613 0.6999999881
17674  -42.442  -54.367  -38.296 0.6999999881
17681  -44.161  -53.879  -38.840 0.8000000119
18313  -48.613  -53.031  -38.942 0.6000000238
18312  -47.118  -53.235  -39.223 0.5000000000
17658  -40.528  -54.270  -36.802 0.6999999881
18979  -45.984  -51.761  -39.800 0.6000000238
113722  -40.531  -54.785  -38.161 0.6999999881
17659  -41.152  -53.966  -36.938 0.6999999881
17680  -43.150  -53.974  -38.716 0.6999999881
19659  -45.712  -50.432  -40.580 0.6000000238
18309  -43.689  -52.946  -39.107 0.8000000119
18977  -44.234  -51.430  -39.552 0.8000000119
18982  -44.835  -50.872  -39.972 0.6999999881
129221  -49.303  -50.750  -39.974 0.4000000060
18980  -47.338  -51.726  -39.912 0.6000000238
128798  -39.906  -55.280  -37.813 0.6999999881
18304  -40.399  -54.436  -38.444 0.6999999881
17672  -41.048  -54.353  -38.509 0.6999999881
17679  -42.335  -53.924  -38.867 0.6999999881
18308  -42.693  -53.212  -39.135 0.6999999881
18971  -43.042  -52.226  -39.190 0.6000000238
19656  -44.070  -50.664  -39.888 0.6999999881
20410  -43.952  -49.349  -40.496 0.5000000000
18970  -42.181  -52.439  -39.245 0.6000000238
121818  -42.560  -51.545  -39.288 0.6000000238
18976  -43.410  -51.291  -39.426 0.6000000238
20405  -43.399  -49.827  -40.009 0.6000000238
113169  -42.825  -50.900  -39.458 0.6000000238
115385  -42.835  -49.618  -39.758 0.5000000000
126270  -49.171  -49.763  -40.538 0.4000000060
19661  -48.547  -50.010  -40.723 0.5000000000
17058  -38.677  -55.622  -37.418 0.6999999881
20412  -47.940  -49.508  -41.152 0.6000000238
20411  -46.540  -49.643  -41.193 0.6000000238
112916  -40.703  -53.443  -38.927 0.6999999881
112897  -45.346  -49.594  -41.066 0.6000000238
18969  -41.254  -52.543  -39.225 0.6999999881
114790  -44.537  -49.465  -40.773 0.5000000000
21170  -44.386  -48.910  -40.927 0.6000000238
128039  -42.204  -50.987  -39.421 0.6000000238
20409  -43.451  -49.125  -40.173 0.5000000000
21168  -43.431  -48.404  -40.297 0.5000000000
20404  -42.011  -50.047  -39.510 0.5000000000
16461  -36.598  -56.349  -36.929 0.6000000238
17067  -36.529  -55.090  -37.498 0.6000000238
21167  -49.076  -49.205  -40.341 0.5000000000
21172  -48.889  -48.592  -40.814 0.5000000000
17057  -37.873  -55.852  -37.246 0.6999999881
129416  -38.041  -55.696  -36.585 0.6999999881
20418  -48.551  -48.795  -41.191 0.5000000000
20417  -47.491  -48.842  -41.515 0.5000000000
21889  -47.819  -47.178  -41.768 0.4000000060
17670  -39.012  -55.388  -38.019 0.6999999881
21174  -47.096  -48.100  -41.757 0.5000000000
133537  -39.653  -54.068  -38.588 0.6999999881
120022  -39.861  -53.021  -38.976 0.6999999881
21173  -45.965  -48.272  -41.691 0.5000000000
18968  -40.252  -52.053  -39.457 0.6999999881
18974  -40.790  -51.278  -39.690 0.6000000238
21885  -44.524  -48.130  -41.242 0.5000000000
19653  -41.504  -50.735  -39.495 0.6000000238
21884  -43.748  -47.747  -40.704 0.5000000000
19652  -40.510  -50.671  -39.874 0.5000000000
20403  -41.191  -50.288  -39.418 0.5000000000
120223  -42.351  -49.301  -39.405 0.5000000000
21163  -42.877  -48.645  -39.734 0.5000000000
21162  -42.178  -48.536  -39.091 0.5000000000
22571  -42.095  -46.729  -39.231 0.3000000119
23275  -47.954  -45.169  -41.724 0.3000000119
129646  -34.941  -56.448  -36.843 0.6000000238
17055  -36.189  -56.035  -37.259 0.6000000238
21890  -48.331  -47.041  -41.269 0.4000000060
22582  -47.856  -46.233  -41.607 0.4000000060
125011  -37.698  -54.453  -37.878 0.6000000238
21888  -46.538  -47.360  -41.948 0.5000000000
17669  -38.326  -54.303  -38.182 0.6999999881
18303  -39.050  -54.183  -38.440 0.6999999881
111740  -45.257  -47.104  -41.679 0.5000000000
18967  -39.226  -51.543  -39.953 0.5000000000
127390  -44.296  -47.280  -41.206 0.5000000000
18973  -39.884  -50.975  -40.274 0.5000000000
127495  -43.311  -47.083  -40.384 0.4000000060
123716  -43.118  -47.734  -40.074 0.3000000119
22572  -42.766  -46.875  -39.880 0.4000000060
21158  -41.529  -48.517  -38.547 0.5000000000
21878  -41.840  -47.597  -38.794 0.4000000060
15859  -34.302  -56.338  -37.064 0.6000000238
109993  -35.192  -56.011  -37.243 0.6000000238
17066  -35.460  -54.879  -37.428 0.6000000238
17668  -36.840  -53.825  -37.737 0.6000000238
113363  -46.302  -45.313  -42.140 0.3000000119
22579  -45.394  -45.989  -41.797 0.4000000060
119843  -44.673  -45.638  -41.488 0.3000000119
18302  -38.159  -52.652  -38.941 0.6000000238
18307  -39.050  -52.807  -39.021 0.6999999881
22575  -43.868  -45.762  -41.001 0.3000000119
22578  -44.464  -46.465  -41.363 0.3000000119
18306  -38.480  -51.732  -39.710 0.6000000238
119149  -42.632  -44.880  -40.030 0.3000000119
22574  -43.190  -46.282  -40.391 0.3000000119
18966  -38.420  -51.033  -40.294 0.5000000000
117837  -41.642  -45.834  -38.998 0.3000000119
23269  -42.467  -45.823  -39.750 0.3000000119
19648  -39.792  -50.506  -40.069 0.5000000000
20399  -40.511  -50.003  -39.445 0.5000000000
20398  -39.536  -49.976  -39.543 0.5000000000
21877  -41.200  -47.585  -38.210 0.4000000060
22566  -41.413  -46.710  -38.566 0.3000000119
17053  -33.490  -54.856  -37.129 0.5000000000
17656  -34.398  -54.372  -37.267 0.6000000238
111531  -37.457  -53.148  -38.246 0.6000000238
18301  -36.594  -52.480  -38.300 0.5000000000
23976  -41.995  -43.997  -39.451 0.3000000119
23969  -40.789  -44.337  -38.362 0.3000000119
114925  -41.927  -44.861  -39.418 0.3000000119
120400  -37.842  -51.212  -40.024 0.6000000238
19647  -39.003  -50.561  -40.271 0.5000000000
20390  -39.452  -49.600  -38.080 0.5000000000
21157  -40.947  -48.566  -37.997 0.4000000060
21870  -40.103  -47.873  -37.012 0.4000000060
17655  -33.500  -53.778  -36.992 0.5000000000
129902  -34.174  -53.308  -37.214 0.5000000000
17666  -34.949  -53.478  -37.428 0.5000000000
17667  -35.883  -53.742  -37.583 0.5000000000
18300  -35.416  -52.617  -37.668 0.5000000000
25510  -41.073  -42.039  -38.180 0.3000000119
24722  -41.145  -43.498  -38.596 0.3000000119
18962  -37.043  -51.719  -39.257 0.6000000238
19646  -38.041  -50.494  -40.144 0.5000000000
20397  -38.599  -49.931  -39.539 0.5000000000
22565  -40.783  -46.756  -37.963 0.4000000060
121989  -39.687  -46.948  -36.793 0.4000000060
18292  -33.602  -52.799  -36.992 0.5000000000
18299  -34.472  -52.264  -37.407 0.5000000000
129910  -41.275  -41.228  -38.030 0.4000000060
26319  -40.557  -41.657  -37.581 0.4000000060
118422  -35.874  -52.025  -38.251 0.5000000000
18961  -36.233  -51.668  -39.050 0.5000000000
25509  -40.283  -42.738  -37.696 0.4000000060
24715  -40.485  -43.608  -38.043 0.3000000119
18960  -35.643  -51.162  -39.155 0.4000000060
24714  -39.889  -43.683  -37.461 0.3000000119
19645  -36.971  -50.510  -39.791 0.5000000000
20396  -37.445  -49.826  -39.407 0.4000000060
21857  -39.498  -47.961  -36.438 0.4000000060
117309  -32.990  -52.307  -36.784 0.5000000000
120877  -33.665  -52.029  -37.064 0.5000000000
18958  -34.035  -51.336  -37.409 0.5000000000
27176  -40.570  -40.308  -36.731 0.4000000060
18959  -35.220  -51.606  -38.075 0.5000000000
125996  -34.646  -51.255  -37.886 0.4000000060
26306  -39.514  -41.430  -36.580 0.4000000060
25500  -39.731  -42.148  -37.029 0.4000000060
19637  -34.915  -50.826  -38.840 0.4000000060
19644  -36.004  -50.375  -39.598 0.4000000060
25508  -39.645  -43.042  -37.167 0.4000000060
20395  -36.333  -49.809  -39.546 0.4000000060
20388  -37.536  -49.473  -37.635 0.4000000060
20376  -39.046  -49.432  -36.966 0.4000000060
20375  -38.257  -49.400  -36.501 0.4000000060
121293  -38.916  -48.042  -35.949 0.4000000060
22547  -38.884  -46.033  -36.227 0.4000000060
21856  -39.076  -47.006  -36.149 0.4000000060
18948  -32.279  -51.775  -36.537 0.5000000000
18949  -33.301  -51.447  -36.877 0.4000000060
117244  -40.225  -39.907  -36.072 0.4000000060
27175  -39.776  -40.689  -36.411 0.4000000060
19636  -34.306  -50.576  -38.217 0.4000000060
20394  -35.527  -49.805  -39.494 0.4000000060
25483  -39.006  -42.027  -36.355 0.4000000060
20386  -35.826  -49.267  -39.085 0.4000000060
20387  -36.663  -49.385  -38.575 0.4000000060
23248  -38.757  -45.331  -36.213 0.3000000119
21138  -38.356  -48.706  -35.734 0.4000000060
19625  -32.871  -50.752  -36.709 0.4000000060
20372  -33.243  -49.922  -37.274 0.5000000000
20385  -33.826  -49.839  -38.417 0.4000000060
27156  -39.419  -40.250  -35.839 0.4000000060
19642  -34.622  -49.841  -39.181 0.4000000060
131217  -35.092  -49.312  -39.341 0.4000000060
21137  -36.144  -48.845  -37.936 0.4000000060
20373  -36.878  -49.190  -37.045 0.4000000060
20357  -36.911  -49.049  -36.019 0.4000000060
22535  -38.278  -45.825  -35.653 0.4000000060
21841  -37.282  -47.659  -35.044 0.4000000060
118029  -37.895  -46.741  -35.259 0.4000000060
117535  -32.578  -50.105  -36.562 0.4000000060
20384  -33.359  -49.128  -38.163 0.4000000060
20393  -33.855  -49.059  -39.055 0.4000000060
21148  -35.201  -48.662  -38.721 0.4000000060
21136  -35.661  -48.341  -37.175 0.4000000060
21123  -36.325  -48.504  -35.711 0.4000000060
130462  -35.809  -48.357  -36.093 0.4000000060
21840  -36.377  -47.930  -35.128 0.4000000060
21830  -36.470  -47.159  -34.797 0.4000000060
20371  -32.699  -49.281  -36.859 0.4000000060
21146  -33.308  -48.311  -38.821 0.4000000060
21155  -33.763  -48.411  -39.088 0.4000000060
21147  -34.323  -48.209  -38.921 0.4000000060
21868  -34.275  -47.446  -38.256 0.4000000060
21869  -34.935  -47.939  -37.766 0.4000000060
21855  -35.261  -47.813  -36.259 0.4000000060
22534  -37.513  -46.067  -35.011 0.3000000119
21829  -35.756  -47.333  -34.950 0.4000000060
118041  -37.203  -46.808  -34.851 0.4000000060
21135  -32.276  -48.536  -36.617 0.4000000060
21145  -32.796  -48.497  -37.771 0.4000000060
21866  -32.242  -47.198  -37.959 0.4000000060
133504  -33.065  -47.712  -38.922 0.4000000060
21875  -33.103  -47.328  -38.936 0.4000000060
22558  -34.163  -46.681  -37.661 0.4000000060
21854  -34.709  -47.212  -37.012 0.4000000060
120729  -37.930  -44.604  -35.503 0.4000000060
23232  -37.733  -45.245  -35.301 0.3000000119
21839  -35.308  -47.383  -35.386 0.4000000060
22524  -35.860  -46.604  -34.670 0.5000000000
23220  -36.109  -45.034  -34.511 0.4000000060
22523  -35.067  -46.669  -34.944 0.5000000000
22545  -31.826  -46.539  -37.325 0.4000000060
22555  -32.163  -46.461  -38.478 0.4000000060
21867  -32.740  -47.789  -38.437 0.4000000060
23261  -32.185  -45.968  -38.961 0.4000000060
22562  -32.689  -46.552  -38.930 0.4000000060
23247  -33.895  -45.689  -36.091 0.4000000060
23219  -35.396  -45.876  -34.597 0.5000000000
23230  -31.481  -45.821  -36.747 0.4000000060
129999  -31.712  -45.886  -37.859 0.4000000060
132566  -31.889  -45.808  -38.628 0.4000000060
120231  -34.382  -46.197  -35.443 0.4000000060
23942  -34.031  -44.507  -35.114 0.5000000000
23957  -31.282  -44.295  -36.905 0.4000000060
23962  -31.339  -44.564  -38.089 0.4000000060
23967  -31.495  -44.759  -38.841 0.4000000060
23231  -33.662  -44.762  -35.947 0.5000000000
26324  -30.598  -41.629  -38.373 0.4000000060
24703  -31.020  -43.362  -36.754 0.4000000060
24711  -30.880  -43.223  -37.999 0.4000000060
24712  -31.164  -43.859  -37.678 0.4000000060
24719  -30.853  -43.034  -38.808 0.4000000060
24726  -31.246  -42.527  -39.306 0.5000000000
25506  -30.800  -42.670  -37.299 0.4000000060
20391  -40.334  -49.482  -38.335 0.5000000000
132520  -39.991  -49.258  -37.593 0.5000000000
21871  -40.627  -47.699  -37.623 0.4000000060
126186  -43.697  -54.708  -37.507 0.8000000119
17661  -42.500  -54.296  -37.382 0.8000000119
17660  -41.839  -54.063  -37.127 0.6999999881
17685  -49.322  -53.178  -38.297 0.5000000000
17647  -40.785  -53.471  -35.820 0.6999999881
18314  -49.562  -52.359  -38.466 0.5000000000
119648  -39.767  -55.015  -36.896 0.6999999881
19651  -49.361  -50.226  -39.820 0.4000000060
18320  -49.297  -52.025  -39.195 0.4000000060
17657  -39.397  -55.506  -37.660 0.6999999881
17056  -37.098  -56.010  -37.205 0.6999999881
20402  -48.929  -49.960  -39.412 0.4000000060
21166  -48.736  -48.679  -40.439 0.4000000060
16446  -35.855  -56.444  -36.283 0.6000000238
22577  -48.010  -46.245  -41.260 0.4000000060
16459  -33.480  -55.930  -37.157 0.6000000238
17052  -32.598  -55.446  -37.122 0.5000000000
18291  -32.811  -53.198  -36.781 0.5000000000
133316  -32.305  -52.660  -36.651 0.4000000060
19624  -31.826  -50.800  -36.324 0.4000000060
114315  -31.942  -49.846  -36.191 0.4000000060
132703  -32.005  -49.140  -36.207 0.4000000060
21852  -31.892  -47.206  -36.714 0.4000000060
22533  -31.450  -46.523  -36.236 0.4000000060
23229  -31.078  -45.765  -35.873 0.4000000060
23244  -31.193  -45.001  -36.310 0.4000000060
26316  -30.615  -41.819  -37.133 0.4000000060
17070  -44.334  -55.048  -37.796 0.8000000119
18319  -48.021  -52.390  -39.506 0.5000000000
127754  -41.956  -54.470  -37.995 0.6999999881
126847  -41.901  -53.460  -39.110 0.6999999881
18984  -46.581  -51.086  -40.269 0.6000000238
19658  -44.687  -50.161  -40.449 0.6999999881
18315  -43.761  -51.986  -39.199 0.6999999881
20416  -46.151  -48.919  -41.546 0.6000000238
19657  -43.987  -49.965  -40.242 0.6000000238
17069  -38.269  -55.400  -37.724 0.6999999881
20415  -45.084  -48.812  -41.369 0.5000000000
17068  -37.462  -55.304  -37.553 0.6000000238
21171  -48.618  -47.862  -40.951 0.5000000000
21175  -48.416  -47.962  -41.305 0.5000000000
114430  -47.162  -45.139  -42.244 0.3000000119
122080  -41.078  -49.337  -38.570 0.5000000000
119939  -36.113  -52.883  -37.798 0.6000000238
21139  -39.029  -48.944  -36.289 0.4000000060
20389  -38.437  -49.607  -38.013 0.4000000060
22548  -39.357  -46.255  -36.632 0.4000000060
21125  -37.688  -48.404  -35.417 0.4000000060
123202  -36.313  -48.748  -36.534 0.4000000060
21122  -35.756  -47.948  -35.501 0.4000000060
24720  -31.177  -43.901  -38.648 0.4000000060
11821  -35.833  -62.828  -37.061 0.4000000060
121040  -36.806  -62.600  -37.410 0.4000000060
12329  -39.305  -61.856  -36.478 0.4000000060
12324  -37.788  -62.663  -35.021 0.4000000060
12885  -39.051  -61.769  -35.155 0.4000000060
12886  -39.823  -61.551  -35.657 0.4000000060
12880  -39.571  -61.431  -34.469 0.4000000060
12863  -41.711  -61.360  -32.879 0.5000000000
12325  -38.430  -62.181  -34.571 0.4000000060
12862  -40.654  -60.956  -33.026 0.5000000000
13419  -42.757  -60.118  -31.104 0.6000000238
12320  -37.886  -62.673  -33.936 0.4000000060
12321  -38.420  -62.132  -33.568 0.4000000060
12874  -39.368  -61.257  -33.340 0.4000000060
12849  -42.133  -61.209  -32.021 0.5000000000
121857  -49.539  -51.695  -38.633 0.3000000119
19650  -49.155  -50.620  -38.935 0.4000000060
21165  -47.905  -47.966  -40.293 0.3000000119
123808  -43.611  -60.130  -31.196 0.5000000000
17061  -48.738  -55.257  -37.202 0.5000000000
18305  -49.712  -52.698  -37.588 0.4000000060
12304  -38.494  -62.033  -31.694 0.4000000060
13442  -40.296  -60.630  -32.477 0.5000000000
13443  -41.051  -60.711  -32.303 0.5000000000
119701  -38.060  -62.597  -32.167 0.4000000060
12873  -38.807  -61.644  -33.252 0.4000000060
14015  -43.862  -59.355  -31.214 0.6000000238
15208  -44.818  -57.964  -31.787 0.6999999881
17074  -48.253  -54.659  -37.986 0.5000000000
15220  -45.313  -57.554  -32.378 0.6999999881
123442  -46.462  -56.810  -34.182 0.6999999881
16463  -48.069  -55.956  -37.022 0.6999999881
15231  -45.735  -57.227  -32.980 0.6999999881
15853  -46.593  -56.467  -35.562 0.6999999881
13429  -40.326  -60.255  -31.837 0.5000000000
14003  -42.207  -59.378  -30.874 0.6000000238
13418  -41.935  -59.996  -31.001 0.6000000238
118932  -43.520  -58.117  -31.377 0.6000000238
13428  -39.553  -60.512  -31.656 0.4000000060
13417  -41.432  -59.395  -30.830 0.6000000238
14598  -43.326  -58.694  -31.194 0.6000000238
15219  -44.486  -57.296  -32.304 0.6000000238
15819  -44.959  -56.967  -32.984 0.6000000238
15842  -45.862  -56.531  -34.798 0.6999999881
16469  -47.822  -55.441  -37.622 0.6000000238
17684  -48.410  -53.854  -38.411 0.5000000000
14596  -40.510  -58.489  -30.465 0.6000000238
15187  -41.625  -57.585  -30.757 0.6999999881
15188  -42.219  -58.059  -30.830 0.6000000238
15804  -42.983  -56.821  -31.892 0.6000000238
15818  -44.158  -56.732  -32.859 0.6000000238
14002  -40.215  -59.253  -30.646 0.5000000000
14014  -40.683  -59.729  -31.089 0.6000000238
15841  -44.932  -56.394  -34.387 0.6000000238
15852  -45.672  -56.321  -35.702 0.6999999881
16462  -46.322  -56.229  -37.323 0.6999999881
120267  -46.369  -56.400  -36.386 0.6999999881
17076  -47.322  -54.494  -38.486 0.6000000238
16468  -46.793  -55.758  -37.894 0.6999999881
15785  -40.985  -56.962  -30.650 0.6000000238
15205  -41.676  -56.839  -31.039 0.6999999881
15803  -42.250  -56.552  -31.615 0.6999999881
15206  -42.421  -57.350  -31.183 0.6999999881
15817  -43.429  -56.463  -32.635 0.6000000238
17683  -46.337  -54.142  -38.886 0.5000000000
16450  -44.855  -55.986  -35.669 0.6999999881
16451  -45.378  -56.113  -36.641 0.6999999881
17072  -46.290  -55.184  -38.391 0.6000000238
17027  -42.320  -54.756  -33.904 0.6999999881
17047  -43.716  -54.923  -35.961 0.6999999881
16406  -42.017  -55.912  -32.037 0.6999999881
16441  -43.059  -55.161  -34.234 0.6000000238
15816  -42.717  -56.183  -32.352 0.6999999881
16434  -43.465  -55.715  -33.792 0.6000000238
17048  -44.458  -55.525  -36.293 0.6999999881
17071  -45.239  -55.432  -38.125 0.5000000000
16435  -44.174  -56.075  -34.096 0.6000000238
17060  -44.780  -55.588  -37.257 0.6999999881
16466  -45.508  -55.948  -37.543 0.6000000238
17037  -42.604  -54.523  -34.735 0.6999999881
126321  -43.216  -54.482  -36.737 0.6999999881
17648  -42.382  -54.010  -36.306 0.6999999881
17059  -44.047  -55.001  -36.900 0.6999999881
17677  -49.253  -53.805  -37.821 0.5000000000
12328  -37.578  -62.521  -36.405 0.4000000060
12876  -41.240  -61.351  -33.748 0.4000000060
12311  -38.448  -62.085  -32.689 0.4000000060
12879  -38.913  -61.652  -34.045 0.4000000060
12861  -39.449  -60.945  -32.410 0.4000000060
12860  -38.899  -61.436  -32.551 0.4000000060
119235  -47.170  -56.419  -36.142 0.6999999881
116881  -47.208  -56.330  -36.820 0.6999999881
15189  -42.877  -58.076  -31.114 0.6000000238
15218  -43.728  -57.054  -32.133 0.6000000238
111966  -40.851  -59.061  -30.664 0.6999999881
122619  -41.537  -58.547  -30.680 0.6000000238
16433  -42.742  -55.376  -33.483 0.6999999881
16442  -43.776  -55.586  -34.565 0.6000000238
133637  -41.652  -56.266  -31.443 0.5000000000
14001  -39.749  -59.509  -30.434 0.4000000060
14595  -39.865  -58.693  -30.200 0.5000000000
16405  -41.290  -55.704  -31.641 0.6000000238
13415  -39.080  -60.779  -30.248 0.4000000060
117756  -39.370  -59.119  -29.647 0.5000000000
121695  -40.005  -57.863  -30.212 0.5000000000
126736  -40.218  -57.077  -30.294 0.5000000000
16417  -40.889  -54.975  -31.985 0.5000000000
17013  -40.421  -54.279  -32.498 0.5000000000
15802  -41.060  -56.279  -31.034 0.5000000000
16432  -42.048  -54.983  -33.123 0.6000000238
17026  -41.561  -54.367  -33.585 0.5000000000
17014  -41.261  -54.668  -32.806 0.5000000000
17626  -40.991  -53.658  -34.138 0.6999999881
17625  -40.251  -53.372  -33.821 0.6000000238
17638  -40.235  -53.204  -34.757 0.6000000238
13404  -38.814  -60.590  -29.395 0.5000000000
115003  -39.316  -58.128  -29.548 0.5000000000
15783  -39.590  -56.470  -30.098 0.5000000000
17000  -39.933  -54.593  -31.669 0.5000000000
16404  -40.382  -55.498  -31.144 0.5000000000
17036  -41.817  -54.062  -34.428 0.6000000238
17609  -39.891  -53.558  -33.112 0.6000000238
17624  -39.393  -53.071  -33.949 0.5000000000
17646  -39.955  -53.495  -35.754 0.6000000238
14576  -38.772  -58.735  -29.011 0.5000000000
116593  -39.009  -55.958  -29.982 0.5000000000
16386  -38.761  -55.377  -30.291 0.5000000000
16403  -39.348  -54.968  -30.911 0.5000000000
17012  -39.490  -53.859  -32.289 0.5000000000
17639  -41.216  -53.522  -35.083 0.6000000238
17608  -38.999  -53.256  -33.007 0.5000000000
17637  -39.339  -53.114  -34.814 0.6000000238
122154  -38.227  -59.144  -28.652 0.5000000000
123017  -38.597  -58.021  -28.964 0.5000000000
133848  -38.167  -56.988  -29.019 0.5000000000
16369  -37.612  -55.954  -29.688 0.5000000000
16982  -36.913  -55.094  -30.880 0.6000000238
16998  -37.941  -54.100  -31.208 0.4000000060
16996  -36.731  -54.837  -31.776 0.4000000060
16997  -37.239  -54.331  -31.332 0.5000000000
17594  -38.100  -53.636  -31.930 0.5000000000
16999  -38.853  -54.143  -31.499 0.4000000060
119491  -36.042  -55.843  -33.297 0.4000000060
116551  -36.370  -55.180  -33.214 0.5000000000
17621  -36.953  -53.819  -33.016 0.5000000000
16430  -35.687  -56.264  -33.793 0.4000000060
17622  -37.596  -53.395  -33.416 0.6000000238
17623  -38.460  -53.074  -33.803 0.6000000238
111163  -39.187  -53.859  -35.682 0.6000000238
17044  -39.035  -55.389  -36.750 0.6000000238
17011  -36.643  -54.580  -32.679 0.5000000000
16431  -36.195  -55.501  -34.076 0.5000000000
17034  -36.801  -55.032  -34.643 0.5000000000
17024  -36.675  -54.574  -33.572 0.5000000000
15840  -35.044  -56.730  -35.592 0.4000000060
16439  -35.526  -56.361  -34.799 0.5000000000
17043  -37.174  -55.842  -35.952 0.6000000238
17634  -37.175  -54.022  -33.991 0.6000000238
16440  -36.346  -55.907  -35.340 0.5000000000
15857  -33.363  -56.900  -36.822 0.3000000119
131935  -33.484  -57.309  -36.379 0.4000000060
15849  -34.251  -57.241  -35.601 0.4000000060
15850  -35.021  -56.671  -36.368 0.5000000000
16447  -36.726  -56.279  -36.475 0.5000000000
16448  -37.320  -56.181  -36.856 0.6000000238
18290  -31.468  -52.683  -36.602 0.3000000119
116498  -31.881  -53.488  -36.745 0.3000000119
17654  -32.522  -54.299  -36.912 0.4000000060
123904  -30.886  -51.032  -36.266 0.3000000119
20370  -31.306  -49.413  -35.879 0.3000000119
19623  -31.076  -50.250  -36.057 0.3000000119
21121  -31.106  -48.008  -35.654 0.3000000119
21837  -31.356  -47.241  -35.850 0.3000000119
22532  -30.908  -46.543  -35.594 0.3000000119
111659  -30.647  -45.004  -35.647 0.3000000119
122934  -30.890  -44.020  -35.917 0.3000000119
15858  -34.167  -56.937  -36.477 0.5000000000
18947  -31.189  -51.769  -36.440 0.3000000119
15171  -39.486  -57.219  -29.762 0.5000000000
17607  -38.178  -53.268  -32.789 0.5000000000
17645  -38.402  -54.440  -35.526 0.6000000238
17062  -49.490  -54.736  -36.915 0.3000000119
15854  -47.658  -56.471  -35.540 0.6000000238
16452  -48.047  -56.225  -36.280 0.6000000238
19629  -47.398  -50.542  -37.025 0.3000000119
113254  -48.126  -51.072  -36.630 0.3000000119
18952  -49.234  -51.358  -37.215 0.3000000119
19641  -48.737  -50.641  -38.142 0.3000000119
18293  -48.866  -51.702  -36.250 0.3000000119
18953  -49.636  -51.939  -37.064 0.3000000119
18964  -49.618  -51.818  -37.858 0.3000000119
15844  -48.170  -56.664  -34.817 0.6000000238
16453  -49.224  -55.470  -36.331 0.5000000000
19628  -46.182  -50.471  -36.716 0.3000000119
19630  -48.614  -50.794  -37.436 0.3000000119
19649  -48.343  -50.203  -38.625 0.3000000119
18294  -49.624  -52.541  -36.501 0.3000000119
17662  -49.665  -53.683  -36.924 0.3000000119
13427  -39.173  -60.825  -31.065 0.4000000060
19627  -45.150  -50.308  -36.397 0.3000000119
19639  -46.696  -50.069  -37.473 0.3000000119
131363  -46.495  -49.061  -38.611 0.3000000119
20401  -47.246  -49.714  -38.324 0.3000000119
12888  -41.697  -61.779  -36.451 0.5000000000
12883  -42.617  -61.925  -35.827 0.5000000000
12333  -38.568  -62.173  -37.437 0.4000000060
12890  -40.168  -61.704  -36.867 0.4000000060
12891  -40.997  -61.807  -37.089 0.4000000060
12892  -41.796  -62.164  -37.115 0.5000000000
12851  -44.291  -61.485  -32.013 0.5000000000
12878  -43.719  -62.070  -34.136 0.5000000000
117767  -41.925  -61.695  -34.630 0.5000000000
12884  -43.209  -61.993  -34.928 0.5000000000
12887  -40.702  -61.555  -36.093 0.4000000060
14615  -46.929  -58.523  -31.945 0.6000000238
14017  -45.775  -59.472  -31.444 0.6000000238
13433  -44.383  -60.792  -31.558 0.5000000000
12864  -43.031  -61.790  -32.843 0.5000000000
116548  -40.944  -61.380  -34.488 0.3000000119
12877  -42.431  -61.758  -33.775 0.5000000000
14627  -47.630  -57.937  -32.688 0.6000000238
15209  -45.755  -58.222  -31.840 0.6000000238
14613  -45.216  -58.668  -31.488 0.6000000238
12850  -43.206  -61.457  -31.909 0.4000000060
15833  -48.681  -57.035  -34.193 0.6000000238
112390  -49.679  -53.119  -35.822 0.3000000119
16454  -49.837  -55.511  -35.384 0.4000000060
15232  -46.687  -57.267  -33.357 0.6000000238
13432  -43.407  -60.900  -31.450 0.4000000060
18283  -48.938  -52.337  -35.556 0.3000000119
110310  -49.794  -54.203  -36.119 0.3000000119
117997  -48.988  -56.232  -35.489 0.5000000000
15832  -47.448  -56.951  -34.125 0.6000000238
14614  -46.084  -58.790  -31.550 0.6000000238
17049  -49.995  -54.576  -35.384 0.3000000119
15221  -48.662  -57.864  -33.217 0.5000000000
15222  -49.730  -57.988  -33.160 0.4000000060
15234  -49.276  -57.507  -33.680 0.5000000000
14628  -48.883  -58.360  -32.866 0.5000000000
114326  -47.949  -59.338  -32.126 0.5000000000
14629  -49.803  -58.406  -32.572 0.4000000060
15235  -50.258  -57.258  -33.346 0.4000000060
15846  -50.151  -56.366  -34.272 0.4000000060
15845  -49.378  -56.561  -34.655 0.5000000000
13434  -45.364  -60.365  -31.561 0.5000000000
122588  -46.836  -59.383  -31.672 0.5000000000
16444  -50.100  -56.005  -34.841 0.4000000060
9674  -36.229  -67.727  -36.113 0.3000000119
8692  -35.628  -69.752  -37.892 0.3000000119
9155  -36.213  -68.603  -36.474 0.3000000119
10149  -37.059  -66.181  -35.301 0.3000000119
115513  -37.216  -66.394  -34.346 0.4000000060
10161  -36.635  -66.645  -35.501 0.3000000119
10707  -36.863  -66.239  -36.501 0.3000000119
10146  -37.861  -65.873  -33.908 0.4000000060
10694  -37.682  -65.700  -34.920 0.4000000060
10689  -39.771  -64.858  -33.491 0.4000000060
11262  -40.593  -64.520  -34.189 0.4000000060
11281  -38.883  -64.886  -35.128 0.4000000060
10709  -38.302  -65.180  -35.622 0.4000000060
10723  -38.346  -65.127  -37.149 0.4000000060
11301  -39.103  -64.645  -36.264 0.4000000060
11224  -43.356  -64.765  -31.610 0.3000000119
10690  -40.857  -64.822  -33.274 0.4000000060
11242  -42.531  -64.930  -33.543 0.4000000060
11263  -41.759  -64.715  -34.122 0.4000000060
11283  -41.287  -64.367  -35.109 0.4000000060
11302  -39.999  -64.280  -36.200 0.4000000060
11312  -39.691  -64.129  -37.409 0.4000000060
11779  -45.941  -62.987  -31.192 0.3000000119
11243  -43.063  -64.916  -32.990 0.4000000060
11264  -43.217  -64.587  -34.034 0.4000000060
11284  -42.475  -64.477  -35.346 0.4000000060
133526  -43.753  -63.643  -35.187 0.4000000060
119064  -41.864  -64.214  -36.011 0.4000000060
11304  -42.567  -64.043  -36.304 0.4000000060
11314  -41.678  -63.756  -36.795 0.4000000060
11313  -40.548  -63.729  -37.258 0.4000000060
11804  -45.477  -62.658  -33.012 0.4000000060
11803  -45.078  -62.891  -33.495 0.4000000060
11817  -44.196  -63.066  -35.133 0.4000000060
11824  -43.080  -63.574  -36.429 0.4000000060
115260  -41.092  -63.229  -37.401 0.4000000060
11319  -39.244  -63.734  -38.356 0.4000000060
12323  -44.803  -62.561  -33.873 0.4000000060
12331  -43.837  -62.864  -35.804 0.4000000060
11838  -41.030  -62.663  -37.619 0.4000000060
12330  -43.233  -62.575  -36.297 0.4000000060
12313  -45.321  -62.267  -33.261 0.4000000060
12312  -44.902  -62.204  -33.643 0.4000000060
121562  -44.205  -62.030  -33.626 0.4000000060
14616  -49.002  -59.466  -32.442 0.4000000060
12853  -46.411  -61.542  -32.558 0.4000000060
125192  -46.280  -60.985  -32.320 0.4000000060
15223  -50.353  -57.594  -32.456 0.3000000119
15820  -50.561  -56.522  -32.632 0.3000000119
12326  -43.570  -62.427  -35.676 0.4000000060
14018  -47.585  -60.343  -32.200 0.4000000060
16436  -50.364  -55.676  -33.945 0.3000000119
12852  -45.553  -61.363  -32.357 0.4000000060
10696  -39.158  -64.871  -34.311 0.4000000060
11261  -39.831  -64.575  -34.399 0.4000000060
113845  -40.314  -64.352  -35.130 0.4000000060
114858  -43.510  -64.594  -32.468 0.4000000060
11789  -44.260  -63.827  -31.420 0.3000000119
11791  -45.703  -62.907  -32.248 0.3000000119
11790  -44.887  -63.431  -32.399 0.4000000060
11244  -43.716  -64.184  -33.517 0.4000000060
11265  -43.782  -63.802  -34.527 0.4000000060
12314  -45.910  -62.219  -32.902 0.4000000060
11831  -41.799  -63.094  -37.208 0.4000000060
12322  -44.513  -62.432  -34.209 0.4000000060
13435  -46.976  -61.003  -32.530 0.4000000060
10657  -40.648  -65.419  -31.650 0.3000000119
10141  -37.583  -66.894  -32.640 0.3000000119
10145  -37.403  -66.668  -33.486 0.3000000119
10142  -38.023  -66.113  -33.032 0.3000000119
10677  -40.231  -65.168  -32.545 0.3000000119
10688  -38.718  -65.403  -33.466 0.3000000119
10678  -41.225  -65.200  -32.476 0.3000000119
10679  -42.248  -65.176  -32.614 0.3000000119
12306  -46.976  -61.943  -32.111 0.3000000119
13437  -48.351  -60.792  -31.922 0.3000000119
13436  -47.596  -60.769  -32.215 0.3000000119
14617  -49.702  -59.061  -32.156 0.3000000119
11223  -42.788  -65.159  -31.858 0.3000000119
12315  -46.369  -61.811  -32.617 0.3000000119
10676  -39.331  -65.398  -32.638 0.3000000119
10691  -41.746  -65.016  -33.181 0.4000000060
10695  -38.425  -65.299  -34.519 0.4000000060
10708  -37.520  -65.606  -36.064 0.4000000060
11282  -39.517  -64.580  -35.173 0.4000000060
11285  -43.327  -64.286  -35.115 0.4000000060
11303  -40.948  -64.120  -36.119 0.4000000060
11305  -43.144  -64.141  -35.931 0.4000000060
11318  -38.573  -64.389  -38.429 0.4000000060
11778  -44.984  -63.478  -31.097 0.3000000119
11802  -44.280  -63.715  -33.017 0.4000000060
11811  -44.530  -63.176  -34.150 0.4000000060
11818  -44.482  -62.718  -34.477 0.4000000060
11822  -36.742  -62.927  -36.265 0.4000000060
11823  -42.401  -63.498  -36.734 0.4000000060
11825  -43.614  -63.490  -35.803 0.4000000060
11829  -39.859  -63.438  -38.010 0.4000000060
11832  -42.611  -62.799  -36.883 0.4000000060
11833  -43.431  -63.032  -36.349 0.4000000060
12305  -46.344  -62.404  -32.190 0.3000000119
12310  -37.931  -62.671  -32.971 0.4000000060
12327  -44.124  -62.564  -35.016 0.4000000060
12335  -41.013  -62.206  -37.486 0.5000000000
12336  -41.657  -62.502  -37.292 0.4000000060
12848  -39.008  -61.148  -31.712 0.4000000060
12854  -46.898  -61.312  -32.397 0.3000000119
12865  -44.205  -61.808  -32.787 0.4000000060
12866  -45.295  -61.863  -33.078 0.4000000060
12867  -45.925  -61.899  -32.974 0.4000000060
12875  -40.215  -61.136  -33.840 0.4000000060
12881  -40.370  -61.418  -34.956 0.3000000119
12882  -41.345  -61.563  -35.392 0.5000000000
12889  -42.469  -62.230  -36.631 0.5000000000
13416  -39.509  -60.251  -30.806 0.4000000060
13430  -41.390  -60.350  -31.508 0.5000000000
13431  -42.441  -60.751  -31.417 0.5000000000
13441  -39.858  -60.572  -32.290 0.4000000060
13448  -39.914  -60.832  -32.911 0.5000000000
13986  -38.800  -59.700  -29.017 0.5000000000
13987  -39.307  -60.001  -29.886 0.4000000060
14004  -43.035  -59.397  -31.091 0.6000000238
14013  -39.922  -59.891  -31.172 0.6999999881
14016  -44.766  -59.389  -31.298 0.6000000238
14019  -48.482  -60.188  -32.229 0.3000000119
14597  -42.529  -58.703  -30.922 0.6000000238
14612  -44.203  -58.530  -31.411 0.6000000238
15170  -38.744  -57.385  -29.211 0.5000000000
15207  -43.247  -57.535  -31.529 0.6000000238
15233  -48.018  -57.388  -33.482 0.6000000238
15246  -33.505  -57.664  -35.982 0.4000000060
15766  -37.890  -56.502  -29.254 0.5000000000
15767  -38.743  -56.555  -29.509 0.5000000000
15784  -40.330  -56.336  -30.590 0.5000000000
15829  -43.820  -56.231  -33.362 0.6000000238
15830  -44.586  -56.526  -33.593 0.6000000238
15831  -45.571  -56.782  -33.760 0.6999999881
15834  -49.816  -56.953  -34.051 0.5000000000
15835  -50.416  -56.383  -33.542 0.3000000119
15843  -46.985  -56.630  -34.824 0.6999999881
15851  -45.132  -56.266  -35.095 0.6000000238
15856  -32.407  -57.269  -36.764 0.3000000119
16370  -38.280  -55.846  -29.722 0.5000000000
16385  -37.973  -55.237  -30.103 0.4000000060
16387  -39.603  -55.747  -30.475 0.5000000000
16416  -36.283  -55.702  -32.484 0.4000000060
16418  -41.676  -55.303  -32.396 0.5000000000
16419  -42.405  -55.601  -32.756 0.6999999881
16420  -43.110  -55.917  -33.076 0.6999999881
16443  -44.484  -55.985  -34.868 0.6999999881
16449  -44.106  -55.510  -35.393 0.6000000238
16460  -35.720  -56.413  -36.929 0.6000000238
16467  -45.971  -55.895  -37.999 0.6000000238
16983  -37.620  -54.724  -30.661 0.5000000000
16984  -38.401  -54.683  -30.700 0.4000000060
17025  -40.766  -53.986  -33.294 0.6000000238
17035  -37.570  -54.790  -35.172 0.6000000238
17038  -43.393  -54.975  -35.050 0.6000000238
17045  -42.095  -53.913  -35.332 0.6999999881
17046  -42.916  -54.412  -35.639 0.6999999881
17054  -34.331  -55.461  -37.253 0.6000000238
17073  -47.282  -55.162  -38.140 0.6000000238
17075  -49.067  -54.563  -37.469 0.5000000000
17592  -36.976  -54.004  -32.133 0.5000000000
17593  -37.531  -53.849  -31.760 0.5000000000
17595  -38.714  -53.588  -32.267 0.5000000000
17606  -37.497  -53.566  -32.486 0.5000000000
17635  -37.905  -53.611  -34.400 0.6000000238
17636  -38.681  -53.298  -34.690 0.6000000238
17671  -39.775  -55.178  -38.171 0.6999999881
17675  -44.660  -54.650  -38.491 0.8000000119
17676  -45.495  -54.734  -38.633 0.5000000000
17678  -41.332  -53.749  -38.946 0.6999999881
18270  -38.928  -53.019  -34.289 0.6000000238
18316  -44.437  -52.224  -39.294 0.8000000119
18951  -46.833  -50.989  -36.333 0.3000000119
18963  -49.336  -51.136  -38.184 0.3000000119
18965  -36.309  -51.031  -39.516 0.5000000000
18972  -49.386  -51.138  -39.258 0.3000000119
18975  -41.718  -51.553  -39.355 0.6000000238
18978  -45.011  -51.633  -39.661 0.6999999881
18981  -48.830  -51.488  -39.772 0.4000000060
18983  -45.545  -51.148  -40.024 0.6000000238
18985  -48.220  -50.869  -40.355 0.5000000000
18986  -49.240  -50.177  -40.329 0.4000000060
19635  -33.677  -50.591  -37.403 0.5000000000
19640  -47.834  -50.353  -37.818 0.3000000119
19643  -35.334  -50.407  -39.310 0.4000000060
19654  -42.577  -50.356  -39.607 0.6000000238
19655  -43.375  -50.466  -39.767 0.6000000238
19660  -47.173  -50.305  -40.747 0.6000000238
20356  -31.584  -48.643  -35.909 0.3000000119
20358  -37.581  -49.088  -35.809 0.4000000060
20374  -37.451  -49.301  -36.446 0.4000000060
20400  -41.609  -49.503  -39.076 0.5000000000
20407  -48.866  -49.257  -39.800 0.4000000060
20408  -49.389  -49.574  -39.966 0.5000000000
20413  -48.985  -49.299  -40.734 0.4000000060
20414  -49.385  -49.636  -40.250 0.4000000060
21124  -36.992  -48.576  -35.426 0.4000000060
21134  -31.837  -47.896  -36.209 0.4000000060
21149  -39.718  -49.025  -36.958 0.5000000000
21150  -40.343  -48.732  -37.484 0.4000000060
21154  -33.358  -47.934  -39.004 0.4000000060
21156  -34.391  -48.961  -39.249 0.4000000060
21169  -43.913  -48.651  -40.680 0.6000000238
21838  -34.775  -47.025  -35.770 0.4000000060
21842  -38.300  -47.596  -35.511 0.4000000060
21853  -32.349  -47.850  -37.230 0.4000000060
21876  -33.636  -47.808  -38.976 0.4000000060
21882  -42.489  -47.673  -39.440 0.5000000000
21886  -48.326  -47.008  -40.942 0.4000000060
21887  -45.397  -47.996  -41.633 0.5000000000
22522  -34.662  -45.730  -34.838 0.5000000000
22525  -36.684  -46.364  -34.664 0.4000000060
22546  -34.319  -46.460  -36.479 0.4000000060
22556  -32.695  -47.180  -38.741 0.4000000060
22559  -40.216  -46.847  -37.379 0.4000000060
22580  -46.594  -46.158  -42.088 0.5000000000
22581  -47.633  -45.561  -42.045 0.4000000060
23221  -36.932  -45.532  -34.711 0.3000000119
23245  -31.453  -45.159  -37.357 0.4000000060
23254  -31.588  -45.287  -38.401 0.4000000060
23260  -31.798  -45.386  -38.925 0.4000000060
23272  -43.158  -45.318  -40.452 0.3000000119
23273  -43.784  -44.812  -40.933 0.3000000119
23933  -37.241  -44.608  -34.932 0.4000000060
23970  -41.451  -44.212  -38.929 0.3000000119
25496  -30.676  -42.533  -36.410 0.4000000060
25512  -30.666  -42.484  -38.193 0.4000000060
25515  -40.866  -42.882  -38.290 0.3000000119
26307  -40.167  -41.149  -36.986 0.4000000060
110719  -38.434  -62.164  -35.832 0.4000000060
110954  -40.817  -57.728  -30.507 0.6000000238
114028  -43.996  -57.738  -31.720 0.6000000238
114198  -36.384  -66.901  -36.179 0.3000000119
116079  -47.413  -46.495  -42.028 0.4000000060
117847  -43.929  -64.112  -31.974 0.4000000060
119863  -46.508  -60.235  -31.831 0.5000000000
121525  -47.236  -56.052  -37.387 0.6999999881
121590  -43.779  -46.787  -40.848 0.5000000000
121755  -42.793  -64.698  -34.440 0.4000000060
121764  -41.359  -54.513  -38.109 0.6999999881
122212  -48.232  -58.642  -32.372 0.5000000000
122242  -34.101  -45.343  -35.286 0.4000000060
122615  -46.308  -57.799  -32.453 0.6000000238
122674  -41.585  -53.643  -36.035 0.6999999881
127997  -38.522  -46.603  -35.747 0.4000000060
128061  -36.186  -45.892  -34.550 0.4000000060
129710  -44.369  -60.040  -31.266 0.4000000060
129791  -49.232  -58.831  -32.571 0.4000000060
131865  -48.476  -55.012  -37.604 0.5000000000
132768  -38.633  -65.765  -32.624 0.3000000119
133186  -41.330  -59.839  -31.078 0.5000000000
133494  -34.869  -55.183  -37.354 0.6000000238
