#!ascii label  , from subject sub-v2s15x29736_ses-1 vox2ras=TkReg
1886
2638  -12.920  -84.231  -33.481 0.5000000000
2017  -12.869  -85.327  -36.829 0.5000000000
2662  -13.481  -84.875  -36.816 0.5000000000
2013  -14.018  -86.289  -35.760 0.5000000000
2968  -13.462  -83.562  -32.793 0.5000000000
3350  -13.437  -82.816  -33.711 0.5000000000
2980  -13.082  -83.533  -34.089 0.5000000000
110166  -13.303  -82.113  -34.563 0.6000000238
2989  -12.726  -83.575  -35.255 0.5000000000
2653  -12.599  -84.610  -36.471 0.5000000000
2303  -15.030  -86.031  -34.540 0.5000000000
110854  -13.357  -84.072  -36.872 0.6000000238
2312  -15.039  -85.171  -34.779 0.6000000238
117039  -13.757  -82.737  -36.702 0.6000000238
2655  -14.729  -84.555  -35.660 0.6000000238
2647  -15.491  -84.437  -34.551 0.6999999881
3009  -14.417  -82.710  -36.511 0.6999999881
133522  -15.630  -81.850  -35.778 0.6999999881
3380  -15.426  -82.670  -35.566 0.6999999881
2990  -15.627  -83.494  -34.766 0.6999999881
3337  -13.854  -82.722  -32.643 0.5000000000
3736  -13.583  -81.379  -34.134 0.6000000238
4138  -13.944  -80.636  -33.621 0.6000000238
119369  -13.600  -80.054  -34.379 0.6000000238
3365  -12.950  -83.066  -35.978 0.5000000000
2304  -15.716  -85.483  -34.082 0.5000000000
129591  -16.357  -86.656  -34.163 0.5000000000
2306  -17.312  -85.588  -34.332 0.6999999881
2648  -16.371  -84.856  -33.803 0.6999999881
2297  -17.249  -85.082  -33.781 0.6999999881
3006  -12.893  -84.077  -36.679 0.6000000238
3392  -13.581  -82.376  -36.481 0.6999999881
2991  -16.375  -83.867  -33.917 0.6999999881
3393  -14.098  -82.086  -36.681 0.6999999881
3767  -15.366  -81.213  -36.303 0.6999999881
3368  -17.024  -82.432  -33.793 0.6999999881
4158  -16.022  -80.440  -36.110 0.6999999881
3757  -16.170  -81.316  -35.440 0.6999999881
3381  -16.222  -82.122  -34.806 0.6999999881
4149  -17.495  -80.859  -33.996 0.6999999881
131090  -16.624  -80.021  -35.475 0.6999999881
4552  -16.845  -79.396  -35.279 0.6999999881
114001  -17.213  -80.052  -34.632 0.6999999881
4544  -17.627  -79.357  -34.411 0.6999999881
3729  -14.550  -81.456  -32.192 0.5000000000
4127  -14.452  -80.239  -32.791 0.6000000238
4527  -14.514  -79.474  -32.807 0.6000000238
4537  -14.025  -79.783  -33.613 0.6000000238
5316  -13.370  -77.571  -34.291 0.6000000238
4137  -13.393  -80.637  -34.805 0.6000000238
4935  -13.418  -78.378  -34.545 0.6000000238
3747  -13.276  -81.387  -35.349 0.6000000238
2641  -18.277  -84.083  -34.220 0.6999999881
129331  -13.484  -81.634  -36.136 0.6999999881
2982  -18.066  -83.675  -33.667 0.6999999881
3000  -18.650  -83.554  -34.729 0.6999999881
3382  -18.920  -82.803  -35.501 0.6999999881
4165  -13.737  -80.566  -36.196 0.6999999881
2992  -18.559  -83.483  -34.007 0.6999999881
3383  -19.361  -81.833  -35.725 0.6999999881
3765  -13.845  -81.475  -36.476 0.6999999881
4166  -14.284  -80.107  -36.561 0.6999999881
3353  -17.549  -83.055  -33.538 0.6999999881
3354  -18.452  -82.907  -33.585 0.6999999881
3369  -18.954  -82.986  -34.221 0.6999999881
3749  -19.856  -81.406  -34.578 0.6999999881
4167  -15.016  -80.492  -36.633 0.6999999881
4560  -15.159  -79.194  -36.705 0.6999999881
3738  -17.732  -81.724  -33.608 0.6999999881
116150  -19.759  -81.193  -33.704 0.6999999881
4551  -16.261  -79.561  -36.081 0.6999999881
4139  -18.397  -81.029  -33.446 0.6999999881
3739  -18.605  -81.941  -33.410 0.6999999881
4952  -16.470  -78.837  -35.823 0.6999999881
4150  -18.062  -80.140  -33.784 0.6999999881
4140  -19.017  -80.221  -33.340 0.6999999881
4953  -17.126  -78.684  -34.967 0.6999999881
4545  -18.510  -79.375  -33.741 0.6999999881
115756  -17.428  -77.911  -34.707 0.6999999881
121324  -14.897  -80.707  -31.928 0.5000000000
115748  -14.908  -79.936  -32.186 0.6000000238
5315  -14.685  -77.858  -32.484 0.6000000238
4920  -15.168  -78.471  -31.962 0.5000000000
5684  -14.128  -76.502  -32.940 0.6000000238
4107  -15.823  -80.850  -29.871 0.5000000000
4518  -15.426  -79.948  -31.390 0.5000000000
5687  -13.634  -77.059  -33.673 0.6000000238
6053  -13.481  -74.817  -33.257 0.6000000238
5692  -12.647  -75.936  -34.649 0.6000000238
129078  -13.111  -75.336  -33.670 0.6000000238
4941  -13.374  -79.059  -35.325 0.6000000238
4550  -13.494  -79.769  -35.810 0.6999999881
111727  -13.305  -78.046  -35.383 0.6999999881
4558  -13.786  -79.625  -36.214 0.6999999881
4950  -13.584  -78.974  -35.874 0.6999999881
3758  -19.771  -80.942  -35.951 0.6999999881
4963  -14.492  -78.730  -36.476 0.6999999881
117505  -13.823  -78.235  -36.025 0.6999999881
4160  -20.443  -80.621  -34.906 0.6999999881
4169  -20.337  -80.225  -36.192 0.6999999881
5714  -14.964  -77.280  -36.090 0.6999999881
4151  -20.269  -80.765  -33.997 0.6999999881
4553  -21.067  -79.992  -35.158 0.6999999881
4562  -20.942  -79.611  -36.486 0.6999999881
5341  -16.167  -77.599  -35.753 0.6000000238
4539  -19.813  -79.845  -33.483 0.6999999881
4547  -21.257  -79.308  -34.360 0.6999999881
4554  -21.614  -79.340  -35.392 0.6999999881
4555  -22.231  -78.891  -35.680 0.6999999881
128561  -21.692  -79.215  -36.304 0.6999999881
5342  -16.664  -78.109  -35.422 0.6999999881
4938  -19.877  -79.078  -33.666 0.6999999881
119249  -20.357  -77.795  -34.599 0.6000000238
5329  -21.278  -77.606  -34.935 0.6999999881
4945  -21.898  -78.596  -34.833 0.6999999881
118359  -17.561  -77.009  -34.526 0.6000000238
4942  -17.994  -78.619  -34.262 0.6999999881
5327  -18.891  -77.622  -34.377 0.6999999881
4937  -18.905  -78.595  -33.903 0.6999999881
121210  -19.570  -77.272  -34.900 0.6000000238
5695  -17.934  -76.450  -34.241 0.6000000238
117755  -18.288  -77.025  -34.431 0.6000000238
5696  -19.103  -76.769  -34.826 0.6000000238
113182  -19.615  -76.305  -35.699 0.5000000000
5328  -19.909  -76.791  -35.742 0.5000000000
5706  -19.976  -76.107  -36.690 0.5000000000
120150  -18.457  -76.317  -34.370 0.6000000238
6061  -19.231  -75.330  -34.023 0.5000000000
114159  -19.462  -75.875  -35.132 0.5000000000
5676  -14.853  -77.013  -32.143 0.6000000238
4921  -15.602  -78.177  -31.325 0.6000000238
6054  -14.382  -75.012  -32.567 0.5000000000
6444  -14.823  -74.293  -32.310 0.6999999881
111973  -15.808  -80.242  -30.535 0.5000000000
4508  -16.256  -79.123  -30.077 0.6000000238
5297  -16.018  -77.790  -30.697 0.6000000238
4093  -15.881  -80.926  -28.905 0.6000000238
130978  -16.141  -80.467  -29.327 0.6000000238
6835  -13.320  -73.371  -33.325 0.4000000060
4083  -16.288  -80.019  -28.805 0.6000000238
6442  -12.888  -74.047  -33.583 0.5000000000
6057  -12.411  -74.613  -34.460 0.6000000238
6068  -12.501  -75.411  -34.749 0.6000000238
5338  -13.396  -77.302  -35.463 0.6999999881
128666  -12.608  -75.869  -34.999 0.6000000238
6081  -13.841  -75.874  -35.656 0.6999999881
5704  -15.413  -76.632  -35.752 0.6000000238
6082  -15.001  -75.799  -35.624 0.6000000238
5693  -16.787  -76.528  -34.786 0.6000000238
5707  -21.474  -76.523  -36.345 0.6000000238
4946  -22.239  -77.904  -34.936 0.6000000238
4954  -22.644  -78.335  -35.317 0.6999999881
4964  -22.923  -78.548  -36.032 0.6999999881
4564  -22.081  -78.806  -36.873 0.6999999881
5343  -20.502  -76.518  -36.313 0.6000000238
4569  -21.878  -79.038  -37.801 0.6999999881
6060  -18.593  -75.128  -33.772 0.6000000238
6072  -19.855  -75.710  -36.169 0.4000000060
6490  -20.954  -75.087  -37.303 0.4000000060
6090  -21.433  -75.348  -37.508 0.5000000000
5716  -21.892  -76.141  -36.969 0.6000000238
119450  -23.395  -77.477  -35.481 0.6000000238
4965  -23.601  -78.031  -36.367 0.6000000238
6456  -19.988  -74.601  -33.401 0.5000000000
6062  -19.782  -75.335  -34.579 0.5000000000
6469  -20.302  -75.038  -35.124 0.5000000000
6098  -22.393  -74.847  -37.901 0.4000000060
6091  -22.630  -75.577  -37.335 0.6000000238
6437  -15.698  -74.381  -31.794 0.6000000238
6049  -15.251  -75.128  -31.930 0.6000000238
7273  -15.728  -72.795  -31.985 0.6000000238
4910  -16.356  -78.287  -29.910 0.6000000238
5666  -15.995  -76.933  -30.760 0.5000000000
5667  -16.482  -76.462  -30.058 0.6000000238
5653  -16.556  -76.922  -29.196 0.6000000238
6836  -14.309  -73.452  -32.694 0.6000000238
4481  -16.049  -79.545  -28.085 0.6999999881
5259  -16.330  -78.135  -27.914 0.6000000238
118135  -16.322  -77.347  -27.855 0.6000000238
7286  -12.950  -72.549  -33.739 0.5000000000
121904  -13.539  -71.738  -33.328 0.6000000238
4480  -14.364  -79.193  -27.841 0.6000000238
5258  -16.009  -77.755  -27.545 0.6999999881
7305  -12.641  -72.665  -34.146 0.5000000000
4881  -14.265  -78.221  -27.726 0.6999999881
6865  -12.471  -73.683  -34.480 0.6000000238
5268  -13.794  -77.342  -27.944 0.6000000238
117662  -13.221  -75.147  -35.326 0.6000000238
6478  -12.645  -74.421  -34.999 0.6000000238
6479  -13.520  -74.225  -35.416 0.6000000238
118393  -14.268  -75.029  -35.538 0.6000000238
131959  -15.645  -75.474  -35.301 0.6000000238
110899  -16.139  -75.101  -34.871 0.6000000238
7306  -18.579  -73.065  -33.933 0.6000000238
130889  -17.412  -75.527  -34.154 0.6000000238
7307  -19.368  -73.095  -33.494 0.6000000238
6455  -19.213  -74.525  -33.500 0.6000000238
6092  -24.035  -76.095  -36.563 0.6000000238
5718  -24.336  -76.917  -35.830 0.6000000238
5354  -24.811  -77.067  -36.149 0.6000000238
6838  -20.608  -73.935  -32.876 0.5000000000
6446  -21.831  -74.287  -32.928 0.5000000000
6457  -21.172  -74.556  -33.771 0.5000000000
5363  -25.201  -77.286  -37.014 0.6000000238
6496  -23.177  -74.356  -37.953 0.4000000060
133501  -24.554  -75.694  -37.048 0.6000000238
5719  -24.968  -76.564  -36.468 0.6000000238
6438  -16.514  -74.379  -31.351 0.6000000238
6439  -17.181  -74.293  -31.051 0.5000000000
6828  -16.864  -73.676  -31.371 0.6000000238
121890  -17.170  -71.918  -31.334 0.5000000000
5678  -16.085  -76.124  -30.950 0.6000000238
6040  -17.588  -75.193  -29.903 0.6000000238
6827  -16.091  -73.640  -31.715 0.5000000000
7274  -16.395  -72.109  -31.677 0.5000000000
7288  -15.397  -71.826  -32.207 0.5000000000
127598  -16.884  -75.837  -29.586 0.5000000000
6039  -16.680  -75.650  -30.399 0.6000000238
6028  -16.782  -76.106  -28.797 0.5000000000
121889  -14.495  -71.529  -32.709 0.6000000238
5269  -14.597  -77.404  -27.537 0.6999999881
5632  -15.876  -76.978  -27.464 0.6000000238
5999  -14.550  -75.889  -27.659 0.6000000238
7319  -12.947  -71.857  -34.368 0.5000000000
5640  -12.971  -76.740  -28.830 0.5000000000
6015  -13.703  -75.866  -28.182 0.6999999881
114378  -12.964  -73.483  -35.024 0.5000000000
6876  -13.942  -73.193  -35.405 0.5000000000
6480  -14.686  -74.141  -35.455 0.6000000238
6868  -17.756  -73.153  -34.373 0.6000000238
6867  -17.086  -73.659  -34.498 0.5000000000
7322  -19.028  -72.346  -34.335 0.6000000238
6851  -17.721  -74.003  -33.939 0.6000000238
7289  -21.169  -73.257  -32.651 0.5000000000
6896  -23.848  -73.813  -37.897 0.5000000000
6497  -24.264  -74.576  -37.972 0.5000000000
5724  -25.655  -76.364  -37.048 0.6000000238
127748  -25.986  -76.786  -37.250 0.6000000238
6822  -18.359  -74.016  -30.515 0.6000000238
6829  -17.607  -73.775  -30.985 0.6000000238
6430  -18.447  -74.623  -29.963 0.6000000238
7722  -16.807  -71.178  -31.520 0.5000000000
6029  -17.503  -75.409  -29.094 0.6000000238
6017  -17.233  -75.402  -28.439 0.6999999881
7740  -15.007  -70.823  -32.547 0.6000000238
122197  -16.012  -75.177  -27.516 0.6000000238
6001  -16.354  -75.843  -27.667 0.6000000238
7739  -13.941  -70.738  -33.188 0.6000000238
121001  -14.107  -75.057  -28.092 0.6000000238
6401  -14.607  -74.173  -28.215 0.6000000238
7755  -12.927  -71.055  -34.345 0.5000000000
7333  -13.512  -72.080  -35.269 0.5000000000
117292  -12.501  -75.684  -29.690 0.5000000000
6027  -13.349  -75.059  -28.699 0.6000000238
6877  -15.214  -73.297  -35.337 0.5000000000
123854  -17.519  -72.420  -35.093 0.6000000238
7320  -16.905  -72.857  -35.023 0.5000000000
7764  -19.463  -71.587  -34.819 0.5000000000
7323  -19.852  -72.274  -33.810 0.5000000000
130117  -25.743  -73.722  -38.350 0.6000000238
6499  -26.251  -74.435  -38.450 0.6000000238
6809  -19.077  -74.102  -30.102 0.6000000238
123411  -18.800  -73.461  -30.472 0.5000000000
7276  -17.844  -72.171  -31.005 0.5000000000
6419  -19.039  -74.469  -29.420 0.6999999881
7723  -17.524  -71.281  -31.129 0.5000000000
124348  -18.252  -74.681  -28.060 0.6999999881
6403  -18.038  -75.017  -28.594 0.6000000238
8195  -17.269  -70.376  -31.427 0.5000000000
6002  -16.767  -75.311  -27.843 0.6000000238
8194  -16.492  -70.429  -31.823 0.5000000000
124424  -15.699  -69.997  -32.428 0.6000000238
123622  -15.849  -73.015  -28.103 0.6999999881
8211  -14.491  -69.919  -33.097 0.6000000238
6786  -14.170  -73.190  -28.847 0.6000000238
8221  -13.459  -69.766  -34.481 0.6000000238
6807  -12.532  -72.871  -30.002 0.6999999881
6400  -13.761  -74.193  -28.729 0.6999999881
7772  -13.335  -70.905  -35.346 0.5000000000
7762  -12.993  -70.828  -34.767 0.5000000000
6417  -13.029  -74.100  -29.360 0.6000000238
7334  -14.489  -71.460  -35.894 0.5000000000
113774  -15.735  -71.444  -36.046 0.6000000238
123105  -14.595  -72.495  -35.538 0.5000000000
6820  -10.919  -73.224  -31.044 0.6000000238
7335  -15.748  -72.457  -35.578 0.5000000000
7321  -18.236  -72.415  -34.745 0.6000000238
7766  -20.579  -70.714  -34.853 0.5000000000
6811  -20.147  -73.094  -29.522 0.6999999881
113496  -19.626  -72.279  -30.056 0.5000000000
7713  -19.008  -71.436  -30.349 0.5000000000
6770  -19.864  -73.948  -27.662 0.8000000119
124617  -19.945  -74.034  -28.333 0.6999999881
8187  -18.561  -70.558  -30.619 0.5000000000
8197  -18.745  -69.767  -30.871 0.5000000000
6768  -17.384  -73.016  -27.366 0.6999999881
6384  -18.742  -74.368  -27.782 0.6999999881
6385  -19.402  -74.298  -28.095 0.8000000119
6767  -17.072  -73.855  -27.555 0.6999999881
8630  -18.364  -69.343  -31.520 0.5000000000
7234  -16.044  -71.846  -28.243 0.6999999881
6789  -16.557  -72.890  -27.753 0.6999999881
8212  -16.696  -69.735  -32.064 0.6000000238
8629  -17.545  -69.540  -31.748 0.5000000000
7705  -14.044  -70.720  -28.943 0.6000000238
7233  -15.363  -72.190  -28.595 0.6000000238
131844  -14.921  -68.919  -33.944 0.6000000238
7248  -13.652  -71.381  -29.289 0.6999999881
7231  -13.757  -72.254  -29.343 0.6999999881
8236  -14.005  -70.396  -35.785 0.6000000238
8664  -13.912  -69.453  -34.867 0.6000000238
7703  -12.243  -71.001  -29.644 0.6000000238
7773  -15.120  -70.542  -36.132 0.6000000238
7336  -16.818  -71.855  -35.732 0.6000000238
6819  -10.512  -72.909  -30.642 0.6000000238
7776  -18.211  -71.183  -35.777 0.6000000238
6771  -20.965  -72.911  -27.300 0.6000000238
7249  -20.700  -72.732  -28.947 0.5000000000
7706  -20.353  -72.041  -29.520 0.5000000000
8188  -19.129  -70.153  -30.437 0.5000000000
6756  -19.426  -73.623  -26.967 0.8000000119
8632  -20.055  -68.945  -31.034 0.5000000000
7682  -17.106  -71.850  -27.242 0.6999999881
8644  -16.166  -69.174  -32.880 0.6000000238
6348  -10.420  -73.921  -24.716 0.6000000238
7680  -15.779  -70.681  -28.137 0.8000000119
6738  -11.102  -73.532  -24.443 0.6000000238
7693  -13.619  -70.246  -28.618 0.6999999881
7679  -15.241  -69.980  -28.075 0.8000000119
8643  -15.185  -69.275  -33.315 0.6000000238
121826  -10.364  -73.587  -26.516 0.6000000238
115695  -12.920  -70.440  -28.809 0.6000000238
8674  -15.421  -69.247  -35.678 0.6000000238
8238  -16.875  -70.078  -36.138 0.6000000238
7229  -10.451  -72.150  -28.648 0.6000000238
7230  -10.919  -71.437  -29.263 0.6000000238
7691  -11.583  -71.169  -29.543 0.6000000238
7774  -16.318  -70.796  -36.205 0.6000000238
8239  -18.070  -70.316  -36.068 0.6000000238
7260  -10.917  -72.302  -30.565 0.5000000000
7777  -18.948  -70.994  -35.652 0.5000000000
121564  -20.394  -70.219  -35.298 0.5000000000
8241  -19.908  -69.859  -35.739 0.5000000000
7220  -21.416  -72.152  -27.421 0.5000000000
7697  -21.448  -71.215  -28.383 0.5000000000
7207  -20.585  -72.911  -26.390 0.6000000238
7208  -21.191  -72.403  -26.551 0.5000000000
7665  -18.319  -72.294  -26.155 0.8000000119
7190  -20.114  -72.566  -25.613 0.6999999881
7648  -17.546  -71.480  -26.455 0.8000000119
7681  -16.411  -71.176  -27.746 0.8000000119
8646  -17.950  -68.885  -32.241 0.6000000238
9100  -19.706  -68.521  -31.811 0.5000000000
6717  -10.157  -73.172  -22.840 0.6000000238
8157  -15.891  -70.097  -27.516 0.8000000119
9112  -19.231  -68.112  -32.602 0.5000000000
7166  -11.934  -73.165  -23.935 0.6999999881
6727  -11.058  -73.470  -23.593 0.6000000238
8156  -14.782  -69.888  -27.681 0.8000000119
9123  -16.507  -68.436  -34.619 0.6000000238
8656  -16.702  -68.608  -33.524 0.6000000238
9110  -17.577  -68.497  -33.169 0.6000000238
7176  -11.824  -73.080  -25.073 0.6000000238
8675  -16.299  -69.289  -35.903 0.6000000238
8666  -15.864  -68.767  -35.169 0.6000000238
9124  -17.234  -68.140  -34.223 0.6000000238
7200  -10.673  -72.565  -27.524 0.6000000238
7677  -12.404  -70.637  -28.525 0.6000000238
7678  -13.323  -70.303  -28.148 0.5000000000
8676  -17.316  -69.222  -35.977 0.6000000238
7218  -11.810  -71.238  -27.923 0.6000000238
8240  -19.105  -70.111  -35.917 0.6000000238
9146  -19.532  -68.378  -35.952 0.6000000238
9147  -20.288  -68.370  -35.876 0.5000000000
8680  -20.983  -68.810  -35.656 0.5000000000
8668  -21.444  -69.528  -35.121 0.5000000000
9149  -22.376  -68.181  -35.473 0.5000000000
128212  -20.820  -72.432  -25.866 0.6000000238
129438  -18.899  -71.799  -25.026 0.6999999881
115665  -9.659  -71.327  -22.162 0.6000000238
7608  -9.790  -72.330  -22.493 0.6000000238
8141  -16.966  -70.508  -26.379 0.8000000119
9113  -20.041  -67.819  -32.331 0.5000000000
7151  -11.151  -72.334  -21.765 0.6000000238
114912  -16.809  -70.038  -25.796 0.8000000119
9620  -20.107  -67.027  -32.770 0.5000000000
7157  -11.400  -72.797  -22.314 0.6999999881
8126  -15.825  -69.681  -25.573 0.8000000119
9125  -18.013  -67.951  -33.892 0.6000000238
9629  -19.610  -66.786  -33.442 0.6000000238
7167  -12.794  -72.684  -23.486 0.8000000119
8138  -14.795  -70.088  -26.675 0.6999999881
9135  -17.159  -68.414  -35.313 0.6000000238
10147  -19.291  -66.280  -34.930 0.6000000238
7177  -12.711  -72.756  -24.644 0.6999999881
7187  -12.498  -72.474  -25.762 0.6999999881
7662  -13.434  -70.784  -27.164 0.6000000238
9145  -17.849  -68.633  -35.781 0.6000000238
10692  -19.737  -65.598  -35.039 0.6000000238
7201  -11.364  -72.177  -27.225 0.6000000238
9650  -19.167  -66.951  -35.311 0.5000000000
9153  -19.957  -67.654  -35.874 0.5000000000
7650  -19.715  -71.921  -24.933 0.6000000238
8115  -21.188  -70.788  -24.846 0.5000000000
8528  -9.062  -69.505  -22.088 0.6000000238
7635  -19.105  -71.269  -24.527 0.6999999881
8074  -9.429  -70.421  -22.136 0.6000000238
7634  -18.285  -71.153  -24.919 0.6999999881
8112  -18.482  -70.601  -24.241 0.6000000238
8075  -10.128  -70.714  -21.696 0.6000000238
124476  -9.893  -69.818  -21.811 0.6000000238
8111  -17.510  -70.289  -24.788 0.6000000238
8562  -17.185  -69.524  -24.071 0.6999999881
8077  -12.043  -70.960  -21.859 0.8000000119
8110  -16.627  -69.707  -24.994 0.6999999881
8545  -16.518  -68.911  -23.873 0.6000000238
7158  -12.225  -72.622  -22.573 0.8000000119
8125  -15.361  -69.967  -25.965 0.8000000119
115660  -15.885  -68.579  -23.769 0.6999999881
7168  -13.549  -72.210  -23.339 0.6999999881
7188  -13.453  -72.196  -25.349 0.6999999881
7633  -14.615  -71.181  -24.278 0.6000000238
8092  -15.260  -69.519  -23.803 0.8000000119
8997  -8.382  -68.352  -22.158 0.6000000238
8529  -9.585  -69.024  -21.887 0.6000000238
8530  -10.559  -69.325  -21.892 0.6999999881
9016  -17.211  -67.765  -23.455 0.6000000238
120847  -11.327  -70.081  -21.816 0.6999999881
8531  -12.093  -70.110  -22.272 0.6999999881
9015  -16.474  -68.180  -23.522 0.6999999881
9539  -16.208  -67.472  -23.493 0.6000000238
8078  -12.752  -70.558  -22.518 0.8000000119
111504  -13.149  -69.114  -23.519 0.6000000238
8542  -13.611  -69.955  -23.161 0.5000000000
8544  -15.233  -68.897  -23.651 0.6999999881
10033  -15.412  -66.429  -23.721 0.6999999881
10514  -15.863  -65.851  -23.892 0.6000000238
7612  -12.909  -71.416  -22.486 0.8000000119
120296  -13.947  -69.248  -23.470 0.6000000238
8543  -14.543  -69.619  -23.522 0.6000000238
124504  -7.617  -67.784  -22.088 0.6000000238
9534  -8.744  -67.204  -23.041 0.6000000238
9536  -10.259  -67.872  -23.047 0.6999999881
8998  -9.116  -68.435  -22.085 0.6000000238
9010  -10.832  -68.285  -22.855 0.6999999881
9011  -11.557  -68.589  -23.143 0.6999999881
8541  -11.655  -69.322  -22.425 0.6999999881
9054  -12.149  -68.458  -25.069 0.6000000238
10049  -16.754  -65.983  -24.000 0.6000000238
9036  -12.536  -68.559  -24.178 0.6000000238
9559  -13.769  -67.707  -24.095 0.6000000238
122445  -16.692  -65.471  -25.106 0.5000000000
11089  -15.061  -64.585  -24.888 0.6000000238
11103  -16.338  -65.104  -25.719 0.5000000000
11142  -16.349  -66.074  -27.573 0.5000000000
11101  -14.694  -64.113  -25.550 0.6000000238
11697  -15.227  -64.049  -26.271 0.5000000000
10513  -8.219  -66.063  -23.577 0.6000000238
10032  -8.212  -66.646  -23.067 0.6000000238
123824  -9.577  -67.520  -23.315 0.6999999881
9555  -9.137  -66.977  -25.116 0.6999999881
124814  -9.776  -67.544  -25.028 0.6999999881
113501  -10.671  -68.067  -25.099 0.6999999881
9053  -11.019  -68.589  -26.060 0.6000000238
9066  -11.831  -68.459  -25.905 0.5000000000
9579  -12.114  -67.945  -26.507 0.6999999881
10088  -11.765  -66.810  -27.732 0.6000000238
9571  -12.485  -67.988  -25.581 0.6000000238
10060  -12.809  -67.003  -25.925 0.6000000238
11120  -12.628  -64.865  -26.910 0.6000000238
10537  -13.845  -65.636  -24.852 0.6000000238
11100  -13.892  -64.206  -25.734 0.5000000000
11747  -14.068  -64.049  -28.216 0.5000000000
11157  -15.203  -65.509  -28.724 0.5000000000
11684  -10.830  -63.037  -24.324 0.6999999881
11695  -10.478  -63.414  -25.982 0.6999999881
12231  -10.476  -62.206  -25.683 0.6999999881
11087  -8.894  -65.192  -24.893 0.6000000238
11099  -9.941  -64.185  -25.681 0.6999999881
11712  -10.434  -62.946  -26.909 0.6999999881
12256  -9.158  -62.432  -28.097 0.6999999881
10058  -8.859  -66.379  -25.292 0.6999999881
11118  -9.410  -64.692  -26.192 0.6999999881
11137  -9.496  -64.417  -27.274 0.6999999881
11728  -9.499  -63.053  -28.212 0.6999999881
10059  -9.067  -66.924  -25.985 0.6999999881
110962  -8.915  -66.168  -26.087 0.6999999881
129005  -9.557  -63.717  -28.090 0.6999999881
9578  -10.376  -68.548  -26.609 0.6999999881
9080  -11.116  -68.998  -27.622 0.6000000238
9081  -11.521  -68.389  -27.117 0.6000000238
10571  -11.813  -65.652  -28.358 0.6000000238
10585  -11.623  -66.080  -29.479 0.6000000238
10074  -12.206  -66.833  -26.848 0.6000000238
10572  -12.113  -65.698  -27.316 0.6000000238
11172  -12.079  -65.268  -29.124 0.6000000238
11154  -12.407  -64.750  -28.438 0.5000000000
11173  -12.804  -64.910  -29.370 0.6000000238
116584  -13.919  -65.910  -31.094 0.6000000238
11140  -12.889  -64.311  -27.614 0.5000000000
11155  -13.460  -64.314  -28.566 0.5000000000
11174  -13.839  -65.029  -29.537 0.5000000000
12222  -10.699  -62.228  -24.180 0.6999999881
12244  -10.231  -62.112  -26.737 0.6999999881
12809  -8.612  -61.873  -27.670 0.6000000238
12255  -7.813  -62.226  -28.576 0.6000000238
12268  -6.920  -62.603  -29.705 0.6000000238
12279  -6.352  -62.967  -30.661 0.4000000060
11762  -8.154  -63.986  -29.611 0.6000000238
12269  -8.362  -63.046  -29.050 0.5000000000
11746  -7.302  -63.433  -30.270 0.5000000000
12296  -6.862  -63.132  -31.581 0.4000000060
12841  -7.968  -61.535  -31.661 0.5000000000
125786  -9.451  -67.426  -25.694 0.6999999881
10072  -8.901  -66.203  -26.811 0.8000000119
129563  -8.708  -65.558  -28.271 0.6999999881
11194  -7.598  -65.354  -30.852 0.5000000000
11780  -7.091  -63.967  -31.630 0.4000000060
11781  -7.548  -63.600  -31.957 0.4000000060
12842  -8.824  -62.007  -31.590 0.4000000060
12834  -9.825  -61.559  -31.002 0.4000000060
10073  -9.089  -67.173  -26.866 0.8000000119
10099  -8.840  -67.450  -28.505 0.8000000119
131478  -8.562  -66.449  -28.537 0.8000000119
10596  -7.937  -66.134  -30.146 0.8000000119
10616  -7.866  -66.207  -31.071 0.6000000238
11210  -7.672  -65.002  -31.762 0.5000000000
116852  -7.636  -64.391  -32.019 0.4000000060
12298  -8.713  -63.045  -31.816 0.4000000060
9587  -9.763  -68.335  -27.125 0.6999999881
112405  -10.366  -69.033  -28.050 0.8000000119
9597  -10.508  -68.692  -29.136 0.6999999881
9605  -10.837  -68.055  -30.293 0.5000000000
11211  -8.323  -65.035  -32.110 0.5000000000
12299  -9.959  -63.410  -31.754 0.4000000060
12835  -10.718  -61.972  -30.760 0.4000000060
111945  -11.064  -68.758  -28.486 0.6000000238
10100  -11.371  -67.270  -28.781 0.5000000000
10597  -11.650  -66.508  -30.626 0.5000000000
10618  -12.226  -66.249  -31.480 0.6000000238
10598  -12.289  -65.659  -30.175 0.6000000238
10619  -13.020  -65.937  -31.263 0.6000000238
12784  -10.342  -61.896  -24.940 0.6000000238
12770  -9.037  -61.381  -24.387 0.5000000000
12798  -7.968  -61.658  -26.921 0.5000000000
12808  -7.026  -61.658  -27.696 0.4000000060
12267  -6.171  -61.839  -28.787 0.5000000000
12278  -5.948  -62.383  -29.823 0.5000000000
12833  -6.558  -61.980  -31.018 0.5000000000
13421  -7.283  -61.129  -31.247 0.5000000000
13422  -8.287  -60.518  -31.425 0.5000000000
14008  -9.234  -58.948  -31.346 0.5000000000
13408  -8.930  -61.037  -31.402 0.5000000000
14600  -9.739  -58.016  -31.401 0.5000000000
9602  -8.737  -67.704  -29.874 0.6999999881
10116  -8.500  -66.989  -31.347 0.6000000238
10130  -9.353  -67.131  -31.825 0.5000000000
130107  -8.198  -65.671  -31.976 0.5000000000
13423  -10.118  -59.907  -31.085 0.5000000000
14601  -10.813  -58.691  -31.167 0.5000000000
9596  -9.612  -68.441  -28.763 0.8000000119
9603  -9.655  -68.248  -29.802 0.6999999881
9610  -9.826  -68.055  -30.724 0.6000000238
11212  -9.339  -65.073  -32.433 0.5000000000
122029  -9.838  -64.372  -32.358 0.4000000060
12289  -10.655  -62.663  -31.173 0.5000000000
13409  -10.695  -61.033  -30.561 0.4000000060
13995  -11.608  -59.458  -30.413 0.5000000000
10118  -10.556  -67.456  -31.498 0.5000000000
10138  -11.075  -66.458  -32.601 0.5000000000
10660  -10.491  -66.162  -32.790 0.6000000238
11225  -10.501  -65.212  -32.828 0.5000000000
12300  -11.103  -63.134  -31.667 0.5000000000
12291  -12.369  -62.002  -30.680 0.5000000000
10641  -11.802  -66.327  -32.494 0.5000000000
10661  -11.512  -65.828  -33.144 0.5000000000
11793  -11.610  -64.792  -33.140 0.5000000000
11783  -11.723  -63.675  -32.645 0.5000000000
10642  -12.741  -65.989  -32.390 0.6000000238
11227  -13.246  -64.602  -33.352 0.6000000238
12769  -7.791  -61.288  -24.857 0.5000000000
129656  -6.932  -61.475  -26.615 0.5000000000
111178  -6.070  -61.350  -27.161 0.4000000060
12807  -5.509  -61.466  -27.818 0.4000000060
111485  -7.422  -60.696  -24.184 0.5000000000
12781  -6.764  -61.274  -25.702 0.4000000060
12816  -5.751  -61.705  -29.178 0.5000000000
13406  -6.365  -61.350  -30.520 0.6000000238
130149  -7.056  -60.479  -30.728 0.5000000000
13407  -7.735  -60.024  -31.050 0.5000000000
13993  -8.504  -58.664  -30.900 0.4000000060
132320  -9.319  -57.411  -31.056 0.4000000060
128254  -9.727  -56.208  -30.352 0.4000000060
13355  -5.725  -60.895  -25.744 0.4000000060
12796  -5.118  -61.362  -27.118 0.4000000060
12806  -4.843  -61.427  -27.739 0.4000000060
13391  -5.443  -61.168  -28.902 0.5000000000
13400  -5.854  -61.236  -29.656 0.5000000000
13982  -6.784  -59.593  -29.686 0.5000000000
13969  -5.448  -60.288  -28.634 0.4000000060
13970  -6.510  -59.391  -28.988 0.4000000060
110641  -7.415  -58.990  -28.979 0.5000000000
14552  -8.058  -58.732  -29.290 0.4000000060
14571  -8.621  -58.005  -29.679 0.4000000060
111643  -8.755  -57.548  -30.243 0.4000000060
15757  -9.798  -56.064  -29.879 0.4000000060
129333  -4.896  -60.161  -25.143 0.4000000060
13354  -4.847  -60.539  -25.917 0.4000000060
13383  -4.689  -60.820  -27.835 0.4000000060
13930  -3.983  -58.986  -26.188 0.4000000060
13946  -4.762  -58.910  -27.462 0.4000000060
13958  -5.191  -59.537  -28.048 0.4000000060
13959  -6.355  -59.021  -28.414 0.4000000060
110810  -7.611  -59.023  -28.281 0.5000000000
13971  -8.578  -59.236  -28.140 0.5000000000
14553  -9.061  -58.954  -28.560 0.4000000060
15154  -9.452  -58.026  -29.036 0.4000000060
13960  -8.382  -59.156  -27.386 0.4000000060
13948  -10.537  -59.019  -27.104 0.4000000060
131126  -10.791  -58.571  -27.566 0.4000000060
14554  -10.490  -58.048  -28.328 0.4000000060
15155  -10.102  -57.144  -29.253 0.4000000060
13919  -3.946  -59.022  -25.295 0.4000000060
14493  -3.812  -58.094  -26.021 0.3000000119
14516  -6.723  -57.883  -26.781 0.3000000119
14536  -7.245  -58.572  -27.617 0.4000000060
15704  -5.565  -57.034  -25.954 0.4000000060
15120  -4.680  -57.451  -26.359 0.3000000119
14494  -6.298  -57.262  -25.841 0.3000000119
14517  -7.978  -58.516  -26.540 0.4000000060
15122  -9.085  -57.932  -25.309 0.5000000000
14519  -10.423  -58.944  -26.237 0.4000000060
14537  -11.427  -58.535  -27.005 0.4000000060
15146  -12.232  -57.950  -27.170 0.4000000060
15156  -12.597  -57.075  -27.668 0.3000000119
15707  -9.356  -57.072  -25.262 0.5000000000
15708  -10.454  -56.893  -25.154 0.5000000000
14499  -11.663  -58.253  -25.743 0.4000000060
14521  -12.093  -58.207  -26.372 0.4000000060
113725  -12.744  -57.844  -26.606 0.3000000119
15119  -3.869  -57.133  -26.115 0.4000000060
15726  -5.861  -56.270  -26.729 0.4000000060
15705  -6.741  -57.027  -25.619 0.4000000060
15706  -7.675  -56.930  -25.440 0.5000000000
117227  -8.570  -57.239  -25.339 0.5000000000
118333  -6.350  -55.602  -27.443 0.4000000060
16295  -8.595  -56.572  -25.579 0.5000000000
16296  -9.527  -56.107  -25.617 0.5000000000
15710  -12.140  -56.758  -25.105 0.4000000060
15138  -12.799  -57.841  -26.048 0.3000000119
16919  -8.982  -54.787  -26.887 0.3000000119
16316  -9.625  -55.124  -26.140 0.3000000119
16297  -10.438  -55.602  -25.508 0.3000000119
15703  -4.067  -56.368  -26.365 0.4000000060
16313  -6.133  -54.927  -27.753 0.3000000119
16331  -6.946  -54.777  -27.793 0.4000000060
16299  -12.118  -55.764  -25.114 0.3000000119
16917  -5.751  -54.843  -27.466 0.3000000119
17535  -7.018  -53.344  -27.678 0.3000000119
5308  -15.523  -77.345  -31.387 0.6000000238
5677  -15.455  -76.525  -31.488 0.5000000000
10526  -14.620  -65.272  -24.497 0.6000000238
10046  -13.863  -66.671  -24.510 0.6000000238
2012  -13.096  -86.173  -36.606 0.5000000000
2654  -14.082  -84.316  -36.614 0.6000000238
111207  -13.151  -82.254  -35.731 0.5000000000
2999  -14.761  -83.623  -35.960 0.6999999881
3367  -16.247  -82.963  -34.310 0.6999999881
4168  -15.589  -79.743  -36.577 0.6999999881
3748  -16.871  -81.522  -34.307 0.6999999881
4159  -16.712  -80.690  -34.940 0.6999999881
5324  -13.128  -77.520  -34.894 0.5000000000
3355  -19.020  -82.433  -33.701 0.6999999881
5340  -15.508  -77.803  -36.204 0.6999999881
4561  -15.902  -79.016  -36.476 0.6999999881
114275  -19.147  -81.129  -33.350 0.6999999881
5325  -16.789  -77.335  -35.046 0.6999999881
6048  -14.757  -75.950  -32.167 0.6000000238
4944  -20.593  -78.731  -33.989 0.6999999881
6083  -16.027  -76.017  -35.240 0.6000000238
5694  -17.445  -76.170  -34.329 0.6000000238
6071  -19.050  -76.115  -34.723 0.5000000000
4482  -16.341  -79.251  -28.452 0.6999999881
6069  -16.787  -75.735  -34.556 0.6000000238
5708  -22.799  -76.910  -35.613 0.6000000238
5346  -24.023  -77.440  -35.795 0.6000000238
6454  -18.447  -74.361  -33.636 0.5000000000
6839  -21.515  -73.966  -32.653 0.5000000000
6099  -23.408  -75.119  -37.740 0.5000000000
5282  -16.490  -77.698  -29.369 0.6000000238
4473  -15.763  -78.939  -27.688 0.6999999881
7756  -13.127  -70.872  -33.871 0.6000000238
6481  -15.724  -74.190  -35.071 0.5000000000
6468  -17.214  -74.376  -34.209 0.5000000000
6853  -18.932  -73.786  -33.460 0.6000000238
6854  -19.723  -73.891  -33.153 0.5000000000
5355  -25.436  -76.887  -36.769 0.6000000238
6100  -25.213  -75.640  -37.255 0.6000000238
132679  -25.265  -72.818  -37.687 0.5000000000
6402  -15.631  -74.146  -27.770 0.6000000238
8647  -18.807  -68.720  -32.017 0.5000000000
6358  -10.105  -74.176  -25.368 0.6000000238
6806  -10.036  -72.703  -30.081 0.6000000238
6746  -10.897  -73.455  -25.507 0.6000000238
131839  -15.345  -69.885  -27.598 0.8000000119
7186  -11.610  -72.723  -26.161 0.6000000238
126787  -18.368  -67.509  -35.142 0.6000000238
7203  -13.073  -71.680  -26.448 0.6000000238
121350  -19.163  -67.586  -35.740 0.6000000238
8575  -16.093  -69.464  -24.973 0.8000000119
10143  -19.519  -66.181  -34.085 0.6000000238
7647  -14.790  -70.803  -25.450 0.6000000238
7622  -14.257  -71.161  -23.431 0.6000000238
9572  -13.179  -67.406  -25.025 0.6000000238
9537  -14.657  -67.814  -23.627 0.6999999881
10061  -13.394  -66.521  -25.181 0.6000000238
11732  -15.012  -63.897  -27.055 0.5000000000
9588  -11.472  -68.157  -27.810 0.5000000000
10552  -13.173  -64.886  -26.062 0.6000000238
10586  -14.927  -65.866  -29.608 0.5000000000
11683  -10.256  -63.701  -24.058 0.6999999881
11088  -9.469  -64.409  -24.706 0.6000000238
11138  -10.042  -63.324  -27.595 0.6999999881
10570  -8.968  -65.436  -27.437 0.8000000119
11171  -7.996  -65.040  -29.877 0.6000000238
12799  -9.178  -61.721  -26.638 0.6000000238
115458  -6.539  -63.329  -31.235 0.5000000000
12836  -11.594  -61.631  -30.414 0.5000000000
119628  -7.910  -61.560  -25.972 0.5000000000
14009  -10.108  -58.979  -31.375 0.5000000000
10117  -9.315  -67.630  -31.235 0.6000000238
9615  -9.979  -67.669  -31.427 0.6000000238
11794  -12.489  -64.271  -33.303 0.5000000000
13345  -6.475  -60.740  -24.866 0.5000000000
13983  -7.531  -58.989  -29.916 0.5000000000
13981  -5.976  -60.338  -29.388 0.6000000238
13931  -4.312  -59.775  -25.587 0.4000000060
13945  -4.286  -59.749  -26.605 0.4000000060
117515  -4.503  -60.085  -27.382 0.4000000060
14515  -5.326  -57.920  -27.031 0.3000000119
14535  -5.923  -58.441  -27.724 0.4000000060
110193  -10.033  -58.878  -28.030 0.4000000060
14518  -8.978  -59.009  -26.433 0.4000000060
13947  -9.793  -59.214  -26.787 0.4000000060
14555  -11.343  -58.024  -27.685 0.4000000060
110311  -11.642  -56.642  -28.481 0.4000000060
14495  -7.577  -57.793  -25.827 0.5000000000
14496  -8.506  -58.321  -25.766 0.4000000060
14498  -10.893  -58.481  -25.672 0.5000000000
125159  -9.717  -58.964  -26.057 0.4000000060
130641  -11.810  -57.435  -27.842 0.4000000060
16298  -11.313  -56.128  -25.154 0.5000000000
15124  -11.173  -57.767  -25.220 0.4000000060
116400  -11.917  -57.623  -25.314 0.4000000060
15728  -7.814  -56.309  -25.923 0.5000000000
16314  -7.432  -55.665  -27.094 0.5000000000
16315  -8.616  -55.645  -26.424 0.4000000060
16905  -11.327  -54.863  -25.491 0.4000000060
16332  -8.053  -54.872  -27.381 0.4000000060
16935  -6.614  -54.232  -27.797 0.3000000119
17536  -7.478  -53.330  -27.802 0.3000000119
118898  -7.652  -54.060  -27.790 0.3000000119
3406  -23.569  -83.103  -37.973 0.5000000000
3418  -24.313  -82.824  -38.030 0.5000000000
126586  -25.211  -82.762  -37.109 0.5000000000
3419  -25.064  -82.554  -37.738 0.5000000000
3386  -25.419  -82.172  -36.338 0.5000000000
3407  -25.863  -81.987  -37.731 0.5000000000
3770  -26.518  -81.766  -36.464 0.6000000238
3782  -22.973  -81.967  -38.755 0.5000000000
118868  -23.794  -82.524  -38.455 0.5000000000
121485  -24.541  -82.089  -38.429 0.5000000000
3784  -25.325  -81.666  -38.408 0.5000000000
3761  -27.026  -81.439  -36.003 0.6000000238
3785  -26.228  -81.369  -38.518 0.6000000238
3399  -26.701  -81.890  -37.783 0.6000000238
3416  -22.286  -82.411  -38.724 0.4000000060
3413  -18.563  -83.061  -38.387 0.4000000060
3414  -18.932  -82.478  -38.445 0.4000000060
3025  -19.201  -83.118  -38.713 0.5000000000
112650  -19.697  -82.290  -38.684 0.5000000000
3415  -20.841  -82.700  -38.807 0.5000000000
3780  -20.524  -81.633  -38.730 0.5000000000
4177  -20.392  -80.622  -38.444 0.5000000000
130860  -21.679  -82.740  -38.743 0.5000000000
3781  -22.126  -81.552  -38.903 0.5000000000
3772  -27.342  -82.114  -36.756 0.6000000238
3762  -27.393  -81.767  -35.794 0.6000000238
122617  -22.686  -81.000  -38.982 0.5000000000
3783  -23.726  -81.372  -38.917 0.5000000000
4180  -23.122  -80.212  -38.966 0.5000000000
3776  -27.385  -82.223  -37.814 0.6000000238
112543  -24.679  -81.131  -38.924 0.5000000000
4183  -26.172  -80.611  -39.070 0.6000000238
122504  -27.157  -81.631  -38.462 0.6000000238
117960  -28.011  -82.912  -37.300 0.6000000238
3786  -27.715  -81.579  -38.983 0.6000000238
3408  -28.125  -82.863  -38.245 0.6000000238
3421  -28.696  -83.183  -38.425 0.6999999881
132185  -28.339  -81.886  -39.175 0.6000000238
3787  -28.932  -82.529  -39.184 0.6999999881
2664  -18.052  -83.959  -36.334 0.6000000238
3011  -18.268  -83.013  -36.916 0.6000000238
3018  -18.082  -83.241  -37.969 0.5000000000
3404  -18.518  -82.388  -37.872 0.5000000000
4172  -19.607  -80.434  -37.195 0.6000000238
3779  -19.665  -81.271  -38.400 0.5000000000
3775  -19.175  -81.070  -37.800 0.5000000000
125882  -19.670  -80.609  -38.051 0.5000000000
4178  -21.312  -80.196  -38.529 0.5000000000
4568  -21.205  -79.532  -38.044 0.5000000000
4179  -22.225  -80.141  -38.720 0.5000000000
116189  -27.573  -81.404  -34.099 0.6999999881
3387  -27.965  -82.760  -35.238 0.6000000238
2994  -28.688  -83.197  -35.214 0.8000000119
4575  -24.441  -79.425  -38.956 0.5000000000
4576  -25.289  -79.464  -39.058 0.5000000000
4577  -26.199  -79.632  -39.139 0.6000000238
3401  -28.675  -83.411  -36.667 0.6999999881
120311  -28.979  -83.372  -36.481 0.6999999881
111926  -26.894  -81.010  -38.889 0.6000000238
3422  -29.333  -83.100  -38.773 0.6999999881
4189  -28.045  -80.042  -39.390 0.6000000238
4190  -28.754  -80.401  -39.513 0.6000000238
4583  -29.638  -79.734  -39.565 0.6999999881
3793  -29.654  -81.585  -39.496 0.6999999881
116585  -30.786  -82.701  -38.817 0.6000000238
2663  -17.435  -84.473  -37.176 0.5000000000
128585  -20.134  -79.815  -37.129 0.6000000238
4567  -20.630  -79.631  -37.563 0.6000000238
4572  -21.805  -79.579  -38.357 0.5000000000
4973  -23.719  -78.149  -37.598 0.6000000238
3357  -27.897  -82.426  -33.633 0.6999999881
127302  -23.249  -78.653  -38.218 0.5000000000
4974  -24.584  -77.933  -37.804 0.5000000000
2995  -29.142  -83.155  -35.401 0.5000000000
2984  -29.281  -82.850  -32.995 0.6000000238
4980  -24.023  -78.612  -38.424 0.6000000238
4982  -25.799  -78.655  -38.769 0.5000000000
3003  -29.176  -83.205  -36.126 0.6000000238
4983  -26.750  -78.628  -38.901 0.5000000000
3022  -29.336  -83.294  -37.476 0.6999999881
132374  -29.898  -83.174  -37.269 0.6000000238
4579  -28.105  -79.168  -39.318 0.5000000000
3031  -29.977  -83.260  -37.876 0.6000000238
3424  -31.605  -82.419  -38.649 0.6000000238
4985  -28.739  -78.442  -39.332 0.5000000000
4990  -29.587  -78.612  -39.458 0.6000000238
4192  -31.077  -80.320  -39.641 0.5000000000
111793  -31.011  -78.456  -39.292 0.5000000000
4186  -32.520  -80.504  -39.443 0.5000000000
2656  -17.830  -84.826  -35.689 0.6000000238
112965  -18.491  -83.533  -35.695 0.6000000238
2313  -17.527  -85.663  -35.030 0.4000000060
4966  -24.401  -77.571  -36.645 0.5000000000
3375  -28.970  -83.031  -34.219 0.6000000238
4975  -25.459  -77.880  -38.021 0.5000000000
2996  -29.529  -82.941  -35.686 0.5000000000
122796  -27.236  -77.692  -38.547 0.5000000000
3005  -30.301  -82.996  -36.878 0.5000000000
125709  -30.730  -82.605  -36.541 0.5000000000
3389  -30.231  -82.605  -35.539 0.5000000000
127726  -27.991  -77.460  -38.853 0.5000000000
3023  -30.620  -83.011  -37.498 0.5000000000
3411  -31.553  -82.625  -37.848 0.5000000000
123166  -28.693  -77.540  -39.133 0.6000000238
5370  -29.425  -76.676  -39.101 0.6000000238
3795  -31.707  -80.986  -39.509 0.5000000000
3790  -32.412  -81.580  -39.173 0.6000000238
5371  -30.176  -76.836  -39.011 0.6000000238
5372  -30.583  -77.168  -38.877 0.5000000000
2305  -16.606  -85.840  -33.921 0.4000000060
5364  -25.939  -77.195  -37.408 0.5000000000
3390  -31.016  -82.122  -35.778 0.5000000000
5365  -26.738  -76.993  -37.872 0.5000000000
5727  -27.284  -76.100  -38.479 0.5000000000
3412  -32.454  -82.321  -37.322 0.5000000000
3403  -32.797  -82.011  -36.329 0.5000000000
3754  -32.813  -81.488  -35.146 0.5000000000
3755  -33.747  -81.216  -35.127 0.5000000000
4156  -35.892  -80.299  -34.831 0.5000000000
119368  -28.813  -75.134  -38.923 0.6000000238
6103  -29.459  -75.158  -38.569 0.6000000238
126026  -33.168  -81.593  -38.773 0.5000000000
5730  -29.889  -76.008  -38.815 0.6000000238
4570  -33.322  -79.707  -38.367 0.5000000000
5720  -30.061  -76.228  -37.336 0.5000000000
5357  -30.587  -77.267  -37.109 0.5000000000
129546  -26.624  -73.508  -38.445 0.5000000000
3773  -33.589  -81.901  -37.056 0.5000000000
3763  -33.712  -81.648  -36.048 0.5000000000
3764  -34.527  -81.231  -35.771 0.5000000000
4163  -35.392  -80.782  -35.421 0.5000000000
6502  -27.252  -74.177  -38.728 0.5000000000
6500  -27.612  -73.394  -38.414 0.6000000238
3777  -33.358  -81.834  -38.011 0.5000000000
3774  -34.401  -81.336  -36.760 0.5000000000
4164  -35.694  -80.385  -36.145 0.5000000000
120361  -36.326  -79.773  -35.264 0.5000000000
4549  -36.670  -79.124  -34.871 0.5000000000
132154  -29.714  -75.013  -38.204 0.5000000000
3791  -33.741  -81.123  -38.486 0.5000000000
4571  -34.234  -79.920  -38.056 0.5000000000
6898  -25.937  -72.973  -38.009 0.5000000000
4566  -35.697  -79.211  -36.515 0.5000000000
4556  -36.031  -79.688  -36.099 0.5000000000
5337  -37.255  -77.205  -35.294 0.4000000060
133163  -36.116  -78.865  -36.112 0.4000000060
3711  -15.271  -81.752  -30.303 0.4000000060
6736  -9.747  -73.983  -23.938 0.5000000000
7619  -8.828  -71.632  -23.471 0.5000000000
7164  -9.150  -72.360  -23.217 0.5000000000
8087  -8.162  -69.974  -23.734 0.5000000000
8107  -8.565  -70.844  -23.656 0.5000000000
6725  -9.703  -73.540  -23.413 0.5000000000
11671  -10.041  -63.697  -23.277 0.5000000000
120686  -10.622  -63.195  -23.376 0.5000000000
12771  -10.175  -61.589  -24.024 0.5000000000
6104  -26.781  -75.262  -38.484 0.5000000000
5725  -26.375  -76.264  -37.688 0.5000000000
3771  -26.996  -81.873  -37.023 0.6000000238
4182  -25.480  -80.899  -38.966 0.6000000238
129342  -27.743  -82.163  -38.575 0.6000000238
127982  -26.766  -80.308  -39.127 0.6000000238
129789  -29.373  -80.739  -39.565 0.6999999881
3395  -18.733  -82.070  -36.873 0.6000000238
4981  -24.922  -78.641  -38.595 0.5000000000
4582  -28.781  -79.389  -39.464 0.6000000238
4191  -30.148  -80.557  -39.591 0.6000000238
4991  -30.438  -78.896  -39.502 0.6000000238
3358  -28.425  -82.871  -33.376 0.6999999881
4976  -26.361  -77.825  -38.224 0.5000000000
4984  -27.820  -78.381  -39.045 0.5000000000
4986  -29.554  -77.601  -39.278 0.6000000238
4987  -30.415  -77.830  -39.232 0.6000000238
4585  -31.302  -79.352  -39.515 0.5000000000
4187  -33.209  -80.882  -39.104 0.5000000000
3402  -31.256  -82.718  -37.095 0.5000000000
113159  -31.701  -82.210  -36.594 0.5000000000
5369  -28.566  -76.691  -38.986 0.5000000000
5721  -30.463  -76.457  -38.160 0.5000000000
6106  -28.777  -74.460  -38.625 0.5000000000
6503  -28.097  -74.011  -38.723 0.5000000000
4171  -35.173  -80.835  -36.453 0.5000000000
4175  -34.374  -80.536  -38.080 0.5000000000
4170  -34.843  -80.602  -37.403 0.5000000000
4949  -36.888  -78.407  -35.255 0.5000000000
4565  -35.252  -79.388  -37.015 0.4000000060
4960  -36.528  -78.146  -35.822 0.4000000060
2621  -29.829  -84.540  -31.115 0.5000000000
119645  -30.625  -84.269  -31.648 0.6000000238
2973  -31.113  -83.209  -32.430 0.6000000238
2960  -29.761  -83.756  -31.736 0.6000000238
3331  -28.255  -83.385  -31.184 0.4000000060
130964  -32.021  -82.721  -32.812 0.4000000060
3360  -31.304  -81.979  -33.763 0.4000000060
3342  -31.351  -82.503  -32.951 0.5000000000
2985  -30.322  -82.749  -32.773 0.6000000238
3359  -30.620  -82.357  -33.620 0.5000000000
3377  -30.803  -82.175  -34.624 0.4000000060
2959  -28.829  -83.419  -31.858 0.5000000000
118731  -29.855  -82.675  -33.494 0.5000000000
3341  -28.006  -82.939  -31.992 0.6000000238
3743  -27.549  -81.684  -33.133 0.6000000238
4131  -27.260  -80.890  -32.642 0.6000000238
4130  -26.994  -79.957  -33.015 0.6000000238
3753  -27.489  -81.497  -34.955 0.6000000238
4145  -26.913  -80.114  -33.776 0.6000000238
4162  -27.158  -81.094  -35.262 0.5000000000
4161  -26.734  -80.753  -35.038 0.5000000000
3760  -26.183  -81.336  -35.728 0.4000000060
3759  -24.988  -81.632  -35.341 0.5000000000
124403  -37.201  -77.807  -34.930 0.3000000119
3014  -24.163  -83.145  -37.412 0.4000000060
10144  -19.969  -66.196  -33.203 0.4000000060
10681  -20.197  -65.076  -34.006 0.4000000060
10693  -20.093  -65.054  -34.833 0.5000000000
10620  -14.492  -65.865  -31.125 0.5000000000
10643  -13.843  -65.823  -32.025 0.5000000000
11229  -14.721  -64.339  -32.773 0.5000000000
11228  -14.074  -64.420  -33.171 0.4000000060
114042  -13.158  -63.752  -33.382 0.4000000060
12872  -17.159  -61.461  -33.819 0.4000000060
11784  -12.657  -63.295  -32.904 0.4000000060
12857  -13.617  -61.930  -32.771 0.4000000060
12868  -14.094  -62.147  -33.359 0.4000000060
12301  -12.136  -62.751  -31.714 0.4000000060
12845  -13.324  -61.773  -31.593 0.4000000060
13446  -15.712  -60.920  -34.397 0.4000000060
12837  -13.113  -61.587  -30.597 0.4000000060
13425  -14.057  -60.267  -31.791 0.4000000060
14631  -15.549  -58.504  -33.815 0.4000000060
119266  -13.246  -60.631  -30.073 0.4000000060
13412  -13.858  -60.264  -30.643 0.4000000060
122275  -12.152  -60.361  -29.932 0.4000000060
13997  -13.645  -59.583  -30.188 0.4000000060
15192  -9.836  -56.954  -31.147 0.3000000119
14602  -10.752  -57.752  -31.448 0.4000000060
15750  -10.652  -56.369  -29.297 0.3000000119
15758  -10.247  -55.581  -29.869 0.3000000119
15789  -11.081  -56.012  -31.366 0.3000000119
16373  -10.243  -55.700  -30.592 0.3000000119
12319  -15.918  -62.311  -33.517 0.4000000060
12870  -15.491  -61.574  -33.918 0.4000000060
12317  -14.602  -62.449  -33.518 0.4000000060
12318  -15.094  -62.915  -33.346 0.4000000060
12869  -14.714  -61.587  -33.631 0.4000000060
13444  -14.542  -60.673  -33.503 0.4000000060
14027  -16.451  -59.519  -35.117 0.4000000060
14025  -15.034  -60.071  -34.122 0.4000000060
14021  -14.384  -59.810  -32.998 0.4000000060
13439  -14.110  -60.595  -32.831 0.4000000060
4088  -34.687  -80.769  -28.570 0.3000000119
4089  -35.531  -80.634  -28.575 0.3000000119
131013  -33.783  -82.114  -28.163 0.4000000060
113284  -34.747  -82.215  -28.157 0.3000000119
123819  -35.197  -82.101  -28.355 0.4000000060
2580  -33.252  -84.538  -27.727 0.3000000119
133735  -34.631  -82.750  -28.134 0.3000000119
2930  -34.448  -83.509  -28.486 0.4000000060
123507  -31.859  -85.459  -26.937 0.3000000119
2590  -33.805  -84.268  -28.398 0.3000000119
2591  -34.207  -84.099  -28.989 0.3000000119
111082  -32.573  -85.236  -27.670 0.3000000119
2589  -33.179  -85.002  -28.357 0.3000000119
128776  -32.865  -85.285  -28.969 0.3000000119
2252  -31.759  -85.691  -27.700 0.3000000119
2260  -31.585  -85.831  -28.524 0.3000000119
2272  -32.172  -85.619  -29.198 0.3000000119
2250  -30.583  -85.936  -27.246 0.3000000119
2259  -30.842  -85.972  -28.690 0.3000000119
2271  -31.344  -85.794  -29.428 0.3000000119
2558  -29.238  -84.569  -25.779 0.3000000119
2249  -29.981  -85.721  -26.936 0.3000000119
2578  -29.482  -84.983  -27.550 0.3000000119
2588  -29.484  -84.965  -28.453 0.3000000119
2603  -29.488  -84.944  -29.341 0.3000000119
2569  -28.997  -84.082  -26.530 0.4000000060
3702  -35.756  -81.721  -28.758 0.3000000119
3303  -33.174  -82.601  -27.745 0.4000000060
2931  -35.104  -82.853  -28.786 0.4000000060
2922  -33.160  -84.000  -27.227 0.3000000119
2939  -34.724  -83.569  -29.286 0.4000000060
111514  -31.208  -85.788  -26.873 0.3000000119
2604  -32.781  -85.230  -29.711 0.4000000060
2279  -31.944  -85.482  -30.020 0.4000000060
2243  -30.878  -85.766  -25.903 0.3000000119
2278  -31.094  -85.494  -30.304 0.4000000060
2547  -29.233  -84.550  -24.825 0.3000000119
2222  -30.472  -85.795  -24.730 0.4000000060
126207  -30.347  -85.196  -30.556 0.4000000060
2602  -28.869  -84.190  -28.944 0.3000000119
2548  -29.784  -85.344  -24.351 0.3000000119
120907  -35.911  -81.148  -28.743 0.3000000119
4489  -36.529  -79.876  -29.073 0.3000000119
4890  -36.054  -79.143  -28.931 0.3000000119
3708  -36.175  -81.574  -29.209 0.3000000119
3714  -36.567  -81.118  -29.562 0.3000000119
119316  -32.143  -82.371  -26.864 0.4000000060
2940  -35.334  -83.001  -29.679 0.3000000119
3323  -35.865  -82.414  -30.108 0.3000000119
2571  -31.936  -85.266  -26.032 0.3000000119
2921  -32.682  -83.977  -26.605 0.4000000060
2951  -34.713  -83.615  -30.225 0.4000000060
3333  -35.278  -83.002  -30.651 0.3000000119
2950  -34.009  -84.135  -30.689 0.4000000060
2965  -34.523  -83.480  -31.155 0.4000000060
2244  -31.339  -85.627  -26.216 0.3000000119
2560  -31.878  -85.371  -25.026 0.3000000119
2613  -32.491  -84.935  -30.635 0.4000000060
2624  -32.535  -84.478  -31.351 0.4000000060
2234  -30.912  -85.788  -24.902 0.3000000119
2550  -32.388  -85.011  -23.851 0.3000000119
2623  -31.757  -84.661  -31.361 0.4000000060
2975  -32.593  -83.624  -32.188 0.5000000000
2235  -31.438  -85.663  -24.558 0.3000000119
2622  -30.914  -84.981  -31.120 0.4000000060
132626  -31.174  -84.530  -31.558 0.4000000060
2974  -31.914  -83.372  -32.440 0.5000000000
2540  -29.849  -85.043  -23.561 0.3000000119
4500  -36.873  -79.849  -29.592 0.3000000119
4891  -36.646  -79.224  -29.435 0.3000000119
3683  -32.004  -82.143  -26.278 0.4000000060
132230  -34.961  -82.611  -31.585 0.4000000060
3345  -34.299  -82.386  -32.280 0.4000000060
3270  -32.397  -83.942  -25.393 0.4000000060
2976  -33.271  -83.405  -32.133 0.4000000060
3344  -33.496  -82.498  -32.610 0.5000000000
3362  -32.789  -82.036  -33.116 0.4000000060
2892  -32.380  -84.682  -24.584 0.3000000119
3343  -32.607  -82.876  -32.673 0.4000000060
2893  -32.868  -84.110  -23.746 0.3000000119
3361  -32.048  -82.031  -33.327 0.4000000060
2207  -31.677  -85.589  -23.794 0.3000000119
2541  -30.620  -85.416  -23.221 0.3000000119
2529  -30.899  -85.003  -22.484 0.3000000119
3723  -36.688  -81.028  -30.331 0.3000000119
3722  -36.253  -81.740  -30.554 0.3000000119
122109  -35.702  -81.772  -31.484 0.3000000119
3252  -32.379  -82.741  -25.333 0.4000000060
120362  -34.799  -81.570  -32.376 0.5000000000
3746  -34.056  -80.927  -33.636 0.4000000060
116179  -32.786  -83.449  -24.474 0.4000000060
113755  -33.326  -81.204  -34.255 0.4000000060
3241  -34.186  -82.908  -22.576 0.3000000119
116775  -33.417  -83.308  -23.644 0.3000000119
2886  -33.499  -83.645  -23.071 0.3000000119
2531  -32.452  -84.778  -22.481 0.3000000119
2513  -31.414  -84.276  -21.854 0.3000000119
2530  -31.697  -85.082  -22.454 0.3000000119
4120  -36.412  -81.069  -31.222 0.3000000119
3732  -35.705  -80.901  -32.076 0.4000000060
4132  -35.039  -80.559  -33.058 0.4000000060
3242  -34.717  -82.238  -22.193 0.3000000119
3230  -35.268  -81.865  -20.782 0.3000000119
2879  -33.743  -83.587  -22.371 0.3000000119
2867  -34.524  -82.895  -21.163 0.3000000119
2515  -32.976  -84.195  -21.598 0.3000000119
3615  -35.357  -81.494  -20.023 0.3000000119
3205  -35.416  -82.166  -19.645 0.3000000119
3214  -35.031  -82.369  -20.667 0.3000000119
2854  -34.646  -82.799  -20.314 0.3000000119
2853  -34.032  -83.354  -20.746 0.3000000119
4532  -36.192  -79.515  -33.234 0.3000000119
4148  -35.602  -80.032  -33.678 0.4000000060
115276  -35.430  -81.853  -18.373 0.3000000119
3191  -35.185  -82.429  -18.418 0.3000000119
5680  -36.107  -77.066  -32.104 0.3000000119
112825  -36.620  -79.068  -32.781 0.3000000119
4542  -36.562  -79.053  -33.864 0.3000000119
5685  -36.062  -76.546  -32.814 0.3000000119
4940  -36.636  -78.411  -33.428 0.3000000119
5690  -36.648  -76.853  -33.795 0.3000000119
11213  -13.770  -65.163  -32.893 0.5000000000
14581  -11.921  -58.513  -30.621 0.5000000000
13996  -12.643  -59.534  -30.007 0.4000000060
11795  -13.846  -63.607  -33.400 0.4000000060
3730  -27.506  -81.989  -32.173 0.6000000238
3378  -31.755  -81.671  -34.628 0.4000000060
130654  -33.798  -80.959  -34.477 0.4000000060
4147  -35.034  -80.554  -34.223 0.4000000060
4548  -36.231  -79.643  -34.307 0.4000000060
112364  -36.781  -78.453  -34.458 0.3000000119
11215  -15.223  -64.701  -32.012 0.5000000000
12308  -15.775  -63.042  -32.801 0.4000000060
112075  -16.663  -61.041  -34.509 0.4000000060
3292  -33.698  -83.269  -27.630 0.3000000119
122969  -30.885  -85.885  -26.770 0.3000000119
2241  -29.919  -85.560  -26.012 0.3000000119
3690  -32.292  -82.126  -27.551 0.4000000060
2612  -31.644  -85.175  -30.708 0.4000000060
3282  -32.362  -83.236  -26.226 0.4000000060
2914  -32.360  -84.426  -26.107 0.3000000119
112524  -31.300  -85.647  -25.381 0.3000000119
3332  -34.108  -83.143  -31.938 0.4000000060
2542  -32.251  -85.162  -23.331 0.3000000119
3731  -33.976  -81.798  -32.808 0.4000000060
2206  -31.788  -85.426  -23.195 0.3000000119
3247  -34.038  -82.651  -23.168 0.3000000119
2865  -32.679  -83.884  -20.981 0.3000000119
4533  -36.432  -79.620  -32.219 0.3000000119
114266  -35.208  -82.357  -19.236 0.3000000119
4153  -26.144  -80.264  -34.434 0.5000000000
4540  -25.410  -79.446  -33.165 0.5000000000
4541  -26.385  -79.549  -33.279 0.5000000000
4118  -26.896  -80.221  -31.972 0.5000000000
3721  -27.267  -81.823  -31.456 0.4000000060
6900  -27.833  -72.889  -37.773 0.4000000060
115421  -29.010  -83.972  -31.378 0.5000000000
3322  -28.190  -83.489  -30.298 0.3000000119
2929  -28.505  -83.513  -28.429 0.3000000119
114818  -28.794  -84.189  -29.833 0.4000000060
2577  -29.022  -84.170  -27.247 0.3000000119
2587  -28.980  -84.213  -28.088 0.3000000119
3253  -33.397  -82.445  -23.990 0.3000000119
110313  -32.504  -81.112  -24.776 0.3000000119
3649  -32.711  -81.980  -24.649 0.3000000119
3700  -33.163  -81.234  -29.000 0.3000000119
4041  -32.625  -80.631  -24.204 0.3000000119
133174  -32.006  -80.963  -25.433 0.3000000119
3682  -31.740  -81.523  -27.072 0.3000000119
3689  -31.824  -81.317  -28.074 0.3000000119
4078  -31.294  -80.668  -27.596 0.3000000119
4057  -31.565  -80.507  -25.725 0.3000000119
4070  -31.338  -80.667  -26.632 0.3000000119
4077  -30.793  -79.938  -28.048 0.3000000119
3699  -32.126  -80.990  -28.944 0.3000000119
4099  -33.194  -80.416  -29.404 0.3000000119
4470  -31.043  -79.957  -26.089 0.3000000119
4098  -32.496  -80.544  -29.394 0.3000000119
4097  -31.633  -80.071  -29.419 0.3000000119
3385  -24.206  -82.383  -35.639 0.3000000119
3330  -27.615  -82.565  -31.372 0.5000000000
4119  -27.171  -81.221  -31.875 0.4000000060
4531  -26.483  -79.373  -32.397 0.5000000000
2938  -28.197  -83.359  -29.327 0.3000000119
14639  -16.882  -58.922  -35.242 0.3000000119
14026  -15.558  -59.310  -34.477 0.3000000119
14583  -14.211  -58.678  -30.450 0.3000000119
3752  -25.655  -80.890  -34.918 0.4000000060
4529  -24.963  -79.015  -32.482 0.4000000060
5250  -24.248  -77.710  -26.586 0.4000000060
120423  -24.226  -77.641  -28.980 0.4000000060
5285  -24.990  -77.507  -29.477 0.4000000060
4913  -26.156  -78.572  -30.323 0.4000000060
4510  -26.466  -79.300  -30.647 0.4000000060
4923  -24.957  -78.112  -31.295 0.4000000060
4933  -26.075  -78.754  -31.832 0.4000000060
4925  -26.127  -78.688  -31.068 0.4000000060
5228  -24.875  -77.794  -24.221 0.3000000119
120939  -24.886  -77.594  -26.106 0.4000000060
4871  -25.914  -77.920  -28.087 0.4000000060
4932  -25.364  -78.538  -31.906 0.4000000060
5260  -24.050  -77.713  -27.327 0.4000000060
5284  -24.406  -77.711  -29.828 0.4000000060
4853  -24.360  -77.869  -24.873 0.3000000119
5251  -24.902  -77.539  -27.122 0.4000000060
5262  -25.360  -77.603  -28.064 0.4000000060
124607  -25.761  -78.241  -30.677 0.4000000060
4899  -26.263  -78.575  -29.450 0.4000000060
4496  -26.471  -79.146  -29.990 0.4000000060
4845  -25.629  -78.023  -24.063 0.3000000119
115635  -25.447  -77.795  -24.754 0.3000000119
4861  -25.748  -77.816  -27.320 0.3000000119
130293  -25.918  -77.936  -26.117 0.3000000119
132671  -26.826  -79.962  -28.472 0.3000000119
4096  -26.953  -80.927  -29.452 0.3000000119
4484  -26.590  -79.309  -28.825 0.3000000119
3707  -27.213  -81.866  -29.741 0.3000000119
3321  -27.625  -82.747  -29.987 0.3000000119
4110  -26.679  -80.036  -30.003 0.3000000119
118387  -26.882  -81.091  -30.339 0.3000000119
112497  -26.715  -80.200  -30.946 0.3000000119
3126  -28.825  -82.028  -12.560 0.3000000119
3913  -29.119  -81.253  -12.765 0.3000000119
3997  -33.566  -80.463  -20.674 0.3000000119
123733  -31.019  -78.956  -14.034 0.3000000119
4740  -32.327  -77.509  -13.938 0.3000000119
4764  -32.531  -77.928  -15.337 0.3000000119
4365  -32.699  -79.112  -16.113 0.3000000119
4379  -32.474  -79.493  -17.360 0.3000000119
4389  -32.306  -79.678  -18.570 0.3000000119
4400  -32.406  -79.898  -19.603 0.3000000119
3982  -33.129  -80.356  -19.954 0.3000000119
5152  -31.650  -76.834  -14.294 0.3000000119
4752  -32.212  -77.112  -14.626 0.3000000119
4763  -31.809  -77.403  -15.879 0.3000000119
4773  -32.097  -78.547  -16.639 0.3000000119
4388  -31.628  -79.081  -18.661 0.3000000119
4872  -26.256  -78.400  -27.554 0.3000000119
110197  -30.447  -81.337  -12.602 0.3000000119
4353  -33.046  -78.550  -14.700 0.3000000119
4327  -32.488  -79.591  -13.236 0.3000000119
4339  -31.573  -79.557  -13.502 0.3000000119
123129  -32.725  -78.493  -13.686 0.3000000119
4753  -32.643  -77.653  -14.343 0.3000000119
5176  -31.222  -77.405  -16.748 0.3000000119
2011  -12.552  -86.001  -36.591 0.5000000000
2205  -31.146  -85.366  -22.790 0.3000000119
2217  -30.480  -85.731  -24.007 0.3000000119
2218  -31.209  -85.722  -23.760 0.3000000119
2224  -31.288  -85.738  -24.239 0.3000000119
2225  -31.915  -85.569  -24.220 0.3000000119
2232  -30.526  -85.805  -25.365 0.4000000060
2233  -30.770  -85.832  -24.943 0.3000000119
2242  -30.595  -85.820  -26.193 0.3000000119
2251  -31.068  -85.959  -27.693 0.3000000119
2258  -30.121  -85.690  -28.715 0.3000000119
2261  -32.395  -85.506  -28.408 0.3000000119
2270  -30.371  -85.553  -29.656 0.3000000119
2310  -13.455  -85.585  -36.616 0.5000000000
2311  -14.259  -85.287  -36.052 0.5000000000
2502  -33.564  -83.793  -21.442 0.3000000119
2514  -32.255  -84.411  -21.747 0.3000000119
2516  -33.299  -84.099  -22.079 0.3000000119
2528  -30.085  -84.574  -22.853 0.3000000119
2532  -33.017  -84.351  -22.774 0.3000000119
2543  -32.791  -84.477  -23.320 0.3000000119
2549  -32.028  -85.426  -24.349 0.3000000119
2559  -29.817  -85.476  -25.161 0.3000000119
2570  -29.419  -84.891  -26.672 0.3000000119
2579  -32.549  -84.798  -26.918 0.3000000119
2605  -33.555  -84.748  -29.184 0.3000000119
2611  -29.537  -84.819  -30.231 0.4000000060
2614  -33.412  -84.687  -30.189 0.4000000060
2615  -34.155  -84.202  -29.768 0.4000000060
2625  -33.223  -84.427  -31.038 0.4000000060
2639  -16.988  -84.411  -33.652 0.6999999881
2640  -17.673  -84.366  -33.785 0.6999999881
2649  -17.853  -84.900  -34.481 0.6999999881
2657  -18.312  -84.210  -35.117 0.6000000238
2660  -12.708  -84.776  -36.708 0.5000000000
2661  -12.909  -84.600  -36.889 0.6000000238
2842  -34.815  -82.702  -19.601 0.3000000119
2866  -33.942  -83.480  -21.661 0.3000000119
2880  -34.387  -82.930  -21.934 0.3000000119
2907  -32.238  -84.835  -25.457 0.3000000119
2923  -33.890  -83.717  -27.867 0.3000000119
2949  -28.855  -84.137  -30.703 0.3000000119
2961  -31.348  -84.086  -32.027 0.4000000060
2962  -32.190  -84.144  -31.927 0.4000000060
2963  -32.938  -84.039  -31.707 0.4000000060
2964  -33.713  -83.834  -31.468 0.4000000060
2971  -28.609  -83.005  -32.507 0.6000000238
2972  -29.554  -83.163  -32.299 0.6000000238
2981  -17.261  -83.766  -33.634 0.6999999881
2998  -13.082  -83.399  -36.563 0.6000000238
3002  -28.915  -83.440  -35.993 0.6999999881
3004  -29.894  -82.917  -36.277 0.5000000000
3007  -13.290  -83.250  -36.648 0.6000000238
3008  -13.875  -83.419  -36.734 0.6000000238
3015  -28.929  -83.394  -37.115 0.6999999881
3016  -29.411  -83.198  -36.754 0.6000000238
3021  -28.889  -83.382  -37.778 0.6999999881
3024  -18.225  -83.770  -38.405 0.4000000060
3027  -20.905  -83.691  -38.713 0.5000000000
3030  -29.305  -83.342  -38.172 0.6999999881
3180  -35.360  -82.110  -17.777 0.3000000119
3192  -35.463  -81.883  -18.931 0.3000000119
3204  -35.139  -82.357  -19.953 0.3000000119
3215  -35.362  -82.013  -20.219 0.3000000119
3229  -34.903  -82.328  -21.409 0.3000000119
3291  -32.663  -83.129  -27.069 0.4000000060
3304  -35.319  -82.281  -28.570 0.3000000119
3313  -35.765  -82.237  -29.198 0.3000000119
3314  -36.281  -81.774  -29.716 0.3000000119
3340  -27.935  -82.583  -32.778 0.6000000238
3351  -13.724  -82.078  -33.399 0.6000000238
3352  -16.858  -83.200  -33.719 0.6999999881
3366  -13.048  -82.863  -34.914 0.5000000000
3370  -19.339  -82.267  -34.499 0.6999999881
3373  -27.814  -82.306  -34.424 0.6999999881
3374  -28.286  -82.896  -34.327 0.6999999881
3376  -29.858  -82.726  -34.647 0.5000000000
3379  -13.316  -82.719  -36.364 0.5000000000
3388  -28.529  -83.321  -35.875 0.6000000238
3391  -31.982  -81.711  -35.810 0.5000000000
3394  -14.899  -81.956  -36.436 0.6999999881
3398  -26.156  -82.253  -37.100 0.5000000000
3400  -27.951  -82.862  -36.288 0.6000000238
3405  -19.038  -81.789  -38.196 0.5000000000
3409  -28.618  -83.334  -37.653 0.6999999881
3410  -30.776  -82.951  -38.242 0.6000000238
3420  -28.247  -82.567  -38.840 0.6000000238
3423  -30.038  -83.128  -38.579 0.6000000238
3425  -32.533  -82.204  -38.383 0.5000000000
3596  -35.355  -81.529  -18.699 0.3000000119
3629  -35.061  -81.709  -21.504 0.3000000119
3639  -33.929  -81.824  -23.410 0.3000000119
3667  -31.747  -81.256  -26.147 0.3000000119
3668  -32.156  -81.691  -25.469 0.3000000119
3701  -35.269  -81.507  -28.442 0.4000000060
3713  -27.252  -82.072  -30.688 0.5000000000
3718  -14.914  -81.534  -31.352 0.5000000000
3719  -15.387  -80.859  -30.905 0.5000000000
3737  -14.098  -81.427  -33.045 0.6000000238
3740  -19.361  -81.783  -33.698 0.6999999881
3744  -32.613  -81.498  -33.943 0.4000000060
3745  -33.325  -81.594  -33.383 0.4000000060
3756  -34.403  -80.910  -34.821 0.4000000060
3766  -14.523  -81.332  -36.566 0.6999999881
3768  -18.858  -81.657  -37.595 0.5000000000
3769  -19.112  -81.235  -36.949 0.6000000238
3778  -34.180  -81.292  -37.748 0.5000000000
3788  -30.109  -82.488  -39.194 0.6999999881
3789  -31.286  -82.010  -39.237 0.6000000238
3792  -28.816  -81.409  -39.462 0.6999999881
3794  -30.692  -81.351  -39.491 0.5000000000
3983  -34.143  -80.615  -19.927 0.3000000119
3998  -35.256  -81.180  -20.124 0.3000000119
4040  -32.003  -80.486  -24.917 0.3000000119
4072  -15.296  -79.666  -27.826 0.6000000238
4082  -15.730  -80.302  -28.336 0.6999999881
4086  -31.375  -80.485  -28.549 0.3000000119
4090  -36.263  -80.555  -28.881 0.3000000119
4095  -26.771  -80.083  -29.157 0.3000000119
4100  -36.315  -81.124  -29.036 0.3000000119
4108  -16.220  -79.946  -29.791 0.6000000238
4111  -26.958  -81.146  -31.206 0.4000000060
4129  -24.641  -79.689  -32.894 0.4000000060
4133  -35.798  -80.069  -32.620 0.4000000060
4141  -19.749  -80.582  -33.486 0.6999999881
4142  -20.297  -80.212  -33.707 0.6999999881
4144  -25.757  -79.861  -33.832 0.5000000000
4146  -27.297  -80.644  -33.582 0.6000000238
4152  -25.185  -80.499  -34.206 0.4000000060
4154  -26.731  -80.317  -34.330 0.6000000238
4155  -27.167  -80.684  -34.504 0.6000000238
4157  -13.406  -80.597  -35.712 0.6999999881
4173  -20.055  -80.039  -37.843 0.5000000000
4174  -20.644  -79.934  -38.202 0.5000000000
4176  -34.924  -79.986  -37.588 0.4000000060
4181  -24.061  -80.296  -39.088 0.5000000000
4184  -27.441  -80.610  -39.195 0.6000000238
4185  -28.127  -81.033  -39.401 0.6000000238
4188  -33.653  -80.378  -38.563 0.5000000000
4340  -32.113  -78.377  -13.649 0.3000000119
4341  -33.218  -78.871  -13.784 0.3000000119
4378  -31.778  -78.987  -17.794 0.3000000119
4409  -32.513  -80.078  -20.477 0.3000000119
4472  -15.032  -78.862  -27.590 0.6000000238
4474  -16.236  -78.835  -27.949 0.6999999881
4494  -16.454  -79.096  -29.251 0.6999999881
4507  -15.927  -79.505  -30.649 0.5000000000
4517  -15.088  -79.267  -32.066 0.5000000000
4521  -26.486  -79.335  -31.512 0.4000000060
4530  -25.853  -78.951  -32.574 0.5000000000
4536  -13.554  -79.354  -34.493 0.6000000238
4538  -19.270  -79.433  -33.541 0.6999999881
4543  -13.330  -79.884  -35.210 0.6000000238
4546  -20.720  -80.119  -34.226 0.6999999881
4557  -36.463  -79.016  -35.635 0.5000000000
4559  -14.374  -79.404  -36.575 0.6999999881
4563  -21.313  -79.181  -37.284 0.6000000238
4573  -22.577  -79.212  -38.438 0.5000000000
4574  -23.542  -79.353  -38.767 0.5000000000
4578  -27.274  -79.552  -39.192 0.6000000238
4584  -30.524  -79.729  -39.625 0.5000000000
4827  -24.692  -78.268  -23.429 0.3000000119
4828  -25.263  -78.137  -23.545 0.3000000119
4854  -25.601  -77.808  -25.599 0.3000000119
4862  -26.163  -78.237  -26.639 0.3000000119
4868  -15.334  -78.159  -27.474 0.6999999881
4869  -16.041  -78.390  -27.645 0.6999999881
4882  -16.453  -78.569  -28.484 0.6999999881
4884  -25.678  -77.804  -28.921 0.4000000060
4885  -26.283  -78.478  -28.463 0.3000000119
4897  -16.523  -78.273  -29.125 0.6000000238
4903  -36.246  -78.476  -29.295 0.3000000119
4909  -15.994  -78.660  -30.681 0.6000000238
4912  -25.625  -77.886  -30.002 0.4000000060
4924  -25.614  -78.341  -31.249 0.4000000060
4931  -14.592  -78.672  -32.709 0.6000000238
4936  -14.045  -78.950  -33.611 0.6000000238
4939  -20.484  -79.551  -33.795 0.6999999881
4943  -19.676  -78.197  -34.225 0.6000000238
4951  -15.349  -78.493  -36.507 0.6999999881
4955  -23.346  -78.049  -35.612 0.6000000238
4961  -37.020  -77.763  -35.443 0.4000000060
4962  -13.909  -79.010  -36.280 0.6999999881
4972  -22.785  -78.516  -37.448 0.6999999881
5241  -24.202  -77.830  -25.770 0.3000000119
5242  -24.862  -77.648  -25.191 0.3000000119
5257  -15.368  -77.401  -27.408 0.6999999881
5261  -24.494  -77.544  -28.075 0.4000000060
5267  -13.219  -77.343  -28.523 0.6000000238
5270  -16.511  -77.688  -28.555 0.6000000238
5272  -24.977  -77.473  -28.727 0.4000000060
5298  -16.361  -77.348  -30.009 0.5000000000
5300  -24.539  -77.923  -30.578 0.4000000060
5301  -24.988  -77.594  -30.172 0.4000000060
5307  -15.188  -77.757  -31.865 0.6000000238
5309  -25.264  -77.895  -30.699 0.4000000060
5317  -13.991  -77.985  -33.444 0.6000000238
5322  -36.756  -77.718  -34.076 0.3000000119
5323  -13.051  -77.017  -35.073 0.6999999881
5326  -18.179  -77.826  -34.350 0.6000000238
5336  -37.240  -77.081  -34.700 0.3000000119
5339  -14.084  -77.359  -35.947 0.6999999881
5344  -21.951  -77.257  -35.406 0.6000000238
5345  -22.816  -77.682  -35.243 0.6999999881
5353  -14.672  -77.980  -36.301 0.6999999881
5368  -27.680  -76.841  -38.613 0.5000000000
5631  -15.003  -76.718  -27.398 0.6000000238
5633  -16.318  -76.547  -27.763 0.6000000238
5641  -13.445  -76.636  -28.332 0.6999999881
5642  -14.112  -76.629  -27.768 0.6999999881
5643  -16.515  -76.805  -28.271 0.6000000238
5683  -13.862  -75.630  -33.027 0.6000000238
5686  -13.179  -76.120  -33.829 0.6000000238
5691  -12.675  -76.207  -34.945 0.6000000238
5700  -37.427  -76.557  -35.177 0.4000000060
5701  -12.931  -76.465  -35.138 0.6000000238
5702  -13.539  -76.607  -35.580 0.6999999881
5703  -14.451  -76.616  -35.833 0.6999999881
5705  -16.171  -76.879  -35.468 0.6000000238
5709  -23.705  -77.041  -35.579 0.6000000238
5715  -20.640  -75.883  -37.195 0.6000000238
5717  -23.423  -76.521  -36.032 0.6000000238
5726  -30.056  -75.663  -38.335 0.6000000238
5728  -28.308  -75.840  -38.935 0.5000000000
5729  -29.169  -75.819  -38.983 0.6000000238
5731  -30.354  -76.480  -38.675 0.5000000000
6000  -15.648  -76.044  -27.447 0.6000000238
6014  -12.982  -75.927  -28.855 0.5000000000
6016  -16.670  -76.015  -28.088 0.6000000238
6026  -12.708  -74.970  -29.444 0.5000000000
6050  -16.143  -75.222  -31.261 0.6000000238
6058  -12.591  -75.335  -34.316 0.6000000238
6059  -17.769  -74.910  -33.872 0.6000000238
6070  -18.043  -75.778  -33.981 0.6000000238
6080  -12.974  -75.911  -35.306 0.6000000238
6084  -20.389  -75.631  -37.111 0.5000000000
6101  -25.955  -75.477  -37.749 0.6000000238
6105  -27.959  -74.894  -38.929 0.6000000238
6347  -9.712  -74.366  -24.572 0.6000000238
6382  -16.546  -74.503  -27.642 0.6000000238
6383  -17.483  -74.791  -27.902 0.6999999881
6404  -18.811  -74.614  -28.600 0.8000000119
6405  -19.554  -74.280  -28.826 0.6999999881
6418  -18.315  -74.912  -29.269 0.6000000238
6426  -11.426  -73.975  -31.151 0.6000000238
6428  -17.015  -74.935  -30.770 0.6000000238
6429  -17.747  -74.538  -30.539 0.6000000238
6443  -13.882  -74.174  -32.910 0.4000000060
6445  -20.959  -74.389  -33.092 0.5000000000
6452  -12.336  -74.037  -34.380 0.6000000238
6453  -12.351  -73.979  -34.207 0.6000000238
6466  -12.430  -74.586  -34.623 0.6000000238
6467  -16.563  -74.284  -34.601 0.5000000000
6477  -12.588  -75.283  -34.955 0.6000000238
6498  -25.319  -74.517  -38.160 0.6000000238
6718  -10.874  -73.217  -22.860 0.6000000238
6719  -11.643  -73.128  -23.075 0.6999999881
6724  -9.008  -73.208  -23.570 0.5000000000
6726  -10.341  -73.563  -23.436 0.5000000000
6737  -10.375  -73.841  -24.054 0.6000000238
6755  -10.923  -72.901  -26.571 0.6000000238
6757  -20.262  -73.453  -27.081 0.6000000238
6769  -19.238  -74.110  -27.468 0.8000000119
6787  -15.038  -73.140  -28.454 0.6999999881
6788  -16.322  -73.702  -27.685 0.6000000238
6790  -20.116  -73.753  -28.922 0.6999999881
6791  -20.534  -73.421  -28.199 0.6999999881
6808  -13.393  -73.115  -29.386 0.6999999881
6810  -19.656  -73.934  -29.553 0.6999999881
6821  -11.618  -72.933  -30.615 0.6000000238
6837  -15.242  -73.527  -32.163 0.6999999881
6849  -12.416  -73.460  -34.226 0.5000000000
6850  -12.500  -73.309  -33.947 0.5000000000
6852  -18.280  -73.666  -33.773 0.6000000238
6866  -16.259  -73.445  -34.991 0.5000000000
6897  -24.847  -73.458  -38.005 0.5000000000
6899  -27.003  -72.803  -38.030 0.4000000060
7156  -10.632  -72.674  -22.236 0.6000000238
7165  -9.550  -72.958  -23.078 0.5000000000
7178  -13.565  -72.364  -24.197 0.6999999881
7189  -19.121  -72.444  -25.614 0.6999999881
7202  -12.199  -71.952  -26.828 0.6000000238
7204  -17.929  -72.562  -26.828 0.8000000119
7205  -18.832  -72.972  -26.484 0.8000000119
7206  -19.729  -73.085  -26.287 0.6000000238
7219  -18.507  -73.613  -27.160 0.6999999881
7232  -14.523  -71.926  -29.066 0.6000000238
7235  -21.130  -72.525  -28.198 0.5000000000
7236  -21.420  -71.814  -28.139 0.5000000000
7244  -10.360  -71.998  -29.699 0.6000000238
7245  -10.902  -71.686  -30.026 0.6000000238
7246  -11.684  -71.739  -30.131 0.5000000000
7247  -12.879  -71.740  -29.655 0.6999999881
7259  -10.506  -72.210  -30.251 0.6000000238
7261  -18.112  -73.130  -30.839 0.6000000238
7262  -18.764  -72.468  -30.571 0.5000000000
7263  -19.423  -73.277  -30.130 0.6000000238
7275  -17.227  -72.845  -31.315 0.5000000000
7287  -13.756  -72.724  -33.108 0.6000000238
7304  -12.599  -72.889  -34.224 0.5000000000
7332  -13.029  -71.535  -34.831 0.5000000000
7337  -17.835  -71.779  -35.514 0.6000000238
7357  -26.448  -72.496  -37.540 0.5000000000
7607  -9.046  -71.031  -22.843 0.5000000000
7609  -10.488  -71.745  -21.745 0.6000000238
7610  -11.494  -71.734  -21.602 0.8000000119
7611  -12.345  -71.925  -21.966 0.8000000119
7620  -13.004  -72.129  -22.709 0.8000000119
7621  -13.685  -71.700  -23.020 0.6999999881
7632  -14.124  -71.885  -23.751 0.6000000238
7637  -20.698  -71.268  -24.781 0.5000000000
7646  -14.225  -71.790  -24.815 0.6000000238
7649  -18.269  -71.737  -25.593 0.8000000119
7651  -20.621  -71.915  -25.241 0.6000000238
7652  -21.273  -71.293  -25.278 0.5000000000
7661  -12.685  -71.025  -27.525 0.6000000238
7663  -14.061  -71.173  -26.195 0.6000000238
7664  -16.686  -70.724  -27.042 0.8000000119
7676  -11.586  -70.903  -28.855 0.6000000238
7692  -12.272  -70.711  -29.164 0.6000000238
7694  -14.425  -70.025  -28.385 0.6999999881
7695  -15.106  -70.955  -28.615 0.8000000119
7696  -20.995  -71.726  -28.832 0.5000000000
7704  -13.037  -70.679  -29.239 0.6000000238
7724  -18.243  -71.417  -30.743 0.5000000000
7741  -15.980  -71.048  -31.975 0.5000000000
7763  -18.647  -71.721  -35.211 0.6000000238
7775  -17.396  -71.026  -36.059 0.6000000238
8076  -10.561  -70.145  -21.694 0.6999999881
8088  -8.709  -70.251  -22.814 0.5000000000
8089  -12.687  -69.738  -22.842 0.6000000238
8090  -13.577  -70.856  -22.906 0.5000000000
8091  -14.900  -70.365  -23.813 0.6000000238
8094  -18.713  -70.003  -23.722 0.6000000238
8108  -15.246  -70.292  -24.880 0.8000000119
8109  -15.625  -69.669  -24.552 0.8000000119
8113  -19.331  -70.530  -24.081 0.6999999881
8127  -16.158  -69.704  -25.850 0.6999999881
8128  -17.557  -70.834  -25.690 0.8000000119
8139  -15.595  -69.841  -26.782 0.8000000119
8140  -16.316  -69.961  -26.634 0.8000000119
8155  -14.047  -70.091  -27.431 0.5000000000
8170  -14.018  -69.940  -28.121 0.5000000000
8196  -18.027  -70.012  -31.128 0.5000000000
8210  -13.546  -70.055  -33.781 0.6000000238
8220  -13.035  -70.378  -34.465 0.6000000238
8222  -14.198  -69.306  -33.947 0.6000000238
8227  -13.309  -70.039  -35.197 0.5000000000
8228  -14.499  -69.660  -35.647 0.6000000238
8229  -19.841  -70.715  -35.317 0.5000000000
8237  -15.741  -69.858  -36.086 0.6000000238
8242  -20.636  -69.626  -35.485 0.5000000000
8527  -8.334  -68.966  -22.263 0.6000000238
8540  -8.366  -69.584  -22.728 0.5000000000
8560  -15.873  -69.137  -24.154 0.6999999881
8561  -16.396  -69.333  -24.429 0.6000000238
8624  -19.522  -69.608  -30.625 0.5000000000
8631  -19.181  -69.147  -31.284 0.5000000000
8645  -17.098  -69.060  -32.533 0.6000000238
8655  -15.682  -68.689  -33.969 0.6000000238
8665  -14.860  -69.017  -34.751 0.6000000238
8667  -16.615  -68.768  -35.527 0.6000000238
8677  -18.371  -69.319  -36.009 0.6000000238
8678  -19.276  -69.211  -36.000 0.6000000238
8679  -20.104  -69.074  -35.859 0.5000000000
8681  -21.895  -68.833  -35.286 0.5000000000
8999  -10.942  -68.731  -22.379 0.6999999881
9009  -10.106  -68.449  -22.236 0.6999999881
9012  -12.307  -68.915  -23.347 0.6000000238
9013  -13.925  -68.557  -23.692 0.6000000238
9014  -14.639  -68.687  -23.567 0.6000000238
9034  -11.053  -68.196  -24.002 0.6999999881
9035  -11.873  -68.516  -24.253 0.5000000000
9037  -13.186  -68.482  -24.037 0.6000000238
9064  -11.075  -68.942  -26.874 0.6000000238
9065  -11.563  -68.538  -26.545 0.6000000238
9111  -18.408  -68.331  -32.884 0.6000000238
9126  -18.759  -67.718  -33.531 0.6000000238
9136  -17.855  -67.799  -35.136 0.6000000238
9524  -8.496  -67.864  -22.225 0.6000000238
9535  -9.383  -67.866  -22.534 0.6000000238
9538  -15.423  -67.196  -23.566 0.6999999881
9540  -16.906  -67.164  -23.511 0.6000000238
9556  -9.322  -67.166  -24.151 0.6999999881
9557  -10.133  -67.687  -24.077 0.6999999881
9558  -12.871  -68.187  -24.725 0.6000000238
9560  -14.622  -66.787  -23.887 0.6999999881
9570  -10.159  -67.960  -25.846 0.6999999881
9577  -9.561  -67.736  -26.353 0.6999999881
9589  -11.882  -67.722  -27.220 0.6000000238
9595  -8.951  -67.950  -29.224 0.6999999881
9598  -10.869  -68.311  -29.460 0.5000000000
9604  -10.460  -68.307  -30.049 0.6000000238
9609  -8.955  -67.774  -30.631 0.6000000238
9611  -10.483  -67.971  -30.879 0.6000000238
9619  -19.456  -67.404  -33.098 0.6000000238
9627  -18.411  -67.482  -34.556 0.6000000238
9628  -19.114  -67.017  -34.159 0.6000000238
9639  -18.753  -67.092  -35.058 0.6000000238
9666  -20.508  -66.971  -35.805 0.5000000000
10027  -7.894  -67.274  -22.322 0.6000000238
10034  -16.288  -66.597  -23.624 0.6000000238
10035  -17.207  -66.618  -23.795 0.6000000238
10045  -8.744  -66.517  -24.182 0.6999999881
10047  -14.360  -66.028  -24.288 0.6000000238
10048  -15.004  -65.869  -23.969 0.6999999881
10086  -8.784  -66.592  -27.694 0.8000000119
10087  -9.290  -67.976  -27.790 0.8000000119
10098  -8.406  -66.982  -29.366 0.6999999881
10107  -8.212  -67.081  -30.450 0.6000000238
10108  -11.243  -67.311  -29.991 0.5000000000
10119  -11.090  -67.415  -31.078 0.5000000000
10129  -8.661  -66.378  -32.011 0.5000000000
10131  -10.318  -66.972  -32.152 0.6000000238
10132  -11.079  -66.927  -31.957 0.5000000000
10150  -19.653  -66.142  -35.275 0.6000000238
10525  -8.632  -65.876  -24.657 0.6000000238
10527  -15.453  -65.231  -24.361 0.6000000238
10528  -16.308  -65.429  -24.417 0.6000000238
10535  -8.956  -65.507  -25.582 0.6999999881
10536  -13.227  -65.799  -25.611 0.6000000238
10538  -14.254  -64.636  -25.062 0.6000000238
10550  -9.090  -65.416  -26.537 0.8000000119
10551  -12.642  -65.812  -26.424 0.6000000238
10584  -8.332  -65.778  -29.125 0.8000000119
10599  -13.343  -65.565  -30.325 0.6000000238
10600  -14.542  -65.899  -30.435 0.5000000000
10615  -7.714  -65.405  -31.418 0.5000000000
10617  -11.571  -66.739  -31.637 0.5000000000
10638  -8.028  -65.948  -31.648 0.5000000000
10639  -8.937  -65.753  -32.326 0.5000000000
10640  -9.570  -66.399  -32.395 0.5000000000
10644  -14.777  -65.592  -31.508 0.5000000000
10659  -9.777  -65.769  -32.666 0.5000000000
10662  -12.347  -65.859  -33.060 0.6000000238
10663  -13.091  -65.566  -33.020 0.5000000000
10664  -20.407  -65.385  -32.998 0.4000000060
10680  -19.731  -65.564  -34.553 0.5000000000
11090  -15.940  -64.825  -24.904 0.5000000000
11098  -9.247  -64.796  -25.414 0.6999999881
11102  -15.520  -64.428  -25.529 0.5000000000
11119  -10.123  -63.842  -26.671 0.6999999881
11121  -13.497  -64.042  -26.696 0.5000000000
11122  -14.487  -63.821  -26.376 0.5000000000
11123  -16.008  -64.832  -26.400 0.5000000000
11139  -12.242  -64.962  -27.684 0.5000000000
11153  -8.594  -64.728  -28.938 0.6000000238
11156  -14.332  -64.608  -28.763 0.5000000000
11170  -7.418  -64.401  -30.663 0.5000000000
11193  -7.323  -64.640  -31.382 0.4000000060
11214  -14.459  -65.080  -32.424 0.5000000000
11226  -12.433  -65.261  -33.313 0.6000000238
11245  -20.732  -64.690  -33.409 0.4000000060
11667  -10.657  -62.524  -22.704 0.5000000000
11696  -10.740  -62.957  -25.347 0.6999999881
11713  -10.561  -62.715  -26.166 0.6999999881
11714  -14.328  -63.715  -27.136 0.5000000000
11729  -10.006  -62.555  -27.599 0.6999999881
11730  -13.813  -63.860  -27.711 0.5000000000
11731  -14.608  -64.131  -27.885 0.5000000000
11773  -6.861  -63.745  -31.148 0.5000000000
11782  -8.653  -64.176  -32.150 0.5000000000
11792  -10.773  -64.089  -32.464 0.5000000000
11796  -14.509  -63.669  -33.219 0.4000000060
11797  -15.214  -63.768  -32.776 0.4000000060
11805  -14.409  -63.073  -33.421 0.4000000060
12209  -10.795  -62.628  -23.566 0.5000000000
12257  -9.632  -62.025  -27.470 0.6999999881
12287  -5.956  -62.613  -30.425 0.5000000000
12288  -6.249  -62.778  -31.034 0.4000000060
12290  -11.455  -62.399  -30.894 0.5000000000
12297  -7.692  -62.582  -31.829 0.4000000060
12302  -13.015  -62.475  -32.341 0.4000000060
12307  -13.490  -62.859  -33.222 0.4000000060
12316  -14.094  -62.821  -33.434 0.4000000060
12782  -8.959  -61.575  -25.402 0.5000000000
12783  -9.960  -61.758  -25.774 0.6000000238
12797  -5.918  -61.160  -26.483 0.4000000060
12815  -5.388  -61.456  -28.371 0.5000000000
12824  -5.829  -62.087  -29.959 0.6000000238
12832  -6.040  -62.250  -30.587 0.5000000000
12840  -7.027  -62.225  -31.482 0.4000000060
12843  -9.849  -62.428  -31.294 0.4000000060
12844  -12.871  -62.200  -31.206 0.4000000060
12858  -16.762  -61.973  -33.258 0.4000000060
12871  -16.333  -61.629  -34.017 0.4000000060
13344  -5.450  -60.528  -25.201 0.4000000060
13373  -4.737  -60.912  -27.001 0.4000000060
13374  -5.129  -61.037  -26.500 0.4000000060
13390  -4.944  -61.248  -28.285 0.4000000060
13401  -6.485  -60.406  -30.127 0.5000000000
13410  -11.641  -60.917  -30.139 0.4000000060
13411  -12.453  -61.281  -30.087 0.4000000060
13424  -13.702  -61.058  -30.986 0.4000000060
13438  -13.745  -61.131  -32.262 0.4000000060
13445  -15.083  -60.915  -33.955 0.4000000060
13449  -17.141  -60.499  -34.930 0.4000000060
13961  -9.578  -59.204  -27.647 0.4000000060
13991  -7.245  -59.697  -30.428 0.5000000000
13992  -7.953  -59.128  -30.648 0.5000000000
13994  -10.735  -59.420  -30.859 0.5000000000
14007  -8.491  -59.508  -31.257 0.5000000000
14022  -14.958  -59.155  -33.578 0.4000000060
14497  -9.988  -58.435  -25.552 0.5000000000
14500  -12.283  -58.012  -25.765 0.4000000060
14514  -4.148  -58.420  -26.840 0.4000000060
14520  -11.213  -58.640  -26.379 0.4000000060
14579  -8.232  -58.313  -30.254 0.4000000060
14580  -8.856  -57.854  -30.876 0.4000000060
15121  -8.142  -57.614  -25.467 0.5000000000
15123  -10.495  -57.922  -25.224 0.5000000000
15125  -12.615  -57.503  -25.494 0.4000000060
15126  -13.326  -57.400  -25.758 0.3000000119
15165  -9.192  -56.986  -29.908 0.4000000060
15175  -9.214  -57.102  -30.538 0.4000000060
15176  -10.215  -56.056  -31.054 0.3000000119
15193  -10.898  -56.858  -31.442 0.3000000119
15236  -16.834  -58.038  -35.016 0.3000000119
15709  -11.406  -57.029  -25.071 0.4000000060
15725  -4.995  -56.224  -26.857 0.4000000060
15727  -6.897  -56.395  -25.997 0.5000000000
16356  -10.126  -55.581  -30.155 0.3000000119
16374  -10.645  -55.318  -30.544 0.3000000119
16392  -10.600  -55.565  -30.942 0.3000000119
16918  -6.192  -54.473  -27.607 0.3000000119
110877  -14.918  -79.795  -36.730 0.6999999881
111401  -13.029  -76.748  -34.667 0.5000000000
111856  -12.922  -71.739  -34.074 0.5000000000
112955  -11.033  -57.272  -28.458 0.4000000060
113424  -30.489  -83.497  -32.129 0.6000000238
113439  -13.006  -57.594  -27.041 0.3000000119
113933  -11.469  -68.395  -25.175 0.6000000238
114036  -15.565  -79.017  -31.343 0.6000000238
114132  -30.015  -85.741  -27.861 0.3000000119
114338  -21.163  -78.416  -34.414 0.6999999881
114893  -30.572  -85.959  -28.059 0.3000000119
115209  -18.602  -68.330  -35.862 0.6000000238
115353  -9.124  -64.553  -28.164 0.6999999881
115595  -24.917  -80.251  -39.100 0.5000000000
115732  -15.197  -62.173  -33.647 0.4000000060
116067  -21.477  -82.018  -38.867 0.5000000000
116088  -26.572  -79.432  -29.490 0.4000000060
116236  -27.713  -82.905  -30.709 0.4000000060
117172  -21.613  -68.256  -35.615 0.5000000000
117466  -24.057  -73.161  -37.532 0.5000000000
117961  -9.775  -61.623  -24.905 0.6000000238
118008  -15.596  -64.606  -26.973 0.5000000000
118674  -12.890  -72.596  -34.633 0.5000000000
118867  -36.650  -80.496  -29.284 0.3000000119
118943  -16.960  -75.003  -34.298 0.5000000000
119452  -9.138  -59.297  -27.307 0.4000000060
119756  -15.273  -74.962  -35.333 0.6000000238
119909  -36.424  -77.583  -32.936 0.3000000119
119980  -26.195  -78.294  -25.791 0.3000000119
120013  -17.938  -74.136  -27.547 0.6999999881
120109  -14.646  -72.523  -32.552 0.6000000238
120706  -7.043  -53.954  -27.947 0.3000000119
120733  -16.685  -72.157  -27.710 0.6999999881
120910  -15.484  -68.102  -23.541 0.6999999881
120925  -10.406  -63.610  -25.015 0.6999999881
120997  -16.060  -78.305  -36.131 0.6999999881
121106  -35.485  -80.013  -36.912 0.5000000000
121132  -11.038  -71.582  -28.271 0.6000000238
121393  -11.750  -72.336  -21.869 0.6999999881
121615  -12.587  -74.687  -33.926 0.6000000238
121899  -17.859  -82.409  -33.494 0.6999999881
121929  -8.909  -68.818  -21.992 0.6000000238
122073  -16.475  -73.032  -31.631 0.5000000000
122333  -13.515  -77.932  -28.201 0.6000000238
122458  -32.663  -81.765  -28.342 0.3000000119
122715  -14.215  -82.062  -32.460 0.5000000000
123022  -15.944  -60.225  -34.885 0.4000000060
123154  -30.751  -85.805  -25.368 0.3000000119
123340  -9.269  -73.892  -23.819 0.5000000000
123368  -34.242  -81.471  -28.517 0.4000000060
123533  -11.182  -60.195  -30.447 0.5000000000
123749  -14.290  -77.275  -32.924 0.6000000238
123891  -20.454  -74.781  -33.839 0.5000000000
123897  -35.975  -80.284  -35.577 0.5000000000
123900  -9.886  -57.685  -25.245 0.5000000000
124031  -14.423  -80.908  -32.691 0.6000000238
124048  -19.913  -65.636  -33.758 0.4000000060
124067  -21.924  -80.782  -38.813 0.5000000000
124143  -18.598  -67.551  -35.412 0.6000000238
124256  -10.989  -70.872  -21.534 0.6999999881
124412  -15.525  -75.798  -31.530 0.5000000000
124425  -17.897  -70.703  -30.961 0.5000000000
124551  -8.987  -63.731  -28.715 0.6000000238
124901  -7.353  -57.303  -25.593 0.5000000000
124911  -25.563  -77.762  -26.468 0.4000000060
125845  -31.062  -77.862  -38.975 0.5000000000
125969  -34.182  -82.704  -27.877 0.3000000119
126165  -16.700  -67.629  -23.457 0.6999999881
126334  -35.684  -82.371  -30.909 0.3000000119
126350  -14.095  -61.310  -33.141 0.4000000060
126506  -21.279  -81.109  -38.758 0.5000000000
126722  -32.853  -77.999  -13.955 0.3000000119
127159  -10.675  -62.453  -24.902 0.6999999881
127189  -14.180  -70.461  -23.348 0.6000000238
127366  -13.623  -64.948  -25.387 0.6000000238
128065  -15.066  -75.087  -27.619 0.6000000238
128187  -12.661  -84.082  -34.530 0.5000000000
128200  -15.657  -77.245  -35.903 0.6000000238
129124  -25.595  -80.190  -39.130 0.6000000238
129321  -9.265  -58.579  -25.740 0.4000000060
129499  -9.138  -60.049  -31.437 0.5000000000
130164  -10.581  -69.030  -27.248 0.8000000119
130166  -21.440  -83.300  -38.626 0.5000000000
130243  -26.457  -79.943  -33.951 0.6000000238
130468  -14.218  -80.797  -36.545 0.6999999881
130557  -16.926  -65.808  -24.538 0.5000000000
130640  -36.527  -81.428  -29.989 0.3000000119
130674  -32.800  -82.649  -24.603 0.3000000119
131108  -20.448  -73.297  -28.944 0.6999999881
131152  -20.782  -75.487  -37.331 0.4000000060
131185  -8.975  -66.582  -26.421 0.6999999881
131366  -13.158  -70.285  -22.836 0.6000000238
131446  -9.259  -71.726  -22.828 0.6000000238
131505  -16.666  -76.329  -29.400 0.5000000000
131531  -30.421  -82.590  -36.119 0.5000000000
131874  -20.259  -71.609  -24.792 0.6000000238
132116  -25.585  -82.446  -37.294 0.5000000000
132195  -13.253  -72.822  -35.081 0.5000000000
132365  -6.055  -57.000  -25.718 0.4000000060
132480  -18.657  -75.724  -34.136 0.6000000238
132785  -9.699  -60.713  -31.031 0.5000000000
132829  -34.413  -82.402  -22.678 0.3000000119
133718  -12.183  -72.967  -23.267 0.6999999881
133720  -19.557  -76.724  -35.395 0.5000000000
