#!ascii label  , from subject sub-v2s15x29736_ses-1 vox2ras=TkReg
1098
8484  35.497  -69.547  -30.720 0.3000000119
13360  30.034  -61.731  -39.839 0.6000000238
16096  29.623  -57.590  -39.638 0.6999999881
118559  29.392  -56.938  -39.241 0.6999999881
8999  35.301  -68.709  -30.628 0.4000000060
9579  31.982  -67.897  -36.292 0.4000000060
117796  36.317  -68.428  -30.722 0.5000000000
118443  36.460  -69.124  -30.705 0.5000000000
12737  30.379  -62.367  -39.837 0.6999999881
14021  29.585  -60.431  -39.785 0.6999999881
13366  30.154  -61.113  -40.026 0.5000000000
16104  30.804  -57.668  -40.415 0.6000000238
16105  30.079  -57.973  -40.049 0.6000000238
16896  30.188  -56.943  -39.969 0.6999999881
16874  29.528  -56.131  -38.907 0.6999999881
138427  35.207  -66.944  -31.027 0.5000000000
9564  32.570  -68.055  -35.643 0.4000000060
9517  35.233  -67.638  -30.725 0.6000000238
10190  31.326  -67.221  -37.562 0.4000000060
10196  30.974  -66.408  -37.967 0.5000000000
125918  36.135  -66.829  -32.575 0.6000000238
10797  30.699  -65.434  -38.292 0.6000000238
11466  31.083  -64.111  -39.392 0.6000000238
137758  36.331  -67.102  -30.934 0.6000000238
12745  31.129  -62.654  -40.333 0.6000000238
14686  30.564  -59.460  -40.329 0.6000000238
15357  30.709  -58.569  -40.386 0.6000000238
16901  31.613  -56.572  -40.705 0.6999999881
130737  30.930  -56.869  -40.447 0.6999999881
16895  30.960  -56.184  -40.416 0.6999999881
17681  30.439  -55.448  -39.641 0.6999999881
18423  30.564  -54.463  -38.704 0.6999999881
18437  31.644  -54.933  -40.332 0.6999999881
18429  30.796  -54.736  -39.359 0.6999999881
19206  31.095  -54.079  -39.079 0.6999999881
19205  32.131  -53.628  -39.910 0.6999999881
10123  34.536  -66.740  -31.499 0.5000000000
9546  33.491  -67.327  -34.143 0.5000000000
9555  32.860  -67.824  -34.942 0.5000000000
9587  31.757  -67.729  -37.122 0.4000000060
10152  35.390  -67.057  -33.323 0.5000000000
10796  31.620  -65.867  -38.789 0.5000000000
11459  31.223  -64.955  -39.036 0.6000000238
10151  37.023  -67.246  -33.340 0.6000000238
9544  35.960  -67.609  -34.140 0.5000000000
9561  35.965  -68.248  -35.674 0.5000000000
13364  31.468  -61.723  -40.846 0.6999999881
14019  31.179  -60.197  -40.636 0.6000000238
119410  30.926  -61.042  -40.506 0.6999999881
16111  32.242  -58.068  -41.100 0.6000000238
14685  31.483  -59.257  -40.742 0.6000000238
120486  32.393  -57.100  -41.118 0.6000000238
16103  31.580  -57.420  -40.749 0.6000000238
128597  32.803  -55.740  -41.078 0.6000000238
17687  32.276  -55.354  -40.757 0.6999999881
19200  30.847  -53.781  -38.366 0.6999999881
18435  33.074  -54.331  -40.993 0.6000000238
135337  31.594  -53.721  -39.362 0.6999999881
19199  31.403  -53.415  -38.725 0.6999999881
19214  32.010  -54.237  -40.305 0.6999999881
9586  32.490  -68.008  -37.161 0.4000000060
9545  34.648  -67.510  -34.154 0.5000000000
9563  33.556  -68.542  -35.683 0.4000000060
140467  32.492  -67.082  -38.387 0.5000000000
10801  31.996  -65.249  -39.557 0.6000000238
9554  34.055  -68.227  -34.991 0.4000000060
12097  31.568  -63.444  -40.330 0.6000000238
9553  35.290  -68.215  -34.981 0.4000000060
9577  34.200  -68.568  -36.488 0.4000000060
9576  35.242  -68.540  -36.233 0.4000000060
10183  35.159  -67.898  -36.916 0.4000000060
133473  31.907  -62.271  -41.112 0.6999999881
14693  32.055  -60.151  -41.129 0.6000000238
131218  32.279  -59.423  -41.210 0.6000000238
126580  33.178  -57.176  -41.427 0.6000000238
17694  33.551  -55.758  -41.400 0.6000000238
19977  31.142  -53.052  -37.950 0.6999999881
19975  32.397  -52.313  -38.840 0.6999999881
19994  32.873  -53.273  -40.273 0.6000000238
19986  32.620  -52.799  -39.566 0.6000000238
9585  33.401  -68.120  -37.215 0.4000000060
10189  32.885  -67.616  -37.937 0.4000000060
11465  31.933  -64.395  -40.106 0.6999999881
10188  33.708  -67.473  -37.884 0.4000000060
12744  31.957  -62.935  -40.953 0.8000000119
136173  35.970  -68.038  -36.349 0.5000000000
132238  31.761  -60.995  -40.987 0.6999999881
14692  33.000  -60.069  -41.600 0.6000000238
16109  33.833  -57.698  -41.671 0.5000000000
15365  32.907  -58.973  -41.516 0.6000000238
20690  31.465  -51.469  -36.833 0.6999999881
18442  34.447  -54.610  -41.545 0.6000000238
18443  33.676  -54.845  -41.357 0.6000000238
126639  32.227  -51.856  -38.247 0.8000000119
21471  31.928  -50.839  -37.102 0.8000000119
19224  33.810  -54.150  -41.220 0.6000000238
19212  33.271  -53.710  -40.810 0.6000000238
10800  32.870  -65.667  -39.600 0.5000000000
134440  32.246  -65.804  -39.250 0.6000000238
10194  33.227  -66.832  -38.578 0.5000000000
10793  34.318  -65.879  -38.346 0.6999999881
10193  34.006  -66.694  -38.275 0.4000000060
14026  32.854  -61.073  -41.541 0.6999999881
16108  34.636  -57.288  -41.855 0.6000000238
15364  33.873  -58.731  -41.847 0.6000000238
137944  35.108  -56.611  -41.950 0.6000000238
22286  31.889  -49.957  -36.785 0.6000000238
17693  34.379  -55.366  -41.651 0.6000000238
20710  32.686  -51.493  -38.562 0.6999999881
20699  32.344  -51.121  -37.870 0.6999999881
19211  34.048  -53.556  -40.948 0.6999999881
19993  33.636  -53.087  -40.479 0.6999999881
20721  33.034  -51.935  -39.236 0.6999999881
11463  33.620  -65.130  -40.199 0.5000000000
11468  33.163  -64.695  -40.678 0.6000000238
12096  32.542  -63.880  -40.830 0.6000000238
12090  34.381  -64.825  -40.346 0.6999999881
11462  34.022  -65.195  -39.768 0.6000000238
12743  32.961  -63.473  -41.332 0.6999999881
11458  34.382  -64.879  -39.265 0.6999999881
11451  34.579  -65.008  -38.217 0.6999999881
13369  33.315  -62.052  -41.722 0.6999999881
14025  34.053  -61.016  -42.007 0.6999999881
16117  35.271  -58.104  -42.235 0.5000000000
129122  34.931  -59.553  -42.258 0.6000000238
23082  30.977  -48.688  -36.339 0.5000000000
16906  35.860  -56.429  -42.313 0.6000000238
16907  35.561  -57.352  -42.239 0.6000000238
23095  32.331  -48.418  -37.339 0.6000000238
23096  31.965  -47.976  -37.008 0.5000000000
17692  35.183  -55.050  -41.869 0.6000000238
17699  35.108  -55.862  -41.909 0.6000000238
21483  32.787  -50.620  -38.290 0.6000000238
23106  32.656  -48.142  -38.060 0.5000000000
23933  32.498  -46.999  -38.755 0.5000000000
19222  35.437  -53.707  -41.479 0.6999999881
19223  34.595  -53.952  -41.365 0.6999999881
20731  34.177  -52.340  -40.232 0.6999999881
21495  33.789  -50.566  -39.429 0.6999999881
132651  33.546  -49.607  -39.585 0.5000000000
19991  34.968  -52.478  -40.638 0.6999999881
22307  34.229  -50.137  -40.072 0.6000000238
12100  33.922  -63.492  -41.678 0.6000000238
12094  34.874  -64.405  -41.183 0.6999999881
12099  34.850  -63.988  -41.597 0.6000000238
12089  34.923  -64.197  -40.399 0.6999999881
123147  33.915  -62.821  -41.844 0.6999999881
132610  35.491  -60.687  -42.386 0.6999999881
129844  35.389  -61.363  -42.258 0.6999999881
15362  35.596  -59.147  -42.424 0.6000000238
23911  31.354  -47.967  -36.751 0.4000000060
123065  36.530  -57.412  -42.566 0.5000000000
24810  32.443  -46.369  -39.470 0.4000000060
18449  35.995  -54.224  -41.825 0.6000000238
116455  36.074  -55.013  -42.119 0.6000000238
23117  33.158  -48.795  -39.370 0.5000000000
23118  32.843  -47.950  -38.961 0.5000000000
23133  32.997  -48.365  -40.056 0.4000000060
20003  35.809  -52.823  -41.185 0.6000000238
116438  35.597  -51.077  -40.657 0.6999999881
21494  34.409  -50.860  -39.888 0.6000000238
22319  34.745  -49.648  -40.703 0.5000000000
12742  35.781  -63.406  -41.350 0.6000000238
12746  35.783  -63.351  -41.688 0.6999999881
12747  35.135  -63.401  -41.849 0.6999999881
125269  35.235  -61.770  -40.186 0.6999999881
13358  35.776  -62.653  -40.665 0.6999999881
14024  35.125  -61.996  -42.109 0.6000000238
14690  36.159  -60.483  -42.466 0.6000000238
125863  37.576  -57.340  -42.818 0.6000000238
16115  37.498  -58.474  -42.758 0.5000000000
16905  36.773  -56.628  -42.580 0.6000000238
18448  36.796  -54.488  -42.072 0.6000000238
118978  37.031  -55.290  -42.354 0.6000000238
24824  32.623  -46.938  -40.535 0.5000000000
125580  32.497  -46.119  -40.244 0.4000000060
19221  36.310  -53.434  -41.652 0.6000000238
23969  32.756  -47.265  -41.562 0.4000000060
20729  35.710  -51.866  -40.791 0.6000000238
21508  35.064  -50.480  -40.452 0.5000000000
12741  36.104  -62.680  -41.542 0.6999999881
116191  36.147  -62.248  -42.025 0.6000000238
14684  36.174  -61.176  -40.606 0.6999999881
14016  37.256  -61.297  -41.725 0.6000000238
14023  36.546  -61.524  -42.103 0.6000000238
14010  35.125  -60.974  -40.127 0.6999999881
15369  37.640  -59.783  -42.528 0.5000000000
138014  38.462  -56.394  -42.698 0.6000000238
16904  38.566  -57.216  -42.936 0.6000000238
124600  37.536  -56.298  -42.633 0.6000000238
136742  37.460  -54.700  -42.247 0.5000000000
20011  37.160  -53.150  -41.887 0.6000000238
126372  36.579  -52.016  -41.345 0.6000000238
124911  35.648  -49.725  -40.883 0.5000000000
14682  37.723  -60.858  -41.471 0.6999999881
14681  38.422  -60.451  -41.626 0.6999999881
15368  38.609  -59.478  -42.518 0.6000000238
16113  39.457  -58.053  -42.759 0.5000000000
18445  39.060  -55.231  -42.155 0.6000000238
16903  39.392  -57.054  -42.751 0.6000000238
19228  38.137  -53.590  -42.050 0.6000000238
20735  38.041  -51.473  -41.853 0.6000000238
21506  36.575  -49.695  -40.920 0.5000000000
10162  38.348  -66.509  -34.973 0.5000000000
10785  37.036  -65.778  -36.693 0.5000000000
11429  37.231  -64.841  -35.605 0.5000000000
10784  37.754  -65.683  -36.209 0.5000000000
11450  35.353  -64.983  -37.291 0.6999999881
12072  34.124  -63.618  -37.409 0.6999999881
11444  36.354  -65.032  -36.664 0.5000000000
11438  36.435  -64.579  -36.138 0.5000000000
12083  34.357  -64.150  -38.360 0.6999999881
12071  34.701  -64.336  -37.433 0.6999999881
12735  34.229  -63.291  -39.415 0.6999999881
7592  35.885  -70.852  -30.891 0.3000000119
16887  29.924  -56.147  -39.566 0.6999999881
14687  29.852  -59.656  -39.886 0.6000000238
18430  30.258  -55.114  -38.995 0.6999999881
19190  30.642  -53.468  -37.495 0.6999999881
10186  35.288  -66.677  -37.422 0.6000000238
16899  33.749  -56.755  -41.549 0.6000000238
19985  33.366  -52.500  -39.884 0.6999999881
22273  32.310  -49.314  -37.216 0.6000000238
20709  33.293  -51.066  -38.922 0.6999999881
22296  32.797  -49.742  -38.062 0.6000000238
20720  33.877  -51.520  -39.652 0.6999999881
23923  32.264  -47.651  -37.533 0.5000000000
24790  32.117  -46.814  -37.833 0.5000000000
22320  33.918  -49.374  -40.469 0.5000000000
125926  36.801  -60.059  -42.488 0.5000000000
14017  36.617  -61.876  -41.457 0.6999999881
19229  37.499  -53.860  -42.033 0.6000000238
20001  37.504  -52.214  -41.866 0.6000000238
14688  38.555  -60.477  -42.033 0.6000000238
119544  38.441  -55.053  -42.333 0.6000000238
15361  39.177  -60.004  -41.631 0.5000000000
12064  33.939  -63.359  -36.479 0.6000000238
13338  31.210  -61.631  -34.316 0.6000000238
13984  30.534  -59.964  -34.566 0.4000000060
138954  32.515  -62.394  -36.084 0.5000000000
12719  33.431  -62.965  -37.182 0.6000000238
11461  29.770  -63.993  -38.179 0.5000000000
13979  30.380  -60.080  -33.762 0.4000000060
12084  30.304  -63.577  -38.919 0.5000000000
12085  29.521  -63.236  -38.571 0.5000000000
12714  32.022  -62.379  -34.944 0.5000000000
137390  30.127  -58.914  -33.645 0.4000000060
12092  29.961  -62.790  -39.234 0.5000000000
13361  29.247  -61.263  -39.661 0.5000000000
13342  31.181  -61.206  -35.072 0.6000000238
12738  29.545  -62.084  -39.492 0.5000000000
131564  32.691  -62.425  -36.819 0.5000000000
12728  33.796  -63.222  -38.329 0.6000000238
124694  29.932  -56.859  -32.512 0.4000000060
16792  29.862  -56.551  -31.670 0.4000000060
13989  30.848  -60.436  -35.203 0.4000000060
13354  26.631  -61.888  -39.343 0.5000000000
136334  31.606  -61.256  -36.361 0.5000000000
13362  28.265  -61.181  -39.603 0.5000000000
14680  28.023  -59.973  -39.075 0.5000000000
13347  32.483  -61.637  -37.905 0.6000000238
13353  32.944  -61.713  -38.767 0.6000000238
14678  29.367  -59.133  -39.607 0.5000000000
15342  28.482  -58.275  -38.770 0.5000000000
14672  27.501  -59.523  -38.548 0.4000000060
13995  31.842  -60.706  -37.575 0.5000000000
13345  31.892  -61.357  -37.047 0.5000000000
130989  32.473  -60.962  -38.400 0.6000000238
14012  33.297  -61.240  -39.208 0.6000000238
12736  33.833  -62.310  -39.347 0.6000000238
14011  34.184  -61.026  -39.708 0.6000000238
13359  34.577  -62.070  -39.849 0.6000000238
124780  30.421  -58.973  -34.785 0.4000000060
16033  30.092  -57.185  -33.330 0.4000000060
16091  28.718  -57.471  -38.681 0.5000000000
15343  27.814  -58.706  -38.307 0.5000000000
14662  26.202  -59.389  -37.349 0.4000000060
16097  29.070  -57.854  -39.243 0.6000000238
15344  27.081  -59.103  -37.809 0.4000000060
138301  31.520  -60.244  -37.151 0.6000000238
14671  32.553  -59.511  -38.609 0.6000000238
14670  33.317  -59.497  -39.212 0.6000000238
14676  34.069  -60.087  -39.642 0.6000000238
116376  30.143  -55.853  -32.328 0.4000000060
16080  28.404  -57.280  -37.876 0.5000000000
16082  27.401  -57.950  -36.709 0.4000000060
15317  26.058  -58.646  -36.199 0.4000000060
133697  30.967  -58.645  -36.247 0.6000000238
120696  30.678  -58.774  -35.570 0.4000000060
15340  32.136  -58.437  -38.151 0.6000000238
13992  31.029  -60.108  -36.027 0.6000000238
15341  31.814  -59.311  -37.877 0.5000000000
131307  33.411  -58.246  -39.143 0.6000000238
16090  32.798  -57.825  -38.652 0.5000000000
14675  34.946  -59.995  -40.040 0.6000000238
116874  30.045  -55.812  -31.459 0.4000000060
16043  30.310  -57.485  -34.220 0.4000000060
16861  28.713  -56.570  -37.394 0.6000000238
16848  28.437  -56.347  -36.214 0.5000000000
16055  27.071  -57.185  -35.444 0.5000000000
16067  25.750  -58.119  -35.657 0.5000000000
15316  30.840  -57.936  -35.917 0.4000000060
16054  30.657  -57.327  -35.170 0.4000000060
16064  31.324  -57.433  -36.613 0.5000000000
16873  32.927  -56.811  -38.532 0.5000000000
16089  33.479  -57.529  -39.077 0.5000000000
15347  33.902  -59.065  -39.492 0.6000000238
15345  35.716  -58.795  -40.204 0.6000000238
15354  36.846  -59.960  -40.756 0.6000000238
17587  30.879  -55.139  -33.956 0.4000000060
126816  30.233  -56.337  -33.230 0.4000000060
17570  30.537  -54.876  -32.504 0.4000000060
18311  30.608  -54.341  -31.846 0.4000000060
18410  30.374  -54.191  -37.888 0.6000000238
17606  31.160  -55.344  -34.676 0.4000000060
17607  30.626  -55.963  -34.101 0.4000000060
17643  28.667  -55.497  -35.931 0.6000000238
16837  27.336  -56.299  -35.366 0.5000000000
16838  26.490  -56.521  -35.350 0.4000000060
16835  31.282  -56.306  -35.738 0.4000000060
16079  31.644  -57.831  -37.377 0.5000000000
139535  34.144  -57.452  -39.379 0.5000000000
16094  35.671  -57.564  -39.989 0.6000000238
16102  36.730  -58.558  -40.433 0.6000000238
15353  37.840  -59.827  -40.975 0.6000000238
18339  30.994  -54.466  -33.369 0.4000000060
19191  30.133  -53.877  -36.898 0.6000000238
18395  29.504  -54.245  -36.298 0.6000000238
17627  28.221  -55.082  -35.403 0.5000000000
17630  25.743  -55.703  -35.619 0.5000000000
17626  31.463  -55.550  -35.479 0.4000000060
16847  31.515  -56.604  -36.468 0.4000000060
16860  31.785  -56.949  -37.228 0.5000000000
16872  33.518  -55.966  -38.614 0.5000000000
16894  36.763  -57.143  -40.178 0.5000000000
19123  31.416  -53.375  -32.487 0.4000000060
19181  29.696  -53.449  -35.968 0.6000000238
19169  29.144  -52.955  -35.461 0.5000000000
19942  27.825  -52.821  -35.601 0.5000000000
17671  32.916  -55.986  -38.118 0.5000000000
140438  34.959  -56.162  -39.430 0.4000000060
16101  37.861  -58.307  -40.522 0.4000000060
16100  39.051  -58.335  -40.543 0.6000000238
15359  40.063  -58.675  -42.238 0.4000000060
19915  32.543  -52.837  -32.934 0.4000000060
18361  31.394  -54.541  -34.306 0.4000000060
19180  30.333  -53.081  -36.498 0.6000000238
18380  31.689  -54.734  -35.160 0.4000000060
20691  30.898  -51.392  -36.164 0.5000000000
19939  29.888  -51.950  -35.572 0.5000000000
19941  28.616  -52.467  -35.468 0.5000000000
128752  27.488  -52.100  -36.245 0.4000000060
19940  29.294  -52.171  -35.453 0.4000000060
125472  34.003  -55.281  -38.627 0.5000000000
17669  34.776  -55.060  -38.800 0.5000000000
17679  36.070  -55.630  -39.414 0.6000000238
16893  37.897  -56.988  -40.294 0.4000000060
16892  39.166  -57.492  -40.232 0.4000000060
16098  40.064  -57.926  -41.277 0.4000000060
16881  38.406  -57.152  -39.159 0.5000000000
131212  30.629  -50.153  -35.932 0.5000000000
21445  29.973  -50.685  -35.619 0.6000000238
22275  30.498  -49.421  -36.073 0.4000000060
16890  40.229  -56.945  -40.624 0.5000000000
16902  39.943  -57.427  -42.313 0.5000000000
16870  38.273  -56.817  -38.336 0.5000000000
126050  37.394  -56.190  -39.621 0.5000000000
16880  39.339  -57.235  -39.244 0.5000000000
16879  39.797  -56.989  -39.555 0.5000000000
19155  32.604  -53.345  -34.347 0.4000000060
20000  38.318  -52.757  -41.923 0.5000000000
128378  39.676  -56.389  -42.156 0.4000000060
17691  40.114  -56.370  -41.344 0.5000000000
17676  39.772  -56.324  -39.054 0.5000000000
16869  38.907  -57.104  -38.380 0.5000000000
23097  30.483  -48.048  -36.754 0.4000000060
19999  38.761  -52.897  -41.521 0.4000000060
128049  38.943  -52.406  -40.788 0.4000000060
19220  38.594  -53.566  -41.800 0.5000000000
18441  39.062  -54.438  -41.744 0.5000000000
140458  39.798  -54.887  -40.401 0.5000000000
18434  39.569  -54.546  -41.071 0.5000000000
120996  39.854  -55.343  -39.682 0.5000000000
19198  39.669  -54.541  -39.051 0.5000000000
19204  39.551  -54.113  -40.202 0.4000000060
15348  29.479  -58.328  -39.651 0.5000000000
16875  28.997  -56.714  -38.424 0.6000000238
14013  29.257  -59.837  -39.577 0.6000000238
18424  30.084  -54.874  -38.248 0.6000000238
11460  30.518  -64.455  -38.579 0.5000000000
22274  31.304  -49.529  -36.342 0.5000000000
15352  38.928  -59.703  -40.945 0.6000000238
15351  39.709  -59.319  -41.222 0.4000000060
14015  27.660  -60.746  -39.504 0.5000000000
14679  28.773  -59.546  -39.276 0.5000000000
15349  28.922  -58.696  -39.225 0.5000000000
15327  27.503  -58.354  -37.586 0.4000000060
15328  26.719  -58.631  -36.868 0.4000000060
15315  31.203  -58.982  -36.789 0.6000000238
16065  27.432  -57.491  -35.892 0.4000000060
16823  30.981  -56.093  -35.004 0.4000000060
18411  29.852  -54.593  -37.307 0.6000000238
17658  29.055  -55.819  -36.958 0.6000000238
16836  28.057  -55.945  -35.499 0.5000000000
16057  25.183  -57.370  -35.559 0.5000000000
128274  24.786  -57.993  -35.680 0.5000000000
17629  26.727  -55.608  -35.402 0.5000000000
18381  28.985  -53.786  -35.566 0.5000000000
130355  27.713  -54.657  -35.340 0.5000000000
18382  28.237  -54.118  -35.376 0.5000000000
16883  35.705  -56.384  -39.684 0.5000000000
18383  27.004  -54.760  -35.504 0.5000000000
17670  33.368  -55.148  -38.043 0.5000000000
20679  30.250  -51.389  -35.680 0.6000000238
16099  39.838  -58.320  -40.924 0.3000000119
123445  39.295  -53.161  -40.188 0.4000000060
4485  25.050  -78.836  -27.857 0.3000000119
4493  23.935  -78.120  -29.093 0.3000000119
4486  24.375  -78.262  -28.265 0.3000000119
5465  25.097  -76.504  -30.235 0.3000000119
4972  24.097  -77.549  -29.446 0.3000000119
118382  24.381  -76.930  -29.189 0.3000000119
131579  26.804  -76.563  -30.937 0.3000000119
5464  25.958  -76.490  -30.688 0.3000000119
5887  25.219  -75.223  -26.828 0.3000000119
5905  24.804  -75.878  -28.843 0.3000000119
5933  25.862  -75.985  -30.069 0.3000000119
135406  26.562  -76.193  -30.479 0.3000000119
5894  24.938  -75.211  -27.687 0.3000000119
6745  25.479  -73.841  -27.700 0.3000000119
6350  25.252  -74.546  -28.154 0.3000000119
6365  25.594  -74.772  -29.066 0.4000000060
134553  26.843  -75.073  -29.847 0.4000000060
5930  28.701  -75.489  -30.201 0.4000000060
5947  29.052  -76.088  -30.728 0.3000000119
7168  26.813  -72.734  -27.948 0.3000000119
6364  27.022  -73.945  -29.159 0.4000000060
6363  28.049  -74.157  -29.240 0.4000000060
5931  27.655  -75.417  -30.105 0.4000000060
7137  25.762  -72.732  -26.777 0.3000000119
6381  29.300  -74.980  -29.753 0.4000000060
7544  26.325  -71.766  -26.456 0.4000000060
7561  26.524  -72.270  -27.236 0.4000000060
5928  30.522  -75.615  -30.371 0.4000000060
6379  31.112  -75.128  -29.896 0.3000000119
7167  27.912  -72.667  -28.076 0.4000000060
6762  27.705  -73.549  -28.784 0.3000000119
7150  27.498  -72.172  -27.545 0.4000000060
6361  29.900  -74.496  -29.309 0.5000000000
6362  28.996  -74.342  -29.272 0.4000000060
10121  37.155  -66.805  -31.306 0.5000000000
7543  27.131  -71.212  -26.473 0.4000000060
6380  30.208  -75.082  -29.809 0.4000000060
8032  36.509  -70.513  -30.515 0.3000000119
124830  37.154  -70.071  -30.258 0.4000000060
6376  34.178  -75.074  -30.474 0.3000000119
10790  30.089  -66.016  -37.431 0.4000000060
133054  29.270  -65.488  -37.088 0.4000000060
9575  36.886  -67.578  -36.037 0.4000000060
10172  37.817  -66.986  -35.564 0.4000000060
9560  37.177  -67.587  -35.230 0.4000000060
7149  28.593  -72.179  -27.543 0.4000000060
6743  28.155  -73.177  -28.448 0.3000000119
6760  29.628  -73.911  -28.829 0.5000000000
10163  38.082  -67.158  -34.859 0.4000000060
10139  37.439  -66.681  -32.245 0.4000000060
7559  27.997  -71.712  -27.200 0.4000000060
139308  37.095  -69.253  -30.559 0.4000000060
6360  30.803  -74.564  -29.363 0.4000000060
8997  37.947  -68.553  -30.193 0.5000000000
6359  31.733  -74.589  -29.443 0.5000000000
8031  36.913  -70.650  -30.107 0.4000000060
7182  36.319  -71.806  -30.407 0.4000000060
6377  33.110  -75.189  -30.162 0.3000000119
7174  36.453  -71.650  -29.961 0.4000000060
11453  29.051  -64.482  -37.516 0.4000000060
10788  35.995  -65.772  -37.181 0.4000000060
7148  29.469  -72.410  -27.627 0.4000000060
7166  28.898  -72.927  -28.142 0.4000000060
10150  38.586  -66.928  -34.163 0.4000000060
132041  37.849  -66.541  -31.212 0.5000000000
7165  29.863  -72.944  -27.930 0.4000000060
6741  30.203  -73.465  -28.380 0.4000000060
10119  38.028  -66.438  -31.147 0.5000000000
7557  30.439  -71.375  -27.070 0.4000000060
126320  31.168  -71.417  -27.290 0.4000000060
124316  30.731  -72.898  -27.895 0.4000000060
140271  31.496  -72.826  -27.982 0.5000000000
6757  32.424  -73.993  -28.997 0.5000000000
137430  38.291  -66.298  -32.634 0.4000000060
9497  38.181  -67.164  -30.267 0.5000000000
7989  30.831  -70.754  -26.991 0.4000000060
6738  33.201  -73.286  -28.762 0.5000000000
8978  37.810  -69.098  -30.038 0.4000000060
135609  34.272  -74.034  -29.498 0.4000000060
121921  35.563  -72.293  -29.399 0.4000000060
121368  36.141  -72.344  -29.999 0.4000000060
140281  36.602  -70.709  -29.558 0.4000000060
10769  38.499  -66.121  -34.519 0.4000000060
118670  36.831  -64.800  -34.613 0.3000000119
7164  31.334  -72.173  -27.662 0.4000000060
7163  32.126  -72.270  -27.957 0.4000000060
10743  38.227  -66.239  -31.862 0.4000000060
15330  24.580  -59.166  -36.548 0.4000000060
7974  31.036  -70.083  -26.983 0.4000000060
7988  31.657  -70.701  -27.346 0.4000000060
125292  33.011  -72.425  -28.314 0.5000000000
7162  33.987  -72.596  -28.729 0.5000000000
118612  38.139  -66.265  -30.924 0.5000000000
10086  38.211  -67.077  -30.250 0.4000000060
137316  32.177  -69.754  -27.520 0.4000000060
7176  34.924  -72.850  -29.186 0.4000000060
8467  37.380  -69.731  -29.777 0.4000000060
7570  36.027  -71.036  -29.260 0.4000000060
8468  36.710  -69.345  -29.348 0.4000000060
11430  36.127  -64.440  -35.419 0.4000000060
10757  37.649  -65.556  -33.153 0.3000000119
7555  32.411  -70.971  -27.695 0.4000000060
7573  32.756  -71.570  -27.989 0.4000000060
10745  37.211  -65.419  -32.238 0.3000000119
8432  32.831  -69.901  -27.772 0.4000000060
8452  33.662  -69.966  -28.138 0.4000000060
134577  33.667  -71.737  -28.378 0.4000000060
118757  34.202  -71.266  -28.460 0.5000000000
8947  32.379  -69.131  -27.648 0.4000000060
8946  33.161  -69.159  -28.037 0.4000000060
8004  35.376  -70.474  -28.798 0.4000000060
8450  35.606  -69.606  -28.865 0.4000000060
9500  37.292  -68.027  -29.504 0.4000000060
11439  35.410  -64.191  -36.002 0.4000000060
8005  34.342  -70.626  -28.411 0.4000000060
122609  31.670  -77.641  -34.807 0.3000000119
5880  25.604  -74.862  -26.025 0.3000000119
6722  25.382  -73.684  -26.782 0.3000000119
7545  25.679  -72.295  -25.935 0.4000000060
7977  28.438  -70.633  -26.228 0.4000000060
7542  29.118  -70.937  -26.549 0.4000000060
7960  29.072  -70.114  -26.049 0.4000000060
8420  30.507  -69.516  -26.581 0.4000000060
11419  36.904  -65.076  -33.703 0.3000000119
8948  31.717  -69.258  -27.318 0.4000000060
127655  35.540  -64.347  -34.553 0.4000000060
11407  36.381  -65.081  -32.958 0.4000000060
11393  36.781  -65.235  -31.266 0.4000000060
121209  32.679  -68.281  -27.892 0.4000000060
8963  33.930  -69.228  -28.311 0.4000000060
8962  34.705  -68.911  -28.545 0.4000000060
8961  35.752  -68.673  -28.931 0.4000000060
10088  37.118  -67.080  -29.456 0.3000000119
10087  38.027  -66.602  -29.865 0.4000000060
9484  33.726  -68.259  -28.316 0.4000000060
125195  37.576  -67.208  -30.757 0.4000000060
12056  34.486  -63.734  -35.826 0.4000000060
4985  24.040  -77.561  -30.260 0.3000000119
4960  24.302  -77.362  -28.575 0.3000000119
5483  25.187  -76.851  -31.009 0.3000000119
5040  30.648  -77.893  -35.099 0.3000000119
5025  31.229  -77.732  -34.118 0.3000000119
137619  25.267  -76.111  -29.787 0.3000000119
6342  25.187  -74.495  -27.239 0.3000000119
5915  25.303  -75.608  -29.391 0.4000000060
5463  27.294  -76.128  -30.538 0.4000000060
6349  25.957  -73.931  -28.663 0.3000000119
6729  26.006  -73.250  -28.001 0.3000000119
131724  26.440  -74.546  -29.413 0.4000000060
6382  28.360  -74.836  -29.705 0.4000000060
7138  25.458  -73.164  -26.032 0.3000000119
7979  26.686  -70.936  -25.863 0.4000000060
6759  30.498  -74.013  -28.842 0.4000000060
6358  32.725  -74.609  -29.568 0.5000000000
6755  34.949  -73.612  -29.638 0.3000000119
6758  31.428  -74.010  -28.873 0.5000000000
7976  29.751  -70.373  -26.383 0.4000000060
7571  35.055  -71.200  -28.762 0.4000000060
8980  36.740  -68.543  -29.332 0.4000000060
12040  32.712  -63.265  -33.773 0.4000000060
12710  32.335  -62.784  -34.453 0.4000000060
12703  31.667  -62.638  -32.970 0.4000000060
140252  30.902  -61.399  -33.693 0.3000000119
12711  31.675  -62.287  -34.319 0.5000000000
12048  33.179  -63.255  -34.680 0.4000000060
12057  33.613  -63.248  -35.605 0.4000000060
13274  29.480  -61.155  -25.892 0.3000000119
122757  30.042  -61.177  -26.443 0.3000000119
120677  30.289  -58.287  -28.834 0.3000000119
14608  30.055  -59.384  -30.279 0.3000000119
16010  29.697  -57.979  -31.254 0.3000000119
15282  29.836  -58.816  -32.434 0.3000000119
13913  30.420  -60.468  -26.719 0.3000000119
15227  30.612  -58.775  -27.288 0.3000000119
119309  30.523  -58.088  -27.993 0.3000000119
13904  29.218  -60.776  -25.212 0.3000000119
14541  29.710  -59.814  -25.276 0.3000000119
15994  29.755  -57.791  -30.385 0.3000000119
124102  29.893  -56.244  -30.838 0.3000000119
133675  30.431  -59.102  -26.485 0.3000000119
16742  30.259  -56.250  -27.326 0.3000000119
15981  29.949  -57.534  -29.405 0.3000000119
16729  30.378  -56.434  -25.266 0.3000000119
15952  30.372  -57.364  -26.289 0.3000000119
17503  30.254  -55.355  -27.465 0.3000000119
17477  30.436  -55.648  -25.696 0.3000000119
117559  30.544  -54.755  -26.076 0.3000000119
15201  30.066  -58.261  -24.413 0.3000000119
16768  30.036  -55.992  -28.828 0.3000000119
119501  30.182  -54.921  -29.982 0.3000000119
120611  30.396  -54.557  -31.203 0.3000000119
119431  30.549  -55.742  -24.851 0.3000000119
17517  30.190  -55.204  -28.293 0.3000000119
18290  30.394  -54.210  -29.529 0.3000000119
18229  30.699  -55.022  -25.190 0.3000000119
19052  30.660  -53.901  -27.071 0.3000000119
18264  30.396  -54.553  -27.716 0.3000000119
19832  31.465  -52.698  -27.432 0.3000000119
19107  30.974  -53.591  -31.902 0.3000000119
18298  30.405  -54.208  -30.480 0.3000000119
19106  31.167  -53.105  -31.272 0.3000000119
19902  32.009  -52.804  -32.336 0.3000000119
19137  32.555  -53.062  -33.581 0.3000000119
19121  33.708  -52.775  -32.466 0.3000000119
119412  34.120  -53.090  -33.139 0.3000000119
19135  34.044  -53.150  -33.989 0.3000000119
13333  30.800  -61.527  -32.970 0.3000000119
12707  31.932  -62.747  -33.667 0.4000000060
128171  29.724  -58.157  -31.949 0.3000000119
17543  30.145  -55.250  -30.790 0.3000000119
12033  32.252  -63.157  -32.954 0.5000000000
14554  30.198  -59.775  -26.206 0.3000000119
124194  30.095  -56.900  -28.727 0.3000000119
15247  30.010  -58.599  -29.715 0.3000000119
14619  29.856  -59.411  -31.081 0.3000000119
14628  29.894  -59.492  -31.861 0.3000000119
15959  30.508  -57.775  -27.092 0.3000000119
131410  30.171  -58.249  -25.275 0.3000000119
116456  29.961  -55.851  -29.897 0.3000000119
16737  30.333  -56.458  -26.245 0.3000000119
19027  30.813  -53.917  -26.228 0.3000000119
121837  31.900  -52.536  -26.731 0.3000000119
18283  30.402  -54.355  -28.616 0.3000000119
18216  31.241  -54.608  -24.674 0.3000000119
19051  31.072  -52.934  -28.114 0.3000000119
10728  37.640  -65.627  -30.436 0.3000000119
11364  36.858  -65.276  -29.787 0.4000000060
10691  34.482  -64.997  -28.431 0.4000000060
139871  35.440  -64.800  -29.128 0.4000000060
11408  35.936  -64.924  -32.067 0.3000000119
12006  34.159  -64.032  -29.786 0.4000000060
11984  33.535  -63.672  -28.925 0.3000000119
11394  35.565  -64.743  -31.137 0.4000000060
11379  34.042  -64.121  -30.705 0.4000000060
11996  32.859  -63.134  -29.740 0.3000000119
126552  34.845  -64.543  -31.934 0.3000000119
135935  34.656  -64.427  -31.129 0.4000000060
12007  33.410  -63.613  -30.229 0.4000000060
11410  34.116  -64.159  -32.749 0.3000000119
127208  33.383  -63.853  -32.172 0.4000000060
12696  31.861  -62.836  -32.128 0.4000000060
11409  35.266  -64.590  -32.857 0.3000000119
11422  33.774  -63.788  -33.911 0.3000000119
12047  34.128  -63.671  -34.969 0.3000000119
11420  35.906  -64.646  -33.731 0.3000000119
12020  33.179  -63.717  -31.296 0.4000000060
11365  35.845  -64.828  -29.620 0.4000000060
7531  25.578  -71.999  -25.197 0.3000000119
130308  35.112  -67.074  -28.669 0.3000000119
7113  27.090  -71.992  -21.766 0.3000000119
7119  26.345  -72.292  -22.491 0.3000000119
7121  25.535  -72.047  -23.908 0.3000000119
7530  25.942  -71.469  -25.655 0.3000000119
10690  35.855  -65.681  -28.825 0.3000000119
123876  34.088  -67.021  -28.450 0.3000000119
7930  26.555  -69.950  -20.827 0.3000000119
7519  25.612  -71.235  -23.394 0.3000000119
7513  25.781  -70.641  -22.253 0.3000000119
7949  25.863  -70.619  -24.584 0.3000000119
7962  27.340  -70.289  -25.588 0.3000000119
123367  35.013  -65.612  -28.536 0.3000000119
8871  27.531  -68.401  -19.281 0.3000000119
134674  25.918  -69.847  -21.618 0.3000000119
8367  26.666  -69.122  -20.363 0.3000000119
7941  25.672  -70.471  -23.871 0.3000000119
8380  25.682  -69.622  -22.509 0.3000000119
7948  26.343  -70.177  -24.820 0.3000000119
8884  26.330  -68.386  -20.585 0.3000000119
8376  25.765  -69.009  -21.808 0.3000000119
8396  25.950  -69.866  -24.220 0.3000000119
133223  25.750  -68.829  -22.382 0.3000000119
8408  28.604  -69.578  -25.527 0.3000000119
8421  29.875  -69.747  -26.226 0.3000000119
8934  30.609  -68.673  -26.603 0.3000000119
9381  27.068  -67.552  -19.394 0.3000000119
8394  27.502  -69.278  -24.805 0.3000000119
8383  26.251  -69.033  -23.810 0.3000000119
8927  28.714  -68.897  -25.335 0.3000000119
10072  34.079  -65.850  -28.318 0.3000000119
9397  26.154  -67.628  -20.888 0.3000000119
127890  26.628  -67.038  -19.816 0.3000000119
8889  25.777  -68.293  -22.000 0.3000000119
8899  26.288  -68.279  -23.255 0.3000000119
8913  27.963  -68.577  -24.792 0.3000000119
121541  29.927  -68.186  -26.069 0.3000000119
9467  32.178  -67.449  -27.693 0.3000000119
137486  33.346  -66.466  -28.165 0.3000000119
132291  33.627  -65.038  -28.177 0.3000000119
9482  36.061  -67.681  -29.080 0.3000000119
122704  26.257  -67.540  -22.789 0.3000000119
8914  27.341  -68.023  -24.217 0.3000000119
8926  29.348  -68.550  -25.674 0.3000000119
9455  31.058  -68.036  -27.007 0.3000000119
7524  25.623  -71.228  -24.241 0.3000000119
7512  26.304  -71.441  -21.908 0.3000000119
7517  25.804  -71.468  -22.634 0.3000000119
5441  24.538  -76.493  -28.649 0.3000000119
5452  24.786  -76.332  -29.444 0.3000000119
5466  24.442  -76.977  -29.857 0.3000000119
5482  26.111  -76.855  -31.364 0.3000000119
5895  24.700  -75.877  -28.130 0.3000000119
5904  25.001  -75.263  -28.562 0.4000000060
5914  26.065  -75.221  -29.713 0.4000000060
5929  29.625  -75.572  -30.272 0.4000000060
5932  26.728  -75.685  -30.145 0.4000000060
6356  34.674  -74.352  -30.083 0.3000000119
6357  33.762  -74.596  -29.770 0.3000000119
6383  27.398  -74.646  -29.614 0.4000000060
6730  25.689  -73.266  -27.356 0.3000000119
6739  32.111  -73.211  -28.416 0.5000000000
6740  31.074  -73.441  -28.372 0.4000000060
6742  29.464  -73.400  -28.414 0.4000000060
6744  27.449  -73.069  -28.383 0.4000000060
6754  35.548  -73.015  -29.814 0.4000000060
6756  33.448  -74.019  -29.218 0.5000000000
6761  28.715  -73.645  -28.749 0.3000000119
6763  26.760  -73.363  -28.517 0.3000000119
7120  25.709  -72.108  -23.167 0.3000000119
7147  30.388  -72.138  -27.476 0.4000000060
7151  26.057  -72.811  -27.495 0.3000000119
7160  35.524  -71.656  -29.162 0.4000000060
7161  34.723  -71.949  -28.845 0.4000000060
7175  36.111  -71.697  -29.574 0.4000000060
7177  34.191  -73.399  -29.117 0.4000000060
7541  30.060  -70.899  -26.713 0.4000000060
7556  31.953  -71.483  -27.606 0.4000000060
7558  29.559  -71.659  -27.110 0.4000000060
7560  27.210  -71.674  -26.983 0.4000000060
7572  33.266  -70.809  -28.037 0.4000000060
7581  36.594  -71.284  -30.136 0.4000000060
7582  36.598  -71.063  -29.775 0.4000000060
7591  36.343  -71.244  -30.552 0.3000000119
7961  28.193  -70.173  -25.790 0.3000000119
7963  26.151  -70.800  -25.228 0.3000000119
7964  25.733  -71.290  -24.954 0.3000000119
7975  30.384  -70.216  -26.602 0.4000000060
7978  27.637  -70.715  -26.127 0.3000000119
7987  32.333  -70.365  -27.610 0.4000000060
8003  36.496  -70.271  -29.342 0.4000000060
8017  37.436  -69.910  -30.019 0.4000000060
8018  37.032  -70.417  -29.792 0.4000000060
8033  35.700  -70.264  -30.824 0.3000000119
8375  26.122  -69.120  -21.069 0.3000000119
8384  25.749  -69.697  -23.447 0.3000000119
8393  28.180  -69.220  -25.110 0.3000000119
8395  26.642  -69.482  -24.508 0.3000000119
8407  29.311  -69.306  -25.803 0.3000000119
8409  27.863  -69.742  -25.268 0.3000000119
8410  27.044  -69.870  -25.068 0.3000000119
8419  31.111  -69.397  -26.993 0.4000000060
8433  31.673  -69.947  -27.297 0.4000000060
8451  34.584  -69.816  -28.474 0.4000000060
8482  37.495  -69.348  -30.265 0.4000000060
8483  36.665  -69.769  -30.593 0.4000000060
8872  26.816  -68.390  -19.854 0.3000000119
8888  25.981  -68.342  -21.333 0.3000000119
8894  25.951  -68.273  -22.610 0.3000000119
8900  25.841  -68.932  -23.026 0.3000000119
8933  31.242  -68.778  -27.063 0.4000000060
8935  29.952  -68.994  -26.148 0.3000000119
8979  37.736  -68.812  -29.788 0.4000000060
8998  37.354  -68.734  -30.567 0.4000000060
9382  26.484  -67.663  -20.121 0.3000000119
9404  25.978  -67.611  -21.647 0.3000000119
9405  25.968  -67.722  -22.237 0.3000000119
9442  29.280  -67.753  -25.582 0.3000000119
9466  33.051  -67.319  -28.079 0.4000000060
9483  34.859  -67.916  -28.611 0.4000000060
9498  38.104  -67.721  -30.211 0.5000000000
9499  38.136  -67.752  -29.933 0.4000000060
9515  37.888  -67.952  -30.484 0.5000000000
9516  36.923  -67.853  -30.764 0.5000000000
9542  37.708  -67.435  -34.476 0.4000000060
9543  37.105  -67.561  -34.122 0.6000000238
9552  36.527  -67.830  -34.796 0.5000000000
9562  34.721  -68.677  -35.703 0.4000000060
9578  33.011  -68.432  -36.392 0.4000000060
9584  34.196  -67.950  -37.256 0.4000000060
10069  37.034  -66.016  -29.166 0.3000000119
10070  35.900  -66.492  -28.876 0.3000000119
10071  34.906  -66.317  -28.530 0.3000000119
10105  38.052  -67.074  -30.467 0.5000000000
10106  34.187  -67.002  -30.859 0.5000000000
10120  38.138  -66.362  -32.107 0.5000000000
10122  35.964  -66.778  -31.626 0.6000000238
10137  38.445  -66.321  -33.453 0.4000000060
10138  38.205  -66.703  -33.170 0.4000000060
10140  34.912  -66.772  -32.401 0.5000000000
10153  34.127  -66.902  -33.249 0.5000000000
10171  38.124  -66.104  -35.744 0.5000000000
10181  37.504  -66.563  -36.288 0.4000000060
10182  36.379  -67.021  -36.795 0.4000000060
10187  34.500  -67.240  -37.654 0.4000000060
10195  31.800  -66.806  -38.323 0.5000000000
10704  38.203  -66.936  -30.287 0.5000000000
10705  38.198  -66.538  -30.227 0.4000000060
10706  37.725  -65.879  -29.767 0.3000000119
10707  36.328  -65.374  -29.273 0.4000000060
10727  38.161  -66.623  -30.478 0.5000000000
10744  37.965  -65.828  -31.514 0.5000000000
10763  37.890  -65.482  -34.081 0.3000000119
10770  37.952  -65.359  -35.039 0.5000000000
10777  38.319  -65.828  -35.226 0.5000000000
10778  37.953  -65.362  -35.740 0.5000000000
10789  34.952  -65.689  -37.666 0.6999999881
10794  33.720  -66.098  -38.897 0.6000000238
10795  32.509  -66.346  -38.918 0.5000000000
10798  34.078  -65.444  -39.070 0.6999999881
10799  33.572  -65.588  -39.513 0.5000000000
11354  35.348  -65.083  -28.761 0.4000000060
11355  34.716  -64.530  -28.865 0.4000000060
11377  36.342  -64.947  -30.325 0.4000000060
11378  35.082  -64.446  -30.239 0.4000000060
11395  33.981  -64.205  -31.665 0.4000000060
11421  34.640  -64.025  -34.489 0.3000000119
11431  35.049  -64.078  -35.234 0.4000000060
11437  37.278  -65.072  -36.217 0.5000000000
11445  35.503  -64.487  -36.681 0.6999999881
11452  29.898  -64.950  -37.852 0.5000000000
11464  32.721  -65.085  -40.112 0.6000000238
11467  34.112  -64.831  -40.892 0.5000000000
11983  34.115  -64.056  -29.142 0.4000000060
11995  33.520  -63.574  -29.396 0.3000000119
12021  32.403  -63.218  -31.477 0.4000000060
12032  33.094  -63.650  -32.962 0.4000000060
12063  34.660  -63.953  -36.627 0.4000000060
12091  30.817  -63.199  -39.712 0.6000000238
12093  35.457  -64.003  -41.116 0.6000000238
12095  33.872  -64.303  -41.309 0.6000000238
12098  35.512  -63.849  -41.573 0.6999999881
12704  31.230  -62.171  -32.556 0.4000000060
12708  31.291  -62.095  -33.507 0.4000000060
12713  32.678  -62.724  -35.369 0.4000000060
12717  33.149  -62.856  -36.263 0.4000000060
12720  32.921  -62.441  -37.713 0.6000000238
12729  33.297  -62.385  -38.605 0.6000000238
12748  32.791  -62.677  -41.496 0.6999999881
13334  30.571  -60.820  -33.369 0.3000000119
13339  30.772  -60.810  -34.288 0.4000000060
13344  32.086  -61.850  -36.397 0.5000000000
13363  26.723  -61.057  -39.469 0.5000000000
13365  30.753  -61.865  -40.342 0.6999999881
13367  35.742  -62.840  -41.945 0.6000000238
13368  34.586  -62.485  -41.983 0.6999999881
13370  32.253  -61.797  -41.345 0.6999999881
13891  29.288  -60.206  -24.568 0.3000000119
13914  29.814  -60.517  -25.981 0.3000000119
13970  30.177  -60.187  -32.161 0.3000000119
13988  31.232  -60.877  -35.868 0.6000000238
13991  31.449  -60.623  -36.703 0.6000000238
14004  32.676  -60.396  -38.717 0.6000000238
14005  32.060  -60.121  -38.145 0.6000000238
14014  28.673  -60.433  -39.518 0.5000000000
14018  36.179  -62.016  -40.726 0.6999999881
14020  30.364  -60.312  -40.190 0.6000000238
14022  37.290  -61.126  -42.148 0.6000000238
14540  30.159  -59.031  -25.715 0.3000000119
14553  30.603  -59.686  -27.021 0.3000000119
14645  30.297  -59.327  -34.106 0.4000000060
14653  30.667  -59.587  -35.297 0.4000000060
14658  31.295  -59.776  -36.809 0.6000000238
14659  30.955  -59.311  -36.142 0.6000000238
14661  31.621  -59.902  -37.488 0.5000000000
14673  26.643  -59.861  -38.280 0.4000000060
14677  33.273  -60.265  -39.240 0.6000000238
14683  37.017  -61.184  -41.085 0.6999999881
14689  37.920  -60.979  -41.925 0.6000000238
14691  34.205  -60.032  -41.988 0.6000000238
14694  37.802  -60.821  -42.188 0.6000000238
15211  29.930  -58.963  -24.850 0.3000000119
15220  30.388  -58.276  -26.245 0.3000000119
15261  29.760  -58.664  -30.714 0.3000000119
15274  29.727  -58.753  -31.549 0.3000000119
15291  29.991  -58.539  -33.249 0.4000000060
15302  30.209  -58.466  -34.054 0.4000000060
15311  30.454  -58.152  -34.967 0.4000000060
15318  25.098  -58.647  -35.996 0.4000000060
15326  31.542  -58.669  -37.386 0.6000000238
15339  32.979  -58.736  -38.909 0.6000000238
15346  34.834  -58.959  -39.868 0.6000000238
15350  28.283  -59.136  -38.831 0.5000000000
15355  35.886  -59.994  -40.420 0.6000000238
15356  31.486  -58.283  -40.728 0.6000000238
15358  29.970  -58.835  -40.012 0.5000000000
15360  39.786  -59.436  -41.830 0.4000000060
15363  34.636  -58.387  -42.033 0.5000000000
15366  32.071  -58.783  -41.053 0.6000000238
15367  39.460  -59.097  -42.461 0.6000000238
15935  30.260  -57.329  -24.803 0.3000000119
15944  30.338  -57.042  -25.636 0.3000000119
16022  29.853  -57.831  -32.685 0.4000000060
16053  31.064  -57.046  -35.884 0.4000000060
16056  26.210  -57.395  -35.435 0.4000000060
16066  26.733  -57.996  -35.842 0.4000000060
16078  32.224  -57.369  -37.970 0.5000000000
16081  27.901  -57.765  -37.468 0.4000000060
16092  28.102  -57.942  -38.184 0.5000000000
16095  34.063  -58.182  -39.452 0.6000000238
16106  40.239  -58.108  -42.012 0.4000000060
16107  40.149  -58.802  -41.599 0.4000000060
16110  33.045  -57.940  -41.461 0.6000000238
16112  39.901  -57.924  -42.467 0.5000000000
16114  38.582  -58.287  -42.901 0.5000000000
16116  36.320  -58.574  -42.544 0.6000000238
16755  30.169  -56.434  -28.167 0.3000000119
16813  30.344  -56.731  -33.899 0.4000000060
16824  30.612  -56.710  -34.625 0.4000000060
16846  32.005  -56.103  -37.013 0.4000000060
16849  27.767  -56.796  -35.715 0.5000000000
16857  39.031  -56.770  -37.951 0.5000000000
16858  38.419  -56.598  -37.876 0.5000000000
16859  32.385  -56.467  -37.734 0.5000000000
16862  28.058  -57.225  -36.709 0.4000000060
16868  39.405  -56.984  -38.615 0.5000000000
16871  34.368  -55.915  -39.129 0.5000000000
16882  36.793  -56.124  -39.812 0.5000000000
16884  34.729  -56.869  -39.510 0.5000000000
16885  33.804  -56.745  -39.089 0.5000000000
16886  30.410  -56.062  -40.082 0.6999999881
16891  39.761  -57.440  -40.398 0.5000000000
16897  40.196  -57.252  -41.668 0.4000000060
16898  34.412  -56.249  -41.707 0.6000000238
16900  32.976  -56.436  -41.268 0.6000000238
17492  30.341  -55.531  -26.612 0.3000000119
17529  30.155  -55.090  -29.198 0.3000000119
17558  30.291  -55.127  -31.684 0.4000000060
17628  27.578  -55.430  -35.348 0.5000000000
17642  29.299  -55.032  -36.617 0.6000000238
17656  32.622  -55.600  -37.501 0.5000000000
17657  29.582  -55.308  -37.688 0.6000000238
17665  39.461  -56.239  -38.287 0.5000000000
17672  29.787  -55.513  -38.578 0.6999999881
17673  29.312  -56.018  -38.051 0.6000000238
17678  36.808  -55.539  -39.253 0.6000000238
17680  35.237  -55.621  -39.285 0.5000000000
17682  29.955  -55.652  -39.194 0.6999999881
17686  39.990  -55.699  -40.646 0.5000000000
17688  31.593  -55.763  -40.567 0.6999999881
17689  30.961  -55.529  -40.188 0.6999999881
17695  32.269  -56.151  -40.915 0.6000000238
17696  38.842  -55.908  -42.511 0.6000000238
17697  37.945  -55.425  -42.502 0.6000000238
17698  35.715  -55.613  -42.155 0.6000000238
18228  30.946  -54.241  -25.455 0.3000000119
18244  30.416  -54.738  -26.912 0.3000000119
18322  30.928  -54.040  -32.544 0.4000000060
18340  30.524  -55.438  -33.249 0.4000000060
18360  32.053  -53.949  -34.760 0.4000000060
18384  26.068  -54.847  -35.797 0.5000000000
18396  28.826  -54.637  -35.737 0.5000000000
18397  27.314  -53.786  -35.622 0.5000000000
18419  39.715  -55.513  -38.780 0.5000000000
18428  31.453  -54.319  -39.771 0.6999999881
18436  32.405  -54.593  -40.674 0.6999999881
18440  39.640  -55.423  -41.606 0.4000000060
18444  32.959  -55.073  -41.040 0.6000000238
18446  38.504  -54.355  -42.058 0.5000000000
18447  37.992  -54.463  -42.260 0.5000000000
19007  31.395  -53.460  -25.718 0.3000000119
19026  31.184  -53.116  -26.646 0.3000000119
19069  30.758  -53.380  -28.934 0.3000000119
19084  30.720  -53.413  -29.935 0.3000000119
19094  30.777  -53.443  -30.670 0.3000000119
19120  34.355  -53.521  -32.500 0.3000000119
19122  31.936  -53.190  -33.052 0.4000000060
19136  33.325  -52.824  -33.230 0.3000000119
19154  33.377  -53.218  -34.668 0.4000000060
19170  28.441  -53.267  -35.420 0.5000000000
19171  27.940  -53.484  -35.422 0.5000000000
19210  39.219  -53.321  -40.922 0.4000000060
19213  32.568  -53.920  -40.573 0.6999999881
19219  39.088  -53.732  -41.398 0.5000000000
19230  36.760  -53.837  -41.882 0.6000000238
19870  31.771  -52.618  -31.004 0.3000000119
19901  32.846  -52.623  -32.414 0.3000000119
19950  31.079  -52.013  -36.665 0.6999999881
19951  30.502  -52.177  -36.096 0.6000000238
19952  29.822  -52.624  -35.705 0.5000000000
19960  31.392  -52.274  -37.435 0.6999999881
19961  30.909  -52.719  -37.019 0.6999999881
19976  31.762  -52.552  -38.312 0.8000000119
19987  31.984  -53.111  -39.137 0.6999999881
19990  38.456  -51.942  -41.673 0.5000000000
19992  34.334  -52.965  -40.642 0.6999999881
20002  36.692  -52.737  -41.625 0.6000000238
20004  34.859  -53.294  -41.034 0.6999999881
20010  37.872  -52.887  -42.068 0.6000000238
20680  29.546  -51.454  -35.526 0.6000000238
20681  28.859  -51.693  -35.499 0.4000000060
20700  31.867  -51.698  -37.649 0.8000000119
20730  34.840  -51.516  -40.289 0.6999999881
20736  37.275  -51.285  -41.546 0.6000000238
20737  36.373  -51.146  -41.095 0.5000000000
20742  38.128  -52.173  -42.025 0.6000000238
21458  31.281  -50.566  -36.330 0.5000000000
21459  30.607  -50.805  -35.848 0.5000000000
21470  32.382  -50.251  -37.509 0.6000000238
21482  33.239  -50.141  -38.819 0.6999999881
21507  36.033  -50.383  -40.845 0.5000000000
22261  30.079  -49.981  -35.800 0.4000000060
22295  33.093  -49.290  -38.736 0.5000000000
23081  31.786  -48.715  -36.713 0.5000000000
23924  31.706  -47.344  -37.218 0.4000000060
23944  32.693  -47.443  -39.802 0.5000000000
23956  32.886  -47.975  -40.987 0.4000000060
24798  32.142  -46.156  -38.503 0.5000000000
24834  32.690  -46.666  -42.085 0.4000000060
116145  29.734  -57.139  -31.034 0.3000000119
116167  35.177  -54.372  -41.671 0.6999999881
116244  31.598  -61.532  -35.717 0.5000000000
116684  29.747  -57.417  -31.845 0.4000000060
116967  32.047  -62.137  -35.587 0.5000000000
117527  26.117  -66.910  -22.120 0.3000000119
117738  31.211  -58.240  -36.743 0.5000000000
118325  27.052  -68.755  -24.340 0.3000000119
118467  34.571  -70.056  -30.691 0.4000000060
118928  31.581  -61.882  -34.997 0.6000000238
118991  31.471  -59.315  -37.277 0.6000000238
119582  30.056  -57.893  -33.498 0.4000000060
119922  30.673  -53.690  -27.987 0.3000000119
120763  34.519  -64.140  -39.366 0.6999999881
120825  31.427  -53.073  -31.944 0.3000000119
121448  25.630  -70.419  -23.062 0.3000000119
121539  31.795  -68.361  -27.445 0.4000000060
122840  29.808  -56.858  -30.170 0.3000000119
123378  39.453  -53.504  -39.346 0.4000000060
123402  32.383  -61.931  -37.178 0.5000000000
123428  34.579  -66.397  -37.858 0.6000000238
123882  33.816  -64.310  -28.580 0.3000000119
123982  28.678  -71.555  -26.998 0.4000000060
124166  26.961  -71.280  -21.293 0.3000000119
124264  36.472  -55.854  -42.415 0.6000000238
124498  34.881  -64.427  -29.419 0.4000000060
124823  39.980  -56.339  -39.868 0.5000000000
125132  32.652  -63.436  -32.175 0.5000000000
125844  38.090  -68.416  -30.069 0.4000000060
126160  32.721  -48.906  -37.968 0.6000000238
126313  28.036  -71.181  -26.682 0.4000000060
126647  34.824  -64.263  -33.721 0.3000000119
127822  30.350  -57.001  -26.950 0.3000000119
127929  31.493  -67.537  -27.353 0.3000000119
127936  31.414  -62.280  -40.723 0.6999999881
128644  26.341  -70.670  -21.430 0.3000000119
129181  30.145  -55.841  -28.008 0.3000000119
129961  33.943  -61.692  -41.926 0.6999999881
130082  26.683  -70.411  -25.325 0.3000000119
130272  33.199  -53.022  -33.975 0.3000000119
130325  35.098  -63.252  -40.312 0.6999999881
130646  32.094  -67.493  -37.819 0.4000000060
130724  38.300  -66.016  -32.466 0.4000000060
131288  30.652  -53.841  -31.236 0.3000000119
131494  33.204  -66.120  -39.160 0.5000000000
132083  30.342  -57.158  -27.852 0.3000000119
132161  30.243  -57.604  -28.578 0.3000000119
132353  30.479  -59.470  -34.687 0.4000000060
132656  25.552  -71.801  -24.588 0.3000000119
133123  31.379  -53.724  -33.068 0.4000000060
134133  38.054  -67.324  -33.861 0.4000000060
134578  31.783  -53.686  -33.817 0.4000000060
134807  31.324  -63.757  -39.884 0.6000000238
134972  32.908  -48.609  -38.624 0.6000000238
135624  34.814  -57.955  -39.708 0.6000000238
135993  35.308  -49.224  -41.181 0.5000000000
136291  30.898  -56.691  -35.302 0.4000000060
136419  32.497  -47.483  -38.188 0.5000000000
136630  38.179  -66.225  -30.278 0.4000000060
136917  26.161  -58.970  -36.737 0.4000000060
137024  30.592  -54.322  -26.580 0.3000000119
137465  31.533  -64.674  -39.539 0.6000000238
137779  30.954  -53.190  -27.437 0.3000000119
138084  29.929  -56.627  -29.420 0.3000000119
138243  31.850  -49.357  -36.697 0.6000000238
138557  25.664  -70.933  -22.837 0.3000000119
138730  35.576  -54.667  -41.863 0.6000000238
139414  30.855  -55.258  -24.553 0.3000000119
139547  39.252  -59.880  -42.055 0.5000000000
139717  31.053  -54.993  -39.852 0.6999999881
139849  39.403  -53.884  -40.957 0.4000000060
140050  30.596  -56.491  -40.239 0.6999999881
140101  35.411  -65.981  -28.605 0.3000000119
140162  30.300  -57.647  -25.645 0.3000000119
140473  30.959  -77.814  -34.673 0.3000000119
