#!ascii label  , from subject sub-v2s15x29755_ses-1 vox2ras=TkReg
853
50180  -28.254  -26.645  -16.368 0.4285714328
52438  -28.423  -25.006  -16.805 0.2857142985
52440  -29.184  -24.486  -16.530 0.4285714328
52441  -30.093  -24.288  -16.222 0.4285714328
53397  -28.848  -23.769  -16.786 0.2857142985
53398  -29.532  -23.605  -16.515 0.4285714328
54420  -29.824  -22.766  -16.641 0.4285714328
55374  -28.679  -22.119  -18.102 0.4285714328
54434  -29.357  -22.210  -17.364 0.4285714328
55387  -29.323  -21.517  -18.158 0.4285714328
136309  -29.904  -21.008  -18.257 0.4285714328
56421  -29.264  -20.443  -20.592 0.5714285970
56407  -29.701  -20.429  -19.851 0.5714285970
141107  -29.969  -20.426  -19.309 0.4285714328
57438  -31.012  -19.738  -18.850 0.2857142985
57459  -29.953  -19.941  -20.476 0.7142857313
56408  -30.439  -19.957  -19.615 0.7142857313
122482  -31.199  -18.673  -19.960 0.7142857313
59771  -31.730  -18.030  -19.910 0.4285714328
58600  -30.592  -19.194  -20.332 0.7142857313
57449  -31.068  -19.218  -19.502 0.5714285970
59794  -32.218  -17.355  -20.138 0.5714285970
58601  -31.088  -18.313  -20.669 0.5714285970
59793  -31.719  -17.510  -20.693 0.5714285970
61086  -31.764  -17.026  -21.462 0.5714285970
61079  -32.399  -16.751  -20.731 0.5714285970
59805  -31.192  -17.719  -21.415 0.5714285970
61045  -32.753  -16.880  -19.881 0.4285714328
62245  -32.843  -15.957  -21.068 0.5714285970
62258  -33.346  -15.084  -21.500 0.5714285970
130658  -31.803  -16.638  -22.099 0.7142857313
142335  -33.101  -15.514  -21.279 0.7142857313
63275  -33.961  -14.709  -21.068 0.5714285970
61087  -32.333  -16.353  -21.597 0.5714285970
59825  -30.957  -17.164  -23.286 0.5714285970
62269  -32.593  -15.377  -22.728 0.8571428657
63293  -33.759  -14.466  -21.870 0.7142857313
63294  -34.382  -14.080  -21.455 0.5714285970
62276  -32.116  -15.957  -23.256 0.7142857313
64273  -34.326  -13.199  -22.491 0.7142857313
64252  -34.562  -13.339  -21.745 0.5714285970
63308  -33.033  -14.747  -23.158 0.7142857313
63309  -33.630  -14.300  -22.716 0.7142857313
65186  -34.573  -12.528  -22.536 0.5714285970
63316  -33.554  -14.158  -23.604 0.7142857313
64277  -34.230  -12.885  -23.252 0.7142857313
66248  -34.516  -11.548  -23.602 0.7142857313
66229  -34.718  -11.752  -22.799 0.7142857313
65201  -33.882  -13.368  -24.048 0.7142857313
65210  -34.196  -12.307  -24.084 0.7142857313
67343  -34.625  -10.753  -23.981 0.7142857313
67327  -34.838  -10.866  -23.050 0.5714285970
63324  -33.044  -14.267  -24.964 0.5714285970
68489  -35.192  -9.448  -24.132 0.5714285970
66263  -34.142  -11.945  -25.040 0.8571428657
65209  -33.875  -12.761  -24.885 0.8571428657
68488  -34.757  -9.413  -24.743 0.7142857313
133881  -34.432  -9.967  -24.884 0.7142857313
66276  -34.198  -11.153  -25.229 0.8571428657
67376  -34.156  -10.367  -25.268 0.7142857313
70675  -34.305  -7.993  -25.297 0.8571428657
140588  -34.877  -8.174  -24.656 0.5714285970
68500  -34.250  -9.516  -25.287 0.8571428657
143146  -33.775  -9.340  -25.728 0.8571428657
67375  -33.886  -10.871  -25.750 0.8571428657
71858  -33.192  -6.884  -26.287 0.8571428657
138225  -33.595  -6.497  -25.721 0.8571428657
73890  -32.829  -4.750  -26.378 0.8571428657
69619  -34.056  -8.775  -25.569 0.8571428657
142061  -33.096  -6.150  -26.166 0.8571428657
71874  -32.294  -6.702  -27.283 1.0000000000
72914  -32.744  -5.580  -26.484 1.0000000000
70691  -33.140  -7.768  -26.332 0.8571428657
70690  -32.705  -7.168  -26.762 1.0000000000
73905  -31.881  -4.916  -27.479 1.0000000000
73937  -30.953  -3.967  -28.995 0.7142857313
128291  -32.372  -5.044  -26.868 1.0000000000
141947  -31.773  -5.567  -27.632 1.0000000000
74770  -32.042  -3.979  -27.718 1.0000000000
76487  -31.860  -1.824  -29.915 1.0000000000
75648  -31.113  -2.266  -30.584 0.8571428657
77476  -31.485  -1.456  -32.306 0.8571428657
76502  -31.704  -1.711  -31.033 1.0000000000
78446  -31.964  0.586  -33.410 0.8571428657
77490  -32.094  -0.882  -32.891 0.8571428657
79482  -31.146  1.479  -33.556 0.8571428657
79483  -31.959  1.302  -33.380 0.8571428657
80635  -31.293  2.387  -33.413 0.7142857313
80633  -29.557  2.132  -33.451 0.5714285970
80616  -29.945  2.952  -32.728 0.7142857313
80618  -31.939  2.821  -32.411 0.5714285970
81610  -28.065  3.564  -32.336 0.5714285970
80615  -28.846  2.822  -32.788 0.5714285970
81596  -27.483  4.309  -32.155 0.4285714328
81597  -29.244  4.076  -30.854 0.4285714328
81599  -30.896  3.914  -30.963 0.4285714328
81574  -27.384  5.074  -29.801 0.2857142985
82516  -26.851  5.394  -29.040 0.2857142985
81573  -26.421  5.545  -30.028 0.2857142985
83368  -26.496  5.527  -28.277 0.2857142985
52439  -28.496  -24.276  -16.891 0.2857142985
64272  -34.133  -13.859  -22.243 0.5714285970
69601  -35.157  -8.814  -24.487 0.5714285970
67363  -34.426  -10.612  -24.733 0.7142857313
67364  -34.723  -10.030  -24.368 0.7142857313
69620  -34.607  -8.804  -25.040 0.8571428657
125981  -34.221  -7.022  -25.281 0.8571428657
72897  -33.430  -5.431  -25.754 0.8571428657
74784  -31.578  -3.537  -28.423 0.8571428657
82490  -28.866  4.846  -26.258 0.1428571492
138064  -27.861  -24.551  -17.285 0.2857142985
54432  -27.760  -23.160  -18.034 0.2857142985
54419  -29.005  -23.062  -16.949 0.2857142985
55375  -30.014  -21.457  -17.571 0.4285714328
54446  -28.188  -22.197  -18.731 0.2857142985
128358  -29.420  -20.911  -19.032 0.4285714328
54433  -28.483  -22.753  -17.613 0.4285714328
56387  -30.543  -20.804  -17.815 0.4285714328
55399  -28.668  -21.361  -19.486 0.5714285970
57460  -30.059  -19.446  -20.983 0.2857142985
58616  -30.734  -18.299  -21.419 0.5714285970
62211  -33.798  -15.752  -19.958 0.4285714328
59815  -31.223  -17.267  -22.278 0.7142857313
62246  -33.479  -15.463  -20.776 0.4285714328
63292  -33.140  -14.882  -22.276 0.7142857313
61099  -31.641  -16.598  -22.868 0.5714285970
66217  -34.944  -11.984  -22.050 0.5714285970
134527  -31.958  -15.699  -23.989 0.5714285970
65166  -34.788  -12.667  -21.792 0.5714285970
64276  -33.971  -13.636  -23.068 0.7142857313
63315  -32.931  -14.638  -24.138 0.8571428657
66264  -34.360  -11.394  -24.475 0.7142857313
69633  -33.380  -8.752  -26.151 1.0000000000
73923  -31.467  -4.442  -28.254 0.8571428657
74795  -30.102  -3.441  -29.795 0.7142857313
74796  -30.954  -3.119  -29.192 1.0000000000
75619  -31.679  -2.794  -28.612 1.0000000000
75631  -30.367  -2.804  -30.186 0.7142857313
75633  -32.153  -2.227  -29.048 1.0000000000
77496  -31.692  -0.369  -33.859 0.8571428657
77477  -32.285  -1.124  -31.608 1.0000000000
79481  -30.246  1.322  -33.716 0.7142857313
126044  -28.474  4.100  -31.337 0.7142857313
81612  -30.398  3.318  -31.592 0.7142857313
142580  -26.868  4.330  -32.721 0.4285714328
81585  -28.827  4.439  -30.366 0.4285714328
81613  -31.412  3.378  -31.671 0.4285714328
81598  -29.982  3.933  -30.888 0.4285714328
82517  -27.793  4.965  -28.782 0.2857142985
82534  -29.672  4.408  -30.259 0.4285714328
58615  -30.280  -18.656  -21.886 0.4285714328
139688  -27.783  4.732  -30.843 0.4285714328
81611  -29.280  3.414  -31.651 0.7142857313
82529  -28.359  4.642  -29.543 0.2857142985
51312  -28.412  -25.907  -16.762 0.4285714328
51313  -29.141  -25.456  -16.505 0.4285714328
51311  -27.610  -25.539  -17.196 0.2857142985
51314  -29.898  -25.134  -16.255 0.4285714328
53410  -28.258  -23.640  -17.357 0.2857142985
54459  -28.260  -21.815  -19.224 0.2857142985
55386  -28.749  -21.634  -18.762 0.4285714328
56406  -29.036  -20.868  -19.960 0.4285714328
121285  -30.416  -18.836  -21.130 0.5714285970
61080  -33.140  -16.225  -20.341 0.4285714328
62257  -32.776  -15.587  -21.820 0.7142857313
61100  -32.265  -16.117  -22.409 0.7142857313
62277  -32.464  -15.242  -23.593 0.5714285970
140539  -34.546  -12.931  -22.126 0.5714285970
65202  -34.465  -12.224  -23.263 0.7142857313
63325  -33.454  -14.046  -24.369 0.8571428657
64284  -33.508  -13.571  -24.948 0.8571428657
126528  -33.720  -8.142  -25.825 0.8571428657
70674  -33.690  -7.388  -25.786 0.8571428657
134442  -33.751  -10.051  -25.635 0.8571428657
72948  -31.332  -5.394  -28.139 1.0000000000
78445  -31.040  0.250  -34.163 0.8571428657
80634  -30.497  2.370  -33.438 0.7142857313
81595  -26.709  4.717  -31.652 0.4285714328
81584  -26.915  5.198  -30.691 0.2857142985
83375  -27.325  5.163  -28.049 0.2857142985
82488  -27.812  4.820  -26.747 0.1428571492
140717  -28.136  -22.587  -18.211 0.2857142985
57476  -29.869  -19.258  -21.649 0.2857142985
85090  -32.715  7.804  -33.064 0.2857142985
85886  -32.330  8.346  -32.460 0.1428571492
84232  -32.647  6.212  -31.240 0.2857142985
85078  -33.046  7.125  -32.836 0.2857142985
137814  -32.646  6.838  -30.973 0.1428571492
85875  -32.449  8.142  -31.673 0.1428571492
82531  -30.324  4.623  -29.447 0.1428571492
82536  -31.419  4.743  -30.580 0.2857142985
82532  -31.217  4.999  -29.753 0.1428571492
84251  -33.372  6.439  -33.399 0.2857142985
84233  -33.124  5.943  -32.009 0.2857142985
81644  -34.617  2.944  -35.068 0.2857142985
82571  -33.642  4.010  -34.090 0.2857142985
85049  -32.455  7.322  -30.328 0.1428571492
82537  -32.111  5.093  -30.995 0.2857142985
80620  -33.256  2.395  -33.853 0.2857142985
83404  -33.085  5.011  -32.322 0.2857142985
83403  -32.681  5.405  -31.540 0.2857142985
79495  -34.672  2.036  -33.495 0.1428571492
81636  -33.738  3.117  -33.975 0.2857142985
82559  -33.459  4.038  -32.919 0.2857142985
84220  -32.533  6.533  -30.366 0.1428571492
82545  -33.011  4.119  -32.211 0.2857142985
82544  -32.496  4.630  -31.594 0.2857142985
81617  -36.969  3.918  -31.854 0.1428571492
129816  -35.762  3.102  -32.991 0.1428571492
81637  -34.286  2.507  -34.671 0.4285714328
81614  -32.328  3.313  -31.873 0.2857142985
78436  -34.229  0.734  -31.359 0.2857142985
79484  -33.621  1.128  -33.739 0.4285714328
80619  -32.802  2.210  -33.874 0.2857142985
79456  -35.340  1.713  -29.541 0.1428571492
79485  -34.261  1.037  -32.148 0.2857142985
80637  -33.476  1.777  -34.235 0.4285714328
78435  -33.637  0.520  -32.133 0.5714285970
78411  -34.536  0.504  -28.740 0.1428571492
79462  -34.823  1.198  -30.049 0.1428571492
78398  -34.660  0.399  -27.801 0.2857142985
78447  -32.694  0.419  -33.179 0.7142857313
76503  -32.539  -1.250  -30.336 0.8571428657
76504  -33.270  -0.838  -30.273 0.8571428657
77492  -33.372  -0.109  -31.590 0.5714285970
78385  -34.861  0.258  -26.840 0.2857142985
129825  -30.856  -0.311  -34.318 0.5714285970
77491  -32.782  -0.533  -32.215 0.8571428657
77441  -35.200  0.005  -25.988 0.1428571492
77457  -33.671  -0.681  -28.964 0.7142857313
77430  -34.760  -0.752  -25.623 0.1428571492
69659  -30.997  -8.450  -28.140 0.5714285970
71873  -31.667  -6.227  -27.766 0.8571428657
124492  -31.083  -6.164  -28.333 0.8571428657
136214  -31.194  -6.985  -28.270 0.4285714328
75632  -31.400  -2.502  -29.566 0.8571428657
74785  -32.145  -2.981  -27.764 0.8571428657
76488  -32.620  -1.609  -29.313 0.8571428657
76438  -34.318  -1.762  -25.444 0.2857142985
76459  -33.126  -1.505  -27.770 0.8571428657
77478  -32.889  -0.621  -31.032 0.8571428657
76428  -34.908  -1.845  -24.658 0.4285714328
77439  -33.645  -1.039  -26.962 0.7142857313
77448  -33.547  -0.755  -27.938 0.7142857313
136683  -30.881  -9.049  -28.249 0.2857142985
70699  -31.803  -7.073  -27.677 0.5714285970
69644  -31.491  -7.881  -27.782 0.5714285970
72932  -32.249  -5.775  -27.212 0.8571428657
76458  -32.678  -2.259  -27.695 0.8571428657
76473  -32.648  -1.894  -28.419 0.8571428657
76437  -33.761  -2.349  -25.872 0.4285714328
75587  -33.439  -2.579  -26.464 0.8571428657
75563  -34.508  -2.529  -24.794 0.4285714328
64298  -32.360  -13.933  -26.438 0.7142857313
65232  -31.794  -12.451  -27.684 0.4285714328
65217  -32.889  -13.115  -26.381 0.7142857313
66286  -33.438  -11.329  -26.201 0.8571428657
66297  -32.360  -11.619  -27.220 0.5714285970
67398  -31.297  -10.530  -27.896 0.5714285970
123274  -32.637  -10.092  -26.506 0.8571428657
68521  -32.110  -9.597  -27.063 0.5714285970
68520  -31.571  -8.964  -27.672 0.5714285970
69632  -32.604  -8.318  -26.754 0.7142857313
138946  -32.038  -8.327  -27.315 0.5714285970
73891  -33.347  -4.349  -25.888 0.7142857313
74753  -32.888  -3.860  -26.464 0.7142857313
142945  -32.891  -3.334  -26.726 0.8571428657
73862  -34.936  -4.399  -24.107 0.2857142985
73877  -34.297  -4.070  -24.789 0.4285714328
74725  -34.171  -3.257  -25.123 0.5714285970
62286  -32.292  -15.214  -24.419 0.4285714328
63333  -32.393  -14.583  -25.623 0.4285714328
64297  -31.530  -13.956  -27.042 0.4285714328
66275  -33.872  -11.634  -25.695 0.7142857313
65218  -33.329  -12.211  -26.154 0.7142857313
68508  -32.707  -9.212  -26.605 0.8571428657
133709  -34.090  -6.118  -25.189 0.7142857313
72883  -35.237  -5.352  -24.055 0.2857142985
72898  -34.105  -5.377  -25.118 0.5714285970
61122  -31.092  -16.073  -25.810 0.5714285970
125463  -33.779  -12.308  -25.493 0.7142857313
142393  -35.095  -7.754  -24.414 0.4285714328
71823  -34.685  -6.651  -24.687 0.4285714328
72882  -34.648  -5.782  -24.656 0.4285714328
59814  -30.565  -17.800  -22.850 0.5714285970
64253  -35.059  -13.016  -21.128 0.4285714328
68467  -35.442  -9.528  -23.329 0.4285714328
67344  -35.026  -10.118  -23.652 0.4285714328
69575  -35.814  -8.910  -22.962 0.4285714328
69602  -35.430  -8.077  -24.102 0.4285714328
56397  -31.078  -20.184  -18.108 0.1428571492
66230  -35.018  -11.310  -22.341 0.4285714328
67328  -35.302  -10.616  -22.286 0.4285714328
68452  -35.654  -9.717  -22.397 0.4285714328
57439  -31.492  -19.623  -18.293 0.1428571492
58577  -31.628  -19.027  -18.791 0.1428571492
59773  -33.118  -17.169  -19.187 0.2857142985
63251  -35.504  -14.144  -19.531 0.2857142985
66183  -35.984  -11.997  -20.129 0.2857142985
65148  -35.538  -12.569  -20.592 0.2857142985
62247  -34.222  -15.035  -20.313 0.4285714328
66200  -36.000  -11.188  -20.377 0.2857142985
64232  -34.830  -13.654  -21.053 0.2857142985
67294  -35.718  -11.019  -20.969 0.2857142985
66218  -35.352  -11.322  -21.588 0.4285714328
57426  -31.730  -19.926  -17.654 0.1428571492
57440  -32.014  -19.244  -17.982 0.1428571492
56396  -30.322  -20.425  -18.713 0.1428571492
58578  -32.368  -18.571  -18.360 0.2857142985
59752  -32.729  -17.834  -18.726 0.2857142985
62190  -34.745  -15.650  -18.836 0.2857142985
62213  -35.137  -14.939  -19.160 0.2857142985
61047  -34.115  -16.051  -19.230 0.2857142985
59731  -34.395  -17.376  -17.441 0.2857142985
58566  -32.724  -18.937  -17.642 0.2857142985
59753  -34.074  -16.996  -18.130 0.2857142985
58579  -33.428  -17.403  -18.439 0.2857142985
58588  -32.073  -18.290  -19.132 0.2857142985
61019  -33.735  -16.701  -18.828 0.2857142985
55376  -30.730  -21.310  -17.134 0.1428571492
54435  -30.238  -21.984  -16.881 0.2857142985
56388  -31.327  -20.656  -17.289 0.1428571492
50181  -29.126  -26.218  -16.348 0.2857142985
50162  -29.061  -26.860  -15.849 0.2857142985
54421  -30.658  -22.588  -16.386 0.2857142985
50163  -29.968  -26.415  -15.842 0.1428571492
49053  -28.304  -27.288  -15.782 0.2857142985
49052  -27.561  -27.708  -15.691 0.1428571492
58567  -33.926  -18.156  -17.165 0.2857142985
61020  -34.419  -16.347  -18.504 0.2857142985
64217  -35.891  -13.456  -19.569 0.2857142985
66199  -35.592  -11.715  -20.797 0.2857142985
67295  -36.037  -10.535  -20.722 0.2857142985
65226  -32.643  -12.421  -26.971 0.7142857313
68438  -35.750  -10.345  -21.488 0.4285714328
69645  -32.209  -8.876  -27.092 0.5714285970
70660  -34.720  -7.476  -24.725 0.4285714328
71824  -35.254  -6.280  -24.164 0.2857142985
73847  -35.500  -4.715  -23.513 0.2857142985
73861  -34.515  -4.938  -24.677 0.5714285970
74754  -33.390  -3.656  -26.043 0.7142857313
77497  -32.470  -0.252  -33.112 0.7142857313
74726  -34.778  -3.352  -24.171 0.2857142985
76489  -33.237  -1.098  -29.569 0.8571428657
77449  -34.186  -0.273  -27.388 0.5714285970
78426  -34.436  0.658  -30.559 0.4285714328
84207  -32.318  6.949  -29.579 0.1428571492
80647  -34.042  2.046  -34.294 0.2857142985
83422  -33.723  5.345  -34.000 0.2857142985
142268  -29.750  -25.817  -16.244 0.1428571492
52442  -30.922  -24.114  -15.974 0.1428571492
55362  -30.995  -21.837  -16.586 0.1428571492
57427  -32.419  -19.628  -17.313 0.1428571492
57428  -33.123  -19.340  -17.013 0.1428571492
59772  -32.432  -17.586  -19.491 0.2857142985
63231  -35.840  -14.541  -18.643 0.2857142985
61046  -33.448  -16.461  -19.578 0.2857142985
64203  -36.191  -13.782  -18.968 0.2857142985
62285  -31.642  -15.798  -24.861 0.5714285970
62212  -34.473  -15.344  -19.565 0.2857142985
63337  -30.799  -14.683  -27.013 0.2857142985
67312  -36.280  -9.684  -20.887 0.2857142985
66296  -30.838  -12.011  -27.954 0.4285714328
68439  -36.045  -9.559  -21.696 0.4285714328
69658  -30.354  -8.593  -28.702 0.2857142985
68532  -31.064  -9.718  -28.093 0.5714285970
67399  -32.067  -10.578  -27.216 0.7142857313
70712  -30.763  -7.807  -28.414 0.2857142985
69576  -36.226  -8.255  -22.665 0.1428571492
70648  -35.838  -7.462  -23.600 0.4285714328
70649  -36.286  -6.958  -23.210 0.1428571492
74771  -32.512  -3.534  -27.082 0.8571428657
138368  -35.694  -5.979  -23.615 0.1428571492
75575  -34.066  -2.620  -25.434 0.5714285970
76447  -33.705  -1.790  -26.308 0.7142857313
77422  -35.909  -0.944  -24.633 0.2857142985
77431  -35.724  -0.405  -25.198 0.1428571492
82530  -29.357  4.499  -29.363 0.2857142985
77440  -34.446  -0.471  -26.469 0.4285714328
76439  -35.185  -1.185  -24.943 0.4285714328
78386  -35.658  0.613  -26.453 0.1428571492
77480  -34.233  -0.077  -30.235 0.5714285970
78400  -36.194  1.233  -26.900 0.1428571492
78412  -35.084  1.038  -28.208 0.1428571492
79455  -34.916  1.148  -29.121 0.1428571492
83389  -31.723  5.689  -29.131 0.1428571492
78425  -34.020  0.153  -31.085 0.5714285970
79446  -35.481  1.669  -28.611 0.1428571492
79463  -35.275  1.650  -30.572 0.1428571492
79494  -34.031  1.456  -34.089 0.2857142985
79472  -35.132  1.526  -31.838 0.2857142985
80606  -35.679  2.281  -30.928 0.1428571492
80622  -36.099  3.007  -31.117 0.1428571492
81616  -36.038  3.250  -32.002 0.1428571492
81645  -35.062  3.043  -35.050 0.2857142985
126783  -35.335  2.926  -34.263 0.1428571492
52420  -31.537  -24.785  -15.781 0.1428571492
56377  -31.873  -20.957  -16.654 0.1428571492
65133  -36.380  -13.035  -19.145 0.2857142985
74715  -35.424  -3.918  -23.390 0.2857142985
136296  -36.953  4.134  -32.834 0.1428571492
81649  -34.814  3.525  -35.464 0.2857142985
132344  -27.759  -26.281  -16.888 0.2857142985
52419  -30.705  -24.947  -15.989 0.1428571492
53399  -30.356  -23.426  -16.247 0.1428571492
58587  -31.529  -18.637  -19.453 0.2857142985
63276  -34.704  -14.257  -20.608 0.4285714328
64283  -33.025  -13.793  -25.695 0.5714285970
139001  -32.565  -14.765  -24.844 0.4285714328
126552  -35.534  -8.827  -23.781 0.4285714328
64289  -33.454  -12.981  -25.610 0.7142857313
68499  -33.242  -9.667  -26.065 0.7142857313
144599  -32.657  -7.712  -26.745 0.8571428657
73906  -32.337  -4.323  -26.925 0.8571428657
135592  -32.033  2.219  -33.667 0.5714285970
144049  -32.499  2.805  -32.697 0.2857142985
82543  -31.842  4.156  -31.297 0.2857142985
59804  -30.684  -18.013  -22.064 0.5714285970
70700  -32.261  -7.593  -27.227 0.5714285970
82535  -30.553  4.503  -30.337 0.2857142985
133788  -32.490  3.925  -31.824 0.2857142985
67388  -33.309  -10.509  -26.097 0.8571428657
84250  -32.807  6.793  -31.876 0.2857142985
85077  -32.732  7.662  -32.196 0.1428571492
85064  -32.595  7.495  -31.292 0.1428571492
83400  -32.371  5.853  -30.669 0.2857142985
137739  -33.186  6.399  -32.569 0.2857142985
83399  -31.981  5.476  -30.095 0.1428571492
81643  -34.064  3.118  -34.973 0.2857142985
81627  -33.300  3.270  -33.159 0.2857142985
129796  -33.739  2.292  -34.255 0.2857142985
142866  -32.844  4.807  -31.883 0.2857142985
83414  -33.376  4.836  -33.218 0.2857142985
80649  -35.224  2.556  -33.781 0.1428571492
81628  -36.359  3.565  -32.610 0.1428571492
79486  -35.110  1.853  -32.624 0.1428571492
81638  -35.940  3.609  -33.376 0.1428571492
80656  -34.852  2.624  -34.659 0.1428571492
79471  -34.657  1.170  -31.028 0.1428571492
78448  -32.896  0.721  -33.056 0.5714285970
80636  -32.752  1.719  -33.980 0.5714285970
80596  -35.761  2.291  -29.948 0.1428571492
78420  -34.517  0.536  -29.673 0.1428571492
137189  -34.459  1.396  -33.170 0.2857142985
80621  -35.579  2.431  -31.847 0.2857142985
78434  -33.029  0.103  -32.505 0.7142857313
77468  -34.141  -0.090  -29.316 0.4285714328
77458  -34.068  -0.118  -28.350 0.5714285970
77467  -33.767  -0.583  -29.848 0.7142857313
77479  -33.640  -0.379  -30.672 0.7142857313
76448  -34.158  -1.173  -26.155 0.4285714328
76474  -33.138  -1.262  -28.650 0.8571428657
75586  -32.910  -2.842  -27.040 0.8571428657
75603  -33.279  -2.011  -27.068 0.8571428657
134001  -33.243  -3.220  -26.452 0.7142857313
63338  -31.718  -14.734  -26.456 0.5714285970
65225  -32.212  -13.239  -27.220 0.4285714328
66285  -32.937  -11.706  -26.634 0.7142857313
67387  -32.820  -10.979  -26.648 0.7142857313
125056  -31.558  -11.398  -27.722 0.4285714328
125421  -31.599  -9.870  -27.538 0.5714285970
66301  -30.738  -11.204  -28.209 0.2857142985
73876  -33.898  -4.658  -25.293 0.5714285970
74738  -33.745  -3.835  -25.476 0.7142857313
63323  -32.108  -15.124  -25.092 0.5714285970
63332  -31.697  -15.344  -25.772 0.5714285970
127770  -35.295  -7.211  -24.202 0.4285714328
65167  -35.185  -12.224  -21.299 0.4285714328
125739  -35.242  -10.159  -22.933 0.4285714328
69586  -35.877  -8.184  -23.388 0.4285714328
64233  -35.374  -13.529  -20.327 0.2857142985
63277  -35.125  -14.134  -20.095 0.2857142985
63250  -34.833  -14.617  -19.861 0.2857142985
56389  -32.083  -20.286  -16.967 0.1428571492
140786  -33.155  -18.152  -17.897 0.2857142985
59730  -33.755  -17.574  -17.778 0.2857142985
49054  -29.812  -27.252  -15.356 0.1428571492
122148  -28.938  -27.438  -15.425 0.1428571492
49055  -30.556  -26.842  -15.428 0.1428571492
71811  -35.779  -6.692  -23.635 0.2857142985
51292  -30.436  -25.693  -15.974 0.1428571492
83388  -30.907  5.127  -28.731 0.1428571492
144188  -29.717  -1.137  -33.495 0.5714285970
76522  -30.403  -2.196  -32.524 0.4285714328
76521  -29.541  -1.637  -33.375 0.4285714328
119203  -30.413  -1.461  -32.966 0.5714285970
75647  -30.294  -2.569  -31.240 0.4285714328
76501  -30.825  -1.972  -31.682 0.5714285970
77489  -30.993  -0.934  -33.293 0.4285714328
123416  -29.648  -3.900  -30.354 0.4285714328
74794  -29.652  -3.157  -30.955 0.4285714328
73922  -30.643  -4.818  -28.732 0.5714285970
66166  -36.614  -11.103  -19.147 0.1428571492
66184  -36.286  -11.389  -19.787 0.1428571492
132661  -36.415  -10.413  -19.912 0.1428571492
56420  -28.692  -20.842  -20.582 0.2857142985
65132  -35.971  -12.815  -19.870 0.1428571492
66128  -37.807  -11.496  -17.090 0.1428571492
125453  -36.808  -11.767  -18.684 0.1428571492
67244  -38.226  -10.364  -17.234 0.1428571492
66167  -37.024  -11.092  -18.323 0.1428571492
68366  -38.838  -9.726  -17.258 0.1428571492
55410  -28.418  -21.252  -20.198 0.2857142985
126439  -36.474  -14.070  -18.373 0.1428571492
65104  -37.245  -12.731  -17.973 0.1428571492
66143  -37.350  -11.910  -17.989 0.1428571492
66146  -39.480  -10.992  -16.354 0.1428571492
65084  -37.634  -12.402  -17.047 0.1428571492
67265  -41.416  -10.132  -18.094 0.1428571492
67246  -40.100  -10.242  -16.721 0.1428571492
68369  -40.826  -9.705  -17.907 0.1428571492
140019  -27.856  -21.532  -20.411 0.2857142985
60997  -35.394  -16.347  -17.428 0.1428571492
62179  -36.226  -15.218  -17.486 0.1428571492
62192  -35.885  -15.052  -18.063 0.1428571492
61021  -35.047  -15.991  -18.129 0.1428571492
63232  -36.370  -14.589  -17.940 0.1428571492
64167  -37.659  -13.129  -16.552 0.1428571492
121539  -36.906  -14.015  -17.749 0.1428571492
65085  -38.259  -12.534  -15.934 0.1428571492
64185  -37.283  -13.298  -17.475 0.1428571492
66130  -39.733  -11.720  -15.908 0.1428571492
66131  -41.021  -11.540  -16.463 0.1428571492
67248  -41.651  -10.824  -17.554 0.1428571492
66147  -40.910  -10.760  -16.744 0.1428571492
55398  -28.046  -21.687  -19.812 0.2857142985
54458  -27.657  -22.273  -19.448 0.2857142985
53430  -27.042  -22.918  -19.417 0.2857142985
60975  -35.802  -16.714  -16.712 0.1428571492
60998  -36.030  -15.929  -17.079 0.1428571492
62163  -36.643  -15.427  -16.786 0.1428571492
130476  -37.798  -14.303  -16.054 0.1428571492
63213  -36.780  -14.671  -17.179 0.1428571492
64168  -38.845  -13.291  -15.490 0.1428571492
141077  -40.482  -11.839  -16.099 0.1428571492
65086  -39.298  -12.423  -15.592 0.1428571492
66168  -42.841  -11.319  -18.969 0.1428571492
136116  -42.346  -11.298  -18.146 0.1428571492
59732  -35.091  -17.068  -17.070 0.1428571492
59707  -34.733  -17.804  -16.729 0.1428571492
60976  -36.646  -16.320  -16.360 0.1428571492
59709  -36.347  -17.253  -16.125 0.1428571492
62148  -38.613  -15.549  -15.527 0.1428571492
63180  -39.033  -14.869  -15.472 0.1428571492
63193  -37.362  -14.933  -16.424 0.1428571492
65105  -41.598  -12.096  -16.939 0.1428571492
64170  -40.751  -13.252  -15.911 0.1428571492
66149  -42.116  -11.802  -17.595 0.1428571492
58549  -35.254  -18.312  -16.178 0.1428571492
140500  -33.345  -18.727  -17.300 0.1428571492
125229  -37.338  -18.434  -15.251 0.1428571492
59679  -36.864  -17.848  -15.602 0.1428571492
59708  -35.538  -17.531  -16.445 0.1428571492
60953  -37.213  -17.043  -15.714 0.1428571492
62150  -40.251  -15.656  -15.548 0.1428571492
60955  -38.988  -16.266  -15.318 0.1428571492
63181  -39.947  -14.908  -15.444 0.1428571492
63196  -40.476  -14.192  -15.685 0.1428571492
65088  -41.053  -12.450  -16.303 0.1428571492
63195  -39.480  -14.106  -15.414 0.1428571492
122659  -37.881  -19.061  -14.867 0.1428571492
58529  -36.557  -18.577  -15.467 0.1428571492
58528  -35.781  -18.817  -15.669 0.1428571492
59682  -39.651  -17.823  -15.262 0.1428571492
58530  -38.749  -18.805  -14.928 0.1428571492
60956  -39.839  -16.373  -15.369 0.1428571492
129803  -39.325  -17.085  -15.239 0.1428571492
63197  -41.203  -13.986  -16.333 0.1428571492
132524  -40.541  -15.041  -15.718 0.1428571492
59680  -37.746  -17.763  -15.323 0.1428571492
132009  -38.231  -16.103  -15.549 0.1428571492
62191  -35.396  -15.315  -18.455 0.1428571492
128960  -42.814  -11.996  -18.369 0.1428571492
67283  -42.838  -10.959  -19.856 0.1428571492
66148  -41.484  -11.343  -16.985 0.1428571492
66129  -38.913  -11.709  -16.016 0.1428571492
135358  -40.305  -11.134  -16.305 0.1428571492
138281  -36.403  -12.115  -19.341 0.1428571492
67262  -36.908  -10.387  -18.694 0.1428571492
54445  -27.607  -22.759  -18.725 0.2857142985
140598  -41.308  -13.267  -16.470 0.1428571492
65106  -42.057  -12.559  -17.419 0.1428571492
67297  -43.577  -11.368  -20.812 0.1428571492
73936  -30.075  -4.297  -29.496 0.4285714328
67282  -42.349  -10.597  -19.158 0.1428571492
67266  -42.089  -10.668  -18.437 0.1428571492
68368  -40.247  -9.630  -17.487 0.1428571492
68400  -36.828  -9.778  -19.159 0.1428571492
77488  -30.048  -0.599  -34.025 0.4285714328
78433  -30.191  0.140  -34.335 0.4285714328
141484  -35.551  4.538  -35.733 0.1428571492
82592  -34.663  4.304  -35.862 0.1428571492
60996  -34.718  -16.666  -17.762 0.1428571492
138770  -36.329  -9.054  -21.510 0.1428571492
68453  -36.147  -8.976  -22.195 0.1428571492
66144  -37.507  -10.996  -17.552 0.1428571492
66145  -38.553  -11.015  -16.621 0.1428571492
140557  -38.239  -11.804  -16.467 0.1428571492
65121  -36.811  -12.510  -18.591 0.1428571492
67245  -39.167  -10.209  -16.749 0.1428571492
67263  -37.419  -10.315  -17.931 0.1428571492
67264  -38.124  -9.584  -17.682 0.1428571492
64204  -36.787  -13.371  -18.359 0.1428571492
67247  -40.871  -10.179  -17.378 0.1428571492
62178  -35.633  -15.627  -17.754 0.1428571492
63214  -37.389  -13.995  -16.798 0.1428571492
128526  -37.975  -13.515  -15.907 0.1428571492
65087  -40.238  -12.434  -15.740 0.1428571492
63194  -38.505  -14.152  -15.590 0.1428571492
63179  -38.148  -14.901  -15.816 0.1428571492
64169  -39.905  -13.247  -15.453 0.1428571492
58548  -34.483  -18.616  -16.481 0.1428571492
58550  -36.028  -18.045  -15.870 0.1428571492
62147  -37.779  -15.554  -15.859 0.1428571492
62149  -39.481  -15.604  -15.406 0.1428571492
62164  -37.164  -15.694  -16.280 0.1428571492
124280  -38.101  -18.400  -15.028 0.1428571492
60954  -38.270  -16.913  -15.380 0.1428571492
59681  -38.784  -17.908  -15.049 0.1428571492
49051  -26.722  -27.979  -15.894 0.1428571492
49068  -27.715  -27.184  -16.192 0.1428571492
49066  -26.120  -27.787  -16.581 0.1428571492
50178  -26.617  -27.097  -17.019 0.1428571492
50179  -27.404  -26.839  -16.695 0.1428571492
51323  -26.686  -25.750  -17.647 0.1428571492
52452  -27.078  -24.918  -17.755 0.1428571492
52463  -26.677  -24.464  -18.502 0.1428571492
53409  -27.433  -24.049  -17.941 0.1428571492
52451  -26.259  -25.210  -18.214 0.1428571492
53419  -26.244  -24.029  -19.150 0.1428571492
53420  -27.068  -23.602  -18.813 0.1428571492
54457  -26.366  -22.831  -19.948 0.1428571492
54470  -27.428  -21.984  -20.208 0.1428571492
54469  -26.707  -22.180  -20.449 0.1428571492
55409  -27.263  -21.552  -20.902 0.2857142985
56419  -28.104  -21.148  -20.874 0.1428571492
56436  -27.627  -20.812  -21.537 0.2857142985
57495  -29.253  -19.604  -22.146 0.2857142985
61108  -30.595  -17.169  -24.222 0.4285714328
61109  -31.388  -16.415  -23.912 0.4285714328
61117  -30.900  -16.658  -25.041 0.4285714328
72947  -30.526  -5.675  -28.724 0.2857142985
72961  -29.863  -5.169  -29.341 0.2857142985
75661  -28.734  -2.892  -33.162 0.2857142985
76520  -28.921  -2.112  -33.489 0.2857142985
138560  -29.169  -0.821  -33.669 0.4285714328
55419  -26.791  -21.153  -21.413 0.1428571492
57475  -29.436  -19.938  -21.316 0.1428571492
52462  -25.844  -24.680  -18.770 0.1428571492
53428  -25.711  -23.391  -19.560 0.1428571492
55408  -26.270  -21.606  -20.917 0.1428571492
56449  -27.577  -20.178  -22.204 0.2857142985
57474  -28.822  -20.092  -21.883 0.2857142985
56450  -28.232  -20.323  -21.927 0.2857142985
57494  -28.446  -19.792  -22.481 0.2857142985
58632  -29.730  -19.023  -22.416 0.2857142985
125539  -30.175  -18.443  -22.628 0.4285714328
136950  -30.071  -18.220  -23.239 0.4285714328
59830  -29.967  -17.621  -24.250 0.2857142985
125037  -30.514  -7.203  -28.720 0.2857142985
128698  -29.922  -6.158  -29.377 0.2857142985
72960  -29.342  -5.686  -30.337 0.2857142985
73935  -29.414  -4.649  -30.204 0.2857142985
75645  -29.724  -3.536  -32.892 0.2857142985
74824  -28.648  -3.920  -33.162 0.2857142985
75662  -29.876  -2.741  -33.197 0.2857142985
71885  -30.515  -6.519  -28.735 0.2857142985
71899  -30.023  -6.984  -29.266 0.2857142985
123270  -29.236  -4.969  -31.078 0.2857142985
74808  -29.497  -4.240  -32.507 0.2857142985
73950  -29.651  -4.281  -31.443 0.2857142985
75646  -30.252  -3.164  -32.442 0.2857142985
72972  -28.844  -5.574  -31.343 0.2857142985
73949  -29.140  -4.898  -31.900 0.2857142985
59824  -30.293  -17.723  -23.632 0.4285714328
50188  -27.072  -26.373  -17.219 0.1428571492
74809  -29.980  -3.782  -32.217 0.2857142985
56437  -28.618  -20.552  -21.278 0.1428571492
130227  -27.051  -22.515  -19.982 0.1428571492
50187  -26.226  -26.538  -17.511 0.1428571492
53429  -26.501  -23.402  -19.437 0.1428571492
56435  -26.777  -20.529  -21.851 0.2857142985
58633  -29.613  -18.695  -23.114 0.4285714328
72984  -28.273  -5.368  -32.036 0.2857142985
61121  -30.320  -16.472  -25.719 0.2857142985
62296  -31.098  -15.454  -26.442 0.2857142985
85141  -31.772  7.075  -37.969 0.1428571492
85131  -33.589  7.608  -37.554 0.1428571492
84276  -33.664  6.415  -35.823 0.1428571492
83431  -34.246  5.129  -35.991 0.1428571492
82591  -34.247  4.312  -35.599 0.1428571492
85931  -32.215  8.556  -38.039 0.1428571492
85091  -33.059  7.255  -33.878 0.1428571492
85904  -31.017  8.321  -35.055 0.1428571492
83432  -34.686  5.080  -36.454 0.1428571492
84293  -34.320  6.819  -37.394 0.1428571492
82581  -34.393  3.530  -35.434 0.1428571492
84285  -34.276  6.238  -36.531 0.1428571492
82580  -33.946  4.055  -35.089 0.1428571492
84265  -33.482  6.395  -34.556 0.1428571492
85114  -32.273  7.524  -35.964 0.1428571492
85100  -31.686  7.701  -35.598 0.1428571492
85101  -32.407  7.553  -34.723 0.1428571492
139364  -32.453  7.784  -33.833 0.1428571492
85896  -32.103  8.361  -33.376 0.1428571492
83425  -33.971  5.246  -35.238 0.1428571492
85130  -32.960  7.862  -37.068 0.1428571492
84292  -33.629  7.213  -36.746 0.1428571492
85115  -33.031  7.467  -36.217 0.1428571492
85930  -31.512  7.705  -37.765 0.1428571492
85102  -33.104  7.201  -35.133 0.1428571492
71914  -28.860  -6.830  -30.195 0.1428571492
71898  -29.395  -6.661  -29.901 0.1428571492
123307  -28.829  -6.280  -30.671 0.1428571492
73961  -28.423  -4.676  -32.675 0.1428571492
74807  -26.076  -4.108  -31.947 0.1428571492
74822  -26.329  -3.648  -32.589 0.1428571492
74823  -27.319  -4.255  -33.096 0.1428571492
75658  -25.934  -2.684  -32.005 0.1428571492
75659  -26.772  -2.576  -32.627 0.1428571492
76517  -26.106  -1.657  -32.154 0.2857142985
126484  -30.925  -12.743  -27.925 0.1428571492
68541  -29.665  -9.234  -29.068 0.1428571492
70726  -29.568  -7.469  -29.550 0.1428571492
75564  -35.165  -2.407  -24.156 0.1428571492
75660  -27.558  -3.299  -33.134 0.1428571492
76519  -28.041  -1.938  -33.389 0.1428571492
76518  -27.107  -1.742  -32.888 0.1428571492
77485  -26.664  -0.756  -32.661 0.2857142985
78430  -27.618  0.305  -33.135 0.2857142985
80605  -25.215  3.704  -32.392 0.2857142985
81592  -23.597  3.899  -31.068 0.2857142985
81594  -25.564  4.683  -31.762 0.2857142985
82487  -25.790  6.539  -26.373 0.1428571492
78431  -28.425  -0.306  -33.453 0.2857142985
127295  -27.002  0.027  -32.851 0.2857142985
79470  -29.317  0.976  -33.845 0.2857142985
79469  -26.389  2.434  -32.954 0.2857142985
80612  -25.479  2.780  -32.710 0.2857142985
80614  -27.740  2.827  -32.818 0.2857142985
80613  -26.290  3.603  -32.971 0.2857142985
80604  -23.716  3.086  -31.978 0.2857142985
81609  -27.033  3.953  -32.997 0.2857142985
135080  -25.400  6.103  -30.518 0.1428571492
132355  -23.898  5.347  -30.972 0.2857142985
82518  -28.814  4.796  -28.445 0.1428571492
82502  -28.754  4.609  -27.207 0.1428571492
79460  -22.694  2.100  -31.954 0.1428571492
81572  -24.617  6.343  -30.186 0.1428571492
81571  -23.546  5.588  -29.911 0.2857142985
125937  -24.943  6.525  -28.909 0.1428571492
82514  -24.238  6.451  -28.977 0.1428571492
141836  -25.673  -2.147  -31.739 0.2857142985
82512  -22.433  4.552  -28.268 0.1428571492
82498  -23.931  6.351  -27.897 0.1428571492
75628  -23.996  -2.162  -29.098 0.1428571492
73848  -36.046  -4.552  -23.016 0.1428571492
68531  -30.392  -9.548  -28.632 0.1428571492
69677  -29.074  -7.898  -29.759 0.1428571492
76429  -35.666  -1.595  -24.247 0.1428571492
69676  -28.388  -8.086  -29.797 0.1428571492
71912  -27.511  -6.475  -30.780 0.1428571492
143772  -27.487  -6.033  -31.468 0.1428571492
72983  -27.445  -5.652  -31.894 0.1428571492
137915  -26.382  -4.661  -31.945 0.1428571492
122239  -27.614  -2.521  -33.122 0.1428571492
78429  -25.512  1.085  -32.676 0.1428571492
140385  -26.589  1.111  -33.180 0.2857142985
79467  -24.891  1.901  -32.427 0.1428571492
79468  -25.765  1.858  -32.865 0.1428571492
118790  -23.557  5.962  -27.930 0.1428571492
81570  -22.711  4.888  -29.771 0.2857142985
82513  -23.435  5.887  -28.863 0.1428571492
82499  -24.768  6.716  -27.682 0.1428571492
82515  -25.683  6.149  -29.397 0.1428571492
82486  -24.866  6.962  -26.539 0.1428571492
82500  -25.714  6.132  -27.857 0.1428571492
75557  -35.590  -2.940  -23.493 0.1428571492
76423  -35.803  -2.147  -23.643 0.1428571492
80632  -28.492  1.866  -33.331 0.2857142985
81608  -26.370  4.215  -32.719 0.2857142985
81582  -24.870  5.695  -31.153 0.2857142985
81583  -26.028  5.339  -30.964 0.2857142985
82501  -28.082  4.979  -27.924 0.1428571492
78432  -29.247  -0.017  -34.045 0.2857142985
67407  -30.559  -10.387  -28.451 0.1428571492
141003  -30.058  -10.996  -28.638 0.1428571492
70727  -30.148  -7.735  -29.039 0.1428571492
72868  -35.879  -5.355  -23.258 0.1428571492
77487  -28.534  -1.285  -33.607 0.1428571492
70740  -29.116  -7.229  -29.897 0.1428571492
72971  -28.116  -6.099  -31.402 0.1428571492
71913  -28.285  -6.716  -30.503 0.1428571492
70739  -28.597  -7.362  -30.046 0.1428571492
73960  -27.379  -5.010  -32.522 0.1428571492
73959  -26.491  -4.525  -32.505 0.1428571492
69670  -29.634  -8.308  -29.325 0.1428571492
69669  -28.891  -8.826  -29.475 0.1428571492
77486  -27.608  -0.835  -33.242 0.2857142985
81593  -24.485  4.405  -31.551 0.2857142985
78443  -27.402  0.999  -33.368 0.2857142985
78444  -28.272  0.770  -33.500 0.2857142985
79480  -27.317  1.809  -33.217 0.2857142985
129463  -24.490  2.728  -32.455 0.1428571492
143790  -26.891  3.021  -32.855 0.2857142985
83376  -29.543  5.192  -27.849 0.1428571492
131867  -26.181  0.240  -32.672 0.1428571492
57473  -25.889  -20.171  -21.927 0.1428571492
57493  -27.537  -19.496  -22.776 0.1428571492
57491  -25.586  -19.381  -22.505 0.1428571492
58628  -25.715  -18.691  -23.092 0.1428571492
58640  -26.525  -18.442  -23.463 0.1428571492
59820  -26.542  -17.685  -23.955 0.1428571492
58630  -27.444  -18.742  -23.377 0.1428571492
58631  -29.098  -19.253  -22.872 0.1428571492
59827  -27.402  -17.258  -24.430 0.1428571492
59822  -28.703  -18.168  -23.998 0.1428571492
59823  -29.587  -18.178  -23.777 0.1428571492
59829  -29.286  -17.622  -24.408 0.1428571492
61114  -27.979  -16.798  -24.919 0.1428571492
61116  -30.012  -17.169  -24.992 0.1428571492
64302  -30.607  -13.876  -27.502 0.1428571492
77475  -25.577  -0.963  -31.835 0.1428571492
57502  -28.339  -19.150  -23.122 0.1428571492
55418  -26.075  -20.906  -21.467 0.1428571492
58629  -26.588  -19.106  -22.941 0.1428571492
81581  -22.732  4.263  -30.549 0.1428571492
64303  -31.321  -13.275  -27.702 0.1428571492
57492  -26.665  -19.821  -22.382 0.1428571492
58642  -28.985  -18.771  -23.487 0.1428571492
143788  -27.048  -18.247  -23.727 0.1428571492
59821  -27.675  -18.060  -23.982 0.1428571492
58641  -28.257  -18.601  -23.597 0.1428571492
59828  -28.322  -17.505  -24.484 0.1428571492
61115  -28.915  -16.961  -24.938 0.1428571492
56434  -25.271  -20.477  -21.389 0.1428571492
50164  -30.900  -26.261  -15.617 0.1428571492
60977  -37.500  -16.249  -15.808 0.1428571492
62165  -40.837  -15.625  -15.996 0.1428571492
62295  -30.461  -15.363  -26.805 0.2857142985
71857  -32.692  -6.375  -26.685 1.0000000000
75574  -33.664  -3.081  -25.851 0.7142857313
75620  -32.237  -2.456  -28.262 0.8571428657
80617  -30.914  2.929  -32.629 0.7142857313
80638  -35.444  2.523  -32.757 0.1428571492
80648  -34.564  2.374  -34.265 0.2857142985
81615  -32.929  3.131  -32.496 0.2857142985
83390  -32.268  6.183  -29.735 0.1428571492
118789  -22.515  4.780  -27.203 0.1428571492
133056  -33.371  5.734  -32.855 0.2857142985
137366  -37.968  -10.922  -17.060 0.1428571492
143745  -35.541  3.011  -33.620 0.1428571492
144472  -36.650  -10.418  -19.231 0.1428571492
