#!ascii label  , from subject sub-v2s15x29732_ses-1 vox2ras=TkReg
1811
6484  27.122  -69.174  -15.452 0.2000000030
108336  27.969  -69.246  -15.814 0.2000000030
125040  26.754  -68.431  -15.644 0.2000000030
113027  27.723  -70.075  -15.546 0.2000000030
6468  24.417  -69.846  -14.721 0.1000000015
120419  28.323  -68.561  -16.101 0.3000000119
7145  27.470  -68.411  -15.874 0.2000000030
115276  26.044  -69.078  -15.174 0.1000000015
6466  26.103  -70.160  -14.696 0.2000000030
6485  24.895  -69.089  -15.097 0.1000000015
7148  24.373  -68.335  -15.594 0.1000000015
6486  24.064  -69.254  -15.159 0.1000000015
7848  23.486  -67.559  -16.350 0.1000000015
7149  23.664  -68.842  -15.662 0.1000000015
116856  23.745  -68.131  -15.944 0.1000000015
8585  23.047  -66.875  -16.636 0.2000000030
7845  26.401  -67.342  -15.573 0.1000000015
8573  25.731  -66.868  -15.460 0.1000000015
111525  24.875  -67.475  -15.730 0.1000000015
7146  26.198  -67.949  -15.646 0.1000000015
7147  25.323  -68.172  -15.511 0.1000000015
8574  24.764  -66.875  -15.672 0.1000000015
8575  23.656  -66.710  -16.034 0.1000000015
9936  22.610  -65.124  -17.097 0.2000000030
8576  22.924  -66.149  -16.274 0.2000000030
120338  23.100  -64.589  -17.607 0.1000000015
8586  22.656  -66.371  -16.944 0.2000000030
10676  24.517  -63.527  -18.075 0.2000000030
9946  24.839  -64.233  -18.587 0.1000000015
10675  25.519  -63.563  -18.511 0.1000000015
8557  24.908  -66.412  -15.071 0.1000000015
10658  23.559  -63.523  -17.356 0.2000000030
111788  24.316  -63.075  -17.632 0.2000000030
11445  25.700  -62.063  -17.735 0.2000000030
11469  25.950  -62.784  -18.254 0.1000000015
10674  26.423  -63.399  -18.682 0.2000000030
125790  24.136  -66.421  -15.467 0.1000000015
8558  23.981  -65.918  -14.918 0.1000000015
9220  23.401  -65.984  -15.579 0.1000000015
9221  22.754  -65.394  -15.729 0.2000000030
10625  22.621  -63.875  -15.580 0.2000000030
10639  22.879  -63.567  -16.388 0.3000000119
12339  26.987  -61.958  -18.224 0.3000000119
11467  27.585  -62.541  -18.652 0.2000000030
10672  28.020  -63.229  -19.106 0.2000000030
9966  27.229  -64.510  -19.514 0.2000000030
11433  23.504  -62.767  -16.496 0.3000000119
9907  22.583  -64.712  -15.544 0.2000000030
12321  26.417  -61.652  -17.612 0.3000000119
12320  27.323  -61.314  -17.502 0.3000000119
127117  28.878  -61.153  -17.350 0.3000000119
12338  27.795  -61.763  -18.265 0.3000000119
127084  28.078  -62.140  -18.601 0.2000000030
10697  28.528  -63.868  -19.502 0.2000000030
13176  28.170  -60.706  -16.164 0.4000000060
12304  26.520  -61.036  -16.770 0.3000000119
12303  27.417  -60.854  -16.705 0.3000000119
11446  24.192  -62.579  -17.176 0.2000000030
12306  24.934  -61.822  -17.065 0.2000000030
12318  29.116  -61.336  -17.838 0.3000000119
11490  28.883  -63.106  -19.303 0.2000000030
12336  29.531  -61.727  -18.435 0.2000000030
11489  29.812  -62.973  -19.384 0.2000000030
13158  29.688  -60.487  -15.347 0.3000000119
107295  27.959  -60.918  -17.026 0.3000000119
12317  29.964  -61.375  -17.766 0.2000000030
125795  30.971  -62.079  -18.652 0.2000000030
12335  30.281  -61.710  -18.353 0.2000000030
120653  31.703  -62.460  -19.007 0.1000000015
11464  30.106  -62.245  -18.927 0.2000000030
10695  30.389  -63.734  -19.749 0.2000000030
11488  30.913  -62.903  -19.372 0.2000000030
13157  30.527  -60.401  -15.532 0.3000000119
13173  30.940  -60.792  -16.142 0.3000000119
13174  30.070  -60.817  -16.103 0.3000000119
13155  32.161  -60.174  -15.846 0.2000000030
124660  31.307  -61.110  -16.850 0.3000000119
13172  32.263  -60.362  -16.455 0.2000000030
12300  30.483  -61.188  -16.858 0.3000000119
12316  31.694  -61.283  -17.531 0.1000000015
12334  31.876  -61.779  -18.319 0.1000000015
11463  32.604  -62.424  -19.025 0.1000000015
12315  32.868  -60.950  -17.918 0.1000000015
11487  32.212  -63.309  -19.574 0.1000000015
118003  31.010  -59.352  -15.389 0.3000000119
13881  31.658  -59.784  -15.549 0.2000000030
13880  32.547  -59.543  -15.709 0.2000000030
14602  33.719  -58.661  -15.722 0.2000000030
15376  34.961  -57.674  -15.470 0.1000000015
13891  32.869  -59.804  -16.078 0.1000000015
14615  33.545  -59.112  -16.076 0.1000000015
13903  32.578  -59.994  -16.947 0.1000000015
13188  32.454  -60.597  -17.279 0.1000000015
12333  32.966  -61.624  -18.501 0.1000000015
120538  33.960  -61.798  -18.955 0.1000000015
14604  31.764  -58.809  -15.493 0.2000000030
14601  34.281  -58.316  -15.837 0.1000000015
113003  34.250  -58.108  -16.607 0.1000000015
119879  32.993  -59.506  -17.008 0.1000000015
14624  33.514  -58.874  -17.311 0.1000000015
13916  33.520  -59.556  -17.958 0.1000000015
13197  34.045  -60.499  -18.619 0.1000000015
13187  33.086  -60.287  -17.719 0.1000000015
15391  35.797  -57.137  -16.064 0.1000000015
13915  34.311  -59.809  -18.741 0.1000000015
12331  34.864  -61.530  -19.193 0.1000000015
15392  35.009  -57.716  -16.057 0.1000000015
7847  24.123  -67.361  -15.941 0.1000000015
7846  25.608  -67.299  -15.649 0.1000000015
9935  23.926  -64.229  -18.145 0.1000000015
16915  32.336  -54.910  -2.584 0.5000000000
16888  32.524  -54.932  -1.971 0.5000000000
17799  32.257  -54.613  -2.038 0.5000000000
16903  31.705  -54.313  -2.188 0.5000000000
16904  30.800  -54.376  -2.495 0.5000000000
108206  30.877  -57.765  -1.924 0.2000000030
119504  31.913  -57.259  -2.135 0.2000000030
15188  31.499  -56.562  -1.718 0.3000000119
15988  31.977  -55.476  -1.619 0.5000000000
16889  32.195  -54.774  -1.816 0.5000000000
16890  30.827  -54.191  -1.389 0.5000000000
17800  31.563  -54.224  -1.917 0.5000000000
17801  30.819  -53.846  -1.741 0.5000000000
17814  31.076  -53.830  -1.972 0.5000000000
16916  31.257  -55.090  -2.986 0.5000000000
111621  30.422  -53.880  -2.209 0.5000000000
16010  31.149  -56.181  -3.665 0.5000000000
119240  32.762  -57.282  -6.439 0.5000000000
15189  30.481  -57.101  -1.541 0.3000000119
15990  29.942  -56.568  -1.204 0.3000000119
109714  31.505  -54.798  -1.485 0.5000000000
122615  30.303  -53.590  -1.712 0.5000000000
111866  30.211  -55.214  -3.091 0.5000000000
16011  30.300  -55.868  -3.635 0.5000000000
13795  34.523  -59.259  -9.082 0.4000000060
14506  33.420  -58.119  -9.200 0.5000000000
128348  33.808  -57.852  -9.136 0.5000000000
123729  32.581  -57.080  -7.386 0.5000000000
15227  31.532  -57.048  -5.360 0.5000000000
13029  34.682  -60.301  -8.970 0.4000000060
14428  30.014  -58.144  -1.444 0.3000000119
15977  29.156  -56.102  -0.707 0.4000000060
16873  29.775  -54.505  -0.741 0.5000000000
124797  29.493  -53.465  -0.670 0.5000000000
17783  30.140  -53.566  -1.238 0.5000000000
18741  29.734  -52.964  -0.982 0.5000000000
19626  29.354  -52.628  -0.997 0.5000000000
18758  29.744  -53.074  -1.239 0.5000000000
127199  29.699  -53.367  -1.800 0.5000000000
17815  29.720  -54.740  -2.784 0.5000000000
16027  30.449  -56.422  -4.443 0.6000000238
15272  32.749  -57.166  -8.235 0.5000000000
15264  32.071  -56.952  -6.918 0.5000000000
16040  30.770  -56.519  -5.671 0.5000000000
11331  34.818  -61.962  -9.401 0.4000000060
13052  35.440  -60.617  -9.370 0.4000000060
13796  33.691  -58.985  -9.002 0.5000000000
13667  30.866  -59.419  2.066 0.1000000015
14371  30.495  -58.697  2.361 0.1000000015
15138  30.065  -57.905  2.675 0.1000000015
14387  30.089  -59.166  1.545 0.1000000015
14372  29.793  -58.505  2.016 0.1000000015
15139  29.340  -57.266  2.675 0.1000000015
14388  29.335  -58.585  1.315 0.1000000015
15150  29.146  -57.924  1.960 0.1000000015
15944  28.688  -56.701  2.619 0.1000000015
109356  29.396  -58.182  -0.802 0.2000000030
128644  28.656  -58.010  0.456 0.1000000015
15178  29.176  -57.288  -0.780 0.3000000119
15179  28.548  -57.001  -0.203 0.4000000060
15978  28.423  -56.220  -0.156 0.4000000060
111030  28.640  -54.627  -0.245 0.4000000060
18742  29.148  -52.868  -0.674 0.5000000000
19627  28.675  -52.336  -0.710 0.5000000000
19641  28.691  -52.185  -1.092 0.5000000000
17830  28.631  -54.786  -3.257 0.5000000000
16060  32.051  -56.791  -7.894 0.5000000000
15288  33.309  -57.649  -8.906 0.5000000000
12213  34.777  -61.201  -9.123 0.4000000060
10540  34.664  -63.322  -10.334 0.5000000000
113462  33.865  -58.265  4.364 0.1000000015
13650  32.943  -59.151  3.227 0.1000000015
13651  32.121  -59.015  2.978 0.1000000015
14370  31.310  -58.860  2.684 0.1000000015
15126  30.681  -57.528  3.232 0.1000000015
15127  30.066  -57.130  3.230 0.1000000015
14356  31.805  -58.286  3.268 0.1000000015
14357  30.979  -58.125  2.971 0.1000000015
15933  29.396  -56.561  3.207 0.1000000015
112144  27.363  -53.853  2.961 0.2000000030
18672  27.461  -53.179  3.220 0.2000000030
14405  28.987  -58.462  0.509 0.1000000015
14389  28.703  -58.069  1.064 0.1000000015
15151  28.463  -57.435  1.480 0.1000000015
16820  27.995  -56.173  2.387 0.1000000015
17739  27.359  -54.648  2.477 0.2000000030
15160  28.384  -57.445  0.552 0.2000000030
15953  27.952  -56.826  1.128 0.1000000015
15954  27.638  -56.072  1.001 0.2000000030
17752  27.182  -54.592  1.546 0.2000000030
120220  27.057  -53.184  2.667 0.2000000030
19560  27.290  -52.520  3.067 0.2000000030
15963  28.108  -56.567  0.415 0.2000000030
16852  28.048  -55.628  0.268 0.3000000119
18721  27.630  -53.454  0.510 0.3000000119
115048  27.274  -52.682  0.838 0.4000000060
18720  28.269  -52.762  -0.078 0.5000000000
124664  29.215  -55.585  -4.549 0.5000000000
19609  28.002  -51.969  0.049 0.4000000060
16965  29.791  -55.113  -6.829 0.5000000000
16946  29.675  -55.420  -5.958 0.5000000000
16947  29.048  -55.205  -5.384 0.5000000000
16073  30.922  -56.322  -7.883 0.5000000000
16964  30.251  -55.710  -6.496 0.5000000000
16041  29.999  -56.055  -5.338 0.5000000000
18773  28.917  -53.265  -2.015 0.5000000000
18759  29.097  -52.655  -1.316 0.5000000000
15289  32.424  -57.576  -8.796 0.5000000000
123393  31.559  -56.673  -8.118 0.5000000000
16061  31.498  -56.515  -7.481 0.5000000000
16931  28.656  -55.210  -4.349 0.5000000000
108471  33.903  -60.044  -8.628 0.5000000000
114405  32.802  -57.951  -9.127 0.5000000000
16039  31.474  -56.740  -6.386 0.5000000000
16917  29.423  -55.472  -3.636 0.6000000238
15273  31.985  -56.956  -8.470 0.5000000000
10517  34.745  -62.699  -9.782 0.4000000060
14345  33.442  -58.649  3.758 0.1000000015
15111  32.874  -57.325  4.379 0.1000000015
15112  32.095  -57.076  4.144 0.1000000015
109302  32.473  -55.840  4.806 0.1000000015
14355  32.639  -58.465  3.517 0.1000000015
15124  32.347  -57.753  3.796 0.1000000015
15125  31.464  -57.496  3.553 0.1000000015
15931  30.828  -56.944  3.612 0.1000000015
15932  30.227  -56.384  3.643 0.1000000015
115401  29.550  -55.759  3.658 0.1000000015
111646  28.773  -55.029  3.650 0.1000000015
15934  28.644  -55.979  3.149 0.1000000015
17723  28.574  -54.196  3.762 0.2000000030
18671  28.044  -53.587  3.569 0.2000000030
16813  27.901  -55.361  2.872 0.1000000015
17724  27.915  -54.479  3.290 0.2000000030
18710  27.110  -53.702  1.261 0.3000000119
117233  26.871  -53.054  1.858 0.3000000119
20486  27.189  -51.705  2.596 0.2000000030
20503  27.093  -51.248  1.697 0.3000000119
110429  27.279  -51.699  0.886 0.4000000060
18805  28.404  -54.094  -5.768 0.5000000000
17857  27.836  -54.130  -5.032 0.5000000000
17841  27.995  -54.622  -4.217 0.5000000000
20543  28.180  -51.603  -0.659 0.5000000000
114882  26.559  -51.782  -4.687 0.5000000000
21464  26.380  -50.953  -4.331 0.5000000000
19685  26.625  -52.354  -4.129 0.5000000000
18791  27.462  -53.936  -4.167 0.5000000000
20595  26.472  -51.678  -3.791 0.5000000000
19671  26.689  -52.412  -3.320 0.5000000000
19670  26.939  -53.139  -3.959 0.6000000238
17816  28.393  -54.080  -2.709 0.5000000000
122070  27.374  -53.648  -3.409 0.5000000000
122569  34.996  -64.232  -11.842 0.4000000060
10560  34.621  -63.830  -11.131 0.4000000060
11330  35.542  -62.213  -9.933 0.4000000060
17679  31.936  -54.082  6.438 0.1000000015
16803  32.357  -55.179  4.974 0.1000000015
17709  31.982  -54.543  4.975 0.1000000015
120557  31.878  -56.349  4.374 0.1000000015
16804  31.561  -55.398  4.571 0.1000000015
17710  31.314  -54.480  4.712 0.1000000015
119566  30.691  -54.950  4.458 0.1000000015
16812  29.852  -54.972  4.152 0.1000000015
17722  29.373  -54.238  4.151 0.1000000015
19544  29.344  -52.835  4.136 0.2000000030
19558  28.744  -52.240  3.691 0.2000000030
116688  27.784  -51.918  3.304 0.2000000030
26048  30.881  -45.360  -2.115 0.2000000030
25062  30.395  -46.290  -2.703 0.2000000030
129381  29.539  -46.118  -1.711 0.2000000030
25044  29.130  -46.196  -1.124 0.2000000030
25029  28.563  -46.697  -0.689 0.2000000030
24132  29.119  -47.190  -2.943 0.2000000030
25064  28.993  -46.643  -2.051 0.2000000030
114322  28.081  -47.541  -1.881 0.2000000030
24118  28.098  -47.367  -1.147 0.2000000030
24103  27.766  -47.888  -0.770 0.3000000119
22316  27.571  -49.281  -0.525 0.4000000060
24147  27.676  -48.119  -3.505 0.2000000030
24134  27.813  -48.055  -2.637 0.3000000119
23246  27.300  -48.672  -2.313 0.3000000119
124140  27.044  -49.232  -2.095 0.4000000060
23232  27.467  -48.708  -1.321 0.3000000119
21407  27.592  -50.104  -0.607 0.5000000000
112273  27.716  -50.494  0.145 0.4000000060
125123  27.825  -51.204  0.141 0.5000000000
22361  26.442  -49.491  -4.330 0.5000000000
23255  26.681  -48.952  -3.826 0.4000000060
22352  26.514  -49.549  -3.615 0.4000000060
22351  26.770  -49.260  -2.927 0.4000000060
22343  26.730  -49.848  -2.326 0.4000000060
21429  26.880  -50.285  -1.886 0.5000000000
22330  27.228  -49.667  -1.477 0.5000000000
110807  27.807  -50.846  -0.606 0.5000000000
21456  26.396  -50.860  -3.409 0.5000000000
20587  26.583  -51.600  -2.875 0.5000000000
109778  27.139  -53.090  -2.883 0.5000000000
17817  27.816  -53.613  -2.678 0.5000000000
19655  28.005  -52.728  -1.911 0.5000000000
19642  27.769  -51.851  -1.542 0.5000000000
19509  30.943  -52.878  7.309 0.1000000015
18630  31.446  -53.507  6.888 0.1000000015
19519  30.831  -52.153  6.898 0.1000000015
18641  31.731  -53.437  5.919 0.1000000015
122089  31.400  -52.739  5.551 0.1000000015
20429  31.230  -51.906  6.073 0.1000000015
18654  30.766  -53.264  4.719 0.1000000015
19530  31.148  -51.986  5.108 0.1000000015
18655  29.875  -53.431  4.391 0.1000000015
127982  30.557  -51.853  4.447 0.2000000030
20452  29.791  -52.090  4.017 0.2000000030
20468  28.568  -51.385  3.366 0.2000000030
20469  27.766  -51.040  2.950 0.2000000030
26023  31.423  -44.934  -1.422 0.1000000015
26024  30.588  -45.237  -1.233 0.2000000030
26025  29.847  -45.631  -1.133 0.2000000030
26009  29.629  -45.743  -0.523 0.2000000030
21364  27.379  -50.696  2.276 0.2000000030
26005  32.915  -45.176  -0.911 0.1000000015
26006  31.977  -45.077  -0.742 0.1000000015
26007  31.090  -45.205  -0.557 0.1000000015
26008  30.256  -45.424  -0.460 0.1000000015
25028  29.152  -46.130  -0.211 0.1000000015
24102  28.188  -47.274  -0.283 0.1000000015
23218  27.678  -48.483  -0.249 0.2000000030
20520  27.321  -50.870  0.901 0.3000000119
21377  27.276  -50.409  1.535 0.2000000030
25017  28.700  -46.661  0.202 0.1000000015
24091  27.890  -47.815  0.031 0.1000000015
21390  27.392  -50.221  0.840 0.2000000030
20564  27.003  -50.810  -1.817 0.5000000000
112213  27.388  -50.471  -1.283 0.5000000000
20563  27.582  -51.156  -1.333 0.5000000000
21445  26.612  -50.700  -2.473 0.5000000000
20575  26.997  -51.426  -2.059 0.5000000000
19656  27.088  -52.242  -2.417 0.5000000000
18618  30.607  -52.911  8.023 0.1000000015
19510  30.436  -52.244  7.718 0.1000000015
114582  30.355  -51.332  7.289 0.1000000015
121734  30.816  -51.632  6.638 0.1000000015
20438  31.115  -51.163  5.545 0.1000000015
110652  30.770  -51.078  6.384 0.1000000015
20451  30.966  -51.252  4.686 0.2000000030
20467  30.264  -51.350  3.866 0.2000000030
127713  29.374  -51.612  3.605 0.2000000030
21351  29.447  -50.914  3.278 0.2000000030
21352  28.481  -50.677  3.079 0.2000000030
21363  27.920  -50.062  2.683 0.2000000030
25996  30.656  -45.659  0.293 0.1000000015
25016  29.388  -46.276  0.574 0.1000000015
22284  27.955  -49.248  2.215 0.1000000015
22285  27.467  -49.844  1.999 0.2000000030
25004  29.024  -46.765  0.942 0.1000000015
24090  28.397  -47.363  0.727 0.1000000015
23207  27.885  -48.292  0.777 0.1000000015
22303  27.635  -49.062  0.413 0.2000000030
116706  27.470  -49.634  1.186 0.2000000030
129576  29.720  -50.569  8.991 0.1000000015
21312  29.901  -50.446  8.002 0.1000000015
22213  30.285  -49.521  9.593 0.1000000015
23130  30.536  -48.940  8.438 0.1000000015
22238  30.281  -49.148  7.966 0.1000000015
21326  30.780  -50.319  5.979 0.1000000015
21319  30.303  -50.146  7.006 0.1000000015
21335  31.093  -50.498  5.088 0.1000000015
124420  30.838  -50.653  4.216 0.1000000015
22262  31.125  -49.875  4.587 0.1000000015
21350  30.410  -50.693  3.431 0.2000000030
21362  28.974  -50.116  2.970 0.2000000030
22283  28.666  -49.331  2.653 0.1000000015
25025  34.333  -46.318  -0.511 0.1000000015
25012  33.031  -46.733  0.296 0.1000000015
25013  32.183  -46.428  0.513 0.1000000015
115324  30.652  -46.244  0.924 0.1000000015
25001  31.044  -46.845  1.303 0.1000000015
25015  30.054  -46.070  0.855 0.1000000015
24077  29.101  -47.226  1.559 0.1000000015
118987  28.462  -47.906  1.659 0.1000000015
23195  27.984  -48.670  1.678 0.2000000030
23110  31.761  -48.750  9.134 0.1000000015
23142  31.383  -48.379  7.685 0.1000000015
23151  30.900  -48.474  6.977 0.1000000015
23161  30.793  -48.729  6.107 0.1000000015
22254  31.113  -48.900  5.032 0.1000000015
122778  30.987  -50.180  3.675 0.1000000015
22272  31.331  -49.722  3.013 0.1000000015
22273  30.759  -50.261  3.051 0.1000000015
22282  30.724  -49.798  2.620 0.2000000030
21361  30.064  -50.317  2.943 0.2000000030
23206  33.507  -49.023  0.699 0.1000000015
23192  32.625  -48.674  0.909 0.1000000015
23193  31.878  -48.685  1.335 0.1000000015
22294  30.956  -49.217  2.092 0.1000000015
115090  30.197  -49.193  2.454 0.1000000015
24101  33.858  -47.108  0.028 0.1000000015
24088  32.500  -47.506  0.698 0.1000000015
24073  32.018  -48.043  0.997 0.1000000015
24074  31.409  -47.773  1.388 0.1000000015
24075  30.624  -47.518  1.723 0.1000000015
23185  30.160  -48.213  2.268 0.1000000015
23186  29.387  -48.727  2.526 0.1000000015
24089  31.783  -47.083  1.023 0.1000000015
24076  29.846  -47.266  1.884 0.1000000015
23187  28.559  -48.547  2.272 0.1000000015
23128  32.004  -48.438  8.355 0.1000000015
23150  31.356  -48.011  6.278 0.1000000015
23160  31.314  -48.100  5.397 0.1000000015
23170  31.564  -48.319  4.532 0.1000000015
23179  31.805  -48.732  3.627 0.1000000015
22278  34.257  -49.348  2.071 0.1000000015
23183  33.603  -48.791  2.541 0.1000000015
23184  32.704  -48.836  2.557 0.1000000015
22271  31.947  -49.104  2.659 0.1000000015
22291  33.977  -49.560  1.238 0.1000000015
22279  32.912  -49.267  1.866 0.1000000015
22280  32.187  -49.328  2.016 0.1000000015
22281  31.485  -49.393  2.289 0.1000000015
22302  34.300  -49.397  0.632 0.1000000015
23191  33.113  -49.282  1.243 0.1000000015
22293  31.713  -49.190  1.789 0.1000000015
24039  31.939  -47.640  5.642 0.1000000015
24050  33.000  -47.549  4.808 0.1000000015
23169  32.057  -47.928  4.190 0.1000000015
23168  33.741  -47.835  4.145 0.1000000015
24062  32.743  -47.761  4.060 0.1000000015
117394  33.973  -48.271  3.356 0.1000000015
23178  32.394  -48.375  3.418 0.1000000015
22290  34.866  -49.782  1.571 0.1000000015
15989  31.019  -55.932  -1.387 0.4000000060
110362  29.436  -53.916  -2.345 0.5000000000
16891  30.444  -55.234  -1.126 0.4000000060
16874  28.711  -55.481  -0.347 0.4000000060
14421  28.796  -57.944  -0.145 0.2000000030
116659  27.945  -54.762  0.336 0.4000000060
17766  28.350  -53.744  -0.043 0.4000000060
14346  33.142  -57.996  4.064 0.1000000015
108440  26.996  -53.877  2.162 0.3000000119
19559  27.908  -52.738  3.516 0.2000000030
126585  27.442  -55.539  1.813 0.2000000030
16853  27.477  -55.213  0.917 0.2000000030
17767  27.505  -54.304  0.723 0.3000000119
122518  26.956  -52.530  2.437 0.2000000030
118958  28.403  -54.691  -5.152 0.5000000000
15918  32.670  -56.601  4.626 0.1000000015
115183  31.465  -56.823  3.936 0.1000000015
16811  30.471  -55.628  4.114 0.1000000015
15919  31.061  -56.268  4.060 0.1000000015
18670  28.921  -53.559  4.028 0.1000000015
119176  28.545  -53.002  3.855 0.2000000030
113695  26.929  -52.161  1.734 0.3000000119
122883  26.916  -52.577  -4.865 0.5000000000
19701  26.924  -51.937  -5.566 0.5000000000
120066  26.356  -50.165  -3.925 0.5000000000
17695  32.067  -54.164  5.553 0.1000000015
18653  31.498  -53.622  5.065 0.1000000015
17711  30.498  -54.122  4.545 0.1000000015
25043  30.119  -45.755  -1.889 0.2000000030
25063  29.658  -46.529  -2.453 0.2000000030
25045  28.513  -46.925  -1.562 0.2000000030
24133  28.465  -47.376  -2.421 0.2000000030
24119  27.693  -48.005  -1.666 0.3000000119
23254  27.205  -48.606  -3.247 0.5000000000
24146  28.417  -47.675  -3.349 0.2000000030
110035  27.610  -49.796  0.214 0.3000000119
23269  27.126  -48.302  -4.228 0.5000000000
22344  26.467  -50.035  -3.095 0.5000000000
19518  31.339  -52.764  6.413 0.1000000015
122626  31.146  -52.790  4.981 0.1000000015
19543  30.437  -52.582  4.523 0.1000000015
123108  30.238  -52.487  8.420 0.1000000015
20417  29.927  -51.573  8.424 0.1000000015
114293  30.104  -49.640  7.765 0.1000000015
26004  33.847  -45.375  -1.082 0.1000000015
25026  33.483  -46.006  -0.280 0.1000000015
25027  32.565  -45.735  -0.120 0.1000000015
25995  31.633  -45.592  0.047 0.1000000015
22295  27.676  -49.270  1.680 0.2000000030
25003  29.643  -46.644  1.290 0.1000000015
23196  27.677  -48.973  1.167 0.1000000015
22229  30.029  -49.554  8.694 0.1000000015
127109  29.845  -49.935  9.496 0.1000000015
23111  30.809  -49.005  9.257 0.1000000015
23129  31.147  -48.642  8.455 0.1000000015
23143  30.677  -48.741  7.776 0.1000000015
22245  30.396  -49.122  7.148 0.1000000015
127051  30.554  -49.492  6.389 0.1000000015
22255  30.859  -49.599  5.521 0.1000000015
112628  29.679  -49.638  2.701 0.2000000030
25014  31.339  -46.246  0.717 0.1000000015
25002  30.288  -46.675  1.405 0.1000000015
22261  31.378  -49.336  4.017 0.1000000015
24087  33.276  -47.971  0.464 0.1000000015
22292  32.406  -49.173  1.504 0.1000000015
23194  31.142  -48.570  1.722 0.1000000015
24067  29.260  -47.867  2.214 0.1000000015
23141  32.339  -48.200  7.498 0.1000000015
113412  31.595  -48.105  6.995 0.1000000015
23149  32.334  -47.791  6.509 0.1000000015
24057  31.853  -47.736  4.895 0.1000000015
109425  33.537  -49.341  1.755 0.1000000015
22270  34.589  -48.708  2.957 0.1000000015
23177  33.194  -48.198  3.328 0.1000000015
24038  32.821  -47.585  5.627 0.1000000015
24056  32.370  -47.649  4.615 0.1000000015
22277  35.185  -49.380  2.459 0.1000000015
14432  34.929  -57.750  -3.233 0.1000000015
14445  35.935  -58.227  -3.535 0.1000000015
15195  34.206  -56.908  -2.923 0.1000000015
15197  32.856  -56.810  -2.323 0.1000000015
14434  32.950  -58.672  -2.686 0.1000000015
14435  32.415  -57.985  -2.424 0.1000000015
15206  36.400  -57.677  -3.934 0.2000000030
15207  35.516  -57.172  -3.618 0.1000000015
15221  37.808  -57.810  -4.845 0.2000000030
15208  34.745  -56.692  -3.359 0.1000000015
14480  38.693  -58.514  -5.133 0.2000000030
15222  36.765  -57.445  -4.499 0.2000000030
15196  33.601  -56.392  -2.636 0.2000000030
15223  35.911  -56.990  -4.031 0.2000000030
122934  34.590  -56.450  -3.433 0.2000000030
117005  33.124  -55.955  -2.363 0.3000000119
15187  32.440  -56.042  -1.918 0.3000000119
16007  34.029  -56.034  -3.013 0.3000000119
16000  32.721  -55.422  -2.176 0.3000000119
15242  36.238  -57.104  -4.651 0.2000000030
126242  34.856  -56.444  -3.741 0.2000000030
15266  38.854  -58.120  -6.893 0.2000000030
128251  37.559  -57.517  -5.906 0.2000000030
12209  40.757  -60.739  -10.547 0.1000000015
15239  38.864  -58.082  -6.156 0.2000000030
15241  37.177  -57.372  -5.176 0.2000000030
15240  38.248  -57.810  -5.578 0.2000000030
15999  33.223  -55.563  -2.675 0.3000000119
16902  32.687  -55.061  -2.308 0.4000000060
120249  40.600  -59.259  -9.354 0.1000000015
14493  39.631  -58.607  -7.406 0.1000000015
119003  35.398  -56.724  -4.257 0.2000000030
15224  34.541  -56.642  -4.333 0.2000000030
13050  40.798  -60.131  -9.768 0.1000000015
16901  32.935  -55.295  -2.713 0.4000000060
120619  39.829  -58.594  -8.188 0.2000000030
126319  36.328  -57.266  -5.471 0.2000000030
15283  38.813  -58.110  -7.915 0.2000000030
13071  40.712  -60.332  -10.517 0.1000000015
12224  40.492  -60.939  -11.306 0.2000000030
13049  40.803  -59.780  -9.882 0.1000000015
13820  40.704  -59.542  -10.097 0.1000000015
15267  37.918  -57.765  -7.275 0.2000000030
15260  35.869  -57.409  -6.262 0.2000000030
120953  34.789  -57.030  -5.016 0.2000000030
14518  40.545  -59.045  -9.552 0.1000000015
121274  33.939  -57.247  -5.184 0.4000000060
16009  32.830  -55.380  -3.145 0.4000000060
117122  38.221  -58.128  -8.671 0.3000000119
15268  36.839  -57.576  -7.584 0.3000000119
14501  39.319  -58.430  -8.768 0.2000000030
14520  38.316  -58.471  -9.422 0.4000000060
15225  33.540  -56.828  -4.468 0.4000000060
124117  31.989  -55.467  -3.275 0.4000000060
110196  36.297  -57.473  -6.922 0.3000000119
14502  37.193  -58.038  -9.002 0.4000000060
15284  37.575  -57.774  -8.202 0.3000000119
26045  33.581  -44.797  -2.708 0.1000000015
26047  31.718  -44.994  -2.344 0.1000000015
113461  32.094  -56.308  -3.753 0.4000000060
15261  35.045  -57.396  -6.570 0.4000000060
15226  32.351  -57.039  -4.602 0.5000000000
15285  36.450  -57.718  -8.481 0.4000000060
125373  35.565  -57.433  -7.083 0.4000000060
15270  34.871  -57.445  -7.812 0.4000000060
26046  32.610  -44.848  -2.552 0.1000000015
26062  32.880  -45.343  -3.381 0.1000000015
115613  33.574  -57.373  -6.129 0.5000000000
16026  31.318  -56.797  -4.487 0.5000000000
25061  31.199  -46.026  -3.008 0.1000000015
25076  31.238  -47.397  -3.679 0.1000000015
129398  31.674  -46.751  -3.517 0.1000000015
25078  29.946  -47.186  -3.380 0.1000000015
13738  35.429  -58.949  -3.262 0.1000000015
14433  33.944  -58.172  -2.906 0.1000000015
114726  33.384  -57.454  -2.602 0.1000000015
14426  31.390  -58.494  -2.206 0.1000000015
14444  36.941  -58.817  -3.756 0.1000000015
16024  34.171  -56.215  -3.503 0.3000000119
114936  37.202  -57.568  -6.687 0.2000000030
16025  33.229  -56.074  -3.667 0.4000000060
26063  32.045  -45.566  -3.124 0.1000000015
25077  30.666  -46.997  -3.374 0.1000000015
13729  32.557  -59.663  -2.588 0.1000000015
117431  28.174  -66.551  -9.356 0.1000000015
8476  27.737  -66.649  -10.095 0.1000000015
7772  28.636  -67.609  -11.344 0.1000000015
8477  26.975  -66.711  -10.035 0.1000000015
8492  29.891  -66.835  -11.058 0.1000000015
8453  27.305  -66.603  -9.198 0.1000000015
8454  26.643  -66.680  -9.416 0.1000000015
7735  24.244  -67.228  -9.191 0.1000000015
7733  26.381  -66.785  -9.913 0.1000000015
8395  24.452  -66.696  -4.588 0.1000000015
6378  23.880  -70.056  -7.448 0.1000000015
110562  23.462  -68.925  -7.566 0.1000000015
8473  30.452  -66.386  -10.207 0.1000000015
7011  24.447  -68.713  -7.538 0.1000000015
8475  28.572  -66.602  -10.177 0.1000000015
7692  24.925  -67.886  -7.696 0.1000000015
7713  24.602  -67.444  -8.288 0.1000000015
8491  30.805  -66.753  -11.196 0.1000000015
9060  24.954  -65.325  -5.123 0.1000000015
108222  24.350  -67.594  -4.319 0.1000000015
109639  24.868  -68.001  -4.396 0.1000000015
122430  26.690  -63.551  -4.821 0.1000000015
114175  25.692  -64.958  -5.096 0.1000000015
108763  25.252  -66.275  -4.764 0.1000000015
6336  25.438  -69.626  -4.694 0.1000000015
4576  24.047  -72.844  -6.696 0.1000000015
112926  24.017  -71.484  -7.466 0.1000000015
8452  29.892  -66.451  -9.302 0.1000000015
118318  29.009  -66.512  -9.380 0.1000000015
8433  26.587  -66.812  -8.673 0.1000000015
8450  31.385  -66.285  -9.671 0.1000000015
8490  31.733  -66.666  -11.256 0.1000000015
7770  30.371  -67.494  -11.678 0.1000000015
107703  25.863  -67.013  -4.603 0.1000000015
7649  25.559  -67.844  -4.552 0.1000000015
10457  27.461  -63.400  -4.483 0.1000000015
113398  27.018  -64.293  -4.781 0.1000000015
9059  25.709  -65.594  -4.917 0.1000000015
108764  26.180  -66.173  -4.721 0.1000000015
7648  26.365  -67.737  -4.639 0.1000000015
118999  25.954  -68.626  -4.720 0.1000000015
6352  25.946  -70.400  -5.187 0.1000000015
5726  25.879  -71.604  -5.430 0.1000000015
5130  24.620  -72.738  -5.636 0.1000000015
114677  25.863  -73.546  -5.677 0.1000000015
4567  24.596  -73.178  -6.173 0.1000000015
4588  24.972  -73.173  -7.274 0.1000000015
5158  24.495  -72.416  -7.409 0.1000000015
5756  25.001  -71.525  -7.510 0.1000000015
128040  24.659  -70.568  -7.442 0.1000000015
119473  26.899  -68.102  -7.463 0.1000000015
8451  30.800  -66.442  -9.068 0.1000000015
8430  29.465  -66.712  -8.568 0.1000000015
8431  28.611  -66.714  -8.604 0.1000000015
7690  27.423  -67.600  -7.697 0.1000000015
7691  26.411  -67.412  -7.920 0.1000000015
8471  32.028  -66.250  -10.338 0.1000000015
8472  31.242  -66.400  -10.566 0.1000000015
6967  27.905  -68.583  -4.693 0.1000000015
11248  27.929  -62.551  -3.492 0.1000000015
117452  27.866  -64.233  -4.532 0.1000000015
114585  26.464  -65.201  -4.841 0.1000000015
8394  27.072  -66.019  -4.630 0.1000000015
108606  27.579  -66.795  -4.551 0.1000000015
7647  27.249  -67.648  -4.626 0.1000000015
6335  26.510  -69.611  -5.106 0.1000000015
6351  26.698  -70.848  -5.367 0.1000000015
4565  26.493  -73.816  -5.800 0.1000000015
4586  26.921  -73.439  -6.844 0.1000000015
10456  28.176  -63.578  -4.267 0.1000000015
9749  28.629  -64.145  -4.232 0.1000000015
9058  27.461  -65.110  -4.640 0.1000000015
8393  28.036  -65.919  -4.535 0.1000000015
4115  25.862  -74.009  -5.872 0.1000000015
4587  25.957  -73.566  -7.197 0.1000000015
5157  25.488  -72.587  -7.540 0.1000000015
107705  26.524  -70.409  -7.414 0.1000000015
6377  25.517  -70.427  -7.417 0.1000000015
107706  27.571  -70.564  -7.468 0.1000000015
6376  26.949  -69.210  -7.350 0.1000000015
110188  25.911  -69.325  -7.370 0.1000000015
129388  28.831  -67.586  -7.663 0.1000000015
7008  27.672  -68.529  -7.387 0.1000000015
8429  30.355  -66.755  -8.497 0.1000000015
7710  29.081  -67.108  -8.032 0.1000000015
7711  28.172  -67.165  -8.003 0.1000000015
8428  31.706  -66.691  -8.815 0.1000000015
8449  32.303  -66.432  -9.323 0.1000000015
8489  32.847  -66.466  -11.229 0.1000000015
121080  34.566  -66.329  -10.807 0.1000000015
8469  34.405  -66.342  -9.913 0.1000000015
6965  28.785  -68.871  -4.153 0.1000000015
107359  27.572  -69.542  -4.941 0.1000000015
11247  28.750  -62.706  -3.169 0.1000000015
10449  29.440  -63.244  -3.217 0.1000000015
9742  29.430  -64.056  -3.705 0.1000000015
9056  29.051  -64.862  -4.153 0.1000000015
8392  28.793  -66.283  -4.270 0.1000000015
121742  28.296  -66.736  -4.430 0.1000000015
7646  28.262  -67.632  -4.465 0.1000000015
123229  27.334  -70.387  -5.164 0.1000000015
5725  27.064  -72.230  -5.324 0.1000000015
4563  27.810  -72.901  -5.808 0.1000000015
10450  28.733  -63.328  -3.810 0.1000000015
9057  28.307  -64.957  -4.455 0.1000000015
120389  28.398  -72.199  -6.256 0.1000000015
4585  27.610  -72.532  -7.127 0.1000000015
5156  26.594  -72.697  -7.472 0.1000000015
5753  28.130  -71.549  -7.385 0.1000000015
5754  27.170  -71.654  -7.512 0.1000000015
5752  28.900  -71.174  -7.245 0.1000000015
7007  28.620  -69.010  -7.401 0.1000000015
128639  31.142  -66.863  -8.466 0.1000000015
7707  32.130  -67.815  -8.100 0.1000000015
7708  30.972  -67.415  -7.976 0.1000000015
123869  29.178  -68.390  -7.457 0.1000000015
7706  33.274  -68.465  -7.895 0.1000000015
8427  32.755  -67.294  -8.492 0.1000000015
121003  33.682  -68.064  -8.134 0.1000000015
117069  33.261  -66.745  -8.903 0.1000000015
8448  33.859  -66.498  -9.443 0.1000000015
119046  35.963  -66.449  -10.154 0.1000000015
10387  29.536  -63.309  -0.844 0.1000000015
110355  28.934  -62.890  -1.326 0.1000000015
11208  28.693  -62.604  -2.131 0.1000000015
10433  30.432  -63.892  -2.754 0.1000000015
9741  30.212  -64.489  -3.223 0.1000000015
6966  28.440  -69.807  -4.352 0.1000000015
10411  29.516  -62.936  -1.800 0.1000000015
10448  29.980  -63.744  -3.152 0.1000000015
9048  29.379  -65.714  -3.958 0.1000000015
7637  29.988  -67.203  -3.210 0.1000000015
109106  29.402  -69.168  -3.243 0.1000000015
6332  28.998  -70.292  -3.368 0.1000000015
6333  28.699  -70.946  -3.642 0.1000000015
5126  28.298  -72.136  -5.308 0.1000000015
6938  29.563  -70.715  -2.393 0.1000000015
5709  29.256  -71.398  -3.736 0.1000000015
5125  28.896  -71.631  -5.708 0.1000000015
5144  28.405  -71.970  -6.999 0.1000000015
5143  29.053  -71.445  -6.794 0.1000000015
5740  29.648  -70.901  -6.318 0.1000000015
5751  29.798  -70.664  -7.217 0.1000000015
5750  30.577  -70.316  -7.027 0.1000000015
6374  28.991  -70.235  -7.455 0.1000000015
7006  30.214  -68.899  -7.503 0.1000000015
109758  29.646  -69.583  -7.451 0.1000000015
7005  31.180  -69.449  -7.435 0.1000000015
7684  33.792  -68.344  -7.691 0.1000000015
116401  33.327  -68.589  -7.495 0.1000000015
7683  34.402  -67.921  -7.711 0.1000000015
8426  34.218  -67.337  -8.536 0.1000000015
8447  34.888  -66.843  -9.048 0.1000000015
108961  35.185  -66.436  -9.956 0.1000000015
128489  30.789  -66.935  -2.283 0.1000000015
7617  30.800  -68.877  -1.373 0.1000000015
10368  29.746  -63.827  0.016 0.1000000015
10410  30.277  -63.401  -1.484 0.1000000015
10432  30.766  -63.800  -2.100 0.1000000015
9047  30.047  -65.501  -3.390 0.1000000015
6937  30.308  -69.394  -1.757 0.1000000015
6307  30.206  -70.573  -1.504 0.1000000015
10434  30.022  -63.338  -2.487 0.1000000015
8385  30.437  -66.422  -2.861 0.1000000015
7638  29.477  -67.744  -3.586 0.1000000015
126411  29.876  -70.861  -1.750 0.1000000015
5697  30.211  -71.076  -2.093 0.1000000015
6325  30.374  -70.799  -3.273 0.1000000015
5699  29.362  -71.111  -3.055 0.1000000015
5698  29.747  -71.152  -2.886 0.1000000015
5723  29.814  -70.697  -5.278 0.1000000015
6364  30.964  -70.002  -6.803 0.1000000015
110662  30.638  -69.981  -7.308 0.1000000015
6996  32.107  -69.271  -7.049 0.1000000015
6373  31.221  -69.882  -7.128 0.1000000015
7674  33.478  -68.329  -7.270 0.1000000015
7685  32.607  -68.845  -7.198 0.1000000015
7004  31.698  -69.489  -7.198 0.1000000015
7673  34.173  -67.879  -7.361 0.1000000015
7705  34.340  -68.036  -7.910 0.1000000015
9716  32.349  -65.088  -0.641 0.1000000015
10367  30.539  -64.035  0.258 0.1000000015
9694  31.816  -64.489  -0.503 0.1000000015
9026  32.253  -65.696  -1.058 0.1000000015
8361  31.725  -66.541  -1.424 0.1000000015
7616  31.339  -69.208  -0.580 0.1000000015
112194  29.557  -64.787  1.340 0.1000000015
127000  29.856  -64.313  0.647 0.1000000015
10409  31.151  -63.947  -1.154 0.1000000015
9027  31.623  -65.393  -1.770 0.1000000015
8376  31.090  -66.146  -2.204 0.1000000015
6924  30.687  -70.048  -0.936 0.1000000015
5659  30.697  -70.707  -1.535 0.1000000015
6290  30.692  -70.451  -1.224 0.1000000015
116650  31.191  -69.892  -3.545 0.1000000015
117521  30.106  -70.569  -4.483 0.1000000015
6964  30.613  -69.629  -4.682 0.1000000015
6986  30.762  -69.318  -5.934 0.1000000015
6985  31.129  -68.763  -6.035 0.1000000015
7676  31.718  -68.783  -6.489 0.1000000015
8410  33.642  -67.344  -6.842 0.1000000015
7675  32.716  -68.811  -7.021 0.1000000015
8409  34.526  -67.169  -7.013 0.1000000015
112726  35.271  -66.921  -7.189 0.1000000015
9672  31.906  -64.527  0.316 0.1000000015
8360  32.326  -67.067  -0.531 0.1000000015
10385  31.202  -64.087  -0.198 0.1000000015
6909  31.914  -69.896  -0.013 0.1000000015
6288  32.478  -69.940  0.049 0.1000000015
6289  31.572  -70.284  -0.816 0.1000000015
6305  32.247  -70.067  -1.733 0.1000000015
6936  31.757  -69.907  -2.655 0.1000000015
7644  31.189  -67.740  -4.808 0.1000000015
6963  31.098  -68.787  -4.508 0.1000000015
8391  31.343  -66.681  -5.291 0.1000000015
7660  30.924  -68.558  -5.264 0.1000000015
8412  31.701  -67.564  -6.139 0.1000000015
7659  31.282  -67.897  -5.617 0.1000000015
121756  31.910  -65.080  -5.719 0.1000000015
9076  32.580  -65.963  -6.369 0.1000000015
8411  32.562  -67.519  -6.549 0.1000000015
9075  33.765  -66.190  -6.768 0.1000000015
9087  35.239  -65.876  -7.245 0.1000000015
9786  36.203  -64.515  -7.817 0.1000000015
9693  32.550  -64.981  0.012 0.1000000015
125598  32.751  -68.123  0.609 0.1000000015
7600  32.406  -69.286  0.487 0.1000000015
6908  32.551  -69.649  0.454 0.1000000015
9652  31.999  -64.552  1.347 0.1000000015
7615  32.000  -68.692  0.016 0.1000000015
6922  32.652  -69.928  -0.778 0.1000000015
6949  32.339  -68.978  -2.679 0.1000000015
6950  31.559  -68.495  -3.789 0.1000000015
8384  31.549  -66.857  -4.289 0.1000000015
9077  31.756  -66.278  -5.902 0.1000000015
9764  33.107  -65.082  -6.596 0.1000000015
9763  34.078  -65.069  -7.034 0.1000000015
9775  35.067  -64.467  -7.462 0.1000000015
11291  35.810  -62.405  -7.947 0.1000000015
108021  37.456  -61.596  -8.625 0.1000000015
9631  32.777  -64.714  2.067 0.1000000015
124112  32.515  -64.884  0.797 0.1000000015
9006  33.555  -66.362  1.595 0.1000000015
9005  33.373  -67.249  1.173 0.1000000015
7589  33.524  -69.006  1.086 0.1000000015
6268  33.191  -69.564  0.684 0.1000000015
6935  32.922  -69.171  -1.803 0.1000000015
7636  32.133  -67.588  -3.364 0.1000000015
9046  31.703  -65.881  -4.031 0.1000000015
9055  31.417  -65.917  -4.682 0.1000000015
122602  37.504  -62.117  -3.946 0.1000000015
12134  36.050  -61.854  -4.895 0.1000000015
12151  34.936  -61.605  -5.399 0.1000000015
11261  33.561  -62.456  -4.782 0.1000000015
11274  33.070  -62.564  -5.442 0.1000000015
9757  31.692  -64.649  -5.148 0.1000000015
9065  31.544  -65.530  -5.273 0.1000000015
12150  36.032  -61.245  -5.527 0.1000000015
11273  33.956  -61.969  -5.387 0.1000000015
9756  32.013  -64.030  -5.422 0.1000000015
12133  37.305  -61.753  -4.523 0.1000000015
12149  37.271  -61.269  -5.198 0.1000000015
12160  34.370  -61.728  -6.483 0.1000000015
10478  33.204  -62.845  -6.359 0.1000000015
9765  32.455  -64.511  -6.116 0.1000000015
12132  38.194  -61.270  -4.612 0.1000000015
125762  37.816  -60.946  -5.362 0.1000000015
12159  35.766  -60.891  -6.422 0.1000000015
10477  33.894  -63.622  -7.093 0.1000000015
13014  35.907  -60.908  -7.190 0.1000000015
10491  34.567  -63.169  -7.396 0.1000000015
13009  37.765  -60.007  -7.205 0.1000000015
12166  36.362  -61.366  -7.993 0.1000000015
9630  33.675  -65.184  2.422 0.1000000015
8990  33.588  -65.718  2.008 0.1000000015
8989  34.019  -66.667  2.013 0.1000000015
124321  33.850  -67.255  1.660 0.1000000015
8339  33.885  -68.097  1.393 0.1000000015
6894  33.796  -69.238  0.879 0.1000000015
6921  33.249  -69.698  -0.123 0.1000000015
7599  33.990  -69.063  -0.291 0.1000000015
6934  33.492  -69.159  -1.024 0.1000000015
7629  32.759  -67.941  -2.522 0.1000000015
8375  32.600  -66.850  -2.975 0.1000000015
9045  32.345  -65.950  -3.343 0.1000000015
10447  32.497  -63.586  -4.162 0.1000000015
9740  31.664  -65.034  -4.489 0.1000000015
109738  35.098  -62.299  -4.571 0.1000000015
11246  34.074  -62.815  -4.129 0.1000000015
10455  32.975  -62.866  -4.400 0.1000000015
9748  31.933  -64.040  -4.683 0.1000000015
11260  36.920  -62.431  -4.195 0.1000000015
13735  38.346  -60.572  -4.109 0.1000000015
123659  38.262  -61.128  -4.245 0.1000000015
9609  34.127  -64.726  2.851 0.1000000015
8975  34.732  -65.986  2.552 0.1000000015
126121  34.264  -65.490  2.618 0.1000000015
8330  34.334  -67.301  1.750 0.1000000015
8338  34.812  -67.597  1.289 0.1000000015
8988  34.614  -66.663  2.203 0.1000000015
114879  34.227  -68.625  0.990 0.1000000015
7598  34.205  -68.855  0.409 0.1000000015
127678  34.389  -68.236  -0.306 0.1000000015
7614  34.012  -68.136  -1.077 0.1000000015
8374  33.146  -67.149  -2.395 0.1000000015
9037  33.127  -66.060  -2.564 0.1000000015
9738  32.977  -64.205  -3.380 0.1000000015
9728  33.621  -64.963  -2.570 0.1000000015
9729  32.645  -65.101  -3.188 0.1000000015
11245  36.540  -62.977  -3.850 0.1000000015
126797  35.302  -63.018  -3.984 0.1000000015
10446  33.448  -63.394  -3.724 0.1000000015
118295  32.016  -65.249  -3.741 0.1000000015
12094  37.029  -62.138  -3.068 0.1000000015
114704  37.186  -62.666  -3.436 0.1000000015
12115  37.465  -61.702  -3.612 0.1000000015
9628  35.438  -65.556  2.780 0.1000000015
8329  35.105  -67.016  1.968 0.1000000015
7613  34.819  -67.559  0.272 0.1000000015
8358  34.563  -67.019  -1.022 0.1000000015
8359  33.737  -66.993  -1.851 0.1000000015
9737  34.127  -64.071  -3.106 0.1000000015
9727  34.922  -64.588  -2.552 0.1000000015
10445  34.706  -63.440  -3.592 0.1000000015
12975  37.030  -60.611  -3.336 0.1000000015
13736  37.535  -60.020  -3.603 0.1000000015
8320  35.244  -66.363  2.335 0.1000000015
8987  36.584  -65.727  1.392 0.1000000015
8328  35.700  -66.401  1.953 0.1000000015
8337  35.784  -66.515  1.243 0.1000000015
9016  35.919  -66.184  -0.303 0.1000000015
8347  35.487  -66.837  0.649 0.1000000015
9017  35.184  -66.416  -0.746 0.1000000015
9036  33.998  -65.903  -1.916 0.1000000015
10444  36.051  -63.486  -3.548 0.1000000015
10431  35.536  -64.000  -3.158 0.1000000015
12976  35.734  -60.105  -3.151 0.1000000015
13737  36.433  -59.445  -3.420 0.1000000015
9003  37.021  -65.513  0.381 0.1000000015
9004  36.222  -66.093  0.328 0.1000000015
114777  36.962  -65.516  -0.545 0.1000000015
9024  35.871  -65.632  -1.282 0.1000000015
9025  34.819  -65.799  -1.451 0.1000000015
9035  34.472  -65.242  -2.057 0.1000000015
12955  35.461  -60.907  -2.836 0.1000000015
12095  36.253  -61.606  -2.755 0.1000000015
9023  37.684  -65.027  -1.403 0.1000000015
9015  37.939  -65.037  -0.766 0.1000000015
9713  37.684  -64.461  -1.730 0.1000000015
9714  37.101  -64.922  -1.964 0.1000000015
129237  36.802  -65.425  -1.186 0.1000000015
117789  37.374  -64.109  -2.435 0.1000000015
9715  35.635  -65.063  -1.999 0.1000000015
12096  35.274  -61.596  -2.501 0.1000000015
11229  34.882  -62.258  -2.050 0.1000000015
11227  37.200  -62.824  -2.957 0.1000000015
10430  37.205  -63.320  -3.004 0.1000000015
9736  36.676  -63.836  -3.173 0.1000000015
12956  34.596  -60.122  -2.941 0.1000000015
10407  37.478  -63.941  -2.118 0.1000000015
120219  37.229  -63.720  -2.749 0.1000000015
9726  36.571  -64.334  -2.700 0.1000000015
118311  35.699  -62.981  -1.853 0.1000000015
11206  37.051  -63.293  -2.503 0.1000000015
9725  37.226  -63.753  -2.917 0.1000000015
5160  22.991  -71.757  -7.041 0.1000000015
110187  24.967  -69.518  -7.415 0.1000000015
7751  28.174  -67.067  -10.785 0.1000000015
7010  25.352  -68.500  -7.486 0.1000000015
8474  29.448  -66.530  -10.228 0.1000000015
120849  27.278  -66.969  -8.273 0.1000000015
119534  25.659  -67.811  -7.685 0.1000000015
7712  25.944  -67.024  -8.539 0.1000000015
111741  25.224  -66.975  -9.022 0.1000000015
120336  25.462  -67.384  -8.122 0.1000000015
118250  23.773  -66.190  -4.726 0.1000000015
6379  22.725  -70.136  -7.443 0.1000000015
5757  23.102  -71.301  -7.338 0.1000000015
7693  24.044  -67.986  -7.752 0.1000000015
4575  24.695  -73.296  -6.741 0.1000000015
4589  24.318  -72.844  -7.119 0.1000000015
107704  26.708  -66.893  -4.575 0.1000000015
6968  26.889  -68.557  -4.834 0.1000000015
5712  25.223  -70.821  -4.901 0.1000000015
5755  26.052  -71.541  -7.504 0.1000000015
7689  28.284  -67.944  -7.459 0.1000000015
7009  26.183  -68.292  -7.462 0.1000000015
7709  29.982  -67.188  -7.995 0.1000000015
6334  28.142  -70.817  -4.500 0.1000000015
5127  27.836  -72.397  -5.223 0.1000000015
4573  27.013  -73.840  -6.034 0.1000000015
123120  28.716  -65.541  -4.324 0.1000000015
6375  28.032  -69.694  -7.414 0.1000000015
7687  30.611  -68.151  -7.647 0.1000000015
7645  29.054  -68.057  -4.020 0.1000000015
122822  29.346  -62.854  -2.605 0.1000000015
128373  29.857  -66.286  -3.484 0.1000000015
112057  28.905  -67.156  -4.152 0.1000000015
5118  28.391  -71.702  -4.736 0.1000000015
107838  28.413  -70.752  -7.476 0.1000000015
7686  31.623  -68.843  -7.631 0.1000000015
9731  30.799  -64.462  -2.541 0.1000000015
6951  29.928  -68.527  -2.736 0.1000000015
5710  28.774  -71.379  -3.960 0.1000000015
121004  29.770  -70.105  -2.031 0.1000000015
5724  29.291  -71.359  -4.849 0.1000000015
5739  30.272  -70.338  -6.390 0.1000000015
8415  34.910  -67.506  -7.438 0.1000000015
7682  35.096  -67.628  -7.790 0.1000000015
8425  35.496  -67.406  -8.218 0.1000000015
7630  31.155  -67.595  -1.613 0.1000000015
7631  30.532  -67.800  -2.335 0.1000000015
10386  30.450  -63.673  -0.580 0.1000000015
9730  31.301  -64.476  -1.893 0.1000000015
9039  30.653  -65.327  -2.800 0.1000000015
5683  29.834  -70.999  -2.101 0.1000000015
6306  31.507  -70.522  -1.759 0.1000000015
6324  31.049  -70.686  -2.422 0.1000000015
6350  30.342  -69.998  -5.624 0.1000000015
6997  31.566  -69.619  -6.944 0.1000000015
8414  35.686  -67.243  -7.531 0.1000000015
9717  31.816  -64.749  -1.231 0.1000000015
9074  34.616  -66.299  -7.018 0.1000000015
9086  36.025  -66.639  -7.425 0.1000000015
9018  32.852  -66.086  -0.059 0.1000000015
9671  32.990  -65.755  0.861 0.1000000015
9774  36.123  -65.600  -7.550 0.1000000015
10502  36.434  -63.553  -8.154 0.1000000015
9651  32.988  -65.263  1.492 0.1000000015
7590  32.918  -69.169  0.906 0.1000000015
8383  32.010  -66.589  -3.612 0.1000000015
108196  33.068  -64.004  -6.645 0.1000000015
11308  36.872  -62.589  -8.437 0.1000000015
109377  35.434  -63.364  -7.748 0.1000000015
123759  35.530  -61.553  -7.446 0.1000000015
12189  37.196  -60.783  -8.219 0.1000000015
8340  33.279  -68.470  1.137 0.1000000015
7628  33.372  -68.075  -1.822 0.1000000015
122988  34.248  -61.627  -5.902 0.1000000015
10479  32.554  -63.395  -5.852 0.1000000015
10467  32.429  -63.184  -4.945 0.1000000015
9739  32.144  -64.451  -3.901 0.1000000015
108332  34.959  -61.305  -6.087 0.1000000015
11282  33.670  -62.050  -6.070 0.1000000015
12114  37.857  -61.541  -4.063 0.1000000015
13000  36.698  -60.737  -5.949 0.1000000015
11281  33.974  -62.485  -6.854 0.1000000015
11292  34.836  -62.169  -7.346 0.1000000015
12167  35.161  -61.359  -6.817 0.1000000015
12974  37.895  -61.016  -3.789 0.1000000015
13010  36.595  -60.520  -6.808 0.1000000015
13013  36.817  -60.618  -7.595 0.1000000015
13028  37.812  -60.268  -8.065 0.1000000015
12116  36.582  -61.161  -3.038 0.1000000015
15262  34.156  -57.367  -6.967 0.4000000060
14521  36.904  -58.588  -9.429 0.3000000119
14503  36.100  -58.045  -9.105 0.3000000119
15286  35.419  -57.708  -8.678 0.3000000119
15271  33.777  -57.366  -8.111 0.4000000060
15263  33.268  -57.273  -7.232 0.4000000060
14504  35.128  -58.009  -9.156 0.3000000119
7140  33.106  -68.628  -16.710 0.1000000015
7822  32.965  -67.577  -15.279 0.1000000015
8528  34.114  -66.481  -14.481 0.2000000030
9853  33.823  -64.741  -12.325 0.3000000119
15290  31.758  -57.495  -8.722 0.4000000060
10518  33.852  -63.151  -9.724 0.4000000060
124011  34.264  -61.706  -8.979 0.4000000060
9158  34.299  -65.195  -12.988 0.2000000030
123181  33.873  -64.084  -11.181 0.3000000119
117451  34.097  -62.348  -9.244 0.4000000060
13030  33.973  -61.053  -8.622 0.4000000060
14507  32.205  -58.051  -8.981 0.4000000060
7159  32.735  -69.400  -17.277 0.1000000015
9185  33.140  -65.927  -13.393 0.3000000119
11309  33.632  -61.894  -8.700 0.4000000060
123490  33.129  -60.666  -8.261 0.4000000060
13797  32.432  -59.990  -8.090 0.4000000060
125934  31.836  -69.241  -17.089 0.1000000015
8529  32.843  -66.555  -13.917 0.2000000030
111388  33.455  -65.324  -12.801 0.3000000119
9802  33.900  -63.691  -10.573 0.3000000119
12191  32.726  -61.392  -8.122 0.4000000060
125031  30.216  -55.657  -7.280 0.4000000060
17856  28.901  -54.497  -6.089 0.4000000060
11332  33.300  -62.587  -9.035 0.4000000060
13031  32.435  -60.949  -7.882 0.4000000060
14494  31.184  -58.879  -8.146 0.4000000060
14508  31.615  -58.138  -8.702 0.5000000000
121208  31.190  -68.524  -16.394 0.2000000030
7141  32.079  -68.543  -16.462 0.2000000030
116060  31.919  -67.447  -14.751 0.2000000030
9803  33.256  -64.059  -10.926 0.3000000119
10541  33.161  -63.645  -10.244 0.3000000119
7160  31.126  -69.447  -17.106 0.1000000015
11310  32.785  -62.059  -8.401 0.4000000060
9820  33.426  -64.407  -11.603 0.3000000119
10519  32.900  -63.218  -9.524 0.4000000060
12168  32.046  -61.687  -7.856 0.4000000060
15274  30.560  -56.834  -8.312 0.5000000000
114919  30.107  -56.235  -7.836 0.5000000000
17871  29.168  -54.714  -6.791 0.4000000060
11333  32.490  -62.754  -8.886 0.4000000060
13784  31.526  -59.869  -7.808 0.4000000060
15275  29.646  -56.990  -8.112 0.5000000000
16983  29.698  -55.122  -7.071 0.4000000060
7840  31.362  -67.825  -15.426 0.2000000030
8550  32.435  -67.033  -14.355 0.2000000030
9186  31.977  -66.036  -13.162 0.2000000030
9854  32.928  -64.802  -12.131 0.4000000060
9159  32.487  -65.412  -12.613 0.2000000030
9821  32.553  -64.397  -11.326 0.3000000119
9131  32.038  -64.898  -11.938 0.4000000060
9804  32.013  -64.101  -10.679 0.3000000119
14495  30.346  -58.790  -7.874 0.5000000000
118915  29.606  -55.597  -7.442 0.5000000000
17872  28.433  -53.994  -6.455 0.4000000060
18806  28.057  -53.461  -5.816 0.4000000060
9822  31.616  -64.500  -11.281 0.4000000060
11334  31.799  -62.905  -8.864 0.4000000060
122417  31.392  -62.173  -7.840 0.4000000060
119058  30.020  -57.752  -8.121 0.5000000000
7142  30.373  -68.560  -16.404 0.2000000030
7808  31.554  -66.979  -14.000 0.2000000030
120932  31.258  -66.505  -13.427 0.2000000030
10542  32.412  -63.669  -10.103 0.3000000119
11311  31.018  -62.737  -8.499 0.4000000060
13016  30.968  -60.686  -7.444 0.4000000060
7161  30.235  -69.473  -16.838 0.2000000030
7823  31.026  -67.308  -14.410 0.2000000030
108620  31.539  -65.441  -12.410 0.3000000119
9132  31.182  -64.970  -11.782 0.4000000060
9805  31.212  -64.179  -10.621 0.3000000119
116090  29.847  -59.762  -7.422 0.5000000000
16074  29.190  -56.402  -7.805 0.5000000000
120980  26.358  -50.199  -4.803 0.4000000060
7143  29.493  -68.452  -16.300 0.2000000030
120854  30.421  -67.533  -14.999 0.2000000030
10521  31.342  -63.323  -9.324 0.4000000060
124186  30.641  -62.158  -7.691 0.4000000060
16984  29.124  -54.960  -7.205 0.5000000000
18817  27.876  -53.188  -6.428 0.4000000060
7162  29.245  -69.193  -16.496 0.2000000030
120762  30.860  -66.901  -13.799 0.2000000030
8509  30.840  -65.990  -12.752 0.2000000030
10544  30.865  -63.762  -9.978 0.4000000060
126110  29.127  -59.850  -7.300 0.5000000000
15276  28.748  -57.311  -7.780 0.5000000000
6483  28.492  -70.161  -16.129 0.2000000030
9823  30.750  -64.552  -11.198 0.4000000060
10543  31.654  -63.720  -10.040 0.3000000119
13017  30.251  -60.488  -7.354 0.5000000000
117735  29.331  -58.873  -7.541 0.5000000000
23270  26.600  -48.812  -4.675 0.4000000060
20608  26.549  -51.030  -5.359 0.4000000060
19700  27.571  -52.654  -5.807 0.4000000060
7841  29.887  -67.858  -15.722 0.2000000030
122204  30.795  -65.398  -12.181 0.4000000060
18834  27.937  -53.689  -6.936 0.4000000060
19719  27.425  -52.444  -6.600 0.4000000060
8551  30.117  -67.086  -14.083 0.2000000030
8531  30.405  -66.548  -13.344 0.2000000030
7842  29.007  -67.708  -15.778 0.2000000030
21473  26.483  -50.159  -5.673 0.4000000060
20607  26.910  -51.388  -6.196 0.4000000060
112242  27.078  -51.647  -6.912 0.4000000060
11312  30.099  -62.545  -8.207 0.3000000119
14496  28.376  -58.421  -7.507 0.5000000000
16075  28.548  -55.804  -7.561 0.5000000000
9133  30.353  -65.061  -11.670 0.4000000060
10522  30.525  -63.342  -9.288 0.4000000060
10503  30.190  -62.969  -8.791 0.3000000119
12171  29.405  -61.466  -7.382 0.4000000060
9806  30.395  -64.205  -10.544 0.4000000060
13786  28.490  -59.492  -7.325 0.5000000000
7824  29.522  -67.377  -14.947 0.2000000030
123134  26.682  -50.719  -6.122 0.4000000060
16985  28.171  -55.002  -7.325 0.5000000000
118918  27.610  -55.730  -7.553 0.5000000000
11294  29.762  -62.064  -7.606 0.4000000060
13018  29.446  -60.645  -7.263 0.5000000000
118858  28.346  -56.734  -7.721 0.5000000000
13787  27.848  -60.040  -7.263 0.5000000000
117702  28.732  -61.091  -7.275 0.5000000000
15287  34.335  -57.692  -8.881 0.4000000060
128296  33.211  -59.737  -8.490 0.4000000060
22371  26.429  -49.457  -5.173 0.4000000060
15277  27.836  -57.532  -7.620 0.5000000000
12226  37.384  -61.450  -10.614 0.3000000119
113023  36.811  -60.834  -10.059 0.3000000119
110246  36.310  -60.115  -9.647 0.2000000030
14523  35.050  -58.554  -9.239 0.2000000030
11349  38.205  -62.017  -11.348 0.2000000030
11329  36.616  -62.394  -10.655 0.3000000119
12212  35.474  -61.458  -9.555 0.3000000119
119529  37.382  -63.361  -12.014 0.2000000030
10538  36.327  -63.268  -11.183 0.2000000030
11350  35.514  -62.933  -10.377 0.2000000030
114611  34.275  -65.777  -13.705 0.2000000030
5823  26.733  -71.099  -14.884 0.1000000015
5253  26.229  -71.851  -14.819 0.1000000015
9187  25.747  -65.863  -13.015 0.1000000015
13821  39.988  -59.502  -10.408 0.1000000015
13808  37.910  -58.979  -9.842 0.2000000030
13809  37.118  -59.401  -9.806 0.2000000030
13073  37.957  -60.541  -10.550 0.2000000030
117684  37.252  -60.097  -10.079 0.2000000030
12231  40.660  -61.662  -11.424 0.1000000015
11359  39.383  -62.496  -12.229 0.1000000015
12225  38.952  -61.024  -11.261 0.2000000030
11358  40.686  -62.493  -12.070 0.1000000015
10556  40.182  -63.231  -12.978 0.1000000015
6506  29.264  -70.260  -16.704 0.1000000015
5846  27.596  -70.945  -15.414 0.1000000015
8553  28.176  -66.830  -14.427 0.1000000015
8512  27.998  -66.273  -12.934 0.1000000015
9163  27.431  -65.864  -12.409 0.1000000015
7844  27.276  -67.364  -15.556 0.1000000015
8534  27.504  -66.489  -13.762 0.1000000015
8513  27.204  -66.214  -12.979 0.1000000015
9136  27.693  -65.453  -11.774 0.1000000015
8514  26.573  -66.238  -13.392 0.1000000015
114307  26.115  -65.030  -11.400 0.1000000015
10548  26.211  -64.006  -10.352 0.1000000015
9810  25.727  -64.460  -10.926 0.1000000015
10549  25.181  -63.536  -10.380 0.1000000015
13072  39.480  -60.251  -10.828 0.2000000030
11348  39.773  -61.738  -11.773 0.1000000015
9134  29.490  -65.207  -11.648 0.1000000015
10523  29.602  -63.325  -9.269 0.3000000119
7144  28.615  -68.177  -16.145 0.1000000015
7825  28.631  -67.245  -15.048 0.1000000015
8532  29.497  -66.603  -13.434 0.1000000015
9161  29.222  -65.738  -12.245 0.1000000015
9825  28.826  -64.791  -11.148 0.2000000030
10545  29.221  -63.832  -9.953 0.3000000119
11296  27.875  -61.947  -7.700 0.3000000119
12173  27.456  -61.280  -7.447 0.3000000119
108775  27.764  -67.935  -15.990 0.1000000015
8511  28.923  -66.281  -12.816 0.1000000015
9826  27.918  -64.952  -11.203 0.1000000015
10546  28.334  -63.916  -10.030 0.2000000030
11315  27.471  -62.436  -8.290 0.3000000119
111045  26.975  -67.833  -15.832 0.1000000015
9809  27.186  -64.537  -10.734 0.1000000015
10525  26.670  -63.422  -9.591 0.2000000030
11316  26.509  -62.309  -8.397 0.3000000119
10526  25.697  -63.232  -9.717 0.1000000015
11337  25.349  -62.469  -9.411 0.2000000030
12193  25.671  -61.164  -8.254 0.4000000060
9811  25.006  -64.134  -10.898 0.1000000015
10527  25.057  -62.860  -9.932 0.1000000015
120469  25.101  -61.323  -9.685 0.3000000119
14459  38.368  -58.877  -4.556 0.1000000015
13778  39.557  -59.095  -6.174 0.1000000015
16076  27.489  -56.612  -7.678 0.4000000060
14497  27.355  -58.428  -7.528 0.4000000060
12172  28.175  -61.397  -7.420 0.3000000119
13019  27.986  -60.775  -7.260 0.4000000060
118031  26.882  -59.154  -7.468 0.4000000060
13021  26.271  -60.494  -7.624 0.4000000060
13789  26.082  -59.130  -7.794 0.4000000060
13022  25.765  -60.466  -7.971 0.4000000060
127492  25.510  -59.260  -8.738 0.5000000000
12214  25.315  -61.240  -8.922 0.3000000119
13053  25.281  -60.530  -9.409 0.5000000000
11360  24.181  -62.786  -11.101 0.2000000030
120317  24.612  -62.843  -10.444 0.1000000015
13822  25.394  -59.782  -10.057 0.4000000060
10574  23.611  -63.828  -12.220 0.1000000015
115170  23.846  -62.551  -11.798 0.1000000015
116406  24.571  -61.496  -11.266 0.2000000030
12227  24.805  -61.431  -10.463 0.2000000030
9190  23.550  -64.972  -13.369 0.1000000015
10589  23.368  -63.689  -12.854 0.1000000015
12245  24.271  -61.655  -12.115 0.2000000030
9891  22.993  -64.827  -14.200 0.1000000015
10605  22.765  -63.951  -14.143 0.1000000015
112084  27.080  -53.696  -7.457 0.4000000060
18835  27.433  -52.977  -7.093 0.3000000119
17897  26.679  -54.504  -7.701 0.4000000060
15278  26.794  -57.614  -7.749 0.4000000060
119189  26.919  -56.010  -7.703 0.4000000060
117766  26.008  -58.156  -7.982 0.4000000060
16995  26.266  -55.990  -8.133 0.4000000060
13799  25.637  -59.680  -8.264 0.4000000060
112725  25.476  -58.120  -9.044 0.4000000060
15299  25.448  -57.348  -9.245 0.4000000060
14524  25.452  -58.919  -9.352 0.5000000000
14539  25.521  -58.841  -10.430 0.4000000060
108389  25.038  -60.805  -11.046 0.3000000119
13074  25.192  -60.679  -10.240 0.4000000060
13829  25.662  -59.595  -11.039 0.4000000060
11400  24.001  -61.692  -13.968 0.2000000030
11385  23.676  -62.106  -13.371 0.2000000030
12232  24.973  -60.918  -11.892 0.2000000030
122969  22.899  -63.118  -14.302 0.1000000015
119385  23.081  -63.390  -13.602 0.2000000030
7858  22.721  -67.025  -17.137 0.1000000015
18836  26.716  -53.041  -7.759 0.4000000060
19737  27.025  -52.292  -7.391 0.4000000060
17915  26.013  -54.600  -8.452 0.4000000060
16996  25.597  -55.898  -8.975 0.4000000060
113041  25.890  -55.482  -8.515 0.4000000060
16088  25.446  -56.486  -9.508 0.4000000060
109598  25.393  -57.155  -10.190 0.4000000060
109939  25.514  -57.938  -10.826 0.3000000119
14554  25.826  -58.789  -11.367 0.4000000060
13108  25.794  -60.556  -12.480 0.3000000119
13089  25.673  -60.286  -11.605 0.3000000119
11417  23.823  -61.845  -14.911 0.2000000030
12268  24.493  -61.431  -14.535 0.2000000030
12244  24.975  -61.073  -12.795 0.2000000030
10624  22.964  -62.995  -15.712 0.2000000030
7175  22.690  -67.615  -17.682 0.1000000015
8596  22.622  -66.660  -17.582 0.1000000015
120053  26.827  -50.864  -6.789 0.3000000119
20647  26.798  -51.612  -7.824 0.4000000060
18853  26.326  -53.136  -8.502 0.4000000060
19770  26.567  -52.734  -9.922 0.4000000060
18856  26.208  -53.314  -9.328 0.4000000060
17923  25.683  -54.924  -9.933 0.4000000060
113059  25.887  -54.216  -9.494 0.4000000060
16099  25.470  -56.245  -10.455 0.4000000060
17000  25.518  -55.652  -9.776 0.4000000060
15320  25.600  -56.937  -11.252 0.4000000060
16107  25.655  -56.027  -11.240 0.3000000119
14576  27.623  -58.869  -13.514 0.3000000119
13842  27.077  -59.369  -12.861 0.3000000119
14577  26.646  -57.550  -13.052 0.3000000119
107214  26.317  -57.810  -12.498 0.3000000119
15319  25.962  -57.094  -12.188 0.3000000119
12283  26.230  -60.743  -15.770 0.2000000030
12266  26.019  -60.702  -14.839 0.2000000030
13143  26.729  -60.626  -13.901 0.3000000119
13126  26.646  -60.402  -13.022 0.2000000030
13843  26.655  -59.670  -12.415 0.3000000119
13088  26.148  -59.596  -11.815 0.3000000119
118002  24.596  -61.408  -15.266 0.2000000030
13127  25.826  -60.743  -13.340 0.2000000030
11418  23.585  -62.276  -15.726 0.2000000030
22390  26.770  -49.467  -6.839 0.3000000119
124446  26.964  -48.820  -7.010 0.3000000119
21526  26.857  -50.246  -7.394 0.3000000119
117184  26.868  -51.014  -7.438 0.3000000119
20665  27.038  -50.988  -9.120 0.3000000119
115292  27.166  -50.360  -8.724 0.4000000060
19769  26.999  -52.324  -10.380 0.4000000060
19756  26.878  -51.836  -9.672 0.4000000060
19757  26.432  -52.489  -9.054 0.4000000060
113699  27.346  -52.338  -10.921 0.4000000060
18870  26.301  -53.550  -10.233 0.4000000060
18880  27.218  -53.411  -11.658 0.3000000119
18881  26.535  -53.817  -11.137 0.4000000060
17937  25.997  -54.385  -10.511 0.4000000060
16161  27.794  -56.207  -14.268 0.3000000119
17046  27.477  -55.630  -13.719 0.2000000030
17973  27.643  -54.861  -13.362 0.2000000030
17955  27.283  -54.516  -12.656 0.2000000030
17025  26.018  -55.454  -11.712 0.3000000119
17946  26.243  -54.643  -11.407 0.3000000119
14591  27.971  -58.143  -14.118 0.3000000119
111581  27.240  -57.629  -13.628 0.3000000119
16135  26.655  -56.889  -13.275 0.2000000030
16115  26.290  -56.515  -12.683 0.2000000030
17035  26.377  -55.722  -12.503 0.2000000030
12282  27.208  -60.672  -15.928 0.2000000030
13142  27.815  -60.467  -14.188 0.3000000119
13124  27.971  -60.147  -13.757 0.3000000119
13857  27.618  -59.814  -13.363 0.3000000119
23282  26.888  -48.113  -5.782 0.3000000119
23283  26.590  -48.776  -5.509 0.3000000119
22391  26.529  -49.447  -6.017 0.3000000119
20694  27.937  -51.972  -11.305 0.3000000119
123544  29.021  -53.117  -13.004 0.2000000030
19800  29.334  -52.435  -12.543 0.2000000030
121833  28.119  -52.485  -11.863 0.2000000030
19785  27.553  -52.699  -11.470 0.2000000030
17972  29.236  -54.293  -14.027 0.2000000030
17954  27.968  -54.167  -13.069 0.2000000030
127168  28.281  -53.455  -12.729 0.2000000030
18890  27.576  -53.782  -12.382 0.2000000030
24183  27.371  -47.659  -5.052 0.2000000030
9209  22.737  -64.979  -14.995 0.1000000015
110883  22.746  -63.457  -14.906 0.1000000015
13160  27.983  -60.609  -15.103 0.3000000119
12285  24.735  -61.484  -16.117 0.2000000030
14505  34.259  -58.199  -9.227 0.3000000119
13794  35.433  -59.501  -9.323 0.3000000119
125382  36.037  -60.964  -9.686 0.3000000119
10539  35.321  -63.449  -10.832 0.2000000030
14460  37.372  -58.236  -4.238 0.1000000015
13807  39.131  -58.970  -10.032 0.2000000030
14522  35.805  -58.536  -9.313 0.2000000030
9160  30.081  -65.590  -12.221 0.1000000015
124865  30.055  -63.779  -9.933 0.3000000119
116303  26.842  -48.276  -5.046 0.3000000119
8510  29.840  -66.205  -12.740 0.1000000015
9824  29.786  -64.586  -11.062 0.3000000119
11313  29.276  -62.470  -8.146 0.2000000030
127484  29.696  -64.172  -10.417 0.2000000030
8552  29.083  -66.947  -14.215 0.1000000015
12211  36.253  -61.586  -10.061 0.3000000119
10537  37.657  -62.822  -11.599 0.1000000015
9164  26.557  -65.860  -12.618 0.1000000015
13051  38.366  -59.613  -10.302 0.2000000030
7843  28.152  -67.597  -15.710 0.1000000015
8554  27.352  -66.791  -14.826 0.1000000015
8533  28.542  -66.576  -13.573 0.1000000015
9135  28.603  -65.354  -11.691 0.1000000015
9137  26.749  -65.482  -11.901 0.1000000015
9827  27.023  -65.045  -11.301 0.1000000015
10547  27.368  -63.976  -10.131 0.1000000015
10504  28.032  -62.961  -8.849 0.3000000119
9808  28.107  -64.443  -10.615 0.2000000030
117697  27.684  -63.453  -9.490 0.3000000119
11297  26.984  -61.850  -7.818 0.4000000060
13788  26.555  -59.828  -7.509 0.4000000060
11335  27.072  -62.912  -8.939 0.3000000119
11317  25.610  -61.982  -8.648 0.3000000119
127014  26.665  -55.652  -7.783 0.4000000060
16084  25.765  -56.684  -8.580 0.4000000060
11386  23.431  -62.827  -13.129 0.2000000030
11372  23.729  -62.256  -12.619 0.2000000030
109999  26.383  -53.804  -8.047 0.4000000060
129384  25.835  -56.014  -8.559 0.4000000060
12254  24.919  -61.190  -13.790 0.2000000030
19738  26.573  -52.362  -8.205 0.4000000060
13106  27.058  -60.016  -12.881 0.3000000119
121869  25.745  -60.828  -14.096 0.2000000030
20661  26.704  -51.691  -8.686 0.4000000060
20660  26.928  -50.854  -8.205 0.4000000060
13161  27.033  -60.631  -14.911 0.2000000030
21542  27.069  -50.081  -8.165 0.4000000060
18869  26.885  -52.957  -10.847 0.4000000060
17945  26.903  -54.168  -11.925 0.2000000030
109359  28.895  -55.696  -14.680 0.2000000030
17071  28.248  -55.499  -14.247 0.2000000030
17045  28.382  -54.676  -13.788 0.2000000030
17034  26.985  -55.257  -12.980 0.2000000030
22425  27.129  -49.338  -7.716 0.2000000030
23355  27.648  -48.710  -8.264 0.3000000119
23305  26.710  -48.770  -6.320 0.2000000030
23304  27.048  -48.147  -6.634 0.2000000030
10558  36.648  -63.792  -12.214 0.1000000015
9851  36.232  -64.805  -13.772 0.1000000015
9818  35.852  -64.308  -12.479 0.1000000015
14519  39.854  -58.743  -9.501 0.1000000015
10559  35.576  -63.818  -11.534 0.1000000015
9184  35.616  -66.117  -15.274 0.1000000015
9852  34.901  -64.700  -12.664 0.1000000015
9157  35.298  -65.382  -13.847 0.1000000015
24166  27.848  -47.766  -4.135 0.1000000015
24165  28.161  -47.276  -4.620 0.1000000015
25098  29.435  -46.957  -4.820 0.1000000015
24182  27.879  -46.940  -5.514 0.1000000015
25116  28.658  -46.797  -5.089 0.1000000015
24199  27.346  -47.450  -6.067 0.1000000015
25128  28.423  -46.379  -5.910 0.1000000015
24198  27.828  -46.804  -6.441 0.1000000015
23335  27.318  -48.396  -7.446 0.1000000015
23334  27.773  -47.823  -7.871 0.2000000030
24226  27.486  -47.550  -7.002 0.1000000015
25151  28.397  -46.284  -6.837 0.2000000030
21552  27.493  -50.296  -9.337 0.2000000030
25161  28.528  -46.456  -7.819 0.2000000030
24241  28.262  -47.268  -8.282 0.2000000030
23354  28.164  -48.139  -8.640 0.2000000030
22447  27.481  -49.614  -8.704 0.2000000030
25160  29.124  -45.983  -8.243 0.2000000030
23369  28.509  -48.364  -9.259 0.2000000030
21551  27.902  -50.230  -9.919 0.2000000030
21565  27.492  -50.955  -10.010 0.2000000030
20678  27.416  -51.767  -10.535 0.2000000030
20693  28.531  -51.457  -11.344 0.1000000015
25150  28.984  -45.812  -7.270 0.2000000030
23380  28.640  -48.958  -9.802 0.2000000030
22474  28.445  -49.788  -10.191 0.2000000030
21564  28.241  -50.533  -10.460 0.1000000015
22473  29.199  -49.373  -10.481 0.1000000015
21563  28.975  -50.152  -10.748 0.1000000015
123658  28.614  -47.559  -4.002 0.1000000015
24164  29.231  -47.351  -4.263 0.1000000015
25115  29.178  -46.323  -5.466 0.1000000015
24225  27.946  -46.942  -7.405 0.2000000030
24252  28.653  -47.650  -9.030 0.2000000030
13140  29.200  -60.203  -14.732 0.2000000030
14575  28.258  -59.610  -13.887 0.2000000030
13869  28.983  -59.672  -14.439 0.2000000030
13159  28.830  -60.564  -15.254 0.2000000030
122875  29.635  -59.814  -14.749 0.2000000030
128053  28.441  -57.776  -14.561 0.2000000030
14589  29.562  -58.948  -14.852 0.2000000030
112207  29.073  -57.947  -14.900 0.2000000030
13139  30.041  -60.120  -15.041 0.2000000030
15364  27.892  -57.088  -14.401 0.2000000030
14606  29.765  -57.992  -15.200 0.1000000015
14605  30.539  -58.521  -15.342 0.2000000030
15362  29.491  -57.198  -15.210 0.2000000030
16159  29.277  -56.297  -15.076 0.2000000030
15380  31.243  -57.635  -15.514 0.1000000015
16181  30.782  -56.517  -15.507 0.1000000015
17091  30.739  -55.678  -15.381 0.1000000015
15379  32.372  -57.884  -15.499 0.1000000015
15378  33.426  -58.052  -15.463 0.1000000015
26106  29.631  -45.424  -6.715 0.1000000015
17070  29.541  -55.463  -14.879 0.1000000015
17090  31.499  -55.844  -15.519 0.1000000015
17069  30.300  -55.201  -15.057 0.1000000015
16179  32.878  -57.104  -15.474 0.1000000015
17089  32.457  -56.083  -15.559 0.1000000015
16178  33.863  -57.296  -15.314 0.1000000015
17088  33.278  -56.432  -15.416 0.1000000015
15361  35.426  -57.269  -15.193 0.1000000015
26132  29.599  -45.385  -7.722 0.1000000015
27055  30.879  -44.635  -6.860 0.1000000015
26131  30.184  -44.940  -7.233 0.1000000015
18908  28.713  -53.844  -13.404 0.1000000015
17971  30.096  -53.995  -14.188 0.1000000015
17068  31.153  -55.074  -15.195 0.1000000015
17995  30.667  -54.521  -14.643 0.1000000015
17067  33.181  -55.456  -15.293 0.1000000015
125757  34.832  -57.201  -15.157 0.1000000015
17066  34.879  -56.094  -14.941 0.1000000015
24240  28.824  -46.781  -8.696 0.1000000015
18905  31.437  -53.102  -13.580 0.1000000015
19813  30.726  -52.658  -13.130 0.1000000015
123450  33.084  -53.347  -13.835 0.1000000015
18929  31.808  -53.608  -14.125 0.1000000015
18930  31.014  -53.788  -14.194 0.1000000015
18906  30.447  -53.345  -13.638 0.1000000015
110113  33.894  -53.207  -13.630 0.1000000015
18928  32.527  -53.771  -14.295 0.1000000015
17969  34.869  -54.065  -14.223 0.1000000015
17970  34.232  -53.748  -14.107 0.1000000015
115211  33.536  -54.679  -14.852 0.1000000015
17993  32.748  -54.525  -14.815 0.1000000015
17967  36.113  -54.007  -14.128 0.1000000015
17968  35.566  -54.402  -14.315 0.1000000015
17992  34.199  -54.414  -14.557 0.1000000015
17990  35.799  -55.177  -14.548 0.1000000015
27076  30.725  -44.481  -7.700 0.1000000015
26144  30.191  -44.903  -8.146 0.1000000015
19814  29.854  -52.854  -13.127 0.1000000015
127960  36.005  -52.665  -13.799 0.1000000015
18902  34.736  -53.393  -13.736 0.1000000015
18900  36.021  -53.291  -13.918 0.1000000015
19799  30.223  -52.213  -12.614 0.1000000015
108519  34.138  -55.286  -15.010 0.1000000015
17065  35.499  -55.815  -14.752 0.1000000015
124801  31.452  -52.498  -13.022 0.1000000015
8639  26.588  -66.670  -20.436 0.1000000015
8638  27.615  -66.817  -20.662 0.1000000015
111993  27.323  -67.755  -20.889 0.1000000015
7916  25.930  -68.089  -20.618 0.1000000015
108302  25.612  -70.638  -20.733 0.1000000015
125706  24.613  -71.422  -20.701 0.1000000015
4774  22.809  -72.316  -21.523 0.1000000015
8640  25.813  -66.252  -20.144 0.1000000015
9285  27.118  -65.875  -20.209 0.1000000015
109122  26.960  -68.666  -20.949 0.1000000015
6559  25.549  -69.894  -20.462 0.1000000015
9265  28.526  -65.356  -20.263 0.1000000015
9266  27.602  -65.179  -20.003 0.1000000015
122160  26.439  -64.469  -19.296 0.1000000015
119674  26.269  -65.729  -19.952 0.1000000015
126061  25.763  -67.021  -20.441 0.1000000015
109366  28.424  -66.918  -20.833 0.1000000015
10699  26.854  -63.921  -19.111 0.1000000015
9945  25.660  -64.369  -18.988 0.1000000015
108499  28.932  -66.387  -20.736 0.1000000015
9964  29.166  -64.646  -20.027 0.1000000015
9962  30.881  -64.609  -20.308 0.1000000015
9282  30.773  -66.403  -21.233 0.1000000015
9986  30.259  -65.194  -20.499 0.1000000015
9267  26.762  -65.108  -19.725 0.1000000015
4791  23.045  -72.444  -21.979 0.1000000015
4116  25.287  -73.664  -6.263 0.1000000015
4126  25.872  -74.039  -6.408 0.1000000015
4131  26.461  -73.907  -6.480 0.1000000015
4564  27.230  -73.243  -5.641 0.1000000015
4566  25.261  -73.438  -5.843 0.1000000015
4572  27.518  -73.243  -6.341 0.1000000015
4574  25.314  -73.662  -6.822 0.1000000015
4773  23.543  -72.193  -21.639 0.1000000015
5117  28.762  -71.605  -4.611 0.1000000015
5128  26.334  -72.973  -5.514 0.1000000015
5129  25.377  -72.766  -5.502 0.1000000015
5682  30.122  -70.840  -1.642 0.1000000015
5708  29.729  -71.199  -3.945 0.1000000015
5711  27.776  -71.543  -4.869 0.1000000015
5847  26.878  -70.056  -15.037 0.2000000030
5938  25.139  -71.048  -20.654 0.1000000015
6281  33.017  -69.689  0.538 0.1000000015
6503  32.092  -70.133  -17.627 0.1000000015
6504  31.144  -70.441  -17.549 0.1000000015
6558  26.321  -70.522  -21.043 0.1000000015
6895  33.177  -69.470  0.809 0.1000000015
6907  33.560  -69.446  0.463 0.1000000015
6923  31.346  -70.089  -0.503 0.1000000015
7210  26.451  -69.564  -20.832 0.1000000015
7601  31.903  -69.710  0.110 0.1000000015
7688  29.623  -67.760  -7.620 0.1000000015
7734  26.063  -66.796  -9.250 0.1000000015
7826  27.908  -67.130  -15.156 0.1000000015
7839  32.426  -67.986  -15.710 0.1000000015
7915  28.476  -68.061  -21.252 0.1000000015
8386  29.424  -66.706  -3.832 0.1000000015
8432  27.890  -66.721  -8.628 0.1000000015
8470  33.741  -66.238  -10.493 0.1000000015
8530  31.984  -66.623  -13.706 0.2000000030
8976  34.158  -66.001  2.323 0.1000000015
9038  31.170  -65.114  -2.315 0.1000000015
9162  28.336  -65.836  -12.306 0.1000000015
9228  22.640  -65.628  -16.631 0.2000000030
9240  22.617  -65.897  -17.375 0.1000000015
9268  25.432  -65.673  -19.706 0.1000000015
9283  29.567  -65.770  -20.622 0.1000000015
9284  27.997  -66.014  -20.456 0.1000000015
9750  26.105  -64.193  -5.104 0.1000000015
9807  28.999  -64.325  -10.532 0.2000000030
9819  34.242  -64.345  -11.758 0.3000000119
9830  23.861  -64.176  -11.942 0.1000000015
9875  23.184  -64.278  -13.428 0.1000000015
9920  22.737  -64.320  -16.826 0.3000000119
9921  22.499  -64.934  -16.300 0.2000000030
9947  23.511  -64.993  -18.291 0.1000000015
9963  29.986  -64.332  -20.058 0.1000000015
9965  28.104  -64.555  -19.737 0.2000000030
10443  37.052  -63.389  -3.259 0.1000000015
10451  28.085  -62.986  -4.062 0.1000000015
10520  32.109  -63.299  -9.423 0.4000000060
10524  28.629  -63.416  -9.406 0.3000000119
10550  24.479  -63.514  -10.930 0.1000000015
10561  23.889  -63.477  -11.616 0.1000000015
10606  22.677  -64.374  -14.838 0.1000000015
10657  24.995  -62.726  -17.838 0.2000000030
10673  27.209  -63.312  -18.881 0.2000000030
10696  29.439  -63.767  -19.644 0.2000000030
10698  27.649  -63.900  -19.307 0.1000000015
11262  32.876  -62.693  -4.879 0.1000000015
11293  31.954  -62.397  -8.304 0.4000000060
11295  28.809  -61.904  -7.585 0.3000000119
11314  28.399  -62.464  -8.201 0.3000000119
11336  26.093  -62.770  -9.060 0.3000000119
11338  24.821  -62.147  -9.933 0.3000000119
11373  23.567  -63.120  -12.330 0.2000000030
11432  24.137  -62.042  -16.426 0.2000000030
11444  26.338  -62.215  -18.113 0.3000000119
11465  29.207  -62.357  -18.978 0.2000000030
11466  28.379  -62.543  -18.874 0.2000000030
11468  26.740  -62.714  -18.490 0.2000000030
12169  31.190  -61.556  -7.544 0.4000000060
12170  30.245  -61.381  -7.374 0.5000000000
12174  26.608  -61.159  -7.595 0.4000000060
12175  25.994  -61.001  -7.801 0.4000000060
12190  33.250  -61.442  -8.384 0.4000000060
12192  26.165  -61.622  -8.007 0.3000000119
12223  40.920  -61.164  -11.084 0.1000000015
12233  24.464  -62.140  -10.731 0.2000000030
12255  24.193  -61.617  -13.105 0.2000000030
12267  25.185  -61.056  -14.684 0.2000000030
12284  25.355  -61.029  -15.540 0.2000000030
12299  31.692  -60.637  -16.245 0.2000000030
12301  29.483  -61.127  -16.958 0.3000000119
12302  28.653  -60.948  -16.890 0.3000000119
12305  25.551  -61.211  -16.436 0.3000000119
12319  28.319  -61.271  -17.659 0.3000000119
12332  33.602  -61.089  -18.488 0.1000000015
12337  28.614  -61.795  -18.452 0.2000000030
13015  31.782  -60.832  -7.656 0.4000000060
13020  27.123  -60.490  -7.356 0.3000000119
13032  25.459  -60.475  -8.593 0.4000000060
13107  26.411  -60.103  -12.357 0.3000000119
13125  27.385  -60.284  -13.486 0.3000000119
13141  28.479  -60.155  -14.229 0.2000000030
13156  31.352  -60.323  -15.700 0.2000000030
13175  29.163  -60.777  -16.092 0.3000000119
13189  31.926  -60.874  -16.980 0.1000000015
13785  30.700  -59.772  -7.614 0.5000000000
13798  31.961  -58.917  -8.480 0.4000000060
13806  40.662  -59.352  -9.792 0.1000000015
13810  25.376  -59.764  -9.014 0.5000000000
13868  30.267  -59.538  -15.100 0.2000000030
13879  33.242  -59.253  -15.811 0.2000000030
13882  30.841  -59.995  -15.317 0.3000000119
14479  39.161  -58.605  -5.744 0.1000000015
14490  39.406  -58.646  -6.503 0.2000000030
14500  40.482  -58.837  -8.864 0.2000000030
14509  30.971  -57.714  -8.512 0.5000000000
14510  25.716  -57.716  -8.540 0.4000000060
14511  25.656  -58.699  -8.465 0.4000000060
14538  40.159  -59.105  -10.169 0.1000000015
14553  25.857  -57.896  -11.756 0.3000000119
14564  26.402  -58.827  -12.225 0.3000000119
14590  28.628  -58.718  -14.402 0.2000000030
14603  32.947  -58.789  -15.565 0.1000000015
14614  33.823  -58.551  -16.624 0.1000000015
14632  33.998  -58.772  -18.452 0.1000000015
15109  34.140  -57.936  4.892 0.1000000015
15140  28.723  -57.274  2.177 0.1000000015
15243  33.006  -57.344  -5.358 0.5000000000
15244  32.146  -57.248  -5.802 0.5000000000
15259  38.154  -57.734  -6.373 0.2000000030
15269  35.872  -57.521  -7.789 0.4000000060
15291  26.084  -57.366  -8.135 0.4000000060
15311  25.383  -58.038  -9.836 0.5000000000
15331  26.336  -57.158  -12.760 0.3000000119
15363  28.726  -57.090  -14.872 0.2000000030
15381  30.282  -57.381  -15.400 0.1000000015
15987  32.437  -55.269  -1.841 0.5000000000
16006  35.157  -56.670  -3.719 0.2000000030
16008  33.515  -55.594  -3.049 0.3000000119
16028  29.737  -55.976  -4.392 0.5000000000
16062  30.901  -56.080  -7.015 0.5000000000
16077  26.528  -56.726  -7.939 0.4000000060
16083  31.350  -56.863  -8.446 0.5000000000
16106  25.912  -56.278  -11.951 0.4000000060
16134  27.228  -56.569  -13.837 0.2000000030
16157  34.052  -56.329  -15.182 0.1000000015
16158  30.065  -55.919  -15.324 0.1000000015
16160  28.447  -56.296  -14.648 0.2000000030
16180  31.855  -56.809  -15.581 0.1000000015
16182  29.964  -56.626  -15.355 0.1000000015
16986  27.099  -55.238  -7.534 0.4000000060
17012  25.714  -55.310  -10.734 0.4000000060
17044  28.990  -55.030  -14.423 0.1000000015
17047  26.737  -56.072  -13.250 0.2000000030
17831  27.841  -54.226  -3.358 0.5000000000
17855  29.366  -54.913  -6.321 0.4000000060
17895  28.563  -54.362  -7.008 0.5000000000
17896  27.625  -54.326  -7.292 0.5000000000
17916  25.658  -55.118  -9.168 0.4000000060
17956  26.597  -54.925  -12.229 0.3000000119
17991  34.999  -54.983  -14.725 0.1000000015
17994  31.712  -54.343  -14.646 0.1000000015
17996  29.789  -54.731  -14.572 0.1000000015
18901  35.355  -52.904  -13.590 0.1000000015
18903  33.451  -53.902  -14.340 0.1000000015
18904  32.373  -53.197  -13.699 0.1000000015
18907  29.537  -53.564  -13.578 0.1000000015
18927  36.716  -53.662  -14.174 0.1000000015
19684  27.409  -53.352  -4.969 0.5000000000
19801  27.846  -53.058  -12.136 0.2000000030
19812  32.190  -52.591  -13.185 0.1000000015
20677  28.044  -51.248  -10.799 0.2000000030
21495  26.646  -50.148  -6.495 0.3000000119
21582  28.740  -50.857  -11.054 0.1000000015
22446  28.046  -48.899  -9.063 0.2000000030
22464  27.985  -49.627  -9.514 0.2000000030
24051  32.373  -47.569  5.131 0.1000000015
25997  29.822  -45.719  0.173 0.1000000015
26145  29.781  -45.540  -8.638 0.1000000015
107702  25.078  -67.218  -4.532 0.1000000015
109348  32.813  -58.766  -8.838 0.4000000060
109411  26.392  -55.270  -7.952 0.4000000060
109804  23.523  -72.024  -21.116 0.1000000015
110054  31.701  -67.812  -0.846 0.1000000015
110285  32.297  -61.204  -17.740 0.1000000015
111185  28.188  -56.832  1.934 0.1000000015
111186  26.070  -53.805  -8.743 0.4000000060
111618  25.782  -61.500  -17.155 0.2000000030
111697  28.495  -60.407  -14.627 0.2000000030
112271  30.956  -61.470  -17.777 0.1000000015
114055  35.459  -57.193  -5.430 0.2000000030
114146  36.716  -57.420  -6.064 0.2000000030
114712  28.544  -52.744  -12.391 0.2000000030
115004  34.461  -57.353  -5.863 0.4000000060
115336  28.927  -62.921  -8.776 0.3000000119
115622  32.118  -55.176  -15.303 0.1000000015
116765  25.424  -60.240  -10.805 0.4000000060
117209  28.597  -60.332  -7.255 0.5000000000
117289  23.165  -62.610  -14.948 0.2000000030
117670  36.484  -55.276  -14.487 0.1000000015
118268  32.961  -66.208  -9.898 0.1000000015
118344  25.967  -59.917  -7.751 0.4000000060
118517  27.693  -59.243  -7.362 0.5000000000
118765  29.627  -62.845  -8.664 0.3000000119
118852  29.626  -64.909  -3.708 0.1000000015
121184  34.864  -67.644  -8.151 0.1000000015
122084  26.879  -58.365  -12.964 0.3000000119
122305  28.651  -69.415  -16.254 0.2000000030
122313  24.206  -62.118  -11.377 0.2000000030
122427  23.373  -62.433  -14.041 0.2000000030
122433  27.260  -52.028  -6.246 0.4000000060
122455  29.757  -57.498  -1.222 0.3000000119
122551  27.753  -56.315  1.637 0.1000000015
122895  26.558  -58.490  -7.688 0.4000000060
123034  24.138  -61.768  -15.712 0.2000000030
123056  35.444  -53.662  -13.939 0.1000000015
123308  27.219  -59.767  -7.357 0.4000000060
123742  36.271  -59.188  -9.540 0.2000000030
124308  29.211  -57.883  -7.767 0.5000000000
124406  22.562  -64.284  -16.118 0.3000000119
124637  30.626  -68.003  -15.744 0.2000000030
124734  25.191  -61.853  -9.281 0.3000000119
125746  32.671  -63.996  -10.660 0.3000000119
126047  23.693  -67.572  -8.457 0.1000000015
126291  29.489  -55.714  -5.101 0.5000000000
126339  27.958  -72.620  -6.539 0.1000000015
126859  28.412  -71.465  -4.483 0.1000000015
126888  28.141  -58.866  -13.958 0.3000000119
126999  27.926  -55.141  -13.810 0.2000000030
127058  26.466  -67.578  -20.665 0.1000000015
127512  28.398  -62.853  -3.675 0.1000000015
127633  26.380  -74.104  -5.991 0.1000000015
127837  25.509  -64.052  -10.615 0.1000000015
128148  24.488  -65.968  -4.881 0.1000000015
128221  26.457  -64.630  -10.932 0.1000000015
128339  26.185  -63.943  -18.935 0.1000000015
129041  27.430  -73.430  -5.899 0.1000000015
129050  36.144  -54.654  -14.348 0.1000000015
129538  33.546  -55.896  -2.679 0.3000000119
