#!ascii label  , from subject sub-v2s15x29731_ses-1 vox2ras=TkReg
1568
135919  12.862  -24.516  44.855 0.0000000000
72351  42.349  -4.359  20.387 0.0000000000
148387  33.097  -17.070  39.231 0.0000000000
57621  43.546  -17.456  39.509 0.0000000000
54137  25.723  -20.477  38.608 0.0000000000
145484  20.587  -21.493  47.329 0.0000000000
156304  54.046  -0.653  11.863 0.0000000000
75667  53.122  -1.845  23.610 0.0000000000
136610  40.585  -10.431  31.006 0.0000000000
81032  56.720  3.233  1.196 0.0000000000
54061  31.575  -20.543  43.259 0.0000000000
52844  15.899  -21.231  45.986 0.0000000000
76706  54.053  -0.901  17.825 0.0000000000
130247  49.145  -1.342  17.142 0.0000000000
71172  40.931  -5.708  24.950 0.0000000000
73467  44.321  -3.115  26.442 0.0000000000
67934  38.666  -8.384  24.557 0.0000000000
57682  39.580  -17.298  35.465 0.0000000000
55218  38.571  -19.543  39.350 0.0000000000
150822  27.593  -22.832  44.158 0.0000000000
51777  24.936  -22.826  48.475 0.0000000000
130240  23.037  -21.626  42.627 0.0000000000
55205  18.165  -19.482  40.572 0.0000000000
56492  29.318  -18.536  39.245 0.0000000000
130456  59.529  -1.091  11.640 0.0000000000
147767  60.259  -0.453  17.399 0.0000000000
73518  47.184  -3.324  22.398 0.0000000000
68955  41.450  -7.158  32.301 0.0000000000
60979  43.528  -13.981  35.733 0.0000000000
77902  54.337  0.383  5.644 0.0000000000
77913  60.467  0.154  4.952 0.0000000000
142108  60.426  -2.902  1.275 0.0000000000
51824  30.818  -22.754  45.597 0.0000000000
50572  14.185  -22.834  44.871 0.0000000000
51772  15.147  -22.178  49.422 0.0000000000
50515  13.448  -23.369  48.633 0.0000000000
75790  49.352  -1.290  13.911 0.0000000000
69026  41.593  -7.630  26.648 0.0000000000
71161  42.092  -5.942  26.586 0.0000000000
45298  8.738  -28.238  45.423 0.0000000000
69074  38.230  -6.995  22.139 0.0000000000
143679  33.818  -17.267  37.267 0.0000000000
56543  36.513  -18.424  37.133 0.0000000000
56490  35.587  -18.498  39.221 0.0000000000
52927  26.815  -21.659  41.288 0.0000000000
51858  25.274  -22.337  43.623 0.0000000000
52949  24.438  -21.348  40.530 0.0000000000
55244  27.487  -19.531  38.286 0.0000000000
54085  28.794  -20.921  41.173 0.0000000000
133572  22.526  -22.375  48.038 0.0000000000
151485  57.079  -0.695  11.906 0.0000000000
76763  60.579  -0.773  14.405 0.0000000000
138157  57.374  -0.644  15.157 0.0000000000
131554  53.582  -1.433  20.997 0.0000000000
75686  57.147  -0.835  21.436 0.0000000000
72374  43.481  -3.905  18.141 0.0000000000
73563  45.796  -3.416  19.465 0.0000000000
132641  45.119  -3.552  21.103 0.0000000000
66807  38.708  -9.275  29.951 0.0000000000
144810  38.149  -8.690  28.862 0.0000000000
66770  40.811  -8.531  31.918 0.0000000000
57646  41.435  -17.472  37.439 0.0000000000
59871  41.662  -15.629  35.312 0.0000000000
59836  43.525  -15.553  37.441 0.0000000000
77837  51.930  0.488  8.621 0.0000000000
146859  52.463  1.390  5.786 0.0000000000
77834  54.487  0.134  8.781 0.0000000000
134266  56.964  0.239  8.453 0.0000000000
77962  60.114  0.987  -0.584 0.0000000000
76954  58.281  -1.118  1.225 0.0000000000
75878  60.381  -2.381  2.953 0.0000000000
76946  56.543  -0.543  2.508 0.0000000000
56462  32.533  -18.266  41.453 0.0000000000
134383  34.719  -18.696  41.720 0.0000000000
137162  33.545  -19.679  43.193 0.0000000000
134077  18.236  -20.119  46.239 0.0000000000
53984  19.284  -21.075  50.456 0.0000000000
53977  16.981  -21.045  49.811 0.0000000000
135323  51.467  -0.672  11.311 0.0000000000
76770  53.947  -0.843  14.668 0.0000000000
75774  51.558  -1.151  14.497 0.0000000000
75731  51.325  -1.106  17.844 0.0000000000
75691  51.019  -1.790  20.584 0.0000000000
72317  41.431  -4.327  22.287 0.0000000000
73522  43.454  -3.536  22.859 0.0000000000
72256  42.333  -4.026  25.086 0.0000000000
63380  40.461  -12.346  30.966 0.0000000000
59789  45.864  -15.630  40.551 0.0000000000
48302  11.785  -26.110  43.951 0.0000000000
131946  11.482  -25.411  47.311 0.0000000000
153095  10.248  -26.779  46.495 0.0000000000
71253  40.201  -5.295  20.228 0.0000000000
70127  39.121  -5.843  22.194 0.0000000000
69041  40.129  -7.369  24.582 0.0000000000
132257  41.184  -8.178  27.978 0.0000000000
57683  37.235  -17.620  35.096 0.0000000000
56521  39.314  -18.653  37.416 0.0000000000
55238  41.516  -19.103  39.092 0.0000000000
55182  37.473  -19.526  41.154 0.0000000000
149070  40.056  -20.130  41.319 0.0000000000
51806  29.001  -23.370  46.111 0.0000000000
50508  27.326  -23.726  49.347 0.0000000000
131611  26.150  -22.839  45.810 0.0000000000
51831  23.630  -22.435  45.490 0.0000000000
52865  21.593  -21.741  45.248 0.0000000000
54101  21.948  -20.650  39.854 0.0000000000
54087  20.153  -20.382  41.360 0.0000000000
54050  18.967  -20.221  44.287 0.0000000000
54079  16.811  -20.206  43.157 0.0000000000
52917  15.326  -21.499  42.219 0.0000000000
50619  14.039  -23.304  42.286 0.0000000000
58755  31.809  -15.936  37.950 0.0000000000
58756  29.451  -16.012  37.328 0.0000000000
58720  30.854  -16.706  39.250 0.0000000000
55201  30.342  -19.152  40.946 0.0000000000
52893  29.575  -22.042  43.366 0.0000000000
76736  62.631  -0.922  17.174 0.0000000000
130464  57.721  -0.579  18.050 0.0000000000
74671  46.547  -2.282  16.745 0.0000000000
74622  48.531  -2.491  19.779 0.0000000000
140014  50.034  -2.610  22.875 0.0000000000
129999  45.377  -3.099  24.276 0.0000000000
74533  48.499  -2.195  25.517 0.0000000000
134200  36.915  -8.830  26.097 0.0000000000
67874  39.683  -8.460  27.885 0.0000000000
135474  42.520  -6.652  31.522 0.0000000000
62156  41.129  -14.069  33.064 0.0000000000
63348  42.401  -12.268  33.310 0.0000000000
62100  45.525  -13.315  37.973 0.0000000000
64541  44.588  -11.745  35.292 0.0000000000
65650  43.291  -10.043  33.345 0.0000000000
67793  43.728  -7.794  34.284 0.0000000000
71089  44.376  -6.071  34.141 0.0000000000
78887  54.870  1.112  2.945 0.0000000000
76898  57.052  0.168  5.533 0.0000000000
133281  60.117  0.357  7.911 0.0000000000
51785  31.383  -23.747  47.331 0.0000000000
50558  13.704  -23.355  45.177 0.0000000000
50543  14.085  -22.895  46.593 0.0000000000
49383  12.962  -24.028  46.252 0.0000000000
69011  42.002  -7.774  28.288 0.0000000000
69018  42.663  -7.418  27.842 0.0000000000
44179  8.224  -29.376  44.113 0.0000000000
57639  33.462  -17.168  38.309 0.0000000000
57638  34.256  -17.638  38.090 0.0000000000
148482  34.308  -17.878  39.559 0.0000000000
130187  26.144  -20.716  39.319 0.0000000000
52948  25.235  -21.439  40.630 0.0000000000
52966  24.881  -21.110  39.893 0.0000000000
55278  26.918  -19.137  36.905 0.0000000000
54136  26.518  -20.296  38.686 0.0000000000
136546  26.953  -20.498  39.376 0.0000000000
144670  21.331  -21.843  47.116 0.0000000000
52812  21.325  -21.965  48.970 0.0000000000
130452  55.671  -0.549  11.857 0.0000000000
151733  57.137  -0.647  13.179 0.0000000000
131542  55.744  -0.589  13.243 0.0000000000
75677  53.603  -1.617  22.886 0.0000000000
138807  55.266  -1.325  23.232 0.0000000000
72364  42.516  -4.427  19.429 0.0000000000
73565  44.024  -3.770  19.776 0.0000000000
73551  43.726  -3.762  20.642 0.0000000000
65688  39.545  -10.610  30.040 0.0000000000
139495  39.308  -9.776  30.111 0.0000000000
66798  39.213  -8.956  30.481 0.0000000000
66784  40.588  -9.430  31.385 0.0000000000
57635  42.444  -17.530  38.376 0.0000000000
58751  42.505  -16.513  37.433 0.0000000000
58733  43.445  -16.485  38.419 0.0000000000
76866  52.448  -0.209  9.790 0.0000000000
77852  53.320  0.424  8.249 0.0000000000
148927  54.254  -0.293  9.965 0.0000000000
76847  55.833  -0.360  10.305 0.0000000000
77954  58.188  0.851  0.700 0.0000000000
78905  57.258  1.648  1.163 0.0000000000
76945  57.140  -0.953  2.157 0.0000000000
77945  56.694  0.865  1.636 0.0000000000
136111  32.317  -19.225  42.382 0.0000000000
56449  32.829  -18.769  42.038 0.0000000000
55140  33.035  -20.106  43.519 0.0000000000
54014  17.124  -20.444  46.219 0.0000000000
53994  17.690  -20.598  48.518 0.0000000000
52826  16.463  -21.073  47.423 0.0000000000
51765  14.519  -22.493  50.669 0.0000000000
51757  15.213  -22.087  51.268 0.0000000000
76833  50.658  -0.853  11.625 0.0000000000
75801  51.444  -1.222  12.678 0.0000000000
150619  50.793  -1.358  13.220 0.0000000000
130369  49.293  -0.989  15.655 0.0000000000
131755  50.535  -0.915  15.962 0.0000000000
75733  49.933  -1.118  17.152 0.0000000000
75713  51.594  -1.429  19.326 0.0000000000
75724  50.318  -1.560  18.765 0.0000000000
72297  40.867  -4.660  23.263 0.0000000000
72296  41.583  -4.247  23.649 0.0000000000
72277  41.695  -4.404  24.623 0.0000000000
76868  50.797  -0.097  9.781 0.0000000000
47231  11.086  -26.543  45.331 0.0000000000
46288  10.204  -27.392  45.194 0.0000000000
71242  38.658  -5.569  20.512 0.0000000000
71241  39.473  -5.375  20.849 0.0000000000
70138  38.776  -5.752  21.371 0.0000000000
69053  38.005  -8.162  23.216 0.0000000000
70117  39.142  -7.062  23.269 0.0000000000
69042  39.464  -7.958  24.543 0.0000000000
156462  40.626  -7.873  25.662 0.0000000000
67917  40.148  -8.329  25.915 0.0000000000
57685  35.538  -17.513  35.337 0.0000000000
56523  37.156  -18.972  38.345 0.0000000000
149144  37.794  -18.585  37.000 0.0000000000
55261  38.952  -19.015  37.893 0.0000000000
56504  39.825  -18.932  38.008 0.0000000000
130246  40.028  -19.747  39.564 0.0000000000
56446  35.201  -19.154  42.279 0.0000000000
56459  36.270  -19.253  41.561 0.0000000000
55169  36.566  -19.491  42.241 0.0000000000
55165  39.829  -19.950  42.915 0.0000000000
130959  41.776  -20.035  41.152 0.0000000000
155916  28.261  -23.150  45.115 0.0000000000
51807  27.689  -23.216  46.518 0.0000000000
51844  26.866  -22.821  44.599 0.0000000000
51859  24.407  -22.127  43.331 0.0000000000
134534  24.466  -22.338  44.189 0.0000000000
52879  23.131  -22.112  44.321 0.0000000000
52864  22.389  -22.067  45.311 0.0000000000
131203  22.088  -21.636  43.729 0.0000000000
54140  22.637  -20.481  38.464 0.0000000000
55204  18.913  -19.678  40.481 0.0000000000
54122  19.761  -20.024  40.062 0.0000000000
54088  19.156  -20.011  41.253 0.0000000000
54077  19.317  -20.296  42.511 0.0000000000
144227  18.524  -20.134  42.808 0.0000000000
54064  18.012  -19.981  43.315 0.0000000000
55173  17.545  -19.899  41.978 0.0000000000
51874  14.772  -22.176  42.244 0.0000000000
59856  31.977  -15.713  36.172 0.0000000000
59857  31.117  -15.018  36.359 0.0000000000
57651  28.635  -17.555  37.569 0.0000000000
57640  29.560  -17.167  38.481 0.0000000000
133803  30.022  -16.280  38.162 0.0000000000
57628  29.786  -17.604  39.182 0.0000000000
56479  30.640  -18.402  40.599 0.0000000000
55220  29.458  -19.086  39.903 0.0000000000
52907  28.550  -21.864  42.365 0.0000000000
52924  29.047  -21.326  41.898 0.0000000000
52894  28.812  -22.250  43.104 0.0000000000
133636  29.339  -22.850  44.674 0.0000000000
51767  26.522  -23.294  49.433 0.0000000000
48232  10.627  -25.115  48.989 0.0000000000
49346  11.208  -24.443  49.590 0.0000000000
76803  61.130  -0.939  12.608 0.0000000000
76738  60.603  -0.499  16.646 0.0000000000
76750  62.038  -0.502  15.817 0.0000000000
76715  62.091  -0.624  17.947 0.0000000000
76687  61.705  -0.743  19.893 0.0000000000
76739  54.538  -0.772  16.112 0.0000000000
130460  55.913  -0.732  16.717 0.0000000000
155266  56.113  -0.770  17.902 0.0000000000
133252  59.051  -0.478  21.732 0.0000000000
131838  46.835  -3.387  20.768 0.0000000000
74624  47.321  -2.790  19.018 0.0000000000
74597  48.065  -3.004  21.043 0.0000000000
150330  49.318  -2.506  21.214 0.0000000000
74582  48.747  -2.927  22.431 0.0000000000
150113  43.776  -3.329  24.957 0.0000000000
152053  44.841  -3.327  23.525 0.0000000000
73486  45.107  -2.846  25.205 0.0000000000
67904  36.441  -8.994  26.766 0.0000000000
68972  39.602  -7.944  30.885 0.0000000000
135825  38.780  -8.491  28.385 0.0000000000
68989  40.179  -7.559  30.836 0.0000000000
69003  40.462  -7.584  30.070 0.0000000000
149508  41.883  -6.644  32.003 0.0000000000
152317  38.185  -17.263  34.374 0.0000000000
58806  39.415  -16.682  34.226 0.0000000000
60980  42.762  -14.494  35.319 0.0000000000
60995  41.730  -14.671  34.275 0.0000000000
60994  42.403  -14.238  34.600 0.0000000000
62154  42.107  -13.128  33.554 0.0000000000
129957  43.159  -12.940  34.655 0.0000000000
60914  45.718  -14.619  39.379 0.0000000000
65623  45.993  -10.656  35.645 0.0000000000
65629  44.726  -10.799  34.761 0.0000000000
66740  45.413  -9.384  34.518 0.0000000000
66742  43.956  -8.816  33.932 0.0000000000
67783  45.655  -8.561  34.894 0.0000000000
77903  53.591  0.667  5.833 0.0000000000
77918  54.359  0.477  4.354 0.0000000000
76918  55.880  -0.410  4.247 0.0000000000
77900  56.118  0.160  5.794 0.0000000000
145092  58.879  -0.393  9.756 0.0000000000
77847  58.505  0.220  8.338 0.0000000000
76860  59.548  -0.159  9.149 0.0000000000
77828  61.195  0.030  8.758 0.0000000000
75895  59.968  -1.985  0.273 0.0000000000
76931  60.521  -0.980  4.063 0.0000000000
76912  62.032  -0.366  4.645 0.0000000000
77896  61.851  0.251  5.616 0.0000000000
52876  31.516  -21.648  44.528 0.0000000000
52875  32.296  -21.307  44.721 0.0000000000
52861  31.966  -22.039  45.246 0.0000000000
51833  15.212  -21.790  45.622 0.0000000000
151785  15.390  -21.850  47.239 0.0000000000
51793  14.757  -22.363  47.146 0.0000000000
51782  14.000  -22.993  49.236 0.0000000000
50490  13.172  -23.287  50.470 0.0000000000
75777  47.819  -0.966  14.728 0.0000000000
130639  47.871  -1.379  16.051 0.0000000000
70099  41.157  -6.634  25.447 0.0000000000
71171  41.560  -5.662  25.760 0.0000000000
70093  41.849  -6.821  26.323 0.0000000000
69025  42.406  -7.320  27.237 0.0000000000
46295  9.859  -27.832  44.772 0.0000000000
45310  9.098  -28.869  43.863 0.0000000000
45299  7.786  -28.658  45.556 0.0000000000
70139  38.071  -6.411  21.459 0.0000000000
67950  37.325  -8.602  23.705 0.0000000000
57667  35.321  -17.734  36.183 0.0000000000
57649  34.550  -17.691  37.322 0.0000000000
56507  35.657  -18.423  38.334 0.0000000000
56505  37.072  -19.094  39.215 0.0000000000
51871  27.186  -22.270  42.636 0.0000000000
51857  26.529  -22.449  43.236 0.0000000000
52910  25.633  -21.970  42.213 0.0000000000
52911  24.867  -21.848  42.006 0.0000000000
130502  23.280  -21.473  41.749 0.0000000000
55206  17.715  -19.574  40.608 0.0000000000
129818  17.087  -19.491  38.809 0.0000000000
56527  27.540  -18.762  37.234 0.0000000000
56493  28.636  -18.806  38.664 0.0000000000
55203  28.893  -19.891  40.095 0.0000000000
54114  28.168  -20.395  40.064 0.0000000000
52926  27.501  -21.598  41.381 0.0000000000
51778  23.941  -22.736  48.951 0.0000000000
130455  58.525  -0.989  11.700 0.0000000000
131547  60.348  -1.030  13.097 0.0000000000
131545  58.576  -0.924  13.141 0.0000000000
76765  58.666  -0.716  14.407 0.0000000000
130463  58.491  -0.562  16.568 0.0000000000
147652  54.387  -1.068  19.205 0.0000000000
76680  55.855  -0.936  19.810 0.0000000000
149823  55.489  -1.136  21.528 0.0000000000
75674  57.107  -1.007  23.128 0.0000000000
152215  45.063  -3.074  17.346 0.0000000000
73575  44.332  -3.668  18.778 0.0000000000
73549  45.459  -3.513  20.279 0.0000000000
138162  45.659  -3.478  21.776 0.0000000000
74516  45.582  -2.289  27.018 0.0000000000
66817  37.153  -9.250  28.651 0.0000000000
67876  37.523  -8.906  28.643 0.0000000000
67859  38.003  -8.950  29.262 0.0000000000
67843  39.365  -8.269  30.681 0.0000000000
67822  41.114  -7.713  32.253 0.0000000000
57664  40.521  -17.428  36.578 0.0000000000
58790  40.387  -16.754  35.386 0.0000000000
58773  41.535  -16.550  36.411 0.0000000000
59854  42.629  -15.521  36.389 0.0000000000
60965  43.799  -14.447  36.583 0.0000000000
78846  51.277  1.435  7.235 0.0000000000
78859  51.455  1.728  6.516 0.0000000000
78845  52.064  1.133  7.271 0.0000000000
77864  53.403  0.598  7.526 0.0000000000
77884  54.845  0.432  6.778 0.0000000000
132156  55.570  0.451  7.106 0.0000000000
155511  55.665  0.258  8.370 0.0000000000
76862  57.160  -0.240  9.594 0.0000000000
79989  59.015  2.115  -0.189 0.0000000000
76963  58.877  -0.466  0.539 0.0000000000
74843  59.577  -2.476  1.249 0.0000000000
74829  61.109  -2.845  2.504 0.0000000000
74831  59.048  -2.399  2.009 0.0000000000
75865  58.380  -1.730  3.104 0.0000000000
76933  58.076  -1.143  3.718 0.0000000000
57611  32.384  -17.471  40.415 0.0000000000
57592  33.620  -18.072  40.889 0.0000000000
56461  33.242  -18.296  41.591 0.0000000000
56447  34.395  -18.912  42.213 0.0000000000
55153  35.051  -19.706  43.348 0.0000000000
131754  19.170  -20.565  47.057 0.0000000000
52814  19.752  -21.157  48.764 0.0000000000
131374  18.926  -20.709  48.465 0.0000000000
155087  18.091  -20.754  50.124 0.0000000000
132225  16.361  -21.397  50.047 0.0000000000
52793  16.602  -21.319  51.608 0.0000000000
145974  52.851  -0.752  11.929 0.0000000000
156258  54.206  -0.793  13.302 0.0000000000
76791  52.965  -0.991  13.398 0.0000000000
137831  53.090  -0.879  15.065 0.0000000000
76753  52.941  -0.824  15.844 0.0000000000
75775  50.643  -1.165  14.683 0.0000000000
133568  51.997  -0.876  15.990 0.0000000000
76707  53.226  -0.961  18.034 0.0000000000
75722  52.825  -1.182  18.814 0.0000000000
75701  52.335  -1.522  20.487 0.0000000000
136128  52.263  -1.735  21.872 0.0000000000
72336  41.586  -4.435  21.619 0.0000000000
151846  42.735  -3.895  21.553 0.0000000000
72295  41.873  -4.047  22.853 0.0000000000
73508  42.995  -3.546  23.739 0.0000000000
73468  43.539  -3.419  25.765 0.0000000000
72257  41.866  -4.705  25.471 0.0000000000
73455  43.030  -3.949  26.376 0.0000000000
73454  43.676  -3.581  26.914 0.0000000000
64592  40.189  -11.802  30.529 0.0000000000
58707  44.829  -16.535  40.319 0.0000000000
78847  50.339  1.705  7.406 0.0000000000
77854  51.127  0.697  8.530 0.0000000000
76867  51.618  -0.204  9.822 0.0000000000
83058  57.596  4.987  0.303 0.0000000000
82087  56.853  4.849  0.872 0.0000000000
48301  12.382  -25.465  43.784 0.0000000000
49384  12.382  -24.726  46.402 0.0000000000
48279  12.057  -25.366  45.689 0.0000000000
47224  11.104  -25.985  46.771 0.0000000000
48246  9.278  -25.844  48.684 0.0000000000
46283  9.341  -27.357  46.389 0.0000000000
72376  41.853  -4.722  18.724 0.0000000000
129913  41.030  -5.094  18.914 0.0000000000
72353  41.021  -5.023  20.547 0.0000000000
71240  40.406  -5.110  21.232 0.0000000000
71226  40.331  -4.988  22.069 0.0000000000
71198  39.928  -5.491  23.111 0.0000000000
139975  38.581  -6.258  21.944 0.0000000000
140061  39.610  -6.618  23.600 0.0000000000
70100  40.579  -6.593  24.747 0.0000000000
69032  40.701  -7.368  25.194 0.0000000000
69020  41.068  -8.165  27.092 0.0000000000
69001  42.228  -7.610  29.197 0.0000000000
56556  38.587  -17.694  35.608 0.0000000000
57666  36.678  -18.134  36.491 0.0000000000
56541  38.393  -18.164  36.387 0.0000000000
57665  39.275  -17.741  36.073 0.0000000000
56520  39.938  -18.369  37.279 0.0000000000
56502  41.305  -18.490  38.286 0.0000000000
56487  42.389  -18.752  39.421 0.0000000000
142811  35.000  -18.268  40.428 0.0000000000
56475  36.173  -18.905  40.395 0.0000000000
55200  37.621  -19.450  40.500 0.0000000000
133501  38.237  -19.873  42.851 0.0000000000
131150  39.038  -19.964  41.648 0.0000000000
55198  39.274  -19.779  39.860 0.0000000000
55197  40.777  -19.896  39.980 0.0000000000
55195  42.337  -19.700  40.645 0.0000000000
56472  43.433  -18.641  40.501 0.0000000000
152446  29.224  -23.643  47.423 0.0000000000
51786  28.136  -23.412  47.416 0.0000000000
51787  27.241  -23.163  47.388 0.0000000000
147029  25.430  -22.836  47.454 0.0000000000
51829  26.082  -22.760  45.037 0.0000000000
131610  25.280  -22.710  45.678 0.0000000000
51789  24.688  -22.755  47.406 0.0000000000
142961  23.389  -22.556  47.134 0.0000000000
148311  21.950  -22.043  46.634 0.0000000000
52866  20.865  -21.441  45.698 0.0000000000
54118  23.700  -20.817  39.337 0.0000000000
54100  23.236  -20.955  40.022 0.0000000000
52930  22.566  -21.158  41.370 0.0000000000
54121  20.633  -20.285  39.731 0.0000000000
54086  21.150  -20.666  41.015 0.0000000000
52914  21.622  -21.083  42.330 0.0000000000
52899  20.973  -21.090  43.374 0.0000000000
52882  20.377  -20.920  44.011 0.0000000000
133530  20.126  -20.930  45.650 0.0000000000
130778  18.786  -20.152  44.936 0.0000000000
54052  17.523  -20.069  44.753 0.0000000000
52883  16.244  -20.682  44.522 0.0000000000
54091  16.633  -20.220  41.208 0.0000000000
52916  16.065  -20.686  42.720 0.0000000000
52884  15.603  -21.226  44.186 0.0000000000
51861  15.042  -21.853  43.848 0.0000000000
152374  14.090  -23.137  43.181 0.0000000000
50620  13.618  -23.857  42.829 0.0000000000
146782  13.029  -24.649  42.479 0.0000000000
48314  12.526  -25.390  42.775 0.0000000000
58775  33.208  -16.758  36.686 0.0000000000
58753  33.011  -16.726  37.657 0.0000000000
58736  31.973  -16.252  38.650 0.0000000000
59839  30.841  -15.319  37.351 0.0000000000
58737  31.312  -16.019  38.448 0.0000000000
57626  31.924  -17.037  39.836 0.0000000000
150769  31.661  -17.467  40.343 0.0000000000
56464  31.071  -18.711  41.237 0.0000000000
150775  31.038  -19.821  42.139 0.0000000000
54096  29.246  -20.275  40.836 0.0000000000
54073  30.339  -20.821  42.609 0.0000000000
134461  30.699  -21.010  43.161 0.0000000000
51841  30.255  -22.666  44.963 0.0000000000
51805  29.892  -23.331  46.448 0.0000000000
49359  12.247  -24.249  48.503 0.0000000000
135640  12.596  -23.682  49.850 0.0000000000
149785  61.476  -0.669  14.452 0.0000000000
76768  55.940  -0.629  14.635 0.0000000000
130462  57.556  -0.609  16.576 0.0000000000
130465  58.769  -0.503  18.113 0.0000000000
155931  57.224  -0.717  19.808 0.0000000000
130702  59.283  -0.388  19.834 0.0000000000
133517  60.403  -0.347  19.800 0.0000000000
75763  46.702  -1.237  15.381 0.0000000000
75735  47.884  -1.768  16.661 0.0000000000
74638  46.319  -2.895  18.083 0.0000000000
74636  47.499  -2.485  18.236 0.0000000000
75716  49.013  -2.009  18.572 0.0000000000
75704  49.690  -2.087  19.773 0.0000000000
146829  50.458  -2.259  21.747 0.0000000000
74569  51.456  -2.309  23.481 0.0000000000
73537  43.875  -3.562  22.057 0.0000000000
73520  45.273  -3.436  22.633 0.0000000000
73505  46.665  -3.245  23.245 0.0000000000
74515  46.299  -2.013  26.687 0.0000000000
74555  46.798  -2.634  24.689 0.0000000000
147478  47.984  -2.927  23.785 0.0000000000
130845  48.861  -2.734  24.173 0.0000000000
131925  50.488  -2.543  24.585 0.0000000000
67936  36.911  -8.787  24.528 0.0000000000
67918  38.292  -8.626  25.354 0.0000000000
67889  38.087  -8.628  28.041 0.0000000000
67888  39.000  -8.579  27.239 0.0000000000
151062  39.505  -8.531  26.296 0.0000000000
151890  40.511  -8.377  27.627 0.0000000000
132341  41.132  -7.942  29.017 0.0000000000
70067  43.510  -6.766  30.859 0.0000000000
59885  40.653  -15.731  34.218 0.0000000000
63361  40.973  -13.004  32.154 0.0000000000
63360  41.572  -12.456  32.471 0.0000000000
64571  41.797  -11.680  32.307 0.0000000000
139022  44.695  -15.592  39.056 0.0000000000
60930  44.685  -14.713  38.051 0.0000000000
60964  44.466  -13.866  36.834 0.0000000000
63306  45.471  -12.264  36.731 0.0000000000
63319  44.349  -12.608  35.776 0.0000000000
63333  43.462  -12.179  34.407 0.0000000000
64560  43.124  -10.911  33.450 0.0000000000
65661  41.926  -10.670  32.279 0.0000000000
66755  42.702  -9.499  33.023 0.0000000000
67808  42.052  -7.889  33.125 0.0000000000
68944  42.313  -7.236  33.320 0.0000000000
151095  45.117  -6.747  35.412 0.0000000000
70011  43.252  -6.674  33.922 0.0000000000
70042  42.694  -6.433  33.029 0.0000000000
155761  42.947  -6.175  32.881 0.0000000000
135102  56.150  3.715  1.459 0.0000000000
78907  55.940  1.955  1.889 0.0000000000
77937  55.514  0.469  2.690 0.0000000000
139387  56.370  -0.636  3.621 0.0000000000
77915  58.586  -0.039  4.922 0.0000000000
130830  57.054  0.537  6.963 0.0000000000
130392  58.447  0.553  6.708 0.0000000000
77880  60.085  0.561  6.448 0.0000000000
77858  61.580  0.388  7.316 0.0000000000
50521  30.051  -24.257  48.249 0.0000000000
50520  30.922  -24.380  47.969 0.0000000000
49411  13.335  -23.975  44.465 0.0000000000
50544  13.577  -23.403  46.029 0.0000000000
49396  13.175  -23.957  45.406 0.0000000000
69000  43.347  -7.296  29.078 0.0000000000
57624  33.902  -17.575  38.996 0.0000000000
130088  33.523  -17.621  39.947 0.0000000000
52965  25.730  -21.142  39.973 0.0000000000
54116  25.322  -20.794  39.259 0.0000000000
54158  26.095  -20.098  37.957 0.0000000000
52824  20.924  -21.792  47.964 0.0000000000
52813  20.527  -21.609  48.606 0.0000000000
131151  54.782  -0.572  11.867 0.0000000000
76809  55.254  -0.574  12.576 0.0000000000
75666  53.963  -1.718  23.808 0.0000000000
72350  43.170  -4.107  20.049 0.0000000000
73552  42.926  -3.986  20.886 0.0000000000
65687  40.159  -10.964  30.518 0.0000000000
66797  39.944  -9.837  30.600 0.0000000000
66783  41.185  -10.473  31.573 0.0000000000
57622  42.798  -17.936  39.050 0.0000000000
130839  43.102  -17.147  38.744 0.0000000000
149902  43.663  -16.772  39.015 0.0000000000
76849  53.771  -0.434  10.586 0.0000000000
147642  53.417  -0.187  9.705 0.0000000000
76830  54.264  -0.543  11.235 0.0000000000
76829  55.168  -0.501  11.032 0.0000000000
79966  56.979  2.457  1.168 0.0000000000
78906  56.515  1.797  1.568 0.0000000000
134017  31.654  -19.828  42.540 0.0000000000
55155  32.364  -19.903  42.997 0.0000000000
54060  32.329  -20.437  43.605 0.0000000000
146816  16.562  -20.731  45.907 0.0000000000
52843  16.502  -20.924  46.585 0.0000000000
76834  49.905  -0.591  11.160 0.0000000000
75802  50.662  -1.203  12.377 0.0000000000
76814  49.900  -1.098  11.969 0.0000000000
75747  48.598  -1.271  16.443 0.0000000000
75746  49.512  -1.043  16.508 0.0000000000
152384  49.608  -1.395  17.647 0.0000000000
75732  50.372  -1.266  17.921 0.0000000000
75725  49.639  -1.626  18.283 0.0000000000
152044  40.957  -4.936  24.229 0.0000000000
46293  10.890  -27.054  44.224 0.0000000000
71255  38.469  -5.472  19.670 0.0000000000
71243  38.002  -5.633  20.178 0.0000000000
70152  38.023  -5.914  20.786 0.0000000000
69043  38.823  -7.903  23.725 0.0000000000
139257  39.301  -8.414  25.423 0.0000000000
55242  37.888  -19.290  38.808 0.0000000000
55262  38.029  -19.065  37.842 0.0000000000
55241  38.680  -19.325  38.552 0.0000000000
55240  39.343  -19.289  38.459 0.0000000000
55217  39.317  -19.571  39.097 0.0000000000
55170  36.049  -19.518  42.737 0.0000000000
136688  36.839  -19.657  42.825 0.0000000000
51843  27.653  -23.065  45.034 0.0000000000
52896  23.682  -21.912  43.042 0.0000000000
51860  23.722  -22.114  43.845 0.0000000000
129846  22.895  -21.847  43.566 0.0000000000
52897  22.176  -21.465  42.958 0.0000000000
55187  18.422  -19.744  41.133 0.0000000000
54089  18.575  -19.988  41.912 0.0000000000
54078  18.003  -19.882  42.373 0.0000000000
55188  17.956  -19.659  41.444 0.0000000000
56509  28.559  -18.206  38.063 0.0000000000
152013  28.993  -17.567  38.108 0.0000000000
56508  29.119  -17.995  38.619 0.0000000000
56491  30.050  -18.140  39.937 0.0000000000
51870  28.012  -22.328  42.850 0.0000000000
51855  28.237  -22.642  43.630 0.0000000000
51842  28.425  -22.944  44.518 0.0000000000
51776  25.973  -22.930  48.460 0.0000000000
48233  9.528  -25.219  49.456 0.0000000000
49347  10.253  -24.573  49.934 0.0000000000
76824  60.115  -0.860  10.864 0.0000000000
130458  61.598  -0.708  11.743 0.0000000000
130457  60.582  -1.005  11.708 0.0000000000
152153  61.254  -0.429  17.404 0.0000000000
76716  61.167  -0.388  18.210 0.0000000000
76700  61.899  -0.642  18.954 0.0000000000
76701  61.004  -0.394  19.182 0.0000000000
76722  54.285  -0.805  17.006 0.0000000000
130459  55.121  -0.765  16.832 0.0000000000
130671  54.878  -0.834  17.625 0.0000000000
73535  47.362  -3.310  21.394 0.0000000000
150456  47.511  -3.184  20.661 0.0000000000
73534  48.027  -3.179  21.929 0.0000000000
130718  44.364  -3.112  25.469 0.0000000000
137207  44.416  -3.224  24.478 0.0000000000
68971  40.260  -7.755  31.288 0.0000000000
142165  39.689  -7.830  30.289 0.0000000000
70070  40.805  -7.329  31.375 0.0000000000
68970  41.345  -6.981  31.937 0.0000000000
57695  38.914  -17.294  34.867 0.0000000000
58791  39.702  -16.916  34.903 0.0000000000
62125  43.039  -13.718  34.968 0.0000000000
62138  42.579  -13.440  34.294 0.0000000000
65622  46.665  -10.569  36.111 0.0000000000
65628  45.679  -10.208  34.910 0.0000000000
66733  46.175  -9.363  34.961 0.0000000000
143577  46.367  -8.589  35.340 0.0000000000
78877  53.306  1.381  4.426 0.0000000000
77919  53.798  0.629  4.900 0.0000000000
78876  53.904  1.050  4.028 0.0000000000
140585  54.652  0.204  4.942 0.0000000000
138083  55.119  0.166  5.663 0.0000000000
76825  58.995  -0.816  10.738 0.0000000000
76843  59.777  -0.505  10.010 0.0000000000
76842  60.762  -0.509  10.197 0.0000000000
74858  60.519  -2.613  0.569 0.0000000000
75894  60.815  -2.184  -0.120 0.0000000000
73785  61.397  -3.079  0.732 0.0000000000
147923  62.159  -3.346  1.218 0.0000000000
76914  59.960  -0.398  4.481 0.0000000000
76913  61.102  -0.273  4.540 0.0000000000
77912  61.473  0.124  4.999 0.0000000000
52862  31.130  -22.310  45.060 0.0000000000
51823  31.547  -22.645  45.871 0.0000000000
51834  14.663  -22.322  45.261 0.0000000000
51814  14.678  -22.333  46.131 0.0000000000
152969  13.724  -23.204  48.134 0.0000000000
147243  14.064  -22.956  48.443 0.0000000000
51774  13.905  -22.934  50.111 0.0000000000
50503  13.331  -23.361  49.538 0.0000000000
75762  47.478  -1.138  15.489 0.0000000000
45309  9.629  -28.540  43.108 0.0000000000
45304  7.774  -29.169  44.861 0.0000000000
44173  6.894  -29.279  45.378 0.0000000000
57669  33.811  -17.117  36.394 0.0000000000
57668  34.491  -17.506  36.492 0.0000000000
57623  34.835  -17.978  38.832 0.0000000000
56506  36.344  -18.808  38.773 0.0000000000
56489  36.277  -18.856  39.618 0.0000000000
52909  26.991  -21.939  41.912 0.0000000000
51872  26.400  -22.133  42.431 0.0000000000
145292  26.259  -21.842  41.669 0.0000000000
52928  25.475  -21.730  41.418 0.0000000000
52929  24.675  -21.607  41.249 0.0000000000
130676  24.126  -21.685  41.836 0.0000000000
133309  23.915  -21.476  41.106 0.0000000000
55263  27.248  -19.335  37.648 0.0000000000
55243  27.966  -18.950  38.009 0.0000000000
55222  28.040  -19.550  38.851 0.0000000000
152280  28.324  -19.885  39.546 0.0000000000
54115  27.710  -20.190  39.432 0.0000000000
52946  27.096  -21.298  40.705 0.0000000000
54098  27.423  -20.740  40.059 0.0000000000
51791  23.268  -22.576  47.982 0.0000000000
51779  23.021  -22.565  48.880 0.0000000000
130454  57.629  -0.804  11.840 0.0000000000
76805  59.018  -1.093  12.426 0.0000000000
76806  58.081  -0.885  12.499 0.0000000000
76766  57.740  -0.661  14.343 0.0000000000
76786  58.231  -0.748  13.773 0.0000000000
138158  58.276  -0.649  15.107 0.0000000000
131552  58.855  -0.612  15.836 0.0000000000
131551  57.911  -0.584  15.846 0.0000000000
149203  53.793  -1.311  20.333 0.0000000000
131555  54.554  -1.251  20.772 0.0000000000
75675  55.971  -1.147  22.607 0.0000000000
147947  44.237  -3.496  17.770 0.0000000000
73550  44.578  -3.613  20.441 0.0000000000
131891  45.995  -3.478  20.942 0.0000000000
66818  36.263  -9.510  28.323 0.0000000000
66808  38.275  -8.983  29.643 0.0000000000
66785  39.788  -8.712  31.009 0.0000000000
144675  40.223  -8.427  31.457 0.0000000000
67833  39.814  -8.040  31.210 0.0000000000
57663  41.122  -17.169  36.825 0.0000000000
58774  40.827  -16.927  36.144 0.0000000000
58752  41.817  -16.840  37.110 0.0000000000
58750  43.172  -16.187  37.764 0.0000000000
59837  42.892  -15.858  37.100 0.0000000000
59853  43.293  -15.195  36.777 0.0000000000
60948  43.803  -14.982  37.183 0.0000000000
77865  51.653  0.914  7.909 0.0000000000
77853  52.571  0.666  7.933 0.0000000000
77835  53.705  0.165  8.836 0.0000000000
77851  54.127  0.391  8.045 0.0000000000
77863  54.153  0.512  7.165 0.0000000000
77862  54.871  0.424  7.529 0.0000000000
77850  54.989  0.293  8.233 0.0000000000
76828  56.156  -0.532  11.138 0.0000000000
76863  56.393  -0.200  9.584 0.0000000000
76827  57.067  -0.644  11.244 0.0000000000
76826  57.971  -0.815  11.025 0.0000000000
77953  58.774  0.585  0.411 0.0000000000
75896  59.070  -1.615  0.784 0.0000000000
75887  58.600  -1.947  1.608 0.0000000000
75881  57.542  -1.376  2.458 0.0000000000
75866  57.638  -1.469  3.000 0.0000000000
75867  56.925  -1.089  2.876 0.0000000000
57594  32.089  -17.820  40.955 0.0000000000
57593  32.785  -17.915  40.963 0.0000000000
55171  33.675  -19.313  42.828 0.0000000000
56448  33.610  -18.848  42.262 0.0000000000
56436  34.108  -19.188  42.664 0.0000000000
56435  34.719  -19.305  42.791 0.0000000000
55154  34.222  -19.599  43.194 0.0000000000
54012  18.394  -20.257  46.916 0.0000000000
54003  18.663  -20.508  47.679 0.0000000000
53987  17.026  -20.924  48.881 0.0000000000
53986  17.750  -20.734  49.519 0.0000000000
52799  17.701  -20.909  50.564 0.0000000000
53970  18.283  -21.068  51.657 0.0000000000
53971  17.442  -21.116  51.590 0.0000000000
51780  15.159  -22.155  48.670 0.0000000000
52816  15.720  -21.674  48.493 0.0000000000
52807  15.733  -21.724  49.799 0.0000000000
76832  52.437  -0.624  11.320 0.0000000000
76811  52.873  -0.919  12.594 0.0000000000
76812  52.085  -0.928  12.106 0.0000000000
75788  51.559  -1.282  13.525 0.0000000000
75773  52.304  -1.148  13.883 0.0000000000
75758  52.390  -0.995  14.710 0.0000000000
150642  52.454  -0.890  15.366 0.0000000000
75789  50.229  -1.310  13.922 0.0000000000
130466  49.757  -1.120  14.742 0.0000000000
130770  50.790  -0.988  17.144 0.0000000000
75744  51.087  -0.918  16.352 0.0000000000
75743  51.792  -0.923  17.044 0.0000000000
76724  52.633  -0.951  17.493 0.0000000000
75730  52.041  -1.051  17.809 0.0000000000
129876  51.941  -1.222  18.522 0.0000000000
130468  50.959  -1.621  19.860 0.0000000000
75702  51.681  -1.562  20.179 0.0000000000
75690  51.754  -1.705  21.049 0.0000000000
72316  42.176  -4.008  22.075 0.0000000000
72276  42.293  -3.861  24.225 0.0000000000
151531  42.256  -3.850  23.473 0.0000000000
73488  43.026  -3.538  24.795 0.0000000000
73469  42.849  -3.783  25.561 0.0000000000
71170  42.171  -5.133  26.310 0.0000000000
72236  42.718  -4.710  26.832 0.0000000000
73442  44.030  -3.933  28.113 0.0000000000
63381  39.626  -12.558  30.292 0.0000000000
78840  50.009  1.369  8.078 0.0000000000
77866  50.836  1.165  7.934 0.0000000000
150574  50.453  0.905  8.452 0.0000000000
76852  51.138  -0.404  10.489 0.0000000000
76851  51.990  -0.438  10.552 0.0000000000
153395  57.288  4.310  0.620 0.0000000000
48291  12.386  -25.241  44.754 0.0000000000
48292  11.716  -25.952  44.929 0.0000000000
132110  10.707  -26.580  46.167 0.0000000000
47225  10.372  -26.428  47.025 0.0000000000
47215  10.028  -26.083  47.945 0.0000000000
47220  9.699  -26.578  47.377 0.0000000000
45297  9.300  -28.282  44.727 0.0000000000
46289  9.497  -27.742  45.513 0.0000000000
46290  8.787  -27.790  46.079 0.0000000000
134718  41.169  -4.818  17.997 0.0000000000
71262  40.089  -5.340  19.156 0.0000000000
72366  40.830  -5.175  19.737 0.0000000000
71227  39.637  -5.380  21.699 0.0000000000
71212  39.778  -5.424  22.475 0.0000000000
71211  40.333  -5.012  22.811 0.0000000000
69052  39.559  -7.305  23.959 0.0000000000
70108  40.039  -6.602  24.130 0.0000000000
69027  40.821  -8.027  26.304 0.0000000000
131310  38.054  -17.577  34.997 0.0000000000
56557  37.792  -17.845  35.733 0.0000000000
151442  35.929  -18.077  36.705 0.0000000000
56522  38.616  -18.648  37.203 0.0000000000
56540  39.251  -18.262  36.809 0.0000000000
56539  39.952  -17.845  36.655 0.0000000000
55239  40.668  -19.064  38.539 0.0000000000
56501  42.060  -18.297  38.672 0.0000000000
56477  34.670  -18.370  41.078 0.0000000000
57609  34.351  -18.056  40.298 0.0000000000
132566  36.012  -18.992  41.011 0.0000000000
56474  36.801  -19.246  40.886 0.0000000000
56488  36.978  -19.110  40.050 0.0000000000
130497  40.428  -20.128  42.211 0.0000000000
147316  39.638  -20.047  42.124 0.0000000000
55180  39.187  -19.917  40.724 0.0000000000
130495  40.051  -19.967  40.346 0.0000000000
130496  40.903  -20.095  40.760 0.0000000000
56473  42.746  -19.094  40.167 0.0000000000
50522  28.485  -23.752  48.260 0.0000000000
154988  28.457  -23.346  46.592 0.0000000000
51808  26.769  -22.997  46.392 0.0000000000
51788  26.331  -22.952  47.404 0.0000000000
51809  25.806  -22.843  46.545 0.0000000000
152251  25.917  -22.408  43.461 0.0000000000
133305  26.118  -22.561  44.074 0.0000000000
51830  24.436  -22.527  45.109 0.0000000000
132711  24.312  -22.620  46.011 0.0000000000
51810  24.937  -22.742  46.642 0.0000000000
138945  24.136  -22.673  46.859 0.0000000000
51811  23.495  -22.503  46.316 0.0000000000
52840  22.146  -22.060  45.971 0.0000000000
52841  21.396  -21.793  46.189 0.0000000000
54119  22.230  -20.572  39.234 0.0000000000
136863  23.015  -20.711  39.214 0.0000000000
154789  22.531  -20.746  39.790 0.0000000000
52950  23.176  -21.227  40.875 0.0000000000
52951  22.211  -20.872  40.588 0.0000000000
55247  20.275  -19.740  38.338 0.0000000000
55223  19.996  -19.922  39.230 0.0000000000
54103  20.447  -20.354  40.532 0.0000000000
54075  20.960  -20.772  41.840 0.0000000000
135777  21.456  -21.204  42.940 0.0000000000
52915  20.876  -20.906  42.619 0.0000000000
154583  19.198  -20.327  43.166 0.0000000000
54062  20.079  -20.613  43.099 0.0000000000
133401  19.491  -20.470  43.821 0.0000000000
54049  19.671  -20.575  44.750 0.0000000000
54028  19.273  -20.415  45.616 0.0000000000
54065  17.435  -20.044  43.446 0.0000000000
144667  17.666  -20.009  43.948 0.0000000000
54066  16.936  -20.164  44.053 0.0000000000
55207  16.997  -19.895  40.473 0.0000000000
55189  17.374  -19.812  41.277 0.0000000000
52932  15.942  -20.761  41.697 0.0000000000
52901  15.515  -21.308  43.269 0.0000000000
139628  14.929  -21.989  42.958 0.0000000000
51875  14.448  -22.735  41.841 0.0000000000
51862  14.466  -22.636  42.670 0.0000000000
149301  13.111  -24.530  41.769 0.0000000000
155832  12.695  -25.140  42.204 0.0000000000
49446  12.795  -24.972  41.606 0.0000000000
59838  31.552  -15.631  37.168 0.0000000000
58754  32.393  -16.197  37.108 0.0000000000
134225  32.365  -16.323  38.035 0.0000000000
59840  30.123  -15.512  37.463 0.0000000000
59858  30.288  -14.959  36.820 0.0000000000
58738  30.737  -16.304  38.724 0.0000000000
58719  31.440  -16.503  39.178 0.0000000000
144395  31.226  -17.008  39.769 0.0000000000
55184  31.576  -19.156  41.873 0.0000000000
55185  30.744  -19.529  41.558 0.0000000000
54097  28.627  -20.536  40.562 0.0000000000
52906  29.307  -21.708  42.637 0.0000000000
54074  29.758  -21.048  42.271 0.0000000000
52905  29.966  -21.355  42.977 0.0000000000
52892  30.328  -21.712  43.615 0.0000000000
52878  29.886  -22.354  44.114 0.0000000000
150395  28.788  -23.161  45.251 0.0000000000
51825  29.586  -23.065  45.506 0.0000000000
50507  28.219  -24.003  49.072 0.0000000000
52805  19.735  -21.207  49.710 0.0000000000
52804  20.517  -21.634  49.587 0.0000000000
137753  20.163  -21.502  50.546 0.0000000000
48257  12.116  -24.810  47.187 0.0000000000
49372  12.455  -24.264  47.760 0.0000000000
49373  11.747  -24.854  47.933 0.0000000000
49331  10.853  -23.980  50.474 0.0000000000
49330  11.772  -23.909  50.153 0.0000000000
50491  12.338  -23.525  50.772 0.0000000000
50478  12.027  -23.294  51.638 0.0000000000
76784  60.016  -0.904  13.722 0.0000000000
76783  61.115  -0.850  13.653 0.0000000000
132053  62.557  -0.726  16.370 0.0000000000
150384  54.522  -0.779  13.953 0.0000000000
76789  55.389  -0.653  13.960 0.0000000000
76769  54.996  -0.720  14.786 0.0000000000
76720  56.388  -0.729  17.317 0.0000000000
130461  56.705  -0.690  16.628 0.0000000000
76719  57.195  -0.655  17.292 0.0000000000
76718  58.117  -0.547  17.302 0.0000000000
76679  56.590  -0.869  20.380 0.0000000000
76692  56.456  -0.823  19.390 0.0000000000
76690  59.126  -0.418  20.823 0.0000000000
76689  60.289  -0.326  20.860 0.0000000000
76688  61.162  -0.549  20.674 0.0000000000
75749  46.075  -1.814  15.881 0.0000000000
75748  47.145  -1.692  16.122 0.0000000000
74670  47.299  -2.142  16.871 0.0000000000
73573  45.656  -3.169  18.097 0.0000000000
73572  46.106  -3.215  18.704 0.0000000000
74623  47.887  -2.659  19.453 0.0000000000
154965  47.883  -2.480  18.757 0.0000000000
74651  48.305  -2.163  18.119 0.0000000000
74635  48.439  -2.339  18.993 0.0000000000
74621  49.064  -2.198  19.350 0.0000000000
156204  49.127  -2.334  20.022 0.0000000000
149628  49.582  -2.586  22.033 0.0000000000
74595  49.883  -2.352  21.297 0.0000000000
155850  50.211  -2.441  22.316 0.0000000000
74581  50.836  -2.351  22.637 0.0000000000
74570  50.610  -2.535  23.623 0.0000000000
73538  43.034  -3.701  22.134 0.0000000000
73506  45.780  -3.294  23.374 0.0000000000
73485  46.280  -3.013  24.071 0.0000000000
75636  47.984  -1.887  26.342 0.0000000000
74534  47.497  -2.289  25.330 0.0000000000
74554  47.505  -2.703  24.451 0.0000000000
74553  48.207  -2.615  24.667 0.0000000000
147774  48.935  -2.518  24.899 0.0000000000
67920  36.497  -8.876  25.356 0.0000000000
67919  37.383  -8.757  25.322 0.0000000000
67890  37.330  -8.814  27.802 0.0000000000
69012  39.280  -8.289  28.782 0.0000000000
154592  40.205  -8.211  28.587 0.0000000000
70069  41.594  -6.946  31.286 0.0000000000
69002  41.338  -7.567  29.797 0.0000000000
68987  41.923  -7.344  30.198 0.0000000000
70068  42.636  -7.057  30.582 0.0000000000
58789  41.247  -16.317  35.682 0.0000000000
59872  40.960  -16.060  34.934 0.0000000000
61015  41.411  -14.399  33.638 0.0000000000
60996  41.066  -15.065  33.913 0.0000000000
61016  40.772  -14.728  33.269 0.0000000000
140890  40.592  -14.391  32.748 0.0000000000
62169  40.766  -13.767  32.484 0.0000000000
131067  41.925  -12.621  32.998 0.0000000000
63359  42.075  -12.089  32.769 0.0000000000
59790  45.227  -15.945  40.232 0.0000000000
59805  44.700  -16.038  39.608 0.0000000000
59804  45.324  -15.386  39.688 0.0000000000
60929  45.408  -14.155  38.517 0.0000000000
60946  44.925  -13.968  37.584 0.0000000000
62101  45.044  -13.106  37.066 0.0000000000
64528  45.863  -11.337  36.334 0.0000000000
64513  46.189  -11.848  37.164 0.0000000000
64529  45.087  -11.983  35.993 0.0000000000
151786  44.858  -12.634  36.399 0.0000000000
63332  43.944  -12.302  35.055 0.0000000000
65639  44.416  -10.243  34.139 0.0000000000
141719  44.097  -10.871  34.313 0.0000000000
65640  43.747  -10.509  33.841 0.0000000000
65651  42.633  -10.411  32.920 0.0000000000
66769  42.190  -9.807  32.579 0.0000000000
67806  43.165  -8.222  33.758 0.0000000000
67807  42.639  -8.577  33.259 0.0000000000
68943  42.583  -7.793  33.506 0.0000000000
68934  42.996  -7.255  33.896 0.0000000000
68910  45.683  -7.115  35.874 0.0000000000
69980  46.197  -6.353  36.119 0.0000000000
70009  44.393  -6.433  34.551 0.0000000000
70010  43.761  -6.408  34.030 0.0000000000
70026  43.262  -6.383  33.560 0.0000000000
71090  43.747  -6.198  33.735 0.0000000000
71113  43.417  -6.087  33.247 0.0000000000
137081  56.104  4.613  1.395 0.0000000000
78869  51.829  1.898  5.737 0.0000000000
79926  51.349  2.774  5.275 0.0000000000
79925  52.091  2.302  4.919 0.0000000000
78897  54.863  1.964  2.647 0.0000000000
79968  55.589  2.398  2.044 0.0000000000
78896  55.422  1.636  2.359 0.0000000000
76899  56.370  -0.190  4.969 0.0000000000
150419  57.161  -0.179  4.933 0.0000000000
76916  57.752  -0.470  4.466 0.0000000000
77916  57.921  0.143  5.308 0.0000000000
77861  56.344  0.465  7.410 0.0000000000
77883  56.282  0.429  6.647 0.0000000000
131465  57.064  0.455  7.740 0.0000000000
77846  59.324  0.235  8.278 0.0000000000
132612  58.654  0.450  7.577 0.0000000000
130451  59.171  0.568  6.843 0.0000000000
133273  59.098  0.553  6.139 0.0000000000
135920  60.609  0.502  7.251 0.0000000000
77827  62.127  -0.144  8.920 0.0000000000
78925  60.541  1.473  -1.215 0.0000000000
76971  60.425  0.000  -0.598 0.0000000000
50557  14.151  -22.841  45.687 0.0000000000
50529  13.388  -23.522  46.999 0.0000000000
138538  13.395  -23.451  47.864 0.0000000000
69019  41.824  -7.759  27.482 0.0000000000
69010  42.872  -7.412  28.405 0.0000000000
57608  34.981  -18.100  39.753 0.0000000000
52947  26.182  -21.513  40.790 0.0000000000
55245  26.864  -19.828  38.126 0.0000000000
54135  27.273  -19.997  38.783 0.0000000000
54099  26.592  -21.006  40.028 0.0000000000
52822  22.167  -22.196  47.284 0.0000000000
52811  22.236  -22.273  48.912 0.0000000000
52823  21.747  -22.091  48.014 0.0000000000
52803  21.405  -22.038  50.244 0.0000000000
130453  56.536  -0.614  11.894 0.0000000000
76807  57.110  -0.683  12.551 0.0000000000
76808  56.148  -0.578  12.559 0.0000000000
131543  56.578  -0.606  13.194 0.0000000000
76767  56.823  -0.634  14.502 0.0000000000
75688  53.306  -1.536  21.906 0.0000000000
146648  54.683  -1.304  21.651 0.0000000000
75676  54.314  -1.415  22.341 0.0000000000
144722  54.360  -1.498  23.217 0.0000000000
72363  43.386  -4.080  19.112 0.0000000000
73536  44.245  -3.604  21.262 0.0000000000
65705  38.946  -10.242  29.631 0.0000000000
57636  41.752  -17.823  38.034 0.0000000000
130494  42.121  -17.161  37.751 0.0000000000
58734  42.773  -16.809  38.107 0.0000000000
59821  43.795  -15.830  38.101 0.0000000000
77836  52.780  0.200  8.906 0.0000000000
154219  54.120  -0.060  9.340 0.0000000000
76865  54.778  -0.125  9.423 0.0000000000
76848  55.014  -0.334  10.142 0.0000000000
78917  57.953  1.543  0.713 0.0000000000
77944  57.522  0.599  1.219 0.0000000000
76955  57.567  -0.594  1.533 0.0000000000
76956  56.878  -0.126  1.828 0.0000000000
77936  56.228  0.222  2.230 0.0000000000
56450  32.245  -18.750  41.818 0.0000000000
55172  33.030  -19.371  42.761 0.0000000000
54004  17.810  -20.387  47.575 0.0000000000
54005  17.123  -20.593  47.064 0.0000000000
53995  17.065  -20.708  47.966 0.0000000000
51764  15.194  -22.119  50.267 0.0000000000
153680  50.697  -0.548  11.020 0.0000000000
76813  51.270  -1.003  11.996 0.0000000000
135923  50.963  -1.298  13.974 0.0000000000
152640  49.960  -0.918  16.029 0.0000000000
75745  50.294  -0.942  16.528 0.0000000000
75714  50.310  -1.758  19.488 0.0000000000
144682  41.296  -4.324  22.872 0.0000000000
47247  11.685  -26.378  43.075 0.0000000000
47238  11.265  -26.589  44.513 0.0000000000
47239  10.743  -27.013  44.865 0.0000000000
46282  10.076  -27.138  46.023 0.0000000000
71254  39.342  -5.427  19.905 0.0000000000
69063  38.492  -7.477  22.872 0.0000000000
69033  40.109  -7.963  25.193 0.0000000000
57684  36.385  -17.593  35.200 0.0000000000
56524  36.430  -18.646  37.905 0.0000000000
129803  37.177  -18.717  37.491 0.0000000000
129841  39.986  -19.449  38.817 0.0000000000
55216  40.725  -19.558  39.281 0.0000000000
56460  35.434  -18.882  41.502 0.0000000000
56445  35.882  -19.267  42.073 0.0000000000
55183  37.020  -19.515  41.660 0.0000000000
131458  40.632  -20.018  42.915 0.0000000000
55179  41.101  -20.177  41.627 0.0000000000
51826  28.183  -23.233  45.738 0.0000000000
51827  27.417  -23.105  45.802 0.0000000000
51828  26.823  -22.937  45.437 0.0000000000
51846  23.720  -22.317  44.666 0.0000000000
52863  23.001  -22.229  45.018 0.0000000000
52880  22.349  -21.903  44.485 0.0000000000
52881  21.385  -21.431  44.172 0.0000000000
54120  21.466  -20.446  39.429 0.0000000000
55224  19.172  -19.518  39.598 0.0000000000
54104  19.660  -20.085  40.751 0.0000000000
131397  19.471  -20.243  41.852 0.0000000000
54076  20.159  -20.532  42.212 0.0000000000
54063  18.684  -20.176  43.615 0.0000000000
131446  17.493  -20.000  42.755 0.0000000000
52933  15.408  -21.527  41.110 0.0000000000
51891  14.871  -22.134  41.495 0.0000000000
57650  29.231  -16.880  37.799 0.0000000000
58721  30.256  -16.803  38.941 0.0000000000
147491  30.541  -17.279  39.561 0.0000000000
57627  30.900  -17.637  40.230 0.0000000000
149311  30.014  -18.851  40.405 0.0000000000
52925  28.290  -21.498  41.586 0.0000000000
51854  29.060  -22.569  43.881 0.0000000000
48244  11.106  -25.289  48.234 0.0000000000
48231  11.500  -24.704  48.763 0.0000000000
138160  60.210  -0.680  15.122 0.0000000000
138031  61.256  -0.628  15.111 0.0000000000
132256  60.955  -0.576  15.889 0.0000000000
76737  61.856  -0.477  16.770 0.0000000000
76699  62.380  -0.973  18.751 0.0000000000
75708  62.351  -1.271  19.227 0.0000000000
150232  54.461  -0.783  15.336 0.0000000000
76751  55.023  -0.735  15.546 0.0000000000
76721  55.650  -0.778  17.438 0.0000000000
148409  56.805  -0.703  17.982 0.0000000000
75685  57.627  -0.826  22.530 0.0000000000
76667  58.312  -0.632  22.074 0.0000000000
74672  45.624  -2.492  16.624 0.0000000000
73548  46.330  -3.406  20.107 0.0000000000
73562  46.621  -3.202  19.272 0.0000000000
73547  47.235  -3.151  19.917 0.0000000000
74610  47.987  -2.821  20.247 0.0000000000
74609  48.751  -2.579  20.631 0.0000000000
74596  48.732  -2.790  21.527 0.0000000000
140398  49.353  -2.778  22.889 0.0000000000
73487  43.605  -3.403  24.320 0.0000000000
73507  43.920  -3.396  23.619 0.0000000000
74532  49.466  -2.181  25.675 0.0000000000
138474  36.238  -8.971  26.081 0.0000000000
151436  39.096  -8.268  30.234 0.0000000000
67875  38.681  -8.484  29.395 0.0000000000
148578  39.379  -8.057  29.542 0.0000000000
154202  40.109  -7.866  29.509 0.0000000000
68988  40.927  -7.292  30.672 0.0000000000
59870  42.360  -15.217  35.672 0.0000000000
59884  41.371  -15.362  34.598 0.0000000000
60981  42.064  -14.947  34.956 0.0000000000
129988  42.028  -13.983  33.927 0.0000000000
62155  41.630  -13.774  33.415 0.0000000000
63334  42.760  -12.612  34.003 0.0000000000
60913  46.472  -14.280  39.879 0.0000000000
62078  46.038  -13.973  39.234 0.0000000000
62089  46.055  -13.440  38.768 0.0000000000
64540  45.280  -11.100  35.536 0.0000000000
65638  45.068  -10.035  34.385 0.0000000000
65649  43.931  -9.709  33.767 0.0000000000
66741  44.645  -9.453  34.129 0.0000000000
67792  44.720  -8.430  34.463 0.0000000000
144680  44.250  -7.377  34.759 0.0000000000
78867  52.973  1.126  5.259 0.0000000000
78868  52.412  1.676  5.257 0.0000000000
78888  54.278  1.676  3.266 0.0000000000
77928  54.502  0.712  3.660 0.0000000000
77927  55.044  0.336  3.356 0.0000000000
77917  55.017  -0.011  4.154 0.0000000000
77901  55.488  -0.106  4.985 0.0000000000
77831  57.481  0.015  8.881 0.0000000000
77848  57.794  0.315  8.148 0.0000000000
77830  58.715  -0.061  8.940 0.0000000000
77829  60.238  0.105  8.584 0.0000000000
76859  60.477  -0.233  9.372 0.0000000000
76962  59.721  -0.866  0.035 0.0000000000
74874  61.530  -2.672  -0.112 0.0000000000
75864  60.007  -1.771  3.473 0.0000000000
76930  61.639  -0.880  4.176 0.0000000000
76911  62.747  -0.564  4.863 0.0000000000
52891  31.091  -21.275  43.854 0.0000000000
54048  31.898  -20.954  44.049 0.0000000000
51803  31.902  -23.109  46.793 0.0000000000
139731  15.884  -21.425  46.912 0.0000000000
51813  15.290  -21.843  46.503 0.0000000000
51792  15.229  -22.009  47.903 0.0000000000
136865  14.617  -22.500  48.115 0.0000000000
51781  14.584  -22.559  48.940 0.0000000000
51773  14.547  -22.537  49.764 0.0000000000
51766  13.788  -22.831  51.092 0.0000000000
75791  48.424  -1.149  13.811 0.0000000000
75776  48.816  -1.069  14.775 0.0000000000
75761  48.297  -1.073  15.550 0.0000000000
153014  10.280  -27.723  43.827 0.0000000000
45302  9.838  -28.117  44.015 0.0000000000
45303  8.548  -28.776  44.754 0.0000000000
45291  7.366  -28.220  46.369 0.0000000000
67935  38.154  -8.404  23.920 0.0000000000
57648  35.183  -17.910  36.989 0.0000000000
56525  35.787  -18.299  37.460 0.0000000000
57637  35.043  -18.001  37.842 0.0000000000
51856  27.415  -22.567  43.376 0.0000000000
155339  26.907  -22.672  43.868 0.0000000000
144872  25.787  -22.258  42.946 0.0000000000
51873  25.037  -22.060  42.784 0.0000000000
52895  24.301  -21.902  42.559 0.0000000000
52912  23.694  -21.730  42.362 0.0000000000
55225  18.475  -19.325  39.826 0.0000000000
55227  17.313  -19.656  39.806 0.0000000000
56526  28.119  -18.239  37.415 0.0000000000
55221  28.787  -19.331  39.354 0.0000000000
52945  28.000  -21.049  40.762 0.0000000000
52908  27.753  -21.923  42.125 0.0000000000
76804  60.008  -1.122  12.431 0.0000000000
131546  59.489  -1.051  13.098 0.0000000000
76785  59.068  -0.867  13.757 0.0000000000
131544  57.708  -0.733  13.237 0.0000000000
76764  59.588  -0.762  14.410 0.0000000000
131553  59.862  -0.589  15.858 0.0000000000
130701  59.514  -0.544  16.597 0.0000000000
75710  55.050  -0.972  18.937 0.0000000000
75709  55.046  -1.026  19.752 0.0000000000
75698  55.598  -1.026  20.542 0.0000000000
75697  56.225  -0.967  21.138 0.0000000000
147441  55.106  -1.260  22.229 0.0000000000
144476  56.543  -0.981  22.005 0.0000000000
73574  44.930  -3.412  18.162 0.0000000000
130899  45.303  -3.422  18.812 0.0000000000
73564  44.908  -3.557  19.596 0.0000000000
136631  46.541  -3.427  21.620 0.0000000000
73453  44.413  -3.255  27.496 0.0000000000
74517  44.950  -2.711  27.182 0.0000000000
66828  36.078  -9.241  27.996 0.0000000000
67891  36.613  -8.996  27.586 0.0000000000
67877  36.797  -9.139  28.304 0.0000000000
67858  38.613  -8.636  29.775 0.0000000000
66799  38.856  -8.603  30.118 0.0000000000
67832  40.430  -7.888  31.660 0.0000000000
68956  40.883  -7.424  31.799 0.0000000000
57681  40.093  -17.353  36.047 0.0000000000
59855  41.948  -15.902  36.023 0.0000000000
58772  42.235  -16.206  36.723 0.0000000000
60966  43.067  -14.806  36.068 0.0000000000
151915  51.771  1.424  6.908 0.0000000000
78858  52.183  1.346  6.515 0.0000000000
77887  52.772  0.887  7.038 0.0000000000
78857  52.896  0.973  6.178 0.0000000000
77886  53.497  0.678  6.698 0.0000000000
77885  54.201  0.482  6.381 0.0000000000
155054  54.790  0.338  6.165 0.0000000000
151629  55.618  0.399  7.808 0.0000000000
77849  56.327  0.353  8.113 0.0000000000
77833  55.268  0.073  8.849 0.0000000000
77832  56.169  0.081  8.827 0.0000000000
133322  56.849  -0.022  9.034 0.0000000000
76844  58.271  -0.539  10.272 0.0000000000
78926  59.774  1.778  -0.699 0.0000000000
78915  59.309  1.254  -0.114 0.0000000000
78916  58.620  1.450  0.328 0.0000000000
77952  59.534  0.314  -0.046 0.0000000000
74842  61.085  -3.150  1.648 0.0000000000
74830  60.002  -2.795  2.015 0.0000000000
75879  59.194  -2.238  2.768 0.0000000000
75888  57.802  -1.435  1.869 0.0000000000
75880  58.268  -1.854  2.388 0.0000000000
76932  59.219  -1.296  3.751 0.0000000000
76915  58.830  -0.514  4.408 0.0000000000
57625  32.708  -17.180  39.912 0.0000000000
57610  32.972  -17.599  40.446 0.0000000000
132577  34.056  -18.440  41.656 0.0000000000
56434  35.369  -19.463  42.916 0.0000000000
54047  32.681  -20.746  44.159 0.0000000000
55139  33.850  -20.099  43.716 0.0000000000
54045  34.259  -20.515  44.344 0.0000000000
55138  34.637  -20.085  43.834 0.0000000000
136947  25.018  -20.557  38.603 0.0000000000
54001  19.960  -20.999  47.182 0.0000000000
52825  20.186  -21.351  47.931 0.0000000000
54002  19.437  -20.867  47.837 0.0000000000
53992  19.081  -20.865  49.349 0.0000000000
133812  18.277  -20.514  48.238 0.0000000000
53993  18.359  -20.648  48.975 0.0000000000
53985  18.487  -20.778  49.831 0.0000000000
53976  18.483  -20.930  50.683 0.0000000000
52827  15.810  -21.513  47.722 0.0000000000
52806  16.270  -21.421  49.203 0.0000000000
52801  15.962  -21.605  50.773 0.0000000000
52800  16.838  -21.201  50.708 0.0000000000
76831  53.386  -0.597  11.397 0.0000000000
150117  54.321  -0.701  12.582 0.0000000000
132502  53.507  -0.754  12.222 0.0000000000
76810  53.598  -0.868  12.968 0.0000000000
76790  53.716  -0.887  13.748 0.0000000000
75787  52.222  -1.179  13.005 0.0000000000
76771  53.065  -0.950  14.240 0.0000000000
76752  53.771  -0.816  15.569 0.0000000000
76740  53.624  -0.814  16.404 0.0000000000
76723  53.430  -0.875  17.242 0.0000000000
137557  49.858  -1.342  12.964 0.0000000000
75760  50.217  -0.983  15.430 0.0000000000
75759  51.132  -0.998  15.448 0.0000000000
156322  51.899  -0.966  15.206 0.0000000000
76741  52.737  -0.865  16.674 0.0000000000
75721  53.787  -1.043  18.643 0.0000000000
75711  53.516  -1.228  19.575 0.0000000000
75700  53.066  -1.412  20.372 0.0000000000
153597  52.205  -1.312  19.098 0.0000000000
75712  52.462  -1.384  19.700 0.0000000000
145542  52.716  -1.793  22.704 0.0000000000
72335  42.233  -4.233  21.242 0.0000000000
73523  42.612  -3.744  22.856 0.0000000000
71184  41.354  -5.031  25.026 0.0000000000
136557  42.458  -4.337  25.921 0.0000000000
64593  39.616  -11.597  30.021 0.0000000000
65672  40.792  -11.386  31.113 0.0000000000
57606  44.269  -17.314  40.414 0.0000000000
57620  44.162  -16.693  39.606 0.0000000000
58706  45.574  -16.292  40.858 0.0000000000
138074  51.336  0.252  9.188 0.0000000000
147334  52.031  0.092  9.262 0.0000000000
76850  52.896  -0.431  10.560 0.0000000000
81031  57.315  3.622  0.697 0.0000000000
82079  56.746  4.059  1.044 0.0000000000
49412  12.850  -24.774  44.106 0.0000000000
49397  12.623  -24.637  45.559 0.0000000000
48267  11.759  -25.418  46.552 0.0000000000
48280  11.416  -26.015  45.915 0.0000000000
153320  11.292  -25.372  47.776 0.0000000000
48245  10.534  -25.597  48.271 0.0000000000
132314  10.055  -25.629  48.667 0.0000000000
47226  9.818  -26.900  46.753 0.0000000000
130592  9.094  -26.394  47.991 0.0000000000
72375  42.667  -4.326  18.427 0.0000000000
72365  41.640  -4.777  19.813 0.0000000000
72352  41.676  -4.614  20.838 0.0000000000
143835  41.144  -4.795  21.261 0.0000000000
72337  40.958  -4.696  21.844 0.0000000000
72318  40.867  -4.621  22.490 0.0000000000
71197  40.383  -5.259  23.553 0.0000000000
70128  38.822  -6.622  22.563 0.0000000000
70116  39.421  -6.081  23.002 0.0000000000
70115  39.927  -5.929  23.629 0.0000000000
142507  40.422  -5.791  24.241 0.0000000000
69031  41.208  -7.431  25.844 0.0000000000
70075  43.424  -7.143  29.987 0.0000000000
153326  39.093  -17.523  35.509 0.0000000000
147673  36.133  -17.817  35.985 0.0000000000
56558  36.957  -17.837  35.846 0.0000000000
155378  37.115  -18.441  36.881 0.0000000000
56542  37.457  -18.171  36.387 0.0000000000
57647  40.660  -17.822  37.191 0.0000000000
56503  40.596  -18.478  37.812 0.0000000000
154391  41.156  -18.032  37.728 0.0000000000
56486  43.114  -18.336  39.779 0.0000000000
130151  35.551  -18.541  40.042 0.0000000000
56476  35.432  -18.625  40.762 0.0000000000
55219  37.770  -19.389  39.673 0.0000000000
55168  37.421  -19.722  42.398 0.0000000000
133149  37.673  -19.682  41.688 0.0000000000
55167  38.247  -19.848  42.051 0.0000000000
55181  38.238  -19.730  41.124 0.0000000000
55199  38.448  -19.674  40.184 0.0000000000
148993  41.324  -19.648  39.700 0.0000000000
55196  41.535  -19.873  40.329 0.0000000000
55215  42.006  -19.464  39.860 0.0000000000
57607  43.681  -17.965  40.178 0.0000000000
50523  27.735  -23.448  48.368 0.0000000000
51775  26.871  -23.135  48.409 0.0000000000
51845  25.268  -22.557  44.622 0.0000000000
51790  24.046  -22.699  47.760 0.0000000000
148565  22.792  -22.429  47.388 0.0000000000
51832  22.880  -22.292  45.795 0.0000000000
51812  22.678  -22.325  46.637 0.0000000000
52842  20.555  -21.349  46.504 0.0000000000
54117  24.438  -20.761  39.099 0.0000000000
52967  24.094  -21.073  39.881 0.0000000000
144001  23.785  -21.240  40.474 0.0000000000
52913  22.412  -21.270  42.097 0.0000000000
54142  20.873  -20.180  38.886 0.0000000000
54102  21.314  -20.557  40.201 0.0000000000
52931  21.817  -20.952  41.544 0.0000000000
52898  21.625  -21.381  43.439 0.0000000000
135381  20.670  -21.193  44.916 0.0000000000
54011  19.658  -20.744  46.392 0.0000000000
131428  18.872  -20.293  46.315 0.0000000000
54029  18.510  -20.110  45.642 0.0000000000
54051  18.251  -20.023  44.265 0.0000000000
140873  18.172  -19.992  45.058 0.0000000000
54030  17.757  -20.106  45.707 0.0000000000
54031  17.010  -20.347  45.451 0.0000000000
54053  16.807  -20.355  44.815 0.0000000000
153727  17.101  -19.959  41.694 0.0000000000
54090  16.786  -20.177  42.193 0.0000000000
52900  16.177  -20.632  43.667 0.0000000000
52868  15.715  -21.235  45.069 0.0000000000
51847  15.133  -21.798  44.751 0.0000000000
51848  14.627  -22.368  44.409 0.0000000000
145574  14.553  -22.488  43.519 0.0000000000
50595  14.175  -22.951  44.057 0.0000000000
50573  13.818  -23.316  44.484 0.0000000000
50596  13.703  -23.588  43.747 0.0000000000
49430  13.237  -24.321  43.486 0.0000000000
49445  13.509  -24.021  41.820 0.0000000000
49431  12.813  -24.944  43.323 0.0000000000
47246  12.100  -25.870  43.217 0.0000000000
47254  12.086  -25.969  42.455 0.0000000000
140107  32.721  -16.358  36.014 0.0000000000
58735  32.687  -16.708  38.552 0.0000000000
58718  32.273  -16.768  39.266 0.0000000000
59822  31.222  -15.746  37.811 0.0000000000
59823  30.672  -15.869  38.013 0.0000000000
56478  31.351  -17.978  40.854 0.0000000000
56463  31.827  -18.407  41.360 0.0000000000
54072  30.924  -20.367  42.638 0.0000000000
55202  29.653  -19.555  40.548 0.0000000000
55186  29.948  -19.897  41.265 0.0000000000
54084  29.534  -20.672  41.538 0.0000000000
54083  30.330  -20.312  42.002 0.0000000000
52877  30.704  -22.026  44.331 0.0000000000
132621  30.281  -22.977  45.777 0.0000000000
50530  12.955  -23.812  47.585 0.0000000000
50516  12.865  -23.791  48.226 0.0000000000
49345  12.042  -24.132  49.301 0.0000000000
50504  12.759  -23.753  49.000 0.0000000000
50477  12.894  -23.086  51.618 0.0000000000
132135  54.896  -0.651  13.273 0.0000000000
138156  56.506  -0.652  15.267 0.0000000000
138155  55.681  -0.686  15.392 0.0000000000
131550  57.033  -0.654  15.907 0.0000000000
76717  59.160  -0.515  17.357 0.0000000000
131152  59.970  -0.410  18.288 0.0000000000
76693  55.687  -0.905  19.101 0.0000000000
147285  56.284  -0.793  18.565 0.0000000000
76704  57.256  -0.662  18.890 0.0000000000
76678  57.891  -0.621  20.821 0.0000000000
76691  58.145  -0.526  19.803 0.0000000000
76703  58.399  -0.510  18.904 0.0000000000
76702  59.461  -0.395  18.956 0.0000000000
154158  60.187  -0.338  19.024 0.0000000000
155590  61.189  -0.478  19.966 0.0000000000
131098  47.089  -0.946  14.960 0.0000000000
75734  48.452  -1.743  17.248 0.0000000000
74654  46.039  -2.751  17.435 0.0000000000
74653  46.908  -2.512  17.618 0.0000000000
74637  46.807  -2.847  18.491 0.0000000000
74652  47.759  -2.172  17.417 0.0000000000
129862  49.013  -1.710  17.812 0.0000000000
75715  49.660  -1.885  19.028 0.0000000000
75703  50.347  -1.929  20.212 0.0000000000
74608  49.655  -2.282  20.587 0.0000000000
74607  50.405  -2.122  20.934 0.0000000000
74594  50.995  -1.968  21.227 0.0000000000
74593  51.343  -1.995  21.856 0.0000000000
74580  51.806  -2.054  22.651 0.0000000000
74568  52.283  -2.057  23.481 0.0000000000
144656  43.417  -3.717  21.423 0.0000000000
138806  44.758  -3.522  21.925 0.0000000000
73521  44.348  -3.458  22.763 0.0000000000
73519  46.190  -3.401  22.492 0.0000000000
74537  44.990  -2.701  26.170 0.0000000000
74536  45.682  -2.378  25.916 0.0000000000
74556  45.943  -2.690  24.949 0.0000000000
74514  47.088  -1.920  26.373 0.0000000000
74535  46.523  -2.260  25.608 0.0000000000
73484  47.101  -2.951  23.900 0.0000000000
147251  47.399  -3.152  23.230 0.0000000000
73504  48.029  -3.134  22.855 0.0000000000
74572  48.768  -2.884  23.317 0.0000000000
74571  49.667  -2.721  23.751 0.0000000000
74552  49.642  -2.581  24.742 0.0000000000
131890  51.322  -2.400  24.432 0.0000000000
149924  51.982  -2.243  24.206 0.0000000000
74550  52.744  -2.088  24.455 0.0000000000
131653  37.814  -8.628  24.530 0.0000000000
67903  37.178  -8.834  26.906 0.0000000000
67902  38.017  -8.716  27.054 0.0000000000
133159  37.753  -8.741  26.157 0.0000000000
133811  38.662  -8.627  26.246 0.0000000000
67901  40.172  -8.473  26.849 0.0000000000
70076  42.743  -7.343  29.777 0.0000000000
58805  40.195  -16.387  34.562 0.0000000000
59900  40.352  -15.411  33.489 0.0000000000
63370  40.584  -12.847  31.523 0.0000000000
62168  41.443  -13.248  32.887 0.0000000000
63369  41.146  -12.161  31.716 0.0000000000
64581  41.421  -11.291  31.764 0.0000000000
58732  44.099  -16.108  38.879 0.0000000000
59819  45.000  -14.970  38.839 0.0000000000
59820  44.396  -15.412  38.421 0.0000000000
59835  44.094  -15.184  37.745 0.0000000000
60947  44.312  -14.542  37.317 0.0000000000
62114  44.053  -13.767  36.281 0.0000000000
63284  46.196  -12.805  38.330 0.0000000000
63294  45.777  -12.574  37.541 0.0000000000
63307  44.444  -13.204  36.387 0.0000000000
62124  43.969  -13.302  35.925 0.0000000000
137105  43.625  -13.058  35.312 0.0000000000
64551  44.057  -11.533  34.671 0.0000000000
64552  43.579  -11.298  34.065 0.0000000000
63347  42.970  -11.778  33.690 0.0000000000
149148  42.442  -11.403  32.945 0.0000000000
137270  41.491  -9.486  32.081 0.0000000000
67820  42.002  -8.826  32.743 0.0000000000
66754  43.330  -9.162  33.449 0.0000000000
142183  41.390  -8.504  32.356 0.0000000000
67821  41.593  -7.960  32.707 0.0000000000
68945  41.739  -7.324  32.776 0.0000000000
154943  41.797  -7.024  32.652 0.0000000000
155852  45.774  -7.949  35.516 0.0000000000
67784  45.072  -7.510  35.164 0.0000000000
69992  45.556  -6.343  35.627 0.0000000000
68920  44.525  -6.807  34.968 0.0000000000
68933  43.761  -6.899  34.421 0.0000000000
70028  42.128  -6.843  32.993 0.0000000000
70043  41.952  -6.791  32.491 0.0000000000
70058  42.582  -6.397  32.411 0.0000000000
71129  43.520  -6.132  32.451 0.0000000000
70057  43.221  -6.425  31.757 0.0000000000
155965  56.198  3.174  1.511 0.0000000000
81033  55.650  3.155  1.813 0.0000000000
79967  56.233  2.606  1.593 0.0000000000
78895  56.007  1.178  2.011 0.0000000000
76947  55.980  -0.279  2.786 0.0000000000
76936  55.660  -0.305  3.417 0.0000000000
156381  56.653  -0.864  3.260 0.0000000000
76934  57.099  -0.955  3.577 0.0000000000
77914  59.433  0.061  4.931 0.0000000000
141737  55.462  0.336  6.364 0.0000000000
131817  57.000  0.433  6.209 0.0000000000
77860  57.791  0.517  7.278 0.0000000000
77882  57.711  0.515  6.494 0.0000000000
147287  57.614  0.400  5.886 0.0000000000
77881  58.279  0.475  5.972 0.0000000000
77899  58.854  0.321  5.442 0.0000000000
77898  59.793  0.404  5.553 0.0000000000
77897  60.858  0.426  5.615 0.0000000000
77879  61.363  0.474  6.417 0.0000000000
77845  60.917  0.312  7.999 0.0000000000
77844  61.844  0.153  8.119 0.0000000000
45290  8.163  -28.079  45.954 0.0000000000
47232  10.567  -26.943  45.523 0.0000000000
48258  10.848  -25.775  47.616 0.0000000000
49371  12.720  -24.173  47.048 0.0000000000
50514  13.997  -22.983  47.606 0.0000000000
52815  16.388  -21.214  48.288 0.0000000000
52867  16.356  -20.752  45.294 0.0000000000
54013  17.730  -20.232  46.619 0.0000000000
69993  45.029  -6.372  35.112 0.0000000000
70027  42.751  -6.744  33.459 0.0000000000
71112  44.191  -5.937  33.634 0.0000000000
75665  54.858  -1.553  24.101 0.0000000000
75687  54.075  -1.401  21.517 0.0000000000
75689  52.712  -1.557  21.112 0.0000000000
75699  54.257  -1.172  19.930 0.0000000000
75723  51.067  -1.348  18.607 0.0000000000
75729  62.816  -1.452  17.598 0.0000000000
75803  49.032  -1.292  13.191 0.0000000000
76705  55.472  -0.855  18.270 0.0000000000
76708  52.544  -1.053  18.139 0.0000000000
76787  57.137  -0.640  13.728 0.0000000000
76788  56.258  -0.597  13.876 0.0000000000
76845  57.513  -0.487  10.347 0.0000000000
76846  56.684  -0.415  10.379 0.0000000000
76858  61.466  -0.263  9.560 0.0000000000
76861  58.013  -0.265  9.480 0.0000000000
76864  55.575  -0.166  9.510 0.0000000000
76917  56.733  -0.509  4.296 0.0000000000
76935  56.324  -0.670  3.075 0.0000000000
77859  59.640  0.488  7.391 0.0000000000
77943  58.165  -0.032  0.920 0.0000000000
130467  50.853  -1.532  19.226 0.0000000000
131548  55.417  -0.728  16.100 0.0000000000
131549  56.206  -0.688  16.001 0.0000000000
132157  50.322  -0.321  10.437 0.0000000000
133567  58.096  0.047  8.739 0.0000000000
137339  15.606  -21.842  49.119 0.0000000000
137745  36.486  -8.774  23.890 0.0000000000
138159  59.213  -0.665  15.111 0.0000000000
143779  54.620  -0.942  18.410 0.0000000000
153084  55.242  2.205  2.345 0.0000000000
154137  54.485  -0.436  10.604 0.0000000000
154580  12.064  -25.706  44.354 0.0000000000
154903  62.179  -0.970  19.400 0.0000000000
155355  43.555  -12.631  34.857 0.0000000000
156012  57.705  -0.679  13.767 0.0000000000
