#!ascii label  , from subject sub-v2s15x29731_ses-1 vox2ras=TkReg
798
50506  29.634  -24.704  48.833 0.0000000000
70074  44.023  -6.882  30.152 0.0000000000
71168  44.370  -5.684  25.586 0.0000000000
66713  52.044  -9.826  37.251 0.0000000000
55151  36.662  -19.817  43.345 0.0000000000
50535  33.989  -23.852  46.766 0.0000000000
67887  44.626  -8.242  27.235 0.0000000000
67853  49.613  -8.350  29.604 0.0000000000
63256  48.309  -13.310  40.154 0.0000000000
55130  42.524  -20.360  44.502 0.0000000000
74578  58.928  -2.336  23.995 0.0000000000
147229  49.709  -2.990  28.369 0.0000000000
66732  46.892  -9.241  35.440 0.0000000000
73376  48.555  -3.653  34.720 0.0000000000
52839  33.170  -22.120  45.962 0.0000000000
49362  31.738  -24.766  47.572 0.0000000000
69009  43.722  -7.335  28.209 0.0000000000
67871  46.914  -8.463  28.188 0.0000000000
129874  47.044  -7.893  31.005 0.0000000000
57634  48.517  -17.535  38.992 0.0000000000
52854  38.280  -21.523  45.825 0.0000000000
137566  39.769  -19.917  43.829 0.0000000000
132601  40.782  -22.321  45.400 0.0000000000
75664  55.980  -1.467  24.602 0.0000000000
136147  55.426  -3.629  23.879 0.0000000000
73450  54.606  -3.282  26.633 0.0000000000
71142  45.074  -4.661  30.357 0.0000000000
74498  46.406  -2.181  28.034 0.0000000000
72233  46.736  -4.515  27.540 0.0000000000
72254  48.686  -4.927  25.622 0.0000000000
154647  45.150  -5.395  24.325 0.0000000000
64489  50.594  -11.591  39.348 0.0000000000
64511  47.541  -11.260  38.044 0.0000000000
67749  49.648  -8.481  37.673 0.0000000000
69979  46.998  -6.421  36.530 0.0000000000
69976  50.869  -6.096  36.270 0.0000000000
72146  52.768  -4.830  34.020 0.0000000000
66729  52.879  -8.191  34.744 0.0000000000
52857  35.229  -21.719  45.855 0.0000000000
72214  43.158  -5.170  27.702 0.0000000000
150398  43.856  -6.513  27.783 0.0000000000
67899  45.755  -8.514  26.348 0.0000000000
67896  48.475  -8.847  27.011 0.0000000000
57579  46.179  -17.926  42.319 0.0000000000
58690  48.084  -16.775  40.848 0.0000000000
59803  49.676  -15.142  39.246 0.0000000000
62098  51.363  -12.731  37.179 0.0000000000
139422  50.900  -10.871  35.303 0.0000000000
151289  43.486  -19.388  41.670 0.0000000000
54058  45.633  -20.601  43.119 0.0000000000
74605  58.117  -2.696  20.888 0.0000000000
74530  52.021  -2.584  26.514 0.0000000000
72252  50.989  -4.675  26.205 0.0000000000
71205  48.841  -5.115  22.878 0.0000000000
71126  45.953  -5.476  32.188 0.0000000000
70038  49.416  -6.612  32.904 0.0000000000
68978  53.223  -7.339  30.240 0.0000000000
48235  30.105  -25.039  48.657 0.0000000000
49349  31.113  -24.734  48.092 0.0000000000
49363  31.175  -24.933  48.035 0.0000000000
137121  44.722  -7.501  29.470 0.0000000000
68997  45.934  -8.128  29.821 0.0000000000
68985  45.054  -7.096  30.222 0.0000000000
52833  39.649  -21.795  45.862 0.0000000000
138476  54.462  -1.846  24.841 0.0000000000
75634  55.743  -2.383  26.116 0.0000000000
75649  54.223  -2.156  25.774 0.0000000000
71159  45.058  -5.277  27.632 0.0000000000
72196  45.389  -4.728  30.027 0.0000000000
72234  45.787  -4.806  27.067 0.0000000000
72255  46.350  -4.799  26.214 0.0000000000
65604  51.144  -10.343  38.615 0.0000000000
66704  50.101  -9.949  38.614 0.0000000000
67748  50.254  -9.150  38.058 0.0000000000
68894  50.096  -7.691  37.251 0.0000000000
68907  51.335  -7.652  36.526 0.0000000000
69974  52.097  -6.266  35.573 0.0000000000
142337  52.327  -9.151  36.021 0.0000000000
52858  34.308  -21.584  45.609 0.0000000000
51800  35.064  -22.779  46.548 0.0000000000
51799  36.138  -22.866  46.332 0.0000000000
154013  42.953  -7.118  27.639 0.0000000000
70086  42.685  -5.657  27.215 0.0000000000
70085  43.242  -6.285  27.789 0.0000000000
71155  43.716  -5.729  28.381 0.0000000000
69024  43.383  -7.161  27.292 0.0000000000
67916  43.753  -7.658  26.135 0.0000000000
67886  45.503  -8.418  27.190 0.0000000000
67855  48.019  -8.416  29.200 0.0000000000
67884  47.901  -8.589  27.679 0.0000000000
67868  49.471  -8.530  28.774 0.0000000000
149520  50.221  -9.108  27.685 0.0000000000
130784  50.475  -8.439  29.123 0.0000000000
56440  47.061  -18.748  42.113 0.0000000000
135259  47.192  -17.354  41.647 0.0000000000
57588  48.162  -18.033  41.083 0.0000000000
58730  49.162  -16.427  39.007 0.0000000000
62087  50.900  -13.571  38.205 0.0000000000
55132  40.641  -19.984  44.335 0.0000000000
55164  41.267  -20.123  42.516 0.0000000000
55163  42.812  -19.945  42.734 0.0000000000
55161  44.717  -19.705  43.098 0.0000000000
54059  44.489  -20.561  43.861 0.0000000000
75673  58.133  -0.948  23.531 0.0000000000
74590  59.527  -2.294  23.069 0.0000000000
73502  53.894  -3.892  24.136 0.0000000000
75606  48.192  -2.370  28.659 0.0000000000
75625  47.543  -1.767  27.255 0.0000000000
75623  49.390  -1.930  27.571 0.0000000000
74512  50.159  -1.985  26.863 0.0000000000
74495  50.843  -2.758  27.648 0.0000000000
72205  51.880  -3.774  27.412 0.0000000000
72207  50.276  -3.923  27.791 0.0000000000
132927  47.453  -5.400  23.416 0.0000000000
71192  49.033  -5.233  23.806 0.0000000000
60893  46.937  -14.690  40.543 0.0000000000
62088  46.613  -12.988  38.974 0.0000000000
65621  47.546  -10.425  36.740 0.0000000000
64527  46.655  -11.081  36.946 0.0000000000
72117  47.926  -4.166  35.894 0.0000000000
145568  45.589  -5.852  35.256 0.0000000000
72137  46.118  -4.856  34.275 0.0000000000
71111  45.012  -5.569  33.388 0.0000000000
72164  47.135  -4.501  33.212 0.0000000000
71124  48.161  -5.924  33.057 0.0000000000
71108  49.246  -5.091  33.690 0.0000000000
70034  54.634  -6.533  32.410 0.0000000000
70035  53.674  -6.004  32.422 0.0000000000
70063  54.841  -6.948  30.876 0.0000000000
67850  53.848  -8.374  29.007 0.0000000000
145660  32.741  -23.222  47.020 0.0000000000
50517  33.049  -24.092  47.056 0.0000000000
49391  32.892  -24.711  46.338 0.0000000000
49377  32.018  -25.020  47.144 0.0000000000
69016  44.197  -7.852  27.656 0.0000000000
67872  45.682  -8.375  28.251 0.0000000000
67857  46.261  -8.384  29.074 0.0000000000
149777  46.618  -8.316  29.706 0.0000000000
68982  48.732  -8.009  30.660 0.0000000000
54042  37.051  -20.399  44.674 0.0000000000
148437  37.985  -20.024  43.919 0.0000000000
54021  38.683  -20.523  45.170 0.0000000000
54039  40.353  -20.347  45.133 0.0000000000
54018  41.804  -21.187  45.323 0.0000000000
52873  43.384  -21.645  44.671 0.0000000000
51840  42.402  -22.333  44.785 0.0000000000
131400  58.178  -1.899  25.059 0.0000000000
73499  57.428  -3.099  24.690 0.0000000000
73464  56.760  -3.026  25.886 0.0000000000
73483  55.210  -3.699  25.704 0.0000000000
132343  53.281  -4.450  25.454 0.0000000000
73441  44.692  -3.449  28.606 0.0000000000
73427  45.658  -3.557  29.858 0.0000000000
151133  46.606  -3.337  29.479 0.0000000000
147852  47.918  -3.528  28.714 0.0000000000
72231  48.812  -4.579  26.765 0.0000000000
72232  47.815  -4.468  27.162 0.0000000000
71180  47.043  -5.267  24.377 0.0000000000
63269  49.456  -12.120  39.628 0.0000000000
63282  47.867  -12.168  39.128 0.0000000000
65605  49.108  -10.830  38.896 0.0000000000
66715  49.142  -9.479  37.950 0.0000000000
142049  47.820  -8.282  36.555 0.0000000000
68919  46.316  -7.840  35.965 0.0000000000
69963  48.734  -7.238  36.909 0.0000000000
71052  48.452  -5.504  36.586 0.0000000000
73353  49.660  -3.899  35.988 0.0000000000
72132  50.959  -4.283  34.741 0.0000000000
71070  51.978  -5.251  35.388 0.0000000000
69991  53.363  -6.539  34.604 0.0000000000
67804  53.894  -7.953  33.300 0.0000000000
54046  33.449  -20.604  44.234 0.0000000000
146947  34.920  -20.413  44.398 0.0000000000
54043  36.137  -20.485  44.667 0.0000000000
52855  37.266  -21.714  45.864 0.0000000000
51797  37.335  -22.686  45.770 0.0000000000
72198  44.389  -4.494  29.052 0.0000000000
71154  44.584  -5.433  28.890 0.0000000000
70090  43.721  -6.461  26.310 0.0000000000
69030  43.300  -7.069  26.162 0.0000000000
132477  45.392  -8.528  25.718 0.0000000000
67913  46.407  -8.682  25.731 0.0000000000
67885  46.358  -8.475  27.512 0.0000000000
67897  47.647  -8.715  26.797 0.0000000000
134462  44.626  -17.640  41.184 0.0000000000
58693  46.011  -16.704  41.534 0.0000000000
59771  47.137  -15.958  41.202 0.0000000000
132895  48.112  -15.228  40.631 0.0000000000
57604  48.706  -17.375  40.029 0.0000000000
138328  49.133  -15.406  39.907 0.0000000000
62061  49.345  -13.610  39.987 0.0000000000
135655  50.362  -12.815  39.505 0.0000000000
147702  51.344  -12.470  38.841 0.0000000000
64510  52.028  -11.372  37.713 0.0000000000
65620  52.174  -10.536  36.532 0.0000000000
63316  51.151  -11.948  36.019 0.0000000000
56457  44.624  -18.273  41.743 0.0000000000
149978  46.158  -19.147  42.640 0.0000000000
54071  46.448  -20.479  42.312 0.0000000000
51852  44.457  -22.029  43.558 0.0000000000
52904  45.576  -21.337  42.723 0.0000000000
130850  61.008  -2.318  20.817 0.0000000000
74551  52.266  -2.323  25.345 0.0000000000
74510  52.437  -3.047  26.888 0.0000000000
72250  52.983  -4.416  26.340 0.0000000000
72273  51.671  -4.738  24.845 0.0000000000
72253  49.488  -4.848  25.910 0.0000000000
132052  49.800  -5.068  24.170 0.0000000000
72294  50.653  -4.634  23.325 0.0000000000
63293  46.505  -12.173  37.954 0.0000000000
71135  44.562  -5.964  32.008 0.0000000000
70065  45.062  -6.456  30.736 0.0000000000
70054  46.390  -6.554  31.849 0.0000000000
68954  48.108  -7.090  32.208 0.0000000000
68965  49.665  -7.491  31.323 0.0000000000
148821  51.288  -5.678  33.361 0.0000000000
70052  51.020  -6.808  32.099 0.0000000000
68980  50.664  -7.624  30.645 0.0000000000
67851  52.986  -8.285  28.986 0.0000000000
66739  52.234  -9.297  35.282 0.0000000000
66764  52.198  -8.717  33.388 0.0000000000
49351  29.949  -24.864  48.808 0.0000000000
48236  29.522  -24.899  49.057 0.0000000000
49335  29.390  -24.824  49.066 0.0000000000
50505  30.425  -24.751  48.449 0.0000000000
49350  30.622  -24.862  48.424 0.0000000000
68999  44.055  -7.058  29.503 0.0000000000
68986  44.466  -7.029  29.989 0.0000000000
75650  53.609  -1.976  24.634 0.0000000000
71160  44.386  -5.816  26.966 0.0000000000
71167  45.263  -5.166  26.156 0.0000000000
66714  51.584  -9.859  37.952 0.0000000000
66702  50.884  -9.662  38.294 0.0000000000
67747  50.999  -9.144  37.807 0.0000000000
67766  50.491  -8.433  37.557 0.0000000000
67765  51.273  -8.537  37.127 0.0000000000
67776  51.765  -8.296  36.433 0.0000000000
67764  52.010  -9.098  36.714 0.0000000000
51801  34.208  -22.959  46.794 0.0000000000
50534  34.851  -23.462  46.635 0.0000000000
49375  34.234  -24.190  46.356 0.0000000000
143921  42.929  -7.074  27.392 0.0000000000
69023  44.060  -7.920  26.942 0.0000000000
67854  48.837  -8.418  29.316 0.0000000000
55177  47.569  -19.343  41.466 0.0000000000
140318  47.557  -18.188  41.621 0.0000000000
55176  48.020  -18.938  40.994 0.0000000000
55131  41.617  -20.108  44.405 0.0000000000
55146  41.239  -19.983  43.510 0.0000000000
151940  42.057  -20.012  43.872 0.0000000000
133510  42.046  -20.045  43.043 0.0000000000
55145  42.800  -20.041  43.742 0.0000000000
55144  43.725  -20.033  43.520 0.0000000000
55129  43.501  -20.501  44.270 0.0000000000
75661  58.812  -1.775  24.495 0.0000000000
76656  59.469  -1.137  23.558 0.0000000000
74577  59.486  -1.870  23.875 0.0000000000
74486  48.500  -2.755  28.739 0.0000000000
75613  48.739  -1.999  28.206 0.0000000000
74497  49.477  -2.233  28.181 0.0000000000
74496  50.196  -2.189  27.742 0.0000000000
73424  50.032  -2.634  28.147 0.0000000000
73438  50.422  -3.273  27.966 0.0000000000
71207  46.847  -5.431  22.808 0.0000000000
155714  47.453  -5.419  22.816 0.0000000000
62064  47.263  -14.006  40.265 0.0000000000
62077  46.753  -13.531  39.539 0.0000000000
62076  47.656  -13.365  40.011 0.0000000000
66723  47.274  -9.851  35.900 0.0000000000
65627  46.535  -10.052  35.378 0.0000000000
73365  47.773  -3.801  35.115 0.0000000000
72119  46.514  -4.718  35.000 0.0000000000
72135  47.694  -3.820  34.254 0.0000000000
72151  46.608  -4.555  33.646 0.0000000000
73386  47.774  -4.008  33.725 0.0000000000
72150  48.540  -4.197  33.802 0.0000000000
72134  49.054  -3.890  34.367 0.0000000000
68951  55.077  -6.994  31.810 0.0000000000
70048  54.899  -6.748  31.666 0.0000000000
67830  54.879  -7.603  31.192 0.0000000000
66792  54.703  -8.664  30.055 0.0000000000
50519  31.648  -24.391  47.591 0.0000000000
51803  31.902  -23.109  46.793 0.0000000000
51784  32.198  -23.804  47.244 0.0000000000
149227  32.784  -23.849  47.170 0.0000000000
50518  32.361  -24.289  47.337 0.0000000000
49361  32.437  -24.533  47.073 0.0000000000
69018  42.663  -7.418  27.842 0.0000000000
69017  43.552  -7.341  27.693 0.0000000000
148087  44.348  -7.808  28.196 0.0000000000
69008  44.803  -8.027  28.645 0.0000000000
68984  46.432  -8.027  30.422 0.0000000000
67842  47.382  -8.315  30.033 0.0000000000
68983  47.931  -8.084  30.737 0.0000000000
54022  37.814  -20.861  45.360 0.0000000000
54041  37.948  -20.263  44.579 0.0000000000
151568  38.645  -21.004  45.617 0.0000000000
51820  40.310  -22.080  45.688 0.0000000000
52852  40.290  -21.518  45.763 0.0000000000
52851  41.140  -21.834  45.591 0.0000000000
54019  40.837  -21.039  45.536 0.0000000000
52850  42.098  -21.899  45.233 0.0000000000
138807  55.266  -1.325  23.232 0.0000000000
138930  56.576  -1.221  23.846 0.0000000000
75662  58.004  -1.308  24.379 0.0000000000
75663  57.223  -1.637  25.051 0.0000000000
75646  57.358  -2.246  25.543 0.0000000000
75633  56.608  -2.517  25.971 0.0000000000
74527  55.258  -2.897  26.456 0.0000000000
73465  55.359  -3.298  26.238 0.0000000000
73466  54.557  -3.730  26.252 0.0000000000
72271  54.173  -4.116  25.412 0.0000000000
72249  53.798  -4.132  26.296 0.0000000000
73429  44.583  -3.909  29.191 0.0000000000
74489  45.356  -3.114  28.993 0.0000000000
73418  45.246  -3.989  30.287 0.0000000000
72211  46.434  -4.210  29.131 0.0000000000
72195  46.122  -3.998  29.960 0.0000000000
72194  46.973  -3.551  29.213 0.0000000000
72210  47.444  -4.072  28.372 0.0000000000
72209  48.399  -4.069  27.957 0.0000000000
130004  46.145  -5.115  25.168 0.0000000000
71181  45.908  -5.325  24.192 0.0000000000
71194  45.162  -5.431  23.773 0.0000000000
65598  49.332  -11.451  39.358 0.0000000000
64490  49.960  -11.466  39.437 0.0000000000
66705  49.694  -9.290  38.078 0.0000000000
143948  49.554  -10.109  38.515 0.0000000000
143743  48.687  -8.998  37.095 0.0000000000
67767  48.688  -8.078  37.089 0.0000000000
68897  48.195  -7.494  36.837 0.0000000000
68896  49.133  -7.928  37.287 0.0000000000
69960  50.370  -6.935  36.740 0.0000000000
69961  49.688  -6.909  36.827 0.0000000000
71038  50.056  -5.991  36.566 0.0000000000
142740  48.955  -4.860  36.466 0.0000000000
71050  50.476  -5.141  36.187 0.0000000000
72099  50.736  -4.563  35.730 0.0000000000
71049  51.217  -5.147  35.781 0.0000000000
68918  52.521  -7.770  35.473 0.0000000000
142534  52.678  -6.876  35.243 0.0000000000
142611  53.752  -7.104  34.315 0.0000000000
68931  54.210  -7.132  33.716 0.0000000000
68932  53.594  -7.669  34.254 0.0000000000
52860  32.748  -21.776  45.353 0.0000000000
54027  33.043  -21.110  44.832 0.0000000000
54025  34.818  -20.945  44.992 0.0000000000
54044  35.416  -20.548  44.673 0.0000000000
54024  35.756  -21.037  45.223 0.0000000000
54023  36.717  -20.990  45.326 0.0000000000
52856  36.222  -21.706  45.872 0.0000000000
72235  43.333  -4.318  27.346 0.0000000000
72213  43.757  -4.820  28.268 0.0000000000
70084  43.852  -6.351  28.330 0.0000000000
145672  44.299  -5.920  28.331 0.0000000000
67900  44.900  -8.378  26.549 0.0000000000
67915  44.400  -8.243  25.931 0.0000000000
57591  45.095  -17.609  41.693 0.0000000000
58694  45.129  -17.005  41.193 0.0000000000
57590  45.722  -17.371  41.890 0.0000000000
58691  47.480  -16.674  41.247 0.0000000000
58692  46.814  -16.641  41.519 0.0000000000
59770  47.815  -15.971  40.918 0.0000000000
59787  47.414  -15.277  40.842 0.0000000000
56485  48.536  -18.121  40.175 0.0000000000
57619  48.664  -17.495  39.690 0.0000000000
59818  49.547  -15.671  38.743 0.0000000000
58717  49.244  -16.049  39.381 0.0000000000
60890  49.057  -14.444  40.211 0.0000000000
60912  49.616  -14.392  39.700 0.0000000000
62075  50.070  -13.540  39.558 0.0000000000
60911  50.244  -14.286  39.154 0.0000000000
62099  50.936  -13.392  37.473 0.0000000000
62086  51.397  -12.812  38.149 0.0000000000
63281  51.738  -12.001  38.364 0.0000000000
63292  51.759  -12.124  37.538 0.0000000000
64526  51.880  -11.610  36.892 0.0000000000
63305  51.093  -12.516  36.445 0.0000000000
55134  38.889  -20.054  44.274 0.0000000000
55149  38.319  -19.960  43.509 0.0000000000
55148  38.998  -19.901  43.311 0.0000000000
55178  42.716  -19.832  41.637 0.0000000000
152207  43.107  -19.323  40.940 0.0000000000
56458  43.806  -18.819  41.294 0.0000000000
56444  44.247  -19.123  42.158 0.0000000000
55143  45.305  -20.252  43.258 0.0000000000
56433  45.614  -19.408  42.823 0.0000000000
55160  46.007  -19.873  42.763 0.0000000000
54057  46.126  -20.374  42.691 0.0000000000
52872  44.200  -21.580  44.101 0.0000000000
52937  46.236  -21.034  41.583 0.0000000000
74604  59.315  -2.536  21.716 0.0000000000
74617  58.936  -2.596  20.459 0.0000000000
74618  57.835  -2.621  19.799 0.0000000000
134008  56.433  -3.466  24.324 0.0000000000
74516  45.582  -2.289  27.018 0.0000000000
74515  46.299  -2.013  26.687 0.0000000000
74531  51.092  -2.352  26.663 0.0000000000
147024  50.426  -2.295  25.675 0.0000000000
130978  51.320  -2.384  25.529 0.0000000000
74529  53.065  -2.643  26.478 0.0000000000
72228  51.618  -4.287  27.096 0.0000000000
72227  52.515  -4.153  27.026 0.0000000000
72251  51.954  -4.630  26.114 0.0000000000
72272  52.489  -4.624  25.298 0.0000000000
72230  49.849  -4.470  26.976 0.0000000000
71191  49.566  -4.986  23.333 0.0000000000
155356  50.146  -4.857  23.595 0.0000000000
129847  50.040  -4.733  22.949 0.0000000000
64499  47.924  -11.574  38.635 0.0000000000
63283  46.901  -12.432  38.741 0.0000000000
64500  47.220  -11.828  38.380 0.0000000000
68909  46.517  -7.110  36.336 0.0000000000
71073  45.066  -6.001  34.699 0.0000000000
72166  45.691  -5.249  32.864 0.0000000000
71127  45.158  -5.588  32.451 0.0000000000
71134  45.217  -5.817  31.764 0.0000000000
70056  44.897  -6.111  31.177 0.0000000000
70055  45.506  -6.326  31.379 0.0000000000
70041  46.847  -5.917  32.431 0.0000000000
70025  48.860  -5.993  33.323 0.0000000000
70039  48.514  -6.571  32.770 0.0000000000
68953  49.043  -7.151  32.210 0.0000000000
68966  48.657  -7.583  31.451 0.0000000000
68952  50.034  -7.053  32.232 0.0000000000
72147  51.788  -4.687  34.294 0.0000000000
72148  50.749  -4.543  34.295 0.0000000000
71105  52.465  -5.053  33.658 0.0000000000
70050  53.266  -6.437  31.679 0.0000000000
70051  52.079  -6.604  31.864 0.0000000000
68962  52.694  -6.923  31.008 0.0000000000
68963  51.468  -7.165  31.264 0.0000000000
68979  51.945  -7.493  30.425 0.0000000000
68995  51.276  -8.067  29.830 0.0000000000
68994  52.505  -7.844  29.619 0.0000000000
67865  53.342  -8.856  28.457 0.0000000000
147314  51.943  -10.703  36.049 0.0000000000
130272  52.280  -9.845  35.987 0.0000000000
65635  51.583  -10.409  35.508 0.0000000000
51785  31.383  -23.747  47.331 0.0000000000
48248  30.707  -25.213  48.082 0.0000000000
69010  42.872  -7.412  28.405 0.0000000000
137759  44.200  -7.379  28.776 0.0000000000
68998  45.419  -8.130  29.215 0.0000000000
152719  45.366  -7.722  29.831 0.0000000000
136676  45.708  -7.599  30.416 0.0000000000
148356  38.177  -22.593  45.590 0.0000000000
52834  38.822  -22.094  45.850 0.0000000000
152588  38.902  -22.567  45.513 0.0000000000
51796  39.565  -22.304  45.620 0.0000000000
75648  55.410  -1.762  25.251 0.0000000000
75647  56.475  -1.916  25.641 0.0000000000
154151  54.944  -2.044  25.778 0.0000000000
75635  54.818  -2.524  26.318 0.0000000000
152093  54.491  -2.914  26.598 0.0000000000
71153  44.884  -5.385  29.228 0.0000000000
72212  45.722  -4.761  28.369 0.0000000000
141723  45.152  -5.320  24.953 0.0000000000
65595  50.924  -11.009  39.088 0.0000000000
134873  50.339  -11.018  39.228 0.0000000000
65596  50.448  -10.490  38.916 0.0000000000
68895  49.485  -7.688  37.220 0.0000000000
68876  49.999  -8.278  37.660 0.0000000000
68893  50.706  -7.749  36.974 0.0000000000
156114  50.964  -7.014  36.586 0.0000000000
69975  51.478  -6.707  36.132 0.0000000000
68906  52.022  -7.457  35.886 0.0000000000
67775  52.237  -8.418  35.986 0.0000000000
67781  52.506  -8.351  35.404 0.0000000000
52859  33.482  -21.606  45.447 0.0000000000
52838  33.844  -22.173  46.128 0.0000000000
52837  34.645  -22.216  46.269 0.0000000000
154688  35.174  -22.278  46.329 0.0000000000
52836  35.722  -22.441  46.314 0.0000000000
134528  35.572  -23.130  46.503 0.0000000000
70092  42.587  -6.601  27.107 0.0000000000
156074  43.188  -5.754  27.861 0.0000000000
70091  43.241  -6.778  27.562 0.0000000000
67870  47.732  -8.482  28.496 0.0000000000
67869  48.578  -8.543  28.419 0.0000000000
67883  48.731  -8.722  27.641 0.0000000000
67895  49.260  -9.008  27.265 0.0000000000
133152  49.378  -8.754  27.996 0.0000000000
137092  50.077  -8.716  28.363 0.0000000000
67867  51.006  -8.770  28.398 0.0000000000
56441  46.486  -18.608  42.420 0.0000000000
57589  46.485  -17.303  41.896 0.0000000000
57578  46.849  -18.017  42.051 0.0000000000
144117  47.826  -17.417  41.238 0.0000000000
148943  48.247  -17.449  40.813 0.0000000000
57633  48.805  -16.984  39.258 0.0000000000
59817  50.009  -14.873  38.597 0.0000000000
60928  50.506  -14.150  38.480 0.0000000000
152604  50.195  -14.625  38.043 0.0000000000
60944  50.518  -14.063  37.744 0.0000000000
55147  40.415  -19.933  43.491 0.0000000000
130548  41.982  -20.172  42.059 0.0000000000
55162  43.607  -19.652  42.497 0.0000000000
131015  45.113  -20.858  43.650 0.0000000000
74576  60.090  -1.611  23.115 0.0000000000
130999  60.411  -2.132  22.427 0.0000000000
149930  58.507  -2.696  21.971 0.0000000000
73501  54.865  -3.795  24.665 0.0000000000
75607  47.279  -2.503  28.920 0.0000000000
152181  46.863  -1.846  27.300 0.0000000000
75614  47.897  -1.934  28.186 0.0000000000
75624  48.418  -1.799  27.362 0.0000000000
74513  48.992  -1.894  26.527 0.0000000000
139267  50.759  -2.369  27.307 0.0000000000
74511  51.469  -2.697  27.147 0.0000000000
73437  51.214  -3.367  27.597 0.0000000000
72206  51.100  -3.821  27.599 0.0000000000
72229  50.744  -4.374  27.106 0.0000000000
147561  47.866  -5.339  24.073 0.0000000000
155712  48.477  -5.292  24.205 0.0000000000
150630  48.287  -5.339  23.517 0.0000000000
60894  46.139  -14.955  40.205 0.0000000000
65613  48.032  -10.687  37.629 0.0000000000
131965  47.228  -10.975  37.438 0.0000000000
65622  46.665  -10.569  36.111 0.0000000000
72103  47.328  -4.876  36.133 0.0000000000
71055  46.092  -5.726  35.732 0.0000000000
71071  46.612  -5.076  35.704 0.0000000000
71072  45.764  -5.378  34.839 0.0000000000
71088  45.260  -5.577  34.166 0.0000000000
156432  44.671  -5.811  33.903 0.0000000000
72152  45.832  -5.052  33.549 0.0000000000
72165  46.348  -4.915  32.964 0.0000000000
141954  46.707  -5.073  32.685 0.0000000000
71125  47.491  -5.231  32.889 0.0000000000
71109  48.340  -5.048  33.311 0.0000000000
70024  49.690  -5.976  33.451 0.0000000000
71104  53.885  -5.524  33.387 0.0000000000
71122  52.958  -5.566  32.914 0.0000000000
71121  54.344  -6.101  32.516 0.0000000000
70049  54.349  -6.480  31.637 0.0000000000
70064  53.988  -6.778  30.838 0.0000000000
68993  53.728  -7.784  29.546 0.0000000000
68992  54.581  -7.927  29.666 0.0000000000
51822  32.509  -22.514  46.152 0.0000000000
51802  33.333  -22.731  46.638 0.0000000000
51783  33.372  -23.481  46.973 0.0000000000
49360  33.234  -24.364  46.654 0.0000000000
49376  32.448  -24.867  46.713 0.0000000000
48247  31.380  -25.260  47.412 0.0000000000
67873  44.794  -8.227  27.867 0.0000000000
67856  47.170  -8.430  29.102 0.0000000000
67841  48.339  -8.316  29.985 0.0000000000
67840  49.035  -8.287  30.007 0.0000000000
55194  47.762  -19.310  40.941 0.0000000000
55135  37.264  -20.022  43.982 0.0000000000
54020  39.266  -20.880  45.574 0.0000000000
54040  39.520  -20.369  45.142 0.0000000000
55133  39.844  -20.029  44.614 0.0000000000
54038  41.222  -20.442  45.035 0.0000000000
54037  42.434  -20.862  44.969 0.0000000000
136096  43.157  -20.966  44.776 0.0000000000
52874  42.650  -21.451  45.064 0.0000000000
148126  43.037  -22.176  44.615 0.0000000000
50563  42.810  -22.568  44.195 0.0000000000
74548  58.598  -2.052  24.889 0.0000000000
74567  58.337  -2.414  24.764 0.0000000000
73480  58.102  -2.214  25.159 0.0000000000
137552  56.767  -3.281  25.343 0.0000000000
73500  55.871  -3.612  25.056 0.0000000000
151451  56.241  -2.947  26.248 0.0000000000
73482  56.130  -3.333  25.839 0.0000000000
72291  53.275  -4.277  24.553 0.0000000000
149487  52.736  -4.487  24.685 0.0000000000
74500  44.972  -2.923  28.054 0.0000000000
74499  45.574  -2.560  28.134 0.0000000000
74488  46.159  -2.761  29.186 0.0000000000
72186  45.773  -3.840  30.057 0.0000000000
74487  47.464  -2.928  29.203 0.0000000000
73426  47.895  -3.086  29.067 0.0000000000
73440  48.746  -3.419  28.503 0.0000000000
72208  49.357  -4.028  27.840 0.0000000000
147943  47.962  -4.801  25.984 0.0000000000
149202  47.230  -4.696  26.394 0.0000000000
71166  47.144  -4.976  25.440 0.0000000000
71179  48.049  -5.164  24.899 0.0000000000
71193  46.652  -5.383  23.603 0.0000000000
63255  48.882  -12.881  39.952 0.0000000000
63270  48.143  -12.755  39.821 0.0000000000
132609  48.754  -12.140  39.583 0.0000000000
64491  48.590  -11.523  39.087 0.0000000000
65606  48.335  -11.025  38.466 0.0000000000
65597  49.870  -10.729  39.082 0.0000000000
65612  48.810  -10.342  38.167 0.0000000000
150435  48.480  -9.956  37.261 0.0000000000
66722  47.996  -9.460  36.494 0.0000000000
66731  47.510  -9.059  35.895 0.0000000000
67782  47.029  -8.493  35.858 0.0000000000
68908  47.348  -7.257  36.625 0.0000000000
69978  47.869  -6.700  36.760 0.0000000000
69962  49.085  -6.868  36.836 0.0000000000
69977  48.472  -6.336  36.718 0.0000000000
71053  47.663  -5.695  36.569 0.0000000000
72102  48.158  -4.757  36.375 0.0000000000
72101  48.825  -4.006  36.177 0.0000000000
73364  49.191  -3.662  35.506 0.0000000000
73375  49.550  -3.727  34.893 0.0000000000
73362  50.493  -4.056  35.249 0.0000000000
72131  51.662  -4.524  34.797 0.0000000000
71069  52.382  -4.870  34.780 0.0000000000
136065  52.782  -5.699  34.878 0.0000000000
71086  53.601  -5.263  34.083 0.0000000000
71085  54.014  -5.764  33.621 0.0000000000
68942  54.649  -6.982  32.764 0.0000000000
55152  35.842  -19.760  43.395 0.0000000000
54026  33.880  -21.045  44.892 0.0000000000
55138  34.637  -20.085  43.834 0.0000000000
55137  35.487  -20.151  44.047 0.0000000000
55136  36.410  -20.077  44.021 0.0000000000
52835  36.532  -22.384  46.098 0.0000000000
149746  37.154  -22.403  45.969 0.0000000000
137020  37.876  -22.192  45.891 0.0000000000
71148  44.735  -4.992  29.824 0.0000000000
71149  44.243  -5.175  28.964 0.0000000000
71147  44.953  -5.227  29.963 0.0000000000
70098  43.329  -6.741  25.170 0.0000000000
135672  43.437  -7.557  25.162 0.0000000000
142562  43.955  -8.159  25.202 0.0000000000
67898  46.628  -8.574  26.655 0.0000000000
149620  47.115  -8.547  27.343 0.0000000000
57606  44.269  -17.314  40.414 0.0000000000
59789  45.864  -15.630  40.551 0.0000000000
59772  46.383  -16.051  41.179 0.0000000000
59788  46.665  -15.387  40.835 0.0000000000
60892  47.694  -14.558  40.580 0.0000000000
62063  48.012  -13.862  40.402 0.0000000000
56470  48.244  -18.453  40.730 0.0000000000
57605  48.475  -17.807  40.510 0.0000000000
58705  48.522  -17.060  40.374 0.0000000000
57618  48.833  -16.824  39.567 0.0000000000
58704  48.862  -16.525  39.911 0.0000000000
59769  48.511  -16.041  40.407 0.0000000000
150148  48.690  -15.117  40.327 0.0000000000
60891  48.402  -14.478  40.440 0.0000000000
62062  48.692  -13.743  40.273 0.0000000000
63254  49.677  -12.809  39.717 0.0000000000
63268  50.156  -12.155  39.565 0.0000000000
153024  50.872  -13.297  39.014 0.0000000000
63267  50.835  -12.350  39.292 0.0000000000
63266  51.243  -11.771  39.005 0.0000000000
64498  51.601  -11.178  38.570 0.0000000000
65611  51.889  -10.641  38.055 0.0000000000
135156  52.188  -10.811  37.477 0.0000000000
65610  52.257  -10.437  37.075 0.0000000000
64509  52.184  -11.021  37.019 0.0000000000
64539  51.678  -11.441  36.257 0.0000000000
64547  51.444  -11.225  35.822 0.0000000000
63317  50.657  -12.551  35.961 0.0000000000
63329  50.440  -12.186  35.654 0.0000000000
55150  37.520  -19.866  43.261 0.0000000000
55166  38.977  -19.928  42.505 0.0000000000
56471  44.037  -18.078  40.889 0.0000000000
57580  45.456  -18.028  42.222 0.0000000000
56443  45.172  -18.811  42.543 0.0000000000
56442  45.893  -18.608  42.594 0.0000000000
55158  47.142  -19.408  42.076 0.0000000000
54070  47.092  -20.010  41.962 0.0000000000
54036  43.964  -21.060  44.416 0.0000000000
54035  44.598  -21.078  44.011 0.0000000000
52890  44.853  -21.407  43.636 0.0000000000
51851  45.056  -21.724  43.140 0.0000000000
52889  45.404  -21.147  43.240 0.0000000000
52921  46.177  -21.014  42.274 0.0000000000
131346  29.086  -24.197  48.633 0.0000000000
149287  59.646  -2.542  19.189 0.0000000000
74549  53.338  -2.245  25.630 0.0000000000
74528  54.002  -2.587  26.463 0.0000000000
74509  53.667  -3.194  26.788 0.0000000000
72226  53.364  -3.906  26.874 0.0000000000
73451  54.052  -3.643  26.645 0.0000000000
131138  52.175  -4.589  24.450 0.0000000000
148626  50.259  -4.726  26.272 0.0000000000
72275  49.114  -5.130  24.806 0.0000000000
72274  50.210  -4.964  25.258 0.0000000000
148509  51.096  -4.799  25.322 0.0000000000
131241  50.713  -4.826  24.307 0.0000000000
72293  51.504  -4.556  23.764 0.0000000000
72313  50.471  -4.497  22.656 0.0000000000
70075  43.424  -7.143  29.987 0.0000000000
63271  47.312  -12.851  39.416 0.0000000000
71128  44.279  -5.839  32.897 0.0000000000
70067  43.510  -6.766  30.859 0.0000000000
70066  44.494  -6.636  30.596 0.0000000000
68968  46.145  -7.310  31.152 0.0000000000
141325  46.864  -7.278  31.600 0.0000000000
70040  47.689  -6.331  32.657 0.0000000000
70053  47.223  -6.851  32.132 0.0000000000
68967  47.712  -7.564  31.513 0.0000000000
151295  48.268  -7.844  31.093 0.0000000000
155483  49.171  -7.757  30.946 0.0000000000
68981  49.607  -7.978  30.450 0.0000000000
72149  49.641  -4.437  34.181 0.0000000000
71107  50.422  -5.260  33.775 0.0000000000
70037  50.510  -6.366  33.045 0.0000000000
71123  52.157  -5.516  33.196 0.0000000000
133598  51.595  -6.227  32.711 0.0000000000
68964  50.551  -7.255  31.496 0.0000000000
68996  50.327  -8.169  29.957 0.0000000000
67852  51.752  -8.375  29.053 0.0000000000
67866  52.222  -8.773  28.421 0.0000000000
66721  52.262  -9.871  36.589 0.0000000000
66730  52.388  -8.899  35.393 0.0000000000
65634  51.810  -9.605  35.054 0.0000000000
66750  52.253  -8.899  34.445 0.0000000000
67791  52.651  -8.585  34.632 0.0000000000
67805  53.069  -8.413  33.635 0.0000000000
52853  39.661  -21.291  45.770 0.0000000000
52888  45.897  -20.853  42.747 0.0000000000
52922  45.696  -21.486  42.071 0.0000000000
54010  39.075  -21.408  45.819 0.0000000000
55159  46.634  -19.935  42.427 0.0000000000
55193  48.140  -18.737  40.560 0.0000000000
56455  47.934  -18.718  41.252 0.0000000000
56456  47.514  -18.914  41.743 0.0000000000
62113  50.852  -13.144  36.774 0.0000000000
63304  51.571  -12.179  36.866 0.0000000000
64512  46.845  -11.501  37.665 0.0000000000
64525  51.978  -11.090  36.525 0.0000000000
66703  50.517  -9.930  38.542 0.0000000000
67777  46.981  -7.760  36.317 0.0000000000
67789  53.921  -7.687  33.760 0.0000000000
67790  53.429  -8.113  34.102 0.0000000000
67803  54.265  -7.477  33.189 0.0000000000
67839  54.887  -7.859  30.381 0.0000000000
67848  54.801  -8.196  29.817 0.0000000000
68917  53.044  -7.535  34.847 0.0000000000
68961  55.006  -7.199  30.997 0.0000000000
68969  45.448  -7.015  30.825 0.0000000000
68976  54.825  -7.595  30.353 0.0000000000
68977  54.398  -7.378  30.231 0.0000000000
70008  54.032  -6.412  34.006 0.0000000000
70023  54.397  -6.400  33.236 0.0000000000
70036  52.651  -6.060  32.488 0.0000000000
71039  49.185  -5.960  36.622 0.0000000000
71051  49.717  -5.065  36.405 0.0000000000
71054  46.759  -5.641  36.188 0.0000000000
71068  53.584  -5.654  34.237 0.0000000000
71087  53.152  -5.133  34.400 0.0000000000
71103  54.349  -5.959  33.002 0.0000000000
71106  51.537  -5.004  33.795 0.0000000000
71110  47.826  -4.464  33.346 0.0000000000
72100  50.082  -4.397  36.122 0.0000000000
72115  51.446  -4.585  35.241 0.0000000000
72116  50.795  -4.292  35.343 0.0000000000
72118  47.198  -4.397  35.479 0.0000000000
72129  53.398  -5.055  33.881 0.0000000000
72130  53.006  -4.927  34.276 0.0000000000
72133  50.047  -4.092  34.611 0.0000000000
72136  46.902  -4.280  34.265 0.0000000000
72187  45.514  -4.172  30.240 0.0000000000
72197  44.858  -4.242  30.035 0.0000000000
72314  49.500  -4.827  22.683 0.0000000000
73352  50.293  -4.109  35.678 0.0000000000
73361  50.997  -4.201  35.037 0.0000000000
73363  49.961  -3.813  35.399 0.0000000000
73366  47.203  -4.098  34.806 0.0000000000
73374  50.383  -3.937  34.991 0.0000000000
73425  48.978  -3.035  28.629 0.0000000000
73428  44.977  -3.688  29.780 0.0000000000
73439  49.631  -3.389  28.251 0.0000000000
73452  52.668  -3.579  27.165 0.0000000000
73481  57.393  -2.695  25.364 0.0000000000
74485  49.282  -2.673  28.447 0.0000000000
74494  51.763  -3.182  27.362 0.0000000000
74526  56.913  -2.755  25.914 0.0000000000
74566  59.009  -1.963  24.430 0.0000000000
75605  48.842  -2.399  28.457 0.0000000000
75615  47.185  -1.957  28.003 0.0000000000
75672  59.448  -1.563  23.892 0.0000000000
76647  58.926  -1.233  23.980 0.0000000000
131622  44.047  -6.387  31.474 0.0000000000
133143  51.531  -5.852  35.817 0.0000000000
134989  41.939  -20.514  44.906 0.0000000000
135974  51.625  -9.293  37.421 0.0000000000
138270  39.991  -20.886  45.537 0.0000000000
140448  49.233  -8.630  37.607 0.0000000000
141513  42.767  -21.951  44.970 0.0000000000
143012  52.316  -4.770  34.462 0.0000000000
143351  53.266  -5.228  33.516 0.0000000000
145618  46.606  -19.286  42.443 0.0000000000
145869  53.727  -5.598  32.975 0.0000000000
146510  49.460  -4.324  36.277 0.0000000000
148380  51.505  -11.930  36.454 0.0000000000
149332  52.023  -9.999  35.668 0.0000000000
150737  52.077  -10.333  37.585 0.0000000000
150908  48.299  -3.769  34.100 0.0000000000
151658  47.242  -4.135  33.763 0.0000000000
154787  48.434  -3.746  35.527 0.0000000000
155014  47.865  -2.754  28.970 0.0000000000
155151  43.205  -7.301  28.001 0.0000000000
155376  46.097  -5.331  35.336 0.0000000000
155900  34.728  -23.935  46.420 0.0000000000
156383  48.747  -7.639  37.008 0.0000000000
