#!ascii label  , from subject sub-v2s15x29735_ses-1 vox2ras=TkReg
357
21524  36.581  -56.621  2.439 0.0000000000
17532  43.183  -61.097  -5.999 0.0000000000
16606  34.674  -62.501  3.029 0.0000000000
19118  36.739  -59.320  -3.177 0.0000000000
15131  40.350  -64.500  -2.726 0.0000000000
15837  37.719  -63.764  -0.064 0.0000000000
15882  36.152  -63.381  -3.918 0.0000000000
18336  40.081  -60.393  -4.945 0.0000000000
21657  36.306  -56.832  -5.789 0.0000000000
143724  35.267  -59.045  4.163 0.0000000000
18259  36.260  -61.129  0.007 0.0000000000
16662  39.812  -62.704  -1.572 0.0000000000
134098  42.777  -63.417  -2.999 0.0000000000
14389  41.747  -65.046  -5.677 0.0000000000
21547  40.858  -56.262  1.512 0.0000000000
152556  39.495  -58.197  3.379 0.0000000000
18160  36.547  -60.859  6.452 0.0000000000
147838  34.666  -55.819  -2.804 0.0000000000
15857  35.263  -63.547  -2.570 0.0000000000
147756  41.622  -60.640  -5.662 0.0000000000
19156  39.494  -59.570  -6.140 0.0000000000
18202  35.113  -60.658  3.706 0.0000000000
148426  36.088  -62.074  2.087 0.0000000000
15854  38.531  -64.154  -1.496 0.0000000000
15068  39.388  -63.754  0.225 0.0000000000
15084  41.079  -64.282  -0.717 0.0000000000
16677  40.949  -63.038  -2.453 0.0000000000
15103  41.898  -64.234  -1.548 0.0000000000
15143  43.868  -64.655  -3.471 0.0000000000
18979  40.544  -59.413  4.699 0.0000000000
18965  38.210  -59.220  5.665 0.0000000000
18167  39.355  -60.490  5.959 0.0000000000
19903  34.983  -58.644  -1.585 0.0000000000
20750  35.276  -57.576  -2.760 0.0000000000
22615  36.288  -55.915  -7.115 0.0000000000
130661  35.400  -54.929  -5.814 0.0000000000
135086  34.461  -63.533  1.401 0.0000000000
15807  36.727  -62.994  1.595 0.0000000000
131909  35.933  -63.405  0.107 0.0000000000
15855  37.427  -63.628  -2.221 0.0000000000
15880  37.903  -63.546  -3.849 0.0000000000
19116  38.181  -60.106  -3.821 0.0000000000
131672  36.909  -58.424  -4.217 0.0000000000
19942  38.225  -58.821  -5.818 0.0000000000
19952  37.900  -58.209  -7.408 0.0000000000
17530  44.915  -61.363  -6.193 0.0000000000
20650  36.438  -57.308  3.539 0.0000000000
19067  34.851  -59.734  0.516 0.0000000000
18276  36.370  -60.800  -1.033 0.0000000000
16627  37.724  -62.737  1.245 0.0000000000
135210  37.825  -61.909  -0.612 0.0000000000
18294  38.093  -61.234  -2.708 0.0000000000
150696  39.492  -61.740  -3.277 0.0000000000
17505  41.326  -61.706  -4.419 0.0000000000
17503  43.300  -61.819  -4.749 0.0000000000
15146  40.942  -64.512  -4.415 0.0000000000
15129  43.087  -64.408  -2.790 0.0000000000
16674  44.395  -63.503  -3.500 0.0000000000
17502  44.251  -61.946  -4.829 0.0000000000
22471  39.532  -55.659  1.754 0.0000000000
21576  38.628  -56.536  0.880 0.0000000000
19849  39.884  -57.756  1.093 0.0000000000
20648  38.134  -57.445  2.841 0.0000000000
19790  37.626  -58.077  4.730 0.0000000000
150947  35.858  -59.854  5.683 0.0000000000
17360  34.747  -61.405  5.104 0.0000000000
16556  35.051  -62.582  6.077 0.0000000000
15778  34.034  -63.141  4.028 0.0000000000
21637  35.440  -56.431  -3.951 0.0000000000
21577  37.399  -56.163  1.294 0.0000000000
139271  36.872  -55.430  1.377 0.0000000000
21578  36.226  -55.846  1.711 0.0000000000
18334  42.390  -60.817  -5.880 0.0000000000
18344  41.785  -60.497  -6.584 0.0000000000
17396  35.036  -61.591  3.284 0.0000000000
17395  35.490  -61.465  2.547 0.0000000000
16605  35.336  -62.059  2.631 0.0000000000
149826  39.608  -64.385  -2.523 0.0000000000
15106  39.562  -64.454  -1.449 0.0000000000
15105  40.614  -64.533  -1.522 0.0000000000
15104  41.443  -64.349  -1.250 0.0000000000
146697  41.389  -64.531  -2.174 0.0000000000
14388  44.543  -65.697  -5.078 0.0000000000
18963  39.995  -59.909  5.398 0.0000000000
19106  35.585  -59.228  -2.018 0.0000000000
19911  35.442  -58.413  -2.416 0.0000000000
19910  36.073  -58.899  -2.823 0.0000000000
23501  35.853  -54.459  -7.140 0.0000000000
153074  35.473  -63.384  0.698 0.0000000000
15823  34.846  -63.636  -0.333 0.0000000000
15856  36.279  -63.347  -2.724 0.0000000000
15881  37.127  -63.437  -3.367 0.0000000000
136192  38.085  -63.723  -2.813 0.0000000000
15896  36.980  -63.440  -4.512 0.0000000000
19132  39.311  -60.190  -4.657 0.0000000000
19929  38.274  -59.149  -4.966 0.0000000000
151629  38.944  -59.633  -4.972 0.0000000000
19951  38.533  -58.788  -7.301 0.0000000000
151778  38.387  -58.376  -7.903 0.0000000000
20789  38.016  -57.793  -8.135 0.0000000000
19793  35.421  -58.450  3.974 0.0000000000
19809  35.081  -58.022  3.250 0.0000000000
19004  34.920  -59.009  3.434 0.0000000000
18277  35.697  -60.308  -0.641 0.0000000000
15822  37.120  -63.517  0.680 0.0000000000
15806  37.385  -62.969  1.488 0.0000000000
15821  38.094  -63.393  0.905 0.0000000000
16639  39.654  -63.429  -0.015 0.0000000000
16640  39.117  -62.935  0.236 0.0000000000
17457  38.660  -62.303  -0.869 0.0000000000
17470  37.881  -61.621  -1.746 0.0000000000
17469  38.592  -61.903  -2.131 0.0000000000
17487  38.805  -61.493  -3.004 0.0000000000
17468  39.253  -62.144  -2.434 0.0000000000
16676  41.857  -63.245  -2.809 0.0000000000
17484  41.107  -62.415  -3.631 0.0000000000
16693  41.976  -62.578  -3.911 0.0000000000
17504  42.282  -61.637  -4.705 0.0000000000
16692  42.919  -62.648  -4.085 0.0000000000
12933  39.910  -67.067  -8.163 0.0000000000
14400  41.269  -65.415  -6.477 0.0000000000
14420  40.815  -65.841  -7.161 0.0000000000
15167  40.865  -64.857  -6.009 0.0000000000
15153  41.278  -64.645  -5.148 0.0000000000
157389  41.667  -64.619  -4.304 0.0000000000
15152  42.143  -64.777  -4.742 0.0000000000
15127  45.017  -64.385  -3.453 0.0000000000
15100  44.249  -64.141  -3.062 0.0000000000
16673  45.270  -63.560  -3.666 0.0000000000
16690  44.767  -62.735  -4.252 0.0000000000
16689  45.747  -62.848  -4.272 0.0000000000
22442  39.975  -55.201  2.850 0.0000000000
22493  40.006  -56.250  1.155 0.0000000000
22494  39.130  -56.285  0.904 0.0000000000
20719  39.861  -56.862  0.536 0.0000000000
19807  40.351  -58.471  2.958 0.0000000000
19826  40.564  -58.268  1.566 0.0000000000
19827  39.770  -57.963  2.144 0.0000000000
20669  38.957  -57.704  2.538 0.0000000000
19808  38.660  -57.920  3.666 0.0000000000
20630  37.849  -57.737  3.901 0.0000000000
150577  38.311  -58.123  4.430 0.0000000000
18955  37.801  -59.955  6.175 0.0000000000
18966  37.241  -59.292  5.855 0.0000000000
18169  36.132  -60.224  6.139 0.0000000000
18170  35.574  -60.464  5.749 0.0000000000
18161  35.776  -60.989  6.259 0.0000000000
15003  35.009  -63.934  6.184 0.0000000000
15742  34.715  -63.340  5.835 0.0000000000
16570  34.520  -62.637  5.401 0.0000000000
19931  36.970  -58.020  -4.936 0.0000000000
20770  35.921  -56.989  -4.419 0.0000000000
21643  36.013  -56.748  -5.087 0.0000000000
23458  35.161  -54.777  -4.878 0.0000000000
18335  40.855  -60.527  -5.331 0.0000000000
19148  40.209  -60.045  -5.716 0.0000000000
18982  35.205  -59.500  4.057 0.0000000000
141680  35.045  -59.825  3.084 0.0000000000
132506  35.260  -60.661  2.910 0.0000000000
17433  36.257  -61.396  1.142 0.0000000000
15836  38.657  -64.115  -0.243 0.0000000000
15820  38.761  -63.702  0.370 0.0000000000
15086  39.429  -64.333  -0.428 0.0000000000
137079  40.072  -63.868  0.044 0.0000000000
16652  40.440  -63.526  -0.586 0.0000000000
152516  40.497  -63.089  -1.658 0.0000000000
15853  41.257  -63.639  -1.178 0.0000000000
15852  41.950  -64.068  -1.434 0.0000000000
15878  42.505  -63.942  -1.965 0.0000000000
150820  42.779  -65.223  -5.263 0.0000000000
14379  43.698  -65.141  -4.589 0.0000000000
149082  44.392  -65.078  -4.231 0.0000000000
19788  40.060  -58.716  4.114 0.0000000000
19789  39.074  -58.471  4.470 0.0000000000
18980  39.676  -59.108  4.984 0.0000000000
18964  39.135  -59.589  5.566 0.0000000000
18159  37.459  -60.758  6.469 0.0000000000
20751  34.643  -57.115  -2.209 0.0000000000
20761  35.052  -56.594  -3.006 0.0000000000
21661  36.411  -56.572  -6.622 0.0000000000
21658  35.793  -56.249  -5.532 0.0000000000
22610  35.773  -55.184  -6.646 0.0000000000
23496  35.467  -54.184  -6.465 0.0000000000
16617  34.895  -62.628  2.476 0.0000000000
16616  35.760  -62.571  1.972 0.0000000000
133663  35.514  -63.133  1.445 0.0000000000
15813  36.621  -63.268  1.267 0.0000000000
15838  36.426  -63.499  -0.641 0.0000000000
133573  36.873  -63.558  -1.481 0.0000000000
149672  37.831  -63.857  -1.094 0.0000000000
145749  38.778  -63.946  -3.278 0.0000000000
19117  37.447  -59.712  -3.512 0.0000000000
19920  36.548  -58.574  -3.580 0.0000000000
19134  37.886  -59.409  -4.207 0.0000000000
19930  37.486  -58.739  -4.581 0.0000000000
20783  37.209  -57.948  -5.843 0.0000000000
19157  38.721  -59.131  -6.469 0.0000000000
19945  38.056  -58.577  -6.626 0.0000000000
20787  36.830  -57.311  -6.512 0.0000000000
21667  36.752  -56.636  -7.353 0.0000000000
21666  37.168  -56.631  -8.027 0.0000000000
17531  44.033  -61.282  -6.073 0.0000000000
21549  35.557  -56.545  2.435 0.0000000000
20671  35.324  -57.264  2.926 0.0000000000
18288  35.905  -60.004  -1.557 0.0000000000
18287  36.595  -60.464  -1.970 0.0000000000
17432  37.095  -61.902  0.971 0.0000000000
16626  38.543  -62.963  0.856 0.0000000000
17446  37.834  -62.279  0.506 0.0000000000
17447  37.032  -61.527  -0.304 0.0000000000
17458  37.089  -61.243  -1.407 0.0000000000
18295  37.312  -60.900  -2.363 0.0000000000
19104  36.990  -60.072  -2.781 0.0000000000
18306  38.464  -60.804  -3.434 0.0000000000
17486  39.075  -61.114  -3.636 0.0000000000
17507  39.780  -61.092  -4.162 0.0000000000
17485  40.270  -62.087  -3.447 0.0000000000
17506  40.594  -61.673  -4.147 0.0000000000
18323  40.701  -60.993  -4.678 0.0000000000
17519  41.504  -61.010  -5.015 0.0000000000
156879  42.134  -61.028  -5.317 0.0000000000
17518  42.829  -61.252  -5.327 0.0000000000
15895  38.590  -63.742  -4.311 0.0000000000
13687  40.375  -66.431  -7.676 0.0000000000
15147  40.057  -64.298  -4.620 0.0000000000
136541  40.649  -64.491  -3.516 0.0000000000
145761  41.745  -64.612  -3.242 0.0000000000
15130  42.306  -64.373  -2.225 0.0000000000
15877  43.267  -64.005  -2.474 0.0000000000
157431  43.668  -64.398  -2.992 0.0000000000
15101  43.574  -64.165  -2.760 0.0000000000
16675  43.605  -63.495  -3.265 0.0000000000
16691  43.840  -62.680  -4.181 0.0000000000
17517  43.690  -61.448  -5.391 0.0000000000
17516  44.630  -61.550  -5.473 0.0000000000
141598  38.658  -54.391  3.337 0.0000000000
23348  39.525  -54.565  3.459 0.0000000000
151302  38.270  -54.681  2.521 0.0000000000
22472  38.112  -55.294  1.613 0.0000000000
146408  38.122  -56.223  0.981 0.0000000000
20696  38.211  -56.656  1.117 0.0000000000
19846  41.957  -58.525  0.644 0.0000000000
20718  40.324  -57.307  0.469 0.0000000000
20694  39.639  -57.247  0.613 0.0000000000
20670  38.449  -57.209  1.602 0.0000000000
21548  37.655  -56.853  1.923 0.0000000000
20649  37.270  -57.250  3.193 0.0000000000
20632  36.362  -57.790  4.217 0.0000000000
19792  36.030  -58.226  4.497 0.0000000000
19777  37.472  -58.610  5.372 0.0000000000
152691  36.780  -58.807  5.465 0.0000000000
18981  35.434  -59.470  4.610 0.0000000000
18182  35.475  -59.972  5.145 0.0000000000
17373  34.906  -61.018  4.478 0.0000000000
16585  34.581  -61.799  4.511 0.0000000000
17350  34.866  -61.941  5.608 0.0000000000
138283  34.302  -62.547  4.621 0.0000000000
16595  34.492  -62.313  3.808 0.0000000000
19921  35.896  -58.100  -3.245 0.0000000000
20760  35.656  -57.266  -3.613 0.0000000000
22559  34.969  -55.738  -3.523 0.0000000000
22597  35.461  -55.622  -5.229 0.0000000000
22576  34.880  -54.953  -3.948 0.0000000000
15024  34.596  -64.117  5.547 0.0000000000
15072  41.114  -64.074  -0.563 0.0000000000
15073  40.630  -64.072  -0.257 0.0000000000
15074  39.962  -64.102  0.071 0.0000000000
15075  39.326  -64.063  0.171 0.0000000000
15083  41.906  -64.134  -1.433 0.0000000000
15085  40.327  -64.355  -0.512 0.0000000000
15102  42.481  -64.093  -1.985 0.0000000000
15128  44.128  -64.392  -3.161 0.0000000000
15142  44.723  -64.787  -3.679 0.0000000000
15144  43.025  -64.794  -4.079 0.0000000000
15145  42.414  -64.648  -3.640 0.0000000000
15808  34.717  -63.089  1.992 0.0000000000
15811  38.033  -63.076  1.188 0.0000000000
15812  37.509  -63.171  1.330 0.0000000000
15835  41.270  -63.986  -0.664 0.0000000000
15875  44.765  -64.045  -3.209 0.0000000000
15876  44.043  -64.020  -2.883 0.0000000000
15879  39.578  -64.207  -3.711 0.0000000000
15901  38.277  -63.721  -5.254 0.0000000000
16625  39.202  -63.421  0.305 0.0000000000
16653  39.542  -62.886  -0.557 0.0000000000
16661  41.853  -63.764  -1.604 0.0000000000
16663  39.157  -62.365  -1.550 0.0000000000
16678  40.000  -62.465  -2.542 0.0000000000
17359  35.224  -61.204  5.706 0.0000000000
17386  34.804  -61.458  3.962 0.0000000000
17445  38.479  -62.505  0.195 0.0000000000
18168  38.599  -59.972  5.991 0.0000000000
18171  35.120  -60.681  5.107 0.0000000000
18183  35.202  -60.168  4.388 0.0000000000
18307  37.721  -60.463  -3.140 0.0000000000
18324  38.906  -60.502  -4.053 0.0000000000
18342  44.325  -61.242  -6.757 0.0000000000
18343  43.549  -61.067  -6.802 0.0000000000
18956  36.895  -60.026  6.251 0.0000000000
18967  36.402  -59.446  5.727 0.0000000000
18968  35.801  -59.342  5.207 0.0000000000
19082  35.165  -59.817  -0.234 0.0000000000
19105  36.290  -59.670  -2.406 0.0000000000
19133  38.607  -59.809  -4.448 0.0000000000
19149  39.509  -59.830  -5.308 0.0000000000
19150  38.861  -59.352  -5.603 0.0000000000
19775  38.897  -58.932  5.207 0.0000000000
19776  38.285  -58.492  5.081 0.0000000000
19778  36.202  -58.766  5.123 0.0000000000
19779  35.671  -58.843  4.636 0.0000000000
19791  36.751  -58.206  4.894 0.0000000000
19806  41.052  -58.702  2.610 0.0000000000
19848  40.412  -57.718  0.649 0.0000000000
19872  41.632  -58.115  0.302 0.0000000000
19919  37.186  -59.003  -3.874 0.0000000000
19943  37.633  -58.513  -5.350 0.0000000000
19946  37.432  -58.026  -6.692 0.0000000000
20631  37.045  -57.657  4.174 0.0000000000
20651  35.771  -57.670  3.714 0.0000000000
20695  38.829  -57.034  0.809 0.0000000000
20759  36.377  -57.783  -4.121 0.0000000000
20769  36.412  -57.301  -4.959 0.0000000000
20784  36.731  -57.491  -5.598 0.0000000000
20790  37.347  -57.407  -7.546 0.0000000000
20798  37.710  -57.017  -8.396 0.0000000000
21525  35.898  -57.012  3.106 0.0000000000
21574  41.145  -56.823  0.801 0.0000000000
21575  40.462  -56.707  0.709 0.0000000000
21599  40.625  -57.177  0.454 0.0000000000
21644  35.624  -56.313  -4.780 0.0000000000
21662  35.982  -56.098  -6.293 0.0000000000
21675  36.793  -55.827  -8.003 0.0000000000
22470  40.442  -55.709  2.157 0.0000000000
22495  38.372  -55.984  0.964 0.0000000000
22575  35.251  -55.635  -4.384 0.0000000000
23366  38.974  -55.068  2.431 0.0000000000
23480  34.989  -54.013  -4.938 0.0000000000
130755  34.574  -55.009  -3.021 0.0000000000
134883  35.142  -59.833  3.729 0.0000000000
135345  35.252  -53.612  -6.018 0.0000000000
140779  38.777  -55.660  1.412 0.0000000000
141732  35.636  -55.650  -5.922 0.0000000000
141957  37.711  -58.363  -6.045 0.0000000000
142645  39.411  -67.720  -8.381 0.0000000000
143930  38.681  -63.290  0.624 0.0000000000
146198  39.180  -56.839  0.664 0.0000000000
146873  37.191  -63.114  1.488 0.0000000000
148619  41.675  -64.006  -1.079 0.0000000000
148818  38.891  -64.192  -2.343 0.0000000000
149191  36.836  -61.938  1.431 0.0000000000
149812  43.635  -65.627  -5.349 0.0000000000
149885  41.577  -64.128  -1.042 0.0000000000
150822  39.210  -57.492  1.298 0.0000000000
152697  34.493  -62.043  5.082 0.0000000000
152890  35.093  -63.581  -1.869 0.0000000000
155506  40.782  -63.993  -0.314 0.0000000000
155988  42.511  -64.527  -2.771 0.0000000000
