#!ascii label  , from subject sub-v2s15x29743_ses-1 vox2ras=TkReg
2187
32277  17.704  -27.211  76.188 0.1111110002
33093  17.224  -26.925  76.798 0.2222220004
33086  16.648  -27.003  77.597 0.4444440007
33098  19.931  -26.393  75.334 0.1111110002
33099  19.298  -26.930  75.481 0.1111110002
33100  18.658  -26.893  75.202 0.1111110002
33939  20.519  -25.870  75.213 0.1111110002
33105  19.344  -26.423  74.690 0.1111110002
32276  18.276  -27.283  75.824 0.1111110002
34809  21.625  -24.836  74.582 0.2222220004
33938  21.051  -25.332  74.894 0.2222220004
102100  17.380  -26.387  76.151 0.3333329856
33094  16.876  -26.287  77.278 0.4444440007
33917  16.515  -25.545  77.687 0.4444440007
33087  16.136  -26.047  78.120 0.4444440007
99223  14.962  -26.560  77.955 0.2222220004
33101  17.964  -26.793  75.491 0.1111110002
33944  21.067  -25.174  73.795 0.2222220004
101532  20.448  -25.714  74.280 0.2222220004
33111  19.823  -25.936  74.070 0.2222220004
104726  17.678  -26.047  75.234 0.2222220004
107800  21.730  -24.739  73.750 0.2222220004
33945  20.321  -25.472  73.538 0.2222220004
33926  17.308  -25.461  75.795 0.4444440007
34823  21.961  -24.397  72.348 0.2222220004
34799  16.672  -24.856  77.574 0.4444440007
33081  15.692  -25.499  78.250 0.3333329856
33089  14.615  -26.088  77.360 0.3333329856
96674  14.240  -27.105  75.654 0.2222220004
33107  18.251  -26.343  74.851 0.1111110002
99107  21.502  -24.779  73.044 0.2222220004
33946  19.662  -25.546  73.508 0.2222220004
33106  18.779  -26.359  74.560 0.2222220004
33934  17.572  -25.257  74.937 0.4444440007
35708  23.238  -23.612  71.331 0.2222220004
34832  22.005  -24.177  71.533 0.2222220004
33953  20.158  -25.116  72.944 0.3333329856
34816  19.461  -25.046  73.003 0.3333329856
33948  18.408  -25.184  73.764 0.3333329856
34804  17.361  -24.597  75.533 0.5555559993
34798  17.136  -24.747  76.591 0.5555559993
35721  23.010  -23.588  70.456 0.2222220004
34824  21.244  -24.684  72.446 0.2222220004
34834  20.385  -24.254  71.741 0.3333329856
34790  16.314  -24.199  78.258 0.4444440007
33912  15.753  -24.830  78.295 0.4444440007
35733  23.569  -23.263  69.942 0.2222220004
33919  14.724  -25.225  77.474 0.4444440007
100293  14.241  -27.642  75.000 0.1111110002
104967  17.923  -25.183  74.245 0.4444440007
34810  17.634  -24.375  74.580 0.5555559993
34826  19.939  -24.672  72.399 0.3333329856
34827  19.215  -24.446  72.541 0.3333329856
34818  18.031  -24.537  73.811 0.5555559993
35682  17.498  -23.765  75.348 0.5555559993
34840  21.752  -23.924  70.985 0.3333329856
34833  21.278  -24.348  71.733 0.2222220004
35702  19.115  -23.693  72.222 0.5555559993
36609  18.171  -23.242  73.438 0.5555559993
103029  17.286  -23.946  76.360 0.6666669846
34789  16.982  -24.109  77.462 0.5555559993
35710  21.020  -23.890  71.125 0.3333329856
35712  19.732  -23.620  71.689 0.5555559993
36622  19.323  -22.760  72.057 0.6666669846
108299  17.562  -23.168  76.130 0.6666669846
34784  15.893  -24.266  78.483 0.5555559993
36659  24.282  -22.899  69.643 0.3333329856
36661  22.724  -23.005  69.171 0.4444440007
35675  17.321  -23.345  77.274 0.7777780294
106557  14.476  -26.775  74.721 0.1111110002
36678  23.979  -22.138  67.747 0.6666669846
36660  23.471  -22.946  69.105 0.3333329856
33928  14.496  -25.636  76.505 0.2222220004
33102  14.426  -26.456  75.488 0.2222220004
35696  17.792  -23.750  73.956 0.5555559993
35689  17.658  -23.558  74.614 0.5555559993
36623  18.696  -23.059  72.737 0.5555559993
100628  18.174  -22.546  73.799 0.5555559993
102741  17.686  -23.030  75.144 0.5555559993
35723  21.548  -23.453  70.367 0.5555559993
35724  20.661  -23.225  70.794 0.6666669846
36637  19.963  -22.937  71.322 0.6666669846
37488  18.931  -22.213  72.883 0.5555559993
36595  18.201  -22.177  74.415 0.7777780294
36573  17.682  -22.574  76.943 0.6666669846
35666  16.076  -23.592  78.636 0.5555559993
36649  21.666  -22.888  69.692 0.5555559993
37502  21.238  -21.975  69.798 0.7777780294
37503  20.750  -21.729  70.517 0.8888890147
36677  24.589  -21.757  67.317 0.6666669846
36671  23.074  -22.563  68.555 0.7777780294
37511  21.863  -22.252  69.228 0.7777780294
103666  14.493  -25.938  75.755 0.2222220004
37493  20.402  -21.471  71.282 0.8888890147
37494  19.901  -22.084  71.629 0.7777780294
37478  19.292  -21.404  73.286 0.8888890147
38361  21.685  -21.250  69.457 0.8888890147
37486  20.164  -21.159  72.087 0.8888890147
38322  19.962  -20.891  72.880 0.8888890147
37518  23.409  -22.106  67.958 0.6666669846
38373  22.513  -21.151  68.195 0.7777780294
38350  20.834  -20.970  71.054 0.8888890147
38336  20.685  -20.688  71.745 0.8888890147
37525  25.614  -21.381  67.269 0.6666669846
37526  23.738  -21.741  67.320 0.6666669846
38348  21.755  -20.174  69.873 0.8888890147
38349  21.249  -20.852  70.391 0.8888890147
39175  21.546  -19.846  70.786 0.8888890147
39167  21.055  -20.028  72.124 0.7777780294
38388  22.810  -20.745  67.678 0.7777780294
38360  22.108  -20.591  68.981 0.8888890147
38386  25.853  -21.018  66.565 0.7777780294
38399  24.560  -20.832  66.037 0.7777780294
38387  23.357  -20.913  67.068 0.7777780294
38397  27.415  -20.558  66.420 0.7777780294
38398  26.587  -20.731  66.539 0.7777780294
108768  25.385  -20.784  65.987 0.7777780294
39165  21.953  -19.186  71.179 0.6666669846
39191  22.519  -19.980  68.305 0.8888890147
39184  22.277  -19.553  69.393 0.8888890147
39982  22.611  -18.692  69.982 0.7777780294
38400  23.808  -20.553  66.373 0.7777780294
39198  23.177  -19.352  66.974 0.8888890147
38382  29.680  -20.497  67.042 0.5555559993
38383  28.757  -20.517  67.278 0.5555559993
110495  28.240  -20.516  66.671 0.7777780294
38410  27.443  -20.325  65.363 0.7777780294
38411  26.652  -20.465  65.766 0.7777780294
38396  29.107  -20.492  66.246 0.6666669846
95048  28.217  -20.444  65.815 0.7777780294
38425  26.680  -20.045  64.840 0.7777780294
39195  34.082  -18.925  67.552 0.3333329856
112787  34.084  -18.750  67.035 0.4444440007
110820  23.101  -18.421  68.092 0.8888890147
39993  22.765  -18.828  68.834 0.8888890147
101059  30.402  -20.462  66.905 0.4444440007
100256  30.319  -20.501  67.650 0.3333329856
39204  24.174  -19.998  65.839 0.7777780294
39205  23.570  -19.656  66.305 0.8888890147
40001  23.290  -18.495  67.320 0.8888890147
39211  25.272  -19.770  64.994 0.8888890147
38395  30.090  -20.460  66.281 0.6666669846
38409  28.953  -20.374  65.193 0.7777780294
95305  28.206  -20.254  64.867 0.7777780294
38424  27.590  -20.038  64.465 0.7777780294
38408  29.788  -20.401  65.433 0.7777780294
38422  29.560  -20.240  64.587 0.7777780294
38423  28.813  -20.178  64.366 0.7777780294
94604  33.907  -19.332  68.151 0.3333329856
38366  33.248  -19.928  68.276 0.2222220004
94573  33.125  -20.239  68.999 0.3333329856
39196  33.392  -19.476  67.546 0.3333329856
40014  34.347  -18.076  65.117 0.4444440007
40006  33.844  -18.588  65.650 0.4444440007
112069  32.089  -20.337  67.999 0.3333329856
38392  32.204  -19.995  66.971 0.4444440007
40785  23.996  -16.874  67.868 0.7777780294
39992  23.231  -17.995  68.752 0.7777780294
39981  23.064  -17.987  70.146 0.6666669846
40021  33.863  -18.028  64.267 0.5555559993
38381  31.009  -20.430  67.158 0.5555559993
38380  31.739  -20.313  67.508 0.3333329856
38393  31.590  -20.190  66.700 0.5555559993
39213  23.873  -19.103  65.738 0.8888890147
40007  23.932  -18.158  65.889 0.8888890147
112111  23.798  -17.293  67.362 0.7777780294
40775  23.656  -17.245  68.724 0.7777780294
40831  33.985  -17.167  63.051 0.5555559993
38394  30.876  -20.359  66.428 0.6666669846
38406  31.461  -20.073  65.906 0.6666669846
39223  25.589  -19.233  64.487 0.8888890147
39224  24.915  -19.007  64.780 0.8888890147
40015  24.366  -18.628  65.271 0.8888890147
38407  30.643  -20.293  65.649 0.7777780294
107106  28.221  -20.058  64.196 0.7777780294
39234  27.598  -19.253  63.489 0.8888890147
39222  26.312  -19.443  64.258 0.7777780294
40024  25.988  -18.574  64.023 0.8888890147
38421  30.365  -20.196  64.805 0.7777780294
38434  30.114  -20.036  64.036 0.7777780294
38435  29.360  -19.991  63.851 0.7777780294
99640  28.421  -19.383  63.196 0.7777780294
39197  32.876  -19.539  66.786 0.5555559993
94561  33.678  -18.488  64.934 0.4444440007
39203  33.391  -19.030  66.188 0.5555559993
93895  32.748  -19.408  65.974 0.5555559993
38379  32.580  -20.035  67.646 0.4444440007
40794  24.100  -16.924  66.976 0.7777780294
39209  33.079  -18.995  65.291 0.5555559993
39210  32.158  -19.610  65.349 0.5555559993
40805  24.880  -17.292  65.082 0.8888890147
98377  24.341  -17.186  66.009 0.7777780294
40795  23.705  -17.728  66.804 0.7777780294
41618  33.599  -17.012  62.248 0.5555559993
40825  33.743  -17.724  63.501 0.5555559993
40030  33.254  -18.265  63.598 0.5555559993
40023  32.646  -18.820  63.761 0.5555559993
39219  32.501  -19.159  64.528 0.5555559993
40816  24.826  -18.137  64.804 0.8888890147
102172  24.421  -17.840  65.373 0.8888890147
107958  33.793  -16.414  61.861 0.5555559993
40840  32.979  -17.474  61.825 0.6666669846
40833  32.541  -18.143  62.062 0.6666669846
39231  31.365  -19.521  63.521 0.7777780294
38433  30.889  -19.920  64.213 0.7777780294
39235  26.780  -19.035  63.671 0.8888890147
40025  25.338  -18.546  64.454 0.8888890147
43497  33.084  -14.753  60.107 0.6666669846
41635  32.967  -16.251  60.728 0.6666669846
41627  33.191  -16.775  61.450 0.6666669846
40841  32.274  -17.622  61.287 0.6666669846
112864  31.430  -19.166  62.736 0.7777780294
39241  30.612  -19.400  62.835 0.7777780294
39232  29.930  -19.717  63.355 0.7777780294
39243  29.067  -19.150  62.613 0.7777780294
45474  35.421  -12.752  58.419 0.5555559993
94053  34.033  -12.364  58.189 0.7777780294
44455  33.751  -12.674  58.982 0.6666669846
44438  33.586  -13.224  59.572 0.6666669846
44439  32.787  -13.965  59.391 0.6666669846
42508  32.597  -15.614  60.156 0.6666669846
41636  32.181  -16.418  60.298 0.7777780294
45476  33.160  -12.456  58.343 0.7777780294
44456  32.927  -13.018  58.966 0.6666669846
44457  32.196  -13.487  58.830 0.7777780294
108188  25.266  -16.467  65.714 0.8888890147
40815  25.500  -17.717  64.438 0.8888890147
40035  32.658  -18.500  62.934 0.6666669846
40043  31.726  -18.296  61.575 0.7777780294
40031  27.373  -18.586  63.295 0.8888890147
40827  26.711  -18.175  63.598 0.8888890147
44469  36.191  -13.201  57.186 0.5555559993
45490  35.994  -13.067  57.910 0.5555559993
41628  32.523  -16.930  60.918 0.6666669846
40848  31.703  -17.166  60.558 0.7777780294
40044  30.936  -18.254  61.128 0.7777780294
40045  30.270  -18.540  61.534 0.7777780294
39250  29.644  -18.821  62.089 0.7777780294
40040  28.403  -18.433  62.572 0.8888890147
44470  35.341  -12.798  57.409 0.5555559993
45491  34.422  -12.339  57.242 0.8888890147
45492  33.582  -12.076  57.566 0.8888890147
43510  32.204  -14.902  59.606 0.6666669846
43527  31.764  -14.199  59.025 0.7777780294
102797  31.469  -16.517  60.066 0.8888890147
41644  30.835  -16.202  59.730 0.8888890147
40052  30.211  -17.891  60.827 0.8888890147
40843  29.498  -17.593  61.060 0.8888890147
105723  29.079  -17.986  61.538 0.8888890147
45477  32.191  -12.763  58.347 0.8888890147
44458  31.341  -13.414  58.582 0.8888890147
43528  30.834  -14.254  58.890 0.8888890147
95496  32.635  -12.050  57.709 0.8888890147
45478  31.362  -12.609  58.223 0.8888890147
41584  26.313  -16.311  65.251 0.8888890147
40813  26.882  -17.221  63.931 0.8888890147
40826  27.519  -17.747  63.297 0.8888890147
44481  36.366  -13.305  56.338 0.6666669846
41637  30.943  -16.912  60.192 0.8888890147
40849  30.946  -17.632  60.590 0.8888890147
41630  28.967  -17.297  61.590 0.8888890147
40834  28.221  -17.773  62.737 0.8888890147
45504  34.929  -12.612  56.628 0.8888890147
43512  30.531  -14.938  59.343 0.8888890147
42517  30.361  -15.649  59.602 0.8888890147
41638  30.269  -16.548  60.057 0.8888890147
40850  29.888  -17.088  60.523 0.7777780294
41629  29.335  -16.634  61.021 0.8888890147
45518  34.982  -12.711  55.831 0.8888890147
45505  34.381  -12.280  56.222 0.8888890147
46475  33.132  -11.448  56.323 0.8888890147
46464  31.448  -11.317  57.581 0.7777780294
45494  31.373  -12.022  57.883 0.7777780294
45479  30.832  -12.261  58.294 0.8888890147
44459  30.511  -13.479  58.827 0.8888890147
45507  32.565  -11.521  57.031 0.8888890147
45493  31.950  -11.815  57.464 0.8888890147
109282  31.863  -12.273  57.894 0.8888890147
41583  27.202  -16.044  65.208 0.7777780294
41567  27.040  -15.828  66.007 0.4444440007
41598  26.796  -16.572  64.619 0.8888890147
41596  28.063  -16.120  64.110 0.7777780294
41597  27.410  -16.405  64.416 0.8888890147
44478  39.329  -13.177  56.467 0.4444440007
44479  38.464  -13.319  56.419 0.5555559993
44467  37.996  -13.408  57.024 0.5555559993
111135  28.123  -17.214  63.112 0.8888890147
41608  27.701  -16.869  63.663 0.8888890147
107453  38.153  -13.308  55.817 0.5555559993
42498  29.152  -15.743  61.443 0.7777780294
98559  28.958  -15.570  62.265 0.7777780294
41620  28.535  -17.036  62.451 0.7777780294
44493  37.456  -13.312  55.451 0.7777780294
44494  36.550  -13.295  55.512 0.8888890147
44495  35.737  -13.111  55.656 0.8888890147
100039  30.121  -14.186  59.290 0.8888890147
43513  29.959  -15.132  59.653 0.8888890147
42509  29.647  -15.492  60.186 0.7777780294
99338  29.373  -15.130  60.895 0.7777780294
41619  28.889  -16.402  61.878 0.7777780294
44506  35.907  -13.131  54.841 0.8888890147
45531  34.786  -12.383  54.305 0.8888890147
46488  33.930  -11.601  55.091 0.8888890147
46489  33.410  -11.214  55.466 0.7777780294
46476  32.357  -11.070  56.484 0.7777780294
47367  31.794  -10.632  56.951 0.7777780294
47349  31.295  -10.470  57.736 0.7777780294
46465  30.967  -11.693  58.043 0.7777780294
45459  30.301  -12.590  58.877 0.7777780294
44440  30.067  -13.352  59.169 0.7777780294
45460  29.889  -12.882  59.423 0.8888890147
46463  32.006  -11.307  57.072 0.7777780294
42445  28.591  -15.579  64.563 0.5555559993
41582  27.914  -15.826  64.956 0.4444440007
45503  40.834  -12.827  56.781 0.2222220004
44466  40.009  -13.008  57.003 0.3333329856
44477  40.233  -12.944  56.168 0.2222220004
97145  38.832  -13.222  55.718 0.5555559993
42479  28.988  -15.242  63.129 0.4444440007
42462  28.604  -15.747  63.679 0.6666669846
44491  39.648  -13.006  55.542 0.6666669846
44492  38.273  -13.225  55.131 0.6666669846
42480  28.694  -16.078  62.793 0.7777780294
44504  37.619  -13.161  54.531 0.7777780294
44513  36.929  -13.028  53.876 0.8888890147
44426  29.585  -13.501  60.613 0.7777780294
43482  29.407  -14.253  61.125 0.7777780294
97627  29.195  -14.903  61.833 0.6666669846
45542  35.298  -12.539  53.572 0.8888890147
46498  34.263  -11.750  54.411 0.8888890147
110435  33.137  -10.666  55.214 0.7777780294
47382  32.695  -10.215  55.493 0.7777780294
108363  31.886  -9.903  56.612 0.7777780294
48317  31.567  -9.791  57.285 0.7777780294
99380  30.559  -10.816  58.917 0.7777780294
46444  30.212  -11.667  59.248 0.7777780294
49204  33.238  -9.107  63.011 0.3333329856
47290  32.386  -10.392  63.564 0.2222220004
46401  31.776  -11.801  64.219 0.1111110002
45389  31.473  -12.518  64.591 0.1111110002
44390  30.510  -13.611  64.545 0.1111110002
43449  30.194  -14.324  64.946 0.2222220004
50165  34.711  -7.368  61.591 0.1111110002
50155  34.211  -7.774  62.261 0.3333329856
96078  32.512  -9.522  62.602 0.3333329856
48263  32.026  -10.062  62.909 0.2222220004
47291  31.688  -10.713  63.174 0.2222220004
45403  30.543  -12.608  63.371 0.2222220004
44398  30.272  -13.359  63.726 0.1111110002
44391  29.915  -14.065  64.123 0.2222220004
43450  29.614  -14.748  64.564 0.2222220004
42429  28.594  -15.576  65.420 0.2222220004
104415  42.288  -12.323  55.977 0.2222220004
93866  41.016  -12.708  55.959 0.2222220004
50176  34.637  -7.333  60.712 0.1111110002
50166  33.979  -7.673  61.278 0.2222220004
49216  33.025  -8.925  62.241 0.3333329856
46417  31.107  -11.144  62.703 0.2222220004
46410  30.804  -11.861  63.031 0.2222220004
43459  29.406  -14.595  63.670 0.3333329856
42461  29.090  -15.203  64.125 0.3333329856
45527  42.356  -12.077  55.311 0.3333329856
100977  41.086  -12.618  55.444 0.4444440007
44490  40.522  -12.751  55.312 0.4444440007
50190  35.131  -7.295  59.132 0.1111110002
50191  34.511  -7.397  59.771 0.2222220004
50177  33.828  -7.665  60.342 0.2222220004
48281  32.035  -9.259  61.152 0.3333329856
47309  31.192  -10.150  61.608 0.2222220004
47302  30.838  -10.853  61.936 0.2222220004
46418  30.572  -11.595  62.235 0.2222220004
45404  30.078  -13.118  62.870 0.2222220004
43467  29.308  -14.476  62.678 0.3333329856
45529  40.590  -12.530  54.469 0.4444440007
45517  39.856  -12.793  54.699 0.5555559993
44502  39.063  -13.040  54.916 0.6666669846
50248  34.835  -7.858  55.972 0.5555559993
50236  34.416  -7.583  56.676 0.4444440007
113719  33.962  -7.473  57.910 0.4444440007
50206  33.772  -7.531  58.416 0.4444440007
49245  32.412  -8.421  59.852 0.4444440007
113600  31.960  -8.782  60.104 0.5555559993
111180  30.863  -10.065  60.928 0.4444440007
46426  30.384  -11.352  61.441 0.4444440007
46419  30.134  -12.119  61.738 0.3333329856
45418  29.840  -12.863  62.064 0.5555559993
105962  29.414  -14.130  61.910 0.5555559993
45530  39.244  -12.784  54.098 0.6666669846
49330  34.704  -8.901  54.786 0.7777780294
49303  33.929  -7.927  56.061 0.6666669846
50237  33.564  -7.730  56.816 0.6666669846
50221  33.314  -7.643  57.660 0.5555559993
49263  32.226  -8.381  58.956 0.6666669846
49264  31.654  -8.897  59.540 0.6666669846
47317  30.604  -10.399  60.437 0.5555559993
46435  30.290  -11.137  60.633 0.5555559993
46427  30.022  -11.935  60.870 0.4444440007
44413  29.585  -13.495  61.549 0.4444440007
45538  39.432  -12.500  53.292 0.7777780294
102217  38.617  -12.731  53.483 0.7777780294
44512  37.788  -12.912  53.697 0.8888890147
45543  34.646  -11.970  53.639 0.8888890147
47406  33.821  -10.472  54.171 0.7777780294
48348  33.418  -9.549  54.764 0.7777780294
49304  33.104  -8.249  56.238 0.7777780294
49286  32.798  -8.057  57.000 0.6666669846
49275  32.109  -8.335  58.061 0.6666669846
48309  30.902  -10.082  58.858 0.7777780294
48299  30.741  -10.092  59.618 0.7777780294
47327  30.357  -10.945  59.821 0.5555559993
45540  37.121  -12.797  53.064 0.8888890147
45552  36.439  -12.547  52.366 0.8888890147
104826  35.555  -12.377  52.721 0.8888890147
45515  43.005  -11.985  55.908 0.1111110002
45536  41.239  -12.197  54.281 0.4444440007
45537  40.702  -12.191  53.737 0.5555559993
94221  40.010  -12.532  53.899 0.4444440007
45549  40.180  -12.175  53.181 0.5555559993
109506  38.806  -12.438  52.590 0.7777780294
45539  37.966  -12.665  52.903 0.8888890147
47405  34.236  -10.374  53.644 0.7777780294
48360  34.382  -9.833  53.691 0.7777780294
109807  38.075  -12.507  52.224 0.8888890147
45551  37.368  -12.580  52.334 0.8888890147
112216  35.735  -12.191  52.042 0.8888890147
109504  34.958  -11.222  52.569 0.8888890147
48373  34.778  -10.190  53.083 0.7777780294
46486  43.582  -11.404  55.532 0.2222220004
111469  43.457  -11.074  54.882 0.4444440007
46496  42.345  -11.674  54.581 0.4444440007
45528  41.773  -12.189  54.802 0.4444440007
96127  36.164  -8.533  55.221 0.3333329856
46504  42.195  -11.291  53.815 0.4444440007
46497  41.784  -11.807  54.208 0.4444440007
49328  36.559  -8.635  54.427 0.5555559993
46506  40.769  -11.804  53.140 0.5555559993
49341  34.965  -9.259  54.029 0.6666669846
48359  35.192  -9.540  53.249 0.5555559993
46514  40.432  -11.654  52.553 0.6666669846
45550  39.690  -12.097  52.568 0.6666669846
48372  35.352  -9.784  52.414 0.6666669846
45561  39.258  -12.047  52.011 0.6666669846
45574  38.042  -12.190  51.127 0.8888890147
45576  36.653  -12.005  50.862 0.8888890147
46526  35.687  -11.689  51.526 0.8888890147
47430  35.398  -10.357  51.744 0.7777780294
48384  35.520  -9.443  51.461 1.0000000000
46532  38.010  -11.782  50.504 0.8888890147
46533  37.077  -11.719  50.347 1.0000000000
46534  36.316  -11.391  50.443 1.0000000000
47442  35.851  -10.839  50.517 1.0000000000
49300  37.569  -8.513  55.712 0.2222220004
47391  44.386  -10.189  54.745 0.2222220004
49327  37.412  -8.469  54.736 0.3333329856
47381  44.018  -10.833  55.153 0.2222220004
46495  42.953  -10.977  54.268 0.3333329856
49315  36.889  -8.554  55.203 0.3333329856
102892  36.634  -8.551  53.600 0.4444440007
46512  41.959  -10.996  52.986 0.4444440007
49340  35.914  -8.982  53.651 0.5555559993
100091  35.743  -9.180  52.862 0.6666669846
49350  35.729  -8.953  52.161 0.6666669846
105898  35.496  -8.789  50.882 1.0000000000
46523  40.805  -10.983  51.903 0.7777780294
46515  39.957  -11.517  51.848 0.7777780294
46525  38.571  -11.912  51.068 0.8888890147
48394  35.557  -9.384  50.592 1.0000000000
49369  35.531  -8.571  50.240 1.0000000000
46531  38.946  -11.430  50.669 1.0000000000
47440  38.436  -11.090  49.983 1.0000000000
46542  36.800  -11.196  49.926 1.0000000000
47451  35.831  -10.048  50.211 1.0000000000
50233  39.663  -8.278  56.296 0.1111110002
49298  38.864  -8.602  56.928 0.2222220004
50234  38.958  -8.454  55.891 0.2222220004
49299  38.209  -8.509  56.274 0.2222220004
49313  38.374  -8.433  55.561 0.2222220004
49314  38.166  -8.340  54.920 0.3333329856
50260  37.241  -8.377  53.937 0.4444440007
50272  36.993  -8.080  53.225 0.6666669846
50282  36.762  -7.741  52.612 0.6666669846
50283  36.312  -7.690  52.067 0.6666669846
47403  43.381  -10.228  53.694 0.3333329856
47402  44.057  -9.834  54.018 0.3333329856
49339  36.314  -8.473  52.766 0.6666669846
96926  35.967  -8.252  51.955 0.6666669846
47392  43.701  -10.520  54.458 0.2222220004
49360  35.659  -8.516  51.398 0.7777780294
96588  35.575  -8.008  50.753 0.8888890147
47415  42.401  -10.289  52.549 0.5555559993
47416  41.649  -10.637  52.210 0.8888890147
50306  35.381  -7.710  50.053 1.0000000000
112135  40.343  -11.017  51.476 1.0000000000
48406  35.703  -9.264  49.818 1.0000000000
47429  39.860  -11.059  51.009 1.0000000000
47439  39.366  -10.716  50.223 1.0000000000
47449  37.898  -10.590  49.333 1.0000000000
46541  37.504  -11.244  49.861 1.0000000000
109552  36.118  -9.841  49.629 1.0000000000
48418  36.153  -9.232  49.008 1.0000000000
50246  39.490  -7.898  55.472 0.1111110002
50247  38.849  -8.140  55.129 0.2222220004
50258  38.598  -7.774  54.440 0.3333329856
50259  37.922  -8.084  54.199 0.3333329856
50271  37.639  -7.754  53.499 0.6666669846
51235  36.095  -7.041  51.648 0.6666669846
48357  44.475  -9.193  53.582 0.2222220004
50293  35.774  -7.595  51.350 0.6666669846
101185  35.342  -7.185  50.586 1.0000000000
48369  44.201  -8.893  52.847 0.2222220004
48358  43.784  -9.549  53.251 0.3333329856
48371  42.825  -9.579  52.145 0.6666669846
48382  42.560  -9.213  51.377 0.7777780294
47426  42.125  -9.946  51.764 0.7777780294
48383  41.826  -9.518  51.009 1.0000000000
47427  41.349  -10.246  51.432 1.0000000000
47437  41.000  -9.759  50.606 1.0000000000
50321  35.243  -7.336  49.342 1.0000000000
47428  40.607  -10.540  51.160 1.0000000000
47438  40.196  -10.282  50.448 1.0000000000
47448  39.690  -9.915  49.698 1.0000000000
47458  37.301  -10.081  48.901 1.0000000000
48434  36.541  -8.828  48.345 1.0000000000
109847  36.065  -8.443  48.759 1.0000000000
51191  40.140  -7.551  55.865 0.1111110002
51198  39.847  -7.063  55.143 0.2222220004
51208  39.559  -6.594  54.423 0.2222220004
51221  38.563  -6.633  53.364 0.1111110002
51199  39.231  -7.445  54.758 0.3333329856
51209  38.929  -7.008  54.056 0.2222220004
51232  38.166  -6.345  52.698 0.2222220004
50270  38.287  -7.392  53.760 0.4444440007
50281  37.299  -7.401  52.823 0.6666669846
51233  37.521  -6.691  52.453 0.5555559993
52155  37.123  -6.259  51.828 0.5555559993
51234  36.759  -7.024  52.138 0.6666669846
51246  35.705  -6.742  51.073 0.6666669846
48381  43.235  -8.841  51.778 0.5555559993
51258  35.436  -6.442  50.385 1.0000000000
48393  41.545  -8.974  50.332 0.6666669846
52177  35.741  -5.691  50.178 1.0000000000
48402  40.901  -9.021  49.904 0.8888890147
48403  40.160  -9.052  49.420 1.0000000000
48414  39.399  -8.785  48.876 1.0000000000
48415  38.429  -9.182  48.530 1.0000000000
50307  35.046  -6.924  49.868 1.0000000000
106610  35.379  -6.150  49.581 1.0000000000
48404  38.926  -9.692  49.144 1.0000000000
48416  37.528  -9.449  48.387 1.0000000000
105657  36.281  -7.966  48.363 1.0000000000
50340  35.228  -7.003  48.640 1.0000000000
51285  35.365  -6.286  48.791 1.0000000000
52187  35.591  -5.525  49.054 1.0000000000
49419  35.718  -7.276  48.094 1.0000000000
51307  35.660  -6.499  48.002 1.0000000000
52203  35.675  -5.619  48.379 1.0000000000
51245  36.327  -6.448  51.458 0.5555559993
52167  35.937  -6.020  50.841 0.7777780294
49358  43.538  -8.112  51.552 0.5555559993
49349  43.868  -8.473  52.191 0.4444440007
102516  35.722  -5.451  49.605 0.8888890147
49359  42.898  -8.352  51.108 0.5555559993
49367  42.521  -8.055  50.505 0.5555559993
49368  41.848  -8.271  50.144 0.6666669846
48401  41.301  -8.417  49.860 0.6666669846
113343  40.096  -8.345  48.963 0.8888890147
49394  38.815  -8.231  48.298 1.0000000000
49395  37.828  -8.658  48.062 1.0000000000
49417  37.380  -7.912  47.793 1.0000000000
49418  36.517  -7.554  47.710 1.0000000000
50362  35.970  -6.975  47.480 1.0000000000
109595  37.747  -6.092  52.184 0.4444440007
52165  37.585  -5.505  51.648 0.4444440007
53065  37.067  -5.042  50.933 0.4444440007
52176  36.315  -5.345  50.556 0.6666669846
53076  36.063  -5.071  49.914 0.8888890147
49366  43.234  -7.901  50.875 0.5555559993
50318  43.599  -7.777  49.493 0.2222220004
50304  43.822  -7.739  50.356 0.3333329856
49376  41.464  -8.052  49.596 0.6666669846
50319  42.767  -7.823  49.298 0.3333329856
49375  42.180  -7.939  49.861 0.4444440007
49392  41.102  -7.913  49.046 0.6666669846
49377  40.772  -8.271  49.372 0.7777780294
53084  35.913  -4.972  49.284 1.0000000000
50356  43.417  -7.878  47.821 0.3333329856
50336  43.441  -7.834  48.645 0.3333329856
50320  41.880  -7.881  48.992 0.4444440007
49393  40.439  -7.908  48.601 0.7777780294
49415  39.082  -7.795  47.938 1.0000000000
111713  37.077  -7.353  47.287 1.0000000000
53092  35.855  -4.969  48.643 0.8888890147
50337  42.698  -7.861  48.365 0.3333329856
107322  42.014  -7.859  48.063 0.4444440007
50339  40.630  -7.789  47.664 0.8888890147
49414  39.814  -7.757  47.943 0.8888890147
110697  39.314  -7.686  47.388 1.0000000000
50361  37.855  -7.396  47.305 1.0000000000
50378  37.380  -6.974  46.615 1.0000000000
51306  36.253  -6.235  47.161 1.0000000000
52220  36.170  -5.297  47.162 1.0000000000
53106  36.250  -4.450  48.206 0.8888890147
50357  42.659  -7.903  47.352 0.3333329856
50358  41.600  -7.894  47.256 0.5555559993
50359  39.957  -7.740  47.036 1.0000000000
50360  38.641  -7.578  47.287 1.0000000000
50377  38.241  -7.312  46.508 1.0000000000
51326  36.785  -6.430  46.469 1.0000000000
100918  36.313  -4.535  47.387 0.8888890147
50374  42.243  -7.899  46.596 0.7777780294
94440  40.873  -7.867  45.652 1.0000000000
95729  40.069  -7.805  45.998 0.8888890147
50391  38.564  -7.357  45.575 1.0000000000
52254  36.899  -5.992  45.807 1.0000000000
53138  36.725  -5.214  45.835 1.0000000000
50388  41.613  -7.787  45.282 0.8888890147
50375  41.581  -7.904  46.194 0.8888890147
51338  37.450  -6.376  45.322 1.0000000000
52253  37.164  -5.558  45.178 1.0000000000
53064  37.853  -4.777  51.224 0.4444440007
53075  36.702  -4.700  50.244 0.7777780294
53083  36.442  -4.555  49.570 0.8888890147
106381  45.479  -7.576  47.766 0.2222220004
94444  44.586  -7.786  48.036 0.2222220004
50335  44.183  -7.806  48.764 0.2222220004
50317  44.473  -7.722  49.575 0.2222220004
53091  36.259  -4.490  48.918 0.8888890147
106637  44.733  -7.672  47.406 0.3333329856
108046  43.957  -7.855  48.136 0.2222220004
53998  36.708  -3.935  48.567 0.8888890147
94443  45.099  -7.456  46.883 0.2222220004
106380  44.346  -7.651  46.876 0.3333329856
50355  44.113  -7.809  47.524 0.3333329856
50372  44.626  -7.348  46.226 0.3333329856
94442  43.583  -7.826  47.017 0.3333329856
53125  36.816  -4.342  46.044 1.0000000000
54023  36.708  -3.995  46.859 0.8888890147
54007  36.676  -3.851  47.755 0.8888890147
106636  43.842  -7.604  46.274 0.4444440007
50373  43.006  -7.791  46.407 0.4444440007
50386  43.275  -7.520  45.500 0.6666669846
94441  42.355  -7.784  45.805 0.7777780294
95948  40.942  -7.745  44.858 1.0000000000
50403  39.544  -7.491  44.397 1.0000000000
50417  38.981  -7.210  43.962 1.0000000000
52270  37.730  -6.035  44.441 1.0000000000
53137  37.082  -4.645  45.330 1.0000000000
50402  40.455  -7.556  44.065 1.0000000000
51348  38.417  -6.759  44.115 1.0000000000
53147  37.494  -4.926  44.614 1.0000000000
53990  38.465  -3.334  50.174 0.5555559993
53991  37.173  -4.030  49.807 0.7777780294
50370  45.803  -7.264  46.931 0.1111110002
53995  36.756  -4.100  49.192 0.8888890147
54829  37.979  -2.859  48.806 0.7777780294
53994  37.245  -3.544  49.069 0.8888890147
50384  44.788  -6.994  45.481 0.3333329856
54006  37.346  -3.252  47.254 0.8888890147
53997  37.268  -3.297  48.235 0.8888890147
50385  44.120  -7.319  45.679 0.6666669846
96502  37.799  -3.013  46.590 0.8888890147
50398  44.022  -7.053  44.898 0.4444440007
50387  42.380  -7.599  44.938 0.8888890147
54034  38.333  -3.416  44.859 1.0000000000
54035  37.566  -3.968  44.995 1.0000000000
54021  37.906  -3.267  45.757 1.0000000000
50399  43.097  -7.261  44.565 0.6666669846
50400  42.370  -7.380  44.220 0.6666669846
50401  41.547  -7.573  44.323 0.8888890147
51363  40.307  -7.140  43.142 1.0000000000
52269  38.039  -5.196  43.989 1.0000000000
50415  41.117  -7.315  43.421 1.0000000000
51364  39.643  -6.593  42.999 1.0000000000
51365  38.940  -6.677  43.516 1.0000000000
107673  38.536  -5.287  43.577 1.0000000000
53993  37.851  -3.351  49.636 0.7777780294
50354  46.365  -7.242  47.411 0.1111110002
54819  38.586  -2.791  49.539 0.6666669846
51305  47.125  -6.910  47.184 0.1111110002
109159  46.498  -6.854  46.496 0.2222220004
50371  45.518  -7.002  46.127 0.2222220004
54860  38.033  -2.723  47.138 0.7777780294
54843  37.922  -2.737  47.874 0.7777780294
54870  38.831  -2.820  45.472 0.7777780294
54859  38.575  -2.632  46.483 0.6666669846
109546  38.667  -3.571  44.214 1.0000000000
50413  42.865  -6.984  43.723 0.5555559993
53158  38.894  -4.746  43.346 1.0000000000
53146  38.449  -4.662  43.777 1.0000000000
54045  38.142  -4.199  44.279 1.0000000000
50414  41.978  -7.262  43.578 0.8888890147
50425  40.913  -6.944  42.816 0.8888890147
52291  39.076  -5.748  43.171 1.0000000000
54818  39.355  -2.290  49.501 0.5555559993
54827  39.538  -1.957  48.663 0.3333329856
54828  38.773  -2.340  48.866 0.3333329856
51324  47.309  -6.622  46.480 0.1111110002
112955  38.977  -2.139  48.220 0.3333329856
111789  38.444  -2.450  48.284 0.6666669846
54842  38.698  -2.374  47.520 0.3333329856
104854  46.273  -6.547  45.585 0.2222220004
105222  39.531  -2.450  46.038 0.4444440007
54858  39.484  -2.256  46.902 0.3333329856
51336  45.548  -6.617  45.192 0.3333329856
54880  39.110  -2.946  44.544 0.7777780294
108861  44.294  -6.660  44.251 0.3333329856
51361  43.430  -6.673  43.585 0.3333329856
53159  38.728  -4.046  43.737 1.0000000000
51362  42.356  -6.870  43.100 0.8888890147
50424  41.630  -6.956  42.907 0.8888890147
51373  40.398  -6.480  42.635 1.0000000000
52313  39.878  -5.769  42.611 1.0000000000
99146  39.526  -4.876  42.804 1.0000000000
54044  39.164  -3.299  43.710 1.0000000000
51333  47.915  -6.284  46.096 0.1111110002
94212  41.970  -1.909  47.551 0.2222220004
54839  41.235  -1.899  47.392 0.3333329856
54840  40.350  -2.022  47.178 0.3333329856
54841  39.566  -2.002  47.778 0.3333329856
51334  47.113  -6.355  45.727 0.1111110002
93934  42.018  -2.014  46.855 0.3333329856
94209  41.107  -2.097  46.452 0.3333329856
99982  44.868  -6.660  44.698 0.3333329856
54869  39.681  -2.504  45.218 0.5555559993
54857  40.400  -2.273  45.807 0.4444440007
51370  43.157  -6.402  42.951 0.5555559993
97065  39.766  -2.394  44.532 0.6666669846
54868  40.420  -2.183  45.177 0.5555559993
51372  41.286  -6.293  42.427 0.8888890147
52312  40.642  -5.680  42.265 1.0000000000
106251  39.485  -3.351  42.975 0.8888890147
54879  39.476  -2.651  43.981 0.7777780294
109622  41.323  -5.539  42.062 0.8888890147
52333  40.991  -4.956  41.868 0.8888890147
53168  40.269  -4.902  42.288 1.0000000000
54890  39.534  -2.654  43.301 0.8888890147
54856  41.981  -1.985  46.161 0.2222220004
54867  41.186  -2.047  45.748 0.4444440007
33104  20.016  -26.145  74.636 0.2222220004
33927  17.056  -25.546  76.891 0.4444440007
104918  15.611  -26.308  78.226 0.4444440007
33088  15.104  -25.796  78.022 0.4444440007
109895  17.922  -25.762  74.635 0.3333329856
33952  20.825  -25.052  72.958 0.2222220004
33112  19.180  -25.985  74.057 0.2222220004
33940  18.483  -25.825  74.184 0.2222220004
34815  22.190  -24.408  73.314 0.2222220004
33911  16.071  -25.008  78.261 0.4444440007
32267  14.823  -27.300  77.763 0.2222220004
101038  14.575  -26.782  77.260 0.2222220004
33095  14.394  -26.507  76.384 0.2222220004
32272  14.401  -27.428  76.629 0.2222220004
31440  14.289  -28.382  75.329 0.2222220004
100376  14.227  -27.766  75.756 0.2222220004
33947  18.975  -25.467  73.562 0.2222220004
35709  22.473  -23.850  71.047 0.2222220004
34825  20.653  -24.708  72.346 0.3333329856
35695  18.157  -24.019  73.396 0.5555559993
34817  18.654  -24.705  73.208 0.4444440007
35722  22.292  -23.608  70.329 0.3333329856
35734  22.858  -23.352  69.729 0.4444440007
35735  22.242  -23.263  69.723 0.4444440007
33918  15.314  -25.075  78.093 0.5555559993
34792  14.711  -24.432  77.329 0.4444440007
31442  14.320  -28.280  74.437 0.1111110002
110136  19.675  -24.221  72.049 0.4444440007
35703  18.574  -23.878  72.835 0.4444440007
106097  18.469  -22.580  73.292 0.5555559993
35711  20.348  -23.610  71.314 0.4444440007
35665  16.705  -23.484  78.196 0.5555559993
34791  15.469  -24.408  78.260 0.5555559993
36670  23.758  -22.454  68.338 0.4444440007
36662  22.205  -22.893  69.280 0.5555559993
32280  14.392  -27.537  74.142 0.1111110002
36669  24.551  -22.205  68.147 0.5555559993
105178  14.534  -24.838  76.457 0.5555559993
36596  17.813  -22.933  74.264 0.5555559993
37479  18.608  -21.922  73.729 0.6666669846
103405  17.950  -22.442  74.970 0.6666669846
36650  20.967  -22.673  70.247 0.7777780294
36636  20.371  -22.360  70.895 0.7777780294
37487  19.561  -21.710  72.455 0.7777780294
36586  17.876  -22.438  75.831 0.7777780294
109469  16.347  -22.978  78.643 0.4444440007
111169  14.994  -24.634  77.942 0.5555559993
108434  25.259  -22.190  68.790 0.4444440007
37519  22.769  -22.034  68.235 0.7777780294
106361  22.487  -22.485  68.837 0.6666669846
37510  22.186  -21.678  68.752 0.7777780294
37527  23.075  -21.541  67.669 0.7777780294
38335  21.108  -20.272  71.318 0.7777780294
37531  25.010  -21.314  66.549 0.6666669846
37532  24.149  -21.332  66.652 0.7777780294
39174  22.081  -19.345  70.337 0.7777780294
39199  22.877  -20.022  67.378 0.8888890147
111635  26.066  -20.645  66.058 0.7777780294
39190  22.878  -19.159  67.786 0.8888890147
39971  22.736  -18.278  70.826 0.6666669846
98434  22.348  -18.806  70.765 0.6666669846
107860  23.287  -20.124  66.765 0.7777780294
38412  25.843  -20.299  65.403 0.8888890147
38426  25.924  -19.810  64.772 0.8888890147
38413  24.947  -20.284  65.514 0.8888890147
39221  27.149  -19.614  64.062 0.7777780294
107526  33.660  -19.051  66.932 0.3333329856
99795  23.019  -18.218  69.462 0.8888890147
39212  24.536  -19.491  65.307 0.8888890147
40008  23.497  -18.727  66.452 0.8888890147
40786  23.504  -17.699  67.843 0.7777780294
38437  27.932  -19.747  63.818 0.7777780294
38436  28.634  -19.874  63.735 0.7777780294
38405  32.185  -19.813  66.274 0.5555559993
38420  31.220  -19.987  65.058 0.7777780294
39233  29.179  -19.609  63.212 0.7777780294
41556  24.544  -16.368  67.388 0.5555559993
41570  24.714  -16.428  66.594 0.6666669846
40022  33.185  -18.640  64.397 0.5555559993
40832  33.294  -17.795  62.722 0.6666669846
39230  32.093  -19.257  63.883 0.7777780294
39220  31.728  -19.606  64.427 0.7777780294
97983  26.169  -17.749  63.976 0.8888890147
41626  33.624  -16.022  61.267 0.5555559993
98084  32.743  -17.208  61.368 0.6666669846
40036  31.952  -18.744  62.357 0.7777780294
39240  32.061  -19.065  63.168 0.7777780294
103231  30.572  -19.750  63.584 0.7777780294
42507  33.382  -15.435  60.676 0.6666669846
40037  31.032  -18.831  61.987 0.7777780294
40038  30.246  -19.020  62.210 0.7777780294
39242  29.760  -19.326  62.689 0.7777780294
39244  28.596  -18.940  62.680 0.7777780294
39245  28.048  -18.868  63.029 0.8888890147
94296  34.760  -12.542  58.004 0.7777780294
45475  34.564  -12.549  58.783 0.6666669846
43496  33.624  -13.939  60.093 0.6666669846
43511  31.299  -14.935  59.318 0.6666669846
41643  31.648  -15.783  59.726 0.7777780294
40804  25.564  -16.903  64.880 0.8888890147
41568  26.212  -15.866  66.178 0.7777780294
41569  25.459  -15.961  66.595 0.5555559993
40814  26.166  -17.054  64.430 0.8888890147
40842  31.509  -17.839  60.974 0.8888890147
40046  29.589  -18.255  61.443 0.8888890147
40039  29.000  -18.543  62.102 0.7777780294
40047  28.658  -17.879  62.074 0.8888890147
40835  27.898  -18.269  62.985 0.8888890147
45506  33.792  -11.920  56.719 0.8888890147
42516  30.920  -15.553  59.459 0.8888890147
102646  30.452  -17.238  60.415 0.8888890147
110962  33.204  -11.752  57.091 0.8888890147
104198  30.805  -12.882  58.497 0.8888890147
96242  37.102  -13.421  56.958 0.7777780294
44482  35.588  -12.986  56.509 0.8888890147
112638  30.315  -16.086  59.768 0.8888890147
41607  28.309  -16.510  63.299 0.7777780294
108114  37.044  -13.396  56.125 0.7777780294
41645  29.962  -15.874  59.854 0.8888890147
41639  29.730  -16.273  60.336 0.7777780294
105516  29.411  -15.866  60.753 0.7777780294
98604  35.138  -12.769  54.985 0.8888890147
45519  34.435  -12.226  55.200 0.8888890147
45520  33.850  -11.784  55.821 0.8888890147
46490  32.758  -10.836  55.807 0.8888890147
46454  30.566  -11.691  58.539 0.7777780294
44480  37.711  -13.387  56.308 0.6666669846
112540  29.089  -15.046  62.488 0.6666669846
44505  36.755  -13.212  54.699 0.7777780294
44441  29.750  -13.516  59.703 0.7777780294
43498  29.615  -14.469  60.115 0.7777780294
44514  36.042  -13.051  54.059 0.7777780294
112987  35.377  -12.793  54.321 0.8888890147
47366  32.264  -10.379  56.202 0.7777780294
48316  31.921  -9.230  56.844 0.7777780294
47350  30.874  -11.061  58.155 0.7777780294
46445  29.959  -12.293  59.519 0.6666669846
45445  29.742  -12.633  60.149 0.6666669846
105637  34.243  -11.143  53.764 0.7777780294
47393  33.256  -10.183  54.756 0.7777780294
46499  33.681  -11.008  54.646 0.7777780294
47394  32.863  -9.611  55.290 0.7777780294
48329  32.332  -9.580  56.051 0.7777780294
49305  32.431  -8.715  56.473 0.7777780294
49288  31.663  -8.989  57.650 0.7777780294
49287  32.198  -8.520  57.262 0.7777780294
47340  30.953  -10.418  58.377 0.7777780294
48308  31.270  -9.693  58.207 0.7777780294
46436  30.008  -11.740  60.028 0.5555559993
49215  33.655  -8.437  62.661 0.3333329856
49214  34.155  -8.048  63.061 0.2222220004
48262  32.754  -9.746  63.300 0.2222220004
48261  33.450  -9.365  63.750 0.2222220004
45402  31.112  -12.173  63.814 0.1111110002
47280  32.085  -11.092  63.864 0.1111110002
45390  30.833  -12.911  64.177 0.1111110002
97824  35.237  -7.106  61.087 0.1111110002
95341  34.855  -7.368  62.290 0.1111110002
49229  33.498  -8.289  61.804 0.3333329856
96645  35.978  -6.857  61.155 0.1111110002
47301  31.421  -10.447  62.420 0.2222220004
46409  31.412  -11.452  63.467 0.2222220004
44399  29.706  -13.833  63.242 0.2222220004
42444  29.203  -15.266  65.000 0.2222220004
45516  41.641  -12.464  55.562 0.3333329856
50175  35.573  -7.153  60.153 0.1111110002
49230  32.762  -8.780  61.448 0.3333329856
49244  33.224  -8.214  60.851 0.3333329856
48272  31.825  -9.854  62.186 0.2222220004
48271  32.315  -9.354  61.878 0.3333329856
45417  30.311  -12.347  62.555 0.2222220004
97845  34.685  -7.386  58.140 0.3333329856
97476  34.337  -7.426  58.964 0.3333329856
50205  35.750  -7.428  58.465 0.3333329856
50178  33.123  -8.031  60.023 0.2222220004
50192  33.596  -7.674  59.332 0.2222220004
100675  32.383  -8.717  60.610 0.3333329856
112198  32.800  -8.345  60.352 0.5555559993
48282  31.340  -9.670  61.006 0.3333329856
49246  31.611  -9.219  60.371 0.3333329856
47310  30.641  -10.617  61.171 0.4444440007
100037  31.720  -9.659  61.579 0.3333329856
44406  29.643  -13.631  62.383 0.2222220004
44503  38.441  -12.995  54.317 0.7777780294
49316  35.271  -8.444  55.321 0.4444440007
49317  34.339  -8.382  55.413 0.5555559993
111221  34.816  -7.441  57.278 0.4444440007
50220  34.111  -7.476  57.410 0.4444440007
50207  32.847  -7.833  58.462 0.5555559993
50193  32.839  -8.033  59.319 0.5555559993
48290  31.173  -9.472  59.801 0.5555559993
48291  30.959  -9.766  60.369 0.5555559993
45431  29.765  -12.730  61.180 0.4444440007
48347  34.098  -9.418  54.358 0.7777780294
49331  33.797  -8.919  54.945 0.6666669846
49318  33.494  -8.535  55.572 0.7777780294
50222  32.583  -7.981  57.678 0.6666669846
48298  31.182  -9.494  59.104 0.6666669846
49276  31.591  -8.873  58.547 0.6666669846
45541  36.213  -12.793  53.255 0.8888890147
45553  35.020  -12.087  53.031 0.8888890147
47418  34.619  -10.834  53.063 0.8888890147
46517  34.748  -11.549  53.055 0.7777780294
48361  33.750  -9.969  54.152 0.7777780294
109123  33.207  -9.091  55.224 0.7777780294
49319  32.793  -8.935  55.738 0.7777780294
45565  36.319  -12.218  51.506 0.8888890147
106088  35.228  -11.822  52.384 0.8888890147
49329  35.631  -8.840  54.582 0.4444440007
45563  37.628  -12.397  51.620 0.8888890147
45564  36.946  -12.451  51.814 0.8888890147
46516  35.307  -11.135  51.967 0.8888890147
47417  35.061  -10.596  52.463 0.7777780294
46505  41.401  -11.665  53.546 0.5555559993
46513  41.179  -11.314  52.707 0.6666669846
46524  39.216  -11.728  51.382 0.8888890147
45575  37.392  -12.162  50.914 1.0000000000
45577  36.108  -11.756  51.000 1.0000000000
99599  35.562  -10.999  51.189 0.8888890147
101910  35.580  -10.197  50.934 1.0000000000
47404  42.665  -10.594  53.363 0.5555559993
47450  37.008  -10.726  49.400 1.0000000000
47441  36.352  -10.628  49.866 1.0000000000
47414  43.097  -9.914  52.911 0.3333329856
49379  35.681  -8.328  49.412 1.0000000000
100925  38.820  -10.414  49.566 1.0000000000
48405  36.624  -10.016  49.211 1.0000000000
48370  43.531  -9.244  52.487 0.3333329856
109038  40.423  -9.622  50.010 0.8888890147
49396  35.669  -7.698  48.792 1.0000000000
50341  35.107  -6.804  49.230 1.0000000000
112758  38.431  -10.188  49.217 1.0000000000
47457  38.064  -9.932  48.852 1.0000000000
48417  36.809  -9.481  48.540 1.0000000000
51222  37.937  -7.039  53.084 0.4444440007
48392  42.228  -8.742  50.703 0.6666669846
113201  39.565  -9.357  49.274 1.0000000000
48433  37.045  -8.934  47.984 1.0000000000
110947  36.778  -8.275  48.030 1.0000000000
52166  36.679  -5.736  51.230 0.4444440007
49378  39.617  -8.039  48.470 1.0000000000
49416  38.288  -7.815  47.825 1.0000000000
107224  35.916  -5.685  47.703 1.0000000000
50305  42.963  -7.832  50.145 0.3333329856
50338  41.243  -7.833  48.318 0.5555559993
99139  36.582  -6.950  47.070 1.0000000000
50376  39.157  -7.632  46.425 1.0000000000
51325  37.256  -6.558  45.973 1.0000000000
52240  36.532  -5.675  46.470 1.0000000000
94646  40.794  -7.864  46.627 0.7777780294
50392  37.826  -6.952  45.794 1.0000000000
95272  36.435  -4.832  46.558 1.0000000000
50389  40.220  -7.706  45.038 1.0000000000
50390  39.387  -7.606  45.324 1.0000000000
51337  38.092  -6.868  44.950 1.0000000000
50404  38.789  -7.289  44.652 1.0000000000
53074  37.480  -4.402  50.580 0.7777780294
54022  37.265  -3.575  46.345 0.8888890147
107483  37.248  -3.910  45.652 1.0000000000
50416  39.588  -7.224  43.591 1.0000000000
98216  38.366  -6.020  43.719 1.0000000000
54057  39.232  -4.026  43.123 1.0000000000
51345  46.194  -6.237  44.838 0.3333329856
108645  40.199  -2.240  46.465 0.4444440007
51371  42.190  -6.385  42.576 0.8888890147
54855  42.834  -2.011  46.546 0.2222220004
51346  45.555  -6.267  44.423 0.3333329856
52311  41.958  -5.701  42.110 0.8888890147
53169  39.836  -3.951  42.400 1.0000000000
35659  15.616  -23.633  78.491 0.4444440007
36551  15.879  -22.874  78.746 0.2222220004
98730  15.926  -22.116  78.847 0.2222220004
111689  15.559  -23.031  78.527 0.2222220004
36561  17.137  -22.681  78.149 0.3333329856
98258  18.388  -21.244  76.263 0.6666669846
36585  18.317  -21.679  75.380 0.6666669846
37469  18.589  -21.582  74.504 0.6666669846
36550  16.404  -22.224  78.846 0.2222220004
37444  17.168  -21.961  78.552 0.2222220004
37453  18.033  -21.817  76.536 0.3333329856
37443  18.164  -21.127  77.217 0.3333329856
37468  19.080  -21.182  74.104 0.6666669846
38295  18.850  -20.994  74.910 0.6666669846
38309  19.703  -20.682  73.672 0.7777780294
38256  17.630  -21.301  78.307 0.2222220004
96407  17.687  -21.917  77.648 0.3333329856
38282  18.718  -20.856  75.757 0.6666669846
38294  19.455  -20.487  74.463 0.6666669846
38281  19.237  -20.327  75.313 0.6666669846
38321  20.550  -20.436  72.512 0.7777780294
39139  19.843  -19.779  74.802 0.6666669846
39149  20.167  -20.039  74.032 0.6666669846
39138  20.491  -19.339  74.339 0.5555559993
38308  20.365  -20.224  73.266 0.6666669846
39158  20.866  -19.758  72.846 0.4444440007
39148  20.704  -19.565  73.583 0.5555559993
39147  21.194  -19.137  73.158 0.4444440007
39961  21.901  -19.007  71.990 0.5555559993
39157  21.377  -19.374  72.437 0.4444440007
39936  21.480  -18.362  74.262 0.3333329856
39944  21.589  -18.561  73.485 0.2222220004
39945  21.066  -18.943  73.902 0.3333329856
105414  22.297  -18.402  72.274 0.3333329856
39960  22.356  -18.606  71.461 0.4444440007
40739  22.690  -17.799  72.607 0.2222220004
39950  22.159  -18.208  73.064 0.2222220004
40738  23.205  -17.336  72.175 0.2222220004
40748  22.842  -17.939  71.685 0.3333329856
112782  23.404  -17.400  70.177 0.4444440007
40766  23.361  -17.614  69.492 0.5555559993
41524  23.668  -16.795  71.693 0.1111110002
41537  24.319  -16.104  70.216 0.1111110002
41531  23.649  -16.876  70.735 0.1111110002
40747  23.307  -17.328  71.431 0.2222220004
41538  23.815  -16.834  69.631 0.4444440007
45457  35.639  -12.611  59.608 0.2222220004
45458  35.143  -12.606  59.275 0.5555559993
41544  24.805  -15.825  68.658 0.2222220004
108527  24.365  -16.167  69.343 0.3333329856
96991  24.501  -16.272  68.077 0.3333329856
109304  24.165  -16.531  68.721 0.5555559993
45456  36.309  -12.691  59.423 0.3333329856
45473  36.214  -12.927  58.594 0.4444440007
95800  35.762  -12.684  59.056 0.2222220004
108194  25.009  -15.987  67.080 0.4444440007
41555  25.088  -15.810  67.754 0.3333329856
51132  36.763  -6.385  63.644 0.1111110002
50138  35.221  -7.316  63.628 0.1111110002
50154  34.684  -7.573  62.978 0.1111110002
50153  35.345  -7.085  62.689 0.1111110002
42396  25.589  -15.423  68.342 0.2222220004
113350  25.528  -15.746  67.192 0.3333329856
42395  26.458  -15.219  68.198 0.2222220004
42407  26.823  -15.431  67.503 0.3333329856
41554  26.183  -15.643  66.954 0.3333329856
42419  27.587  -15.654  66.604 0.3333329856
49284  38.375  -8.513  57.782 0.1111110002
111497  37.715  -8.285  57.794 0.2222220004
107689  37.254  -7.924  58.231 0.1111110002
50218  36.461  -7.695  57.863 0.2222220004
94213  37.875  -8.468  57.025 0.2222220004
49285  37.145  -8.096  57.388 0.2222220004
111374  37.694  -8.465  56.407 0.2222220004
107710  37.182  -8.348  56.564 0.2222220004
49302  35.785  -8.024  55.955 0.2222220004
105812  36.657  -8.373  55.918 0.2222220004
50219  35.571  -7.485  57.523 0.3333329856
49301  36.322  -7.826  56.805 0.2222220004
50235  35.300  -7.614  56.674 0.3333329856
54086  40.587  -3.173  41.420 0.7777780294
52154  38.270  -5.673  52.280 0.3333329856
54898  39.822  -2.165  41.884 0.7777780294
110301  40.066  -2.837  41.680 0.7777780294
54912  40.356  -2.400  41.265 0.7777780294
52164  38.357  -5.032  51.766 0.3333329856
57216  40.279  0.564  43.027 0.7777780294
55695  39.749  -1.268  42.250 0.6666669846
55696  39.633  -1.995  42.825 0.6666669846
58061  41.320  1.509  41.566 0.6666669846
106574  40.722  0.803  41.445 0.6666669846
57227  40.235  0.318  41.973 0.7777780294
54899  39.728  -2.918  42.379 0.7777780294
58074  42.597  1.739  40.101 0.7777780294
56467  40.551  -0.900  40.787 0.7777780294
55703  40.100  -1.537  41.334 0.7777780294
53063  39.047  -4.395  51.613 0.3333329856
113661  38.389  -4.598  51.397 0.3333329856
111281  38.405  -3.731  50.539 0.4444440007
97337  42.940  2.979  42.897 0.3333329856
58834  42.385  2.613  43.292 0.4444440007
58051  41.306  1.647  43.309 0.4444440007
55689  39.692  -1.111  43.253 0.5555559993
58845  44.177  3.090  41.745 0.4444440007
58838  43.391  2.902  42.206 0.5555559993
58054  41.250  1.617  42.509 0.5555559993
57221  40.679  1.061  42.224 0.6666669846
58846  43.426  2.683  41.327 0.5555559993
58075  41.903  1.677  40.779 0.6666669846
58082  43.636  2.017  39.148 0.7777780294
58880  44.507  2.144  38.106 0.7777780294
53073  38.293  -4.190  50.919 0.3333329856
59633  44.804  3.433  44.194 0.1111110002
95264  40.005  -1.130  44.070 0.4444440007
59634  43.895  3.283  43.911 0.2222220004
58833  43.040  3.059  43.642 0.3333329856
58830  42.437  2.599  44.186 0.2222220004
57211  41.130  0.851  44.464 0.3333329856
56432  40.450  -0.494  44.391 0.3333329856
55681  40.286  -1.897  44.584 0.5555559993
60518  49.803  4.198  42.091 0.1111110002
59653  48.431  3.733  42.112 0.1111110002
59646  47.625  3.574  42.478 0.3333329856
108515  46.061  3.457  42.343 0.5555559993
59641  44.652  3.397  43.150 0.3333329856
58831  41.845  2.143  43.740 0.4444440007
57215  40.838  1.076  43.662 0.5555559993
56439  40.022  -0.310  43.611 0.5555559993
54878  39.720  -1.969  43.801 0.5555559993
109645  48.411  3.809  41.319 0.1111110002
59654  47.155  3.548  41.719 0.2222220004
94641  45.821  3.290  41.003 0.4444440007
58844  44.928  3.214  41.377 0.5555559993
59672  46.394  3.414  40.414 0.3333329856
58861  44.889  3.135  40.463 0.6666669846
59683  45.593  3.273  39.114 0.7777780294
58870  44.857  3.009  39.506 0.7777780294
58871  44.001  2.656  39.863 0.7777780294
98014  44.271  2.441  38.939 0.7777780294
102509  40.689  -2.057  50.108 0.2222220004
97906  40.566  -1.295  44.650 0.3333329856
58829  43.157  2.961  44.567 0.2222220004
58043  41.614  1.309  44.783 0.2222220004
56431  40.988  0.088  44.787 0.3333329856
54817  40.295  -1.872  49.338 0.2222220004
58825  43.269  2.725  45.505 0.1111110002
56423  41.610  -0.237  45.317 0.2222220004
56424  41.082  -0.896  44.980 0.3333329856
59626  44.013  3.181  44.863 0.1111110002
58826  42.519  2.393  45.123 0.2222220004
58042  42.096  1.466  45.405 0.2222220004
55673  41.043  -1.744  45.227 0.3333329856
111913  41.767  -1.837  45.738 0.3333329856
55672  41.787  -1.290  45.463 0.2222220004
55667  42.538  -1.642  45.935 0.3333329856
56422  42.354  -0.647  45.713 0.2222220004
57208  42.127  0.460  45.650 0.2222220004
57206  42.760  0.210  46.110 0.1111110002
39166  21.492  -19.605  71.661 0.5555559993
44437  34.402  -12.834  59.635 0.4444440007
44454  36.787  -13.280  57.940 0.4444440007
42430  27.876  -15.721  65.906 0.3333329856
101750  37.928  -3.817  50.280 0.5555559993
101807  14.999  -24.017  78.067 0.4444440007
40757  23.174  -17.650  70.843 0.4444440007
39951  21.729  -18.757  72.735 0.4444440007
42408  25.931  -15.477  67.626 0.2222220004
58052  40.794  1.242  42.941 0.6666669846
56453  40.059  -0.591  41.614 0.7777780294
56444  39.868  -0.352  42.637 0.6666669846
100995  41.758  2.021  42.158 0.5555559993
58060  42.108  2.136  41.546 0.5555559993
57245  42.994  0.267  39.126 0.7777780294
58083  43.058  1.337  39.260 0.7777780294
58872  43.276  2.112  39.754 0.7777780294
53985  38.961  -3.599  50.788 0.3333329856
58839  42.442  2.488  42.372 0.4444440007
59642  43.670  3.236  43.035 0.3333329856
58835  41.774  2.151  42.895 0.4444440007
58047  41.438  1.512  44.108 0.5555559993
58862  44.136  2.870  40.892 0.6666669846
94061  42.796  2.512  41.672 0.5555559993
58837  44.169  3.250  42.457 0.3333329856
58847  42.639  2.281  40.951 0.5555559993
58863  43.317  2.433  40.472 0.7777780294
58090  43.605  1.357  38.771 0.7777780294
58089  44.027  1.745  38.500 0.7777780294
59640  45.571  3.474  43.560 0.2222220004
58046  41.940  1.970  44.601 0.2222220004
57212  40.498  0.363  44.049 0.4444440007
113009  47.857  3.651  41.719 0.1111110002
94399  46.729  3.503  42.408 0.5555559993
59655  46.347  3.458  41.729 0.4444440007
104300  45.583  3.380  41.890 0.5555559993
59647  45.491  3.428  42.692 0.5555559993
59648  44.854  3.311  42.214 0.5555559993
97847  47.628  3.663  40.983 0.2222220004
94808  46.749  3.470  41.025 0.2222220004
59673  45.689  3.288  40.038 0.5555559993
58879  44.869  2.817  38.562 0.7777780294
57209  41.559  0.686  45.125 0.3333329856
58889  45.045  2.475  37.692 0.7777780294
31439  14.403  -28.322  76.255 0.1111110002
30547  14.420  -29.098  74.793 0.1111110002
32266  15.484  -27.114  78.300 0.3333329856
34805  14.564  -24.438  75.639 0.1111110002
33108  14.639  -25.905  74.985 0.1111110002
98940  14.613  -24.087  76.326 0.2222220004
35667  15.097  -23.138  78.004 0.3333329856
34803  21.501  -24.847  75.699 0.1111110002
35680  23.196  -23.689  75.773 0.1111110002
35681  22.699  -24.020  74.984 0.1111110002
34802  22.040  -24.386  75.378 0.1111110002
35688  22.827  -23.972  73.865 0.1111110002
34808  22.212  -24.408  74.273 0.1111110002
39131  19.602  -19.612  75.719 0.4444440007
35687  23.450  -23.645  74.553 0.1111110002
39928  20.029  -18.847  76.211 0.2222220004
106600  23.635  -23.489  73.381 0.1111110002
35694  22.802  -23.997  72.824 0.1111110002
36594  24.804  -22.993  74.891 0.1111110002
35686  24.179  -23.187  74.220 0.1111110002
36608  24.856  -22.812  73.938 0.1111110002
39927  20.725  -18.489  75.564 0.1111110002
36607  25.419  -22.437  73.604 0.1111110002
106288  24.884  -22.666  73.159 0.1111110002
35700  23.453  -23.573  72.268 0.1111110002
104328  24.291  -22.986  72.617 0.1111110002
35707  24.025  -23.171  71.659 0.1111110002
35720  23.766  -23.289  70.777 0.1111110002
37477  26.533  -21.705  73.412 0.1111110002
36592  26.021  -22.187  73.998 0.1111110002
37484  26.769  -21.451  72.669 0.1111110002
109283  25.891  -22.104  73.287 0.1111110002
113774  26.615  -21.472  72.084 0.1111110002
36620  25.426  -22.195  72.135 0.1111110002
36621  24.955  -22.542  72.527 0.1111110002
37492  26.059  -21.767  71.723 0.1111110002
36635  24.758  -22.634  71.880 0.1111110002
100065  26.101  -21.749  71.002 0.1111110002
36647  24.885  -22.628  70.350 0.1111110002
37501  25.679  -22.063  70.333 0.1111110002
36658  25.119  -22.451  69.533 0.1111110002
94951  24.397  -22.600  68.864 0.2222220004
37476  27.323  -21.183  73.122 0.1111110002
38357  32.488  -20.554  69.506 0.2222220004
38320  27.786  -20.801  72.684 0.1111110002
37483  27.336  -21.081  72.188 0.1111110002
42460  35.568  -15.455  63.532 0.2222220004
38334  27.771  -20.742  71.415 0.1111110002
37491  26.856  -21.304  71.322 0.1111110002
41616  35.009  -15.935  63.042 0.3333329856
37499  27.340  -20.984  70.545 0.1111110002
40823  34.874  -16.961  64.233 0.4444440007
37516  26.280  -21.429  68.805 0.2222220004
37508  26.910  -21.109  69.597 0.2222220004
37509  25.938  -21.744  69.475 0.1111110002
37524  26.342  -21.235  68.013 0.3333329856
41606  34.621  -16.671  63.437 0.4444440007
37517  25.511  -21.737  68.147 0.4444440007
38342  32.107  -20.749  70.297 0.2222220004
38330  31.562  -20.830  71.777 0.1111110002
38331  30.745  -20.703  71.971 0.1111110002
94495  31.820  -20.799  71.037 0.2222220004
94496  29.881  -20.509  72.227 0.1111110002
107287  31.834  -20.564  69.012 0.2222220004
94492  31.587  -20.676  69.657 0.2222220004
94494  30.968  -20.748  71.162 0.1111110002
38345  29.387  -20.478  70.740 0.1111110002
38333  28.429  -20.506  71.945 0.1111110002
38319  28.331  -20.568  72.817 0.1111110002
43457  36.517  -14.285  63.715 0.1111110002
42459  36.046  -15.010  63.883 0.2222220004
38367  32.425  -20.344  68.535 0.2222220004
94491  30.710  -20.633  69.731 0.2222220004
38344  30.342  -20.598  70.523 0.1111110002
38368  31.575  -20.486  68.320 0.2222220004
95458  31.113  -20.600  69.017 0.2222220004
95457  30.230  -20.543  69.036 0.1111110002
94490  29.729  -20.512  69.828 0.1111110002
38347  27.991  -20.638  70.613 0.1111110002
38358  27.748  -20.730  69.875 0.1111110002
42477  35.238  -15.043  62.813 0.3333329856
41605  35.293  -16.260  63.850 0.3333329856
38359  26.970  -20.982  68.698 0.2222220004
41617  34.287  -16.376  62.537 0.4444440007
43456  37.236  -13.764  63.940 0.1111110002
44396  37.560  -13.023  63.656 0.1111110002
43465  36.171  -13.760  62.964 0.1111110002
43458  35.814  -14.615  63.266 0.2222220004
38369  30.716  -20.540  68.363 0.2222220004
95456  29.201  -20.531  68.938 0.1111110002
107731  28.172  -20.620  69.133 0.2222220004
111363  27.479  -20.810  69.190 0.2222220004
38370  29.960  -20.518  68.380 0.3333329856
100255  29.382  -20.516  67.923 0.3333329856
38371  28.460  -20.557  68.216 0.4444440007
38372  27.630  -20.702  68.455 0.2222220004
42478  34.695  -15.488  62.336 0.4444440007
38384  27.774  -20.603  67.464 0.5555559993
101200  27.049  -20.722  67.123 0.6666669846
95482  34.177  -15.801  61.821 0.4444440007
44397  36.861  -13.346  63.328 0.1111110002
43466  35.538  -14.196  62.546 0.2222220004
99794  35.292  -13.805  61.879 0.2222220004
42496  34.932  -14.581  62.055 0.4444440007
43481  34.490  -14.424  61.321 0.4444440007
109806  34.470  -15.109  61.760 0.4444440007
42497  34.003  -15.235  61.263 0.4444440007
44402  38.061  -12.623  63.299 0.1111110002
44403  37.283  -12.752  62.980 0.1111110002
44404  36.574  -13.015  62.621 0.1111110002
112147  34.913  -14.086  61.618 0.4444440007
42506  33.830  -14.594  60.689 0.4444440007
43495  34.269  -13.790  60.665 0.4444440007
100128  39.479  -12.481  63.284 0.1111110002
45416  37.890  -12.515  62.499 0.1111110002
44410  37.111  -12.616  62.206 0.1111110002
44411  36.391  -12.804  61.844 0.1111110002
44412  35.661  -13.113  61.512 0.1111110002
43480  34.931  -13.556  61.199 0.4444440007
44425  34.100  -13.325  60.111 0.4444440007
45385  41.202  -12.511  64.274 0.1111110002
45399  40.504  -12.496  63.937 0.1111110002
96932  40.256  -12.482  63.292 0.1111110002
42420  26.973  -15.623  66.773 0.2222220004
45415  38.879  -12.459  62.720 0.1111110002
45430  37.089  -12.540  61.383 0.1111110002
44422  36.272  -12.644  60.940 0.1111110002
43441  29.812  -14.955  65.391 0.1111110002
44423  35.410  -12.875  60.740 0.1111110002
44424  34.686  -13.112  60.428 0.3333329856
45424  43.809  -12.522  62.003 0.1111110002
94469  42.266  -12.620  62.744 0.1111110002
94471  42.262  -12.601  63.720 0.1111110002
104436  28.314  -15.302  68.353 0.2222220004
42394  27.375  -15.227  68.181 0.2222220004
95407  43.085  -12.588  61.513 0.1111110002
94467  42.310  -12.622  61.885 0.1111110002
45398  41.272  -12.547  63.240 0.1111110002
42405  28.703  -15.558  67.543 0.2222220004
42406  27.731  -15.521  67.408 0.2222220004
100310  43.150  -12.584  60.606 0.1111110002
45412  41.505  -12.614  62.259 0.1111110002
45413  40.761  -12.551  62.602 0.1111110002
104283  28.660  -15.623  66.171 0.1111110002
42418  28.305  -15.648  66.756 0.2222220004
109832  43.216  -12.571  59.597 0.1111110002
106132  42.377  -12.632  60.193 0.1111110002
45439  41.521  -12.665  60.567 0.1111110002
45426  40.959  -12.668  61.067 0.1111110002
45427  39.598  -12.542  61.779 0.1111110002
42428  29.291  -15.431  65.832 0.1111110002
100309  42.867  -12.591  58.865 0.1111110002
45452  42.354  -12.632  59.375 0.1111110002
45453  41.754  -12.675  59.836 0.1111110002
45440  40.704  -12.705  60.517 0.1111110002
44420  39.892  -12.767  60.143 0.1111110002
45441  39.209  -12.656  60.948 0.1111110002
45428  38.557  -12.501  61.767 0.1111110002
94817  43.153  -12.336  57.255 0.1111110002
45470  42.091  -12.646  57.965 0.1111110002
45471  41.492  -12.741  58.368 0.1111110002
45472  40.810  -12.822  58.876 0.1111110002
45442  38.082  -12.563  60.917 0.1111110002
45443  37.177  -12.587  60.506 0.1111110002
100430  36.542  -12.593  60.160 0.1111110002
45487  42.336  -12.554  57.310 0.1111110002
45488  41.409  -12.748  57.502 0.1111110002
44450  39.850  -12.987  57.847 0.1111110002
45455  37.137  -12.763  59.622 0.1111110002
45444  35.872  -12.571  60.178 0.1111110002
45502  41.750  -12.597  56.521 0.1111110002
106153  40.555  -12.899  57.468 0.1111110002
44436  35.182  -12.710  60.001 0.2222220004
44419  40.907  -12.759  59.769 0.1111110002
107159  40.162  -12.896  58.549 0.1111110002
44432  40.075  -12.848  59.228 0.1111110002
44421  38.840  -12.750  60.126 0.1111110002
105591  38.705  -13.081  58.747 0.1111110002
44435  37.854  -13.040  59.005 0.1111110002
107137  39.356  -13.149  57.277 0.1111110002
44451  38.932  -13.173  57.913 0.2222220004
44468  37.634  -13.390  57.686 0.1111110002
50292  44.020  -7.763  51.199 0.1111110002
50316  45.389  -7.639  49.519 0.1111110002
94446  45.850  -7.603  48.709 0.1111110002
52310  42.767  -5.755  42.255 0.6666669846
53175  43.061  -4.502  41.460 0.6666669846
53176  42.252  -4.445  41.462 0.7777780294
52332  41.732  -5.035  41.754 0.7777780294
54082  43.554  -3.732  41.136 0.6666669846
54083  42.733  -3.812  41.146 0.6666669846
53177  41.479  -4.317  41.517 0.6666669846
53178  40.647  -4.051  41.766 0.6666669846
54102  43.056  -3.055  40.697 0.6666669846
54103  42.364  -2.787  40.637 0.6666669846
54104  41.820  -3.065  40.889 0.6666669846
54911  41.087  -2.706  40.981 0.6666669846
54932  41.745  -2.173  40.492 0.6666669846
55716  40.797  -1.844  40.764 0.6666669846
54930  43.603  -2.393  40.149 0.6666669846
56466  41.129  -0.250  40.382 0.6666669846
94093  48.085  -2.426  39.665 0.5555559993
54927  47.333  -2.632  39.999 0.5555559993
54940  45.756  -2.563  39.710 0.6666669846
102443  41.895  1.127  40.159 0.6666669846
54947  48.206  -2.067  38.881 0.5555559993
54938  47.405  -2.228  39.120 0.5555559993
103305  45.944  -2.039  38.846 0.6666669846
54941  44.911  -2.325  39.599 0.6666669846
108002  42.728  -1.071  39.374 0.6666669846
56465  41.732  -0.615  39.918 0.6666669846
56452  40.537  0.076  41.058 0.6666669846
55725  45.305  -2.083  39.098 0.6666669846
55727  43.956  -1.296  38.986 0.6666669846
55735  48.398  -1.441  38.405 0.5555559993
55724  46.754  -1.812  38.658 0.5555559993
55737  46.133  -1.219  38.422 0.5555559993
57246  42.384  0.753  39.584 0.6666669846
55739  44.679  -0.952  38.601 0.6666669846
56474  43.233  -0.729  39.049 0.6666669846
57254  43.470  0.678  38.756 0.6666669846
56484  44.645  0.016  38.365 0.6666669846
56485  43.999  -0.527  38.689 0.6666669846
98514  43.524  -0.044  38.814 0.6666669846
94400  46.217  3.462  43.000 0.1111110002
108646  49.616  -0.782  38.177 0.4444440007
55744  48.601  -0.792  37.781 0.4444440007
55734  49.176  -1.192  38.390 0.5555559993
55745  47.851  -0.850  38.036 0.5555559993
55746  46.980  -0.871  38.187 0.6666669846
56482  46.300  -0.506  38.149 0.6666669846
56483  45.536  -0.513  38.310 0.6666669846
57253  44.071  0.903  38.347 0.6666669846
99439  43.937  0.190  38.567 0.6666669846
111343  49.767  -0.433  37.313 0.3333329856
55743  49.326  -0.647  37.551 0.4444440007
56491  48.661  -0.406  36.862 0.4444440007
107976  48.088  -0.553  37.336 0.5555559993
56502  47.121  0.067  36.921 0.6666669846
56494  46.030  0.085  37.885 0.6666669846
56495  45.365  0.241  38.032 0.6666669846
57262  44.830  0.820  37.888 0.6666669846
111323  50.959  0.029  37.366 0.3333329856
57267  51.017  0.411  36.778 0.3333329856
56490  50.294  -0.174  37.163 0.3333329856
56500  49.480  -0.286  36.836 0.3333329856
58098  44.531  1.507  37.931 0.6666669846
57277  50.559  0.795  35.827 0.3333329856
57268  49.953  0.214  36.337 0.3333329856
57270  47.487  0.366  36.301 0.6666669846
57260  46.328  0.387  37.123 0.6666669846
58097  45.156  1.360  37.368 0.6666669846
57271  46.729  0.643  36.480 0.6666669846
57272  45.903  1.084  36.715 0.6666669846
59692  46.147  3.596  38.608 0.6666669846
105579  45.877  3.572  37.820 0.5555559993
59693  45.417  3.215  38.160 0.6666669846
58906  46.943  2.118  35.114 0.6666669846
58105  46.160  1.715  36.226 0.6666669846
58888  45.578  2.932  37.280 0.5555559993
58112  51.221  1.484  35.417 0.2222220004
58113  50.204  1.317  35.132 0.4444440007
57283  49.337  1.331  34.863 0.5555559993
58125  47.773  1.742  34.808 0.6666669846
58116  46.737  1.546  35.696 0.6666669846
58898  46.039  2.627  36.373 0.6666669846
97293  44.866  1.911  37.547 0.6666669846
57276  51.590  1.124  36.199 0.2222220004
57278  49.480  0.699  35.514 0.3333329856
57280  47.812  0.700  35.689 0.6666669846
57281  47.105  0.935  35.900 0.6666669846
109071  46.523  1.160  36.174 0.6666669846
58106  45.405  1.970  36.900 0.6666669846
104646  46.023  3.584  37.069 0.5555559993
60565  46.482  4.185  36.939 0.4444440007
59729  53.452  3.746  34.572 0.2222220004
58904  52.582  2.546  35.349 0.2222220004
58907  46.559  2.841  35.638 0.5555559993
59711  46.323  3.516  36.249 0.5555559993
59728  54.090  3.880  34.782 0.1111110002
58912  52.222  2.991  34.727 0.2222220004
58122  50.863  1.929  34.760 0.4444440007
58124  49.135  1.972  34.451 0.5555559993
58917  47.584  2.603  34.657 0.6666669846
59720  46.993  3.137  35.026 0.6666669846
59731  51.744  3.471  34.081 0.2222220004
58914  50.541  2.511  34.335 0.4444440007
58915  49.718  2.578  34.210 0.5555559993
102403  48.353  2.214  34.458 0.5555559993
60575  46.540  4.346  36.104 0.5555559993
60590  55.376  4.488  34.558 0.1111110002
60582  54.692  4.162  34.681 0.1111110002
60616  55.098  4.631  33.127 0.1111110002
60591  54.057  4.138  34.158 0.1111110002
60592  53.116  4.095  33.943 0.1111110002
59730  52.668  3.628  34.351 0.2222220004
59733  47.468  3.558  34.501 0.5555559993
59734  46.868  4.117  34.937 0.5555559993
60629  55.424  4.601  32.058 0.2222220004
95315  54.728  4.536  32.368 0.1111110002
60604  53.574  4.369  33.347 0.1111110002
59739  52.348  3.976  33.792 0.2222220004
59740  50.976  3.607  33.644 0.4444440007
58923  50.315  3.175  33.952 0.5555559993
59743  48.735  3.517  33.745 0.5555559993
59732  48.176  3.066  34.205 0.5555559993
97301  55.816  4.667  31.094 0.2222220004
60631  54.121  4.455  32.028 0.1111110002
60618  53.532  4.453  32.487 0.2222220004
60605  52.584  4.236  33.261 0.2222220004
59750  50.823  4.089  33.181 0.4444440007
59752  49.732  4.239  32.879 0.5555559993
59742  49.293  3.955  33.336 0.5555559993
59744  47.944  3.961  33.911 0.5555559993
60609  47.612  4.882  33.507 0.5555559993
61463  46.715  5.118  35.761 0.4444440007
60583  46.673  4.528  35.472 0.5555559993
60593  47.227  4.502  34.297 0.5555559993
61504  57.163  5.234  30.650 0.1111110002
94304  53.914  4.362  31.026 0.2222220004
94395  52.803  4.379  31.929 0.2222220004
60619  52.031  4.305  32.373 0.3333329856
60620  50.939  4.266  32.470 0.5555559993
60608  48.443  4.273  33.357 0.5555559993
62317  58.181  5.902  28.413 0.1111110002
104569  57.025  5.350  29.187 0.1111110002
60641  55.598  4.656  29.985 0.1111110002
96490  54.043  4.408  30.178 0.2222220004
60644  52.247  4.431  30.222 0.3333329856
60633  51.311  4.354  31.623 0.4444440007
60621  50.069  4.364  32.259 0.5555559993
60607  48.896  4.469  32.811 0.5555559993
112678  48.159  4.893  32.904 0.4444440007
61537  56.414  5.364  28.229 0.1111110002
104345  55.112  4.704  29.226 0.2222220004
60654  53.629  4.567  29.405 0.2222220004
60645  51.194  4.535  30.606 0.4444440007
61549  56.966  5.661  27.727 0.1111110002
62264  47.354  6.603  34.194 0.3333329856
113040  47.104  6.304  34.704 0.3333329856
61462  46.894  5.951  35.272 0.3333329856
62271  47.416  6.411  33.492 0.4444440007
62277  47.929  6.799  32.201 0.4444440007
61488  47.621  6.257  32.775 0.4444440007
61479  47.363  5.740  33.480 0.4444440007
60594  46.802  5.131  34.900 0.4444440007
61487  48.029  6.060  32.059 0.5555559993
60657  50.726  5.075  29.788 0.5555559993
60646  50.197  4.944  30.447 0.5555559993
61496  49.095  5.070  31.529 0.5555559993
60623  48.460  5.203  32.198 0.5555559993
61478  47.792  5.533  32.789 0.4444440007
62349  58.187  6.548  26.323 0.1111110002
94206  57.765  6.188  26.843 0.1111110002
60676  54.394  4.734  28.906 0.2222220004
94104  52.784  4.551  29.590 0.3333329856
60656  51.502  4.726  29.814 0.5555559993
94990  58.758  6.530  27.143 0.1111110002
62331  57.826  5.950  27.646 0.1111110002
63044  47.732  7.192  34.255 0.3333329856
62258  47.406  6.714  35.002 0.3333329856
63048  47.615  7.058  33.469 0.3333329856
62278  47.636  6.826  32.878 0.4444440007
62289  49.455  6.271  30.147 0.4444440007
61507  48.947  6.109  30.754 0.5555559993
62283  48.457  6.629  31.360 0.5555559993
61505  49.989  5.652  29.877 0.5555559993
61506  49.520  5.554  30.478 0.5555559993
61497  48.595  5.791  31.408 0.5555559993
61551  55.572  5.409  27.521 0.2222220004
61539  54.161  5.013  28.177 0.2222220004
60677  53.650  4.834  28.677 0.2222220004
60655  52.080  4.781  29.375 0.4444440007
61520  51.284  5.275  29.217 0.5555559993
63112  59.154  7.397  25.276 0.1111110002
62332  56.884  5.869  26.926 0.2222220004
61562  55.846  5.718  26.769 0.2222220004
61552  54.637  5.305  27.562 0.2222220004
61553  53.694  5.424  27.527 0.3333329856
61540  52.505  5.407  28.216 0.4444440007
61519  51.910  5.360  28.667 0.5555559993
95383  58.238  7.746  23.916 0.2222220004
99571  58.154  7.285  24.657 0.2222220004
62368  56.775  6.466  25.389 0.2222220004
62351  56.276  6.076  26.074 0.2222220004
61563  54.916  5.606  26.836 0.2222220004
63140  57.344  7.691  23.483 0.4444440007
112252  57.518  7.341  24.166 0.3333329856
62380  57.217  6.894  24.719 0.3333329856
63072  49.630  6.966  29.871 0.4444440007
62319  51.084  6.751  28.129 0.4444440007
62301  50.182  6.722  29.198 0.4444440007
62318  51.828  6.007  27.887 0.4444440007
61541  51.120  5.918  28.572 0.4444440007
62352  55.144  5.990  25.986 0.3333329856
61564  54.132  5.596  26.997 0.3333329856
62333  53.260  5.917  26.809 0.3333329856
63127  56.770  7.199  24.057 0.4444440007
62369  55.796  6.347  25.296 0.3333329856
101634  54.834  6.388  25.102 0.3333329856
62370  54.127  6.295  25.603 0.4444440007
62353  54.159  5.900  26.350 0.4444440007
63103  51.699  7.646  27.092 0.4444440007
63092  51.296  7.534  27.736 0.4444440007
63101  52.754  7.094  25.762 0.4444440007
62356  51.997  7.074  26.833 0.4444440007
62335  51.597  6.889  27.392 0.4444440007
63128  55.878  7.058  23.962 0.4444440007
62382  55.415  6.668  24.567 0.4444440007
62354  53.373  6.378  26.038 0.4444440007
63141  56.387  7.596  23.327 0.4444440007
63917  56.069  8.379  22.074 0.4444440007
63153  55.724  8.011  22.757 0.4444440007
64646  54.012  9.677  28.003 0.1111110002
64648  52.578  8.999  26.576 0.2222220004
106710  52.568  8.957  27.451 0.3333329856
97649  52.343  8.454  26.047 0.2222220004
63883  52.000  8.356  26.905 0.4444440007
63878  51.969  8.517  27.812 0.4444440007
63879  51.567  8.064  27.505 0.4444440007
109089  54.976  7.049  23.944 0.4444440007
112528  54.632  6.765  24.486 0.4444440007
62383  53.857  6.813  24.831 0.4444440007
63114  53.032  7.366  25.110 0.4444440007
63932  55.484  8.875  21.385 0.3333329856
63933  54.624  9.081  21.791 0.4444440007
63918  55.121  8.476  22.187 0.4444440007
63154  54.766  8.107  22.884 0.4444440007
63129  54.112  7.245  24.122 0.4444440007
65475  54.601  10.211  27.478 0.1111110002
64654  53.961  9.809  27.137 0.1111110002
65485  53.794  9.955  25.816 0.1111110002
64662  53.129  9.483  25.435 0.2222220004
106169  53.084  9.342  24.663 0.2222220004
63890  52.671  8.595  25.352 0.3333329856
112923  53.377  9.171  23.364 0.2222220004
64674  53.199  9.143  23.916 0.2222220004
64668  52.900  8.807  24.699 0.2222220004
63920  53.576  9.113  22.884 0.2222220004
63907  53.433  8.735  23.544 0.3333329856
100751  53.186  8.451  24.231 0.3333329856
63130  53.385  7.641  24.468 0.4444440007
63941  56.088  9.075  20.646 0.3333329856
63919  54.267  8.738  22.482 0.2222220004
63906  53.918  8.379  23.152 0.4444440007
63144  53.669  8.000  23.810 0.4444440007
65484  54.368  10.236  26.536 0.1111110002
65493  54.371  10.453  25.609 0.1111110002
65494  53.590  9.974  25.028 0.1111110002
64681  53.612  9.722  22.547 0.2222220004
102303  53.413  9.638  23.158 0.2222220004
64680  53.970  9.435  22.192 0.2222220004
65483  55.196  10.637  27.036 0.1111110002
65474  55.244  10.518  27.751 0.1111110002
66324  55.786  11.149  26.736 0.1111110002
66339  55.027  11.035  25.242 0.1111110002
66355  54.715  11.191  24.262 0.1111110002
65500  54.158  10.597  24.690 0.1111110002
66367  54.298  11.271  23.268 0.1111110002
66376  54.206  11.428  22.324 0.1111110002
100341  53.771  10.783  23.183 0.1111110002
65501  53.389  9.940  23.994 0.2222220004
65519  54.169  10.447  21.269 0.1111110002
64694  53.796  10.086  21.971 0.2222220004
64693  54.264  9.766  21.525 0.2222220004
63111  60.475  8.030  25.630 0.1111110002
63100  60.696  8.026  26.311 0.1111110002
63125  60.313  8.218  24.892 0.1111110002
35701  22.658  -23.977  71.868 0.1111110002
111094  24.216  -23.035  70.333 0.1111110002
38385  26.442  -21.022  67.229 0.5555559993
100257  31.080  -20.482  67.795 0.2222220004
110851  37.472  -13.263  58.335 0.2222220004
97389  38.730  -13.282  57.125 0.2222220004
100784  38.297  -13.318  57.596 0.2222220004
50334  45.005  -7.738  48.722 0.1111110002
54068  40.151  -3.409  41.863 0.6666669846
52331  42.497  -5.119  41.789 0.7777780294
38268  19.041  -20.212  76.304 0.4444440007
44453  36.963  -12.986  58.808 0.2222220004
57238  41.218  0.823  40.673 0.5555559993
56475  42.409  -0.384  39.487 0.6666669846
39121  19.435  -19.507  76.638 0.2222220004
39130  20.190  -19.039  75.168 0.2222220004
35693  24.357  -22.993  73.450 0.1111110002
102513  25.442  -22.304  72.876 0.1111110002
37485  26.082  -21.839  72.588 0.1111110002
36634  25.363  -22.275  71.222 0.1111110002
36648  24.510  -22.827  71.054 0.1111110002
96974  27.934  -20.655  72.194 0.1111110002
37500  26.507  -21.445  70.388 0.1111110002
111297  25.777  -21.765  68.812 0.1111110002
94493  30.074  -20.553  71.362 0.1111110002
38343  31.259  -20.736  70.391 0.2222220004
38332  29.196  -20.454  71.638 0.1111110002
109852  28.520  -20.507  71.078 0.1111110002
38346  28.641  -20.508  70.035 0.1111110002
95792  27.034  -20.832  67.861 0.3333329856
44405  35.910  -13.400  62.243 0.2222220004
45414  39.956  -12.496  62.559 0.1111110002
45429  37.728  -12.507  61.760 0.1111110002
95406  42.333  -12.619  61.042 0.1111110002
45425  41.567  -12.639  61.432 0.1111110002
95249  40.676  -12.617  61.797 0.1111110002
96480  29.271  -15.551  66.741 0.1111110002
110569  42.233  -12.643  58.622 0.1111110002
105220  41.608  -12.714  59.135 0.1111110002
94850  40.195  -12.671  61.029 0.1111110002
45489  40.698  -12.861  58.119 0.1111110002
45454  37.958  -12.785  59.938 0.1111110002
44433  39.261  -12.894  59.383 0.1111110002
103624  39.473  -12.988  58.600 0.1111110002
44434  38.545  -12.919  59.446 0.1111110002
44452  38.157  -13.254  58.211 0.1111110002
54084  42.005  -3.752  41.201 0.6666669846
113565  42.410  -3.298  40.930 0.6666669846
54085  41.256  -3.530  41.254 0.6666669846
54101  43.962  -3.005  40.686 0.6666669846
110443  42.724  -2.238  40.243 0.6666669846
55715  41.298  -1.216  40.259 0.6666669846
55728  43.212  -1.608  39.558 0.6666669846
54931  42.230  -1.352  39.835 0.6666669846
109590  47.983  -2.655  40.472 0.5555559993
54939  46.595  -2.418  39.400 0.6666669846
100767  45.873  -2.940  40.636 0.6666669846
57237  41.753  0.271  39.981 0.6666669846
55736  47.591  -1.621  38.508 0.5555559993
55726  44.695  -1.727  39.007 0.6666669846
54942  44.126  -1.998  39.566 0.6666669846
55738  45.358  -1.456  38.631 0.6666669846
56492  47.455  -0.432  37.458 0.6666669846
56493  46.719  -0.207  37.629 0.6666669846
56501  47.859  -0.210  36.775 0.5555559993
57261  45.571  0.677  37.445 0.6666669846
56505  49.052  0.101  36.181 0.3333329856
57269  48.248  0.153  36.198 0.4444440007
59682  46.518  3.526  39.604 0.4444440007
58115  47.380  1.319  35.318 0.6666669846
101361  46.457  2.112  35.741 0.6666669846
58905  51.769  2.183  35.041 0.2222220004
58123  49.954  1.863  34.562 0.4444440007
108135  48.574  1.487  34.745 0.6666669846
112269  48.805  0.984  35.105 0.5555559993
58114  48.136  1.082  35.141 0.6666669846
57279  48.584  0.587  35.598 0.4444440007
59719  52.993  3.238  34.982 0.2222220004
59718  53.725  3.451  35.180 0.2222220004
59721  46.613  3.751  35.560 0.5555559993
58913  51.386  2.658  34.491 0.2222220004
60606  51.638  4.093  33.279 0.3333329856
58922  50.995  3.074  34.098 0.3333329856
58924  49.521  3.293  33.782 0.5555559993
58916  48.926  2.721  34.104 0.5555559993
108444  55.717  4.704  34.220 0.1111110002
60602  55.191  4.605  33.943 0.1111110002
60603  54.498  4.464  33.641 0.1111110002
94898  54.780  4.385  34.202 0.1111110002
113703  55.216  4.547  31.357 0.2222220004
60617  54.250  4.533  32.892 0.1111110002
95472  52.890  4.391  32.705 0.2222220004
59741  50.175  3.820  33.388 0.5555559993
60642  54.864  4.494  30.695 0.2222220004
60630  54.722  4.489  31.593 0.2222220004
113732  53.466  4.398  31.680 0.2222220004
59751  50.356  4.222  32.901 0.5555559993
60622  49.322  4.602  32.227 0.5555559993
61470  47.122  5.281  34.102 0.4444440007
60652  56.370  4.960  29.626 0.1111110002
110383  56.969  5.179  29.993 0.1111110002
60643  53.248  4.382  30.206 0.2222220004
96491  52.078  4.319  31.259 0.3333329856
60632  52.955  4.318  31.015 0.2222220004
104145  49.703  4.657  31.666 0.5555559993
60634  50.400  4.513  31.404 0.5555559993
61535  57.998  5.713  29.080 0.1111110002
111601  56.210  5.073  28.931 0.1111110002
61518  55.751  4.831  29.227 0.1111110002
60653  54.599  4.544  29.697 0.2222220004
61536  57.398  5.634  28.392 0.1111110002
98768  47.037  5.955  34.316 0.4444440007
60647  49.627  4.950  31.010 0.5555559993
109503  49.121  5.496  30.985 0.5555559993
97354  59.035  6.824  26.435 0.1111110002
62367  58.735  6.890  25.895 0.1111110002
61550  56.321  5.586  27.414 0.2222220004
61538  55.304  4.996  28.440 0.2222220004
60678  52.820  4.878  28.844 0.4444440007
62290  49.048  6.789  30.611 0.4444440007
62302  49.883  6.326  29.600 0.5555559993
62350  57.270  6.273  26.160 0.2222220004
96637  53.268  5.196  28.163 0.3333329856
61521  50.452  5.884  29.189 0.5555559993
112470  50.638  6.476  28.724 0.4444440007
63113  57.883  6.763  25.477 0.1111110002
63126  59.175  7.860  24.426 0.1111110002
61554  52.774  5.681  27.579 0.4444440007
62381  56.309  6.729  24.666 0.4444440007
63084  50.942  7.497  28.286 0.4444440007
62334  52.323  6.360  27.132 0.4444440007
62371  53.390  6.737  25.436 0.4444440007
62355  52.585  6.699  26.430 0.4444440007
63102  52.162  7.637  26.325 0.4444440007
63142  55.372  7.538  23.364 0.4444440007
113372  53.211  9.303  27.964 0.1111110002
64647  53.266  9.404  27.237 0.1111110002
64655  53.365  9.580  26.350 0.1111110002
64656  52.662  9.046  25.760 0.2222220004
63115  52.575  7.901  25.564 0.4444440007
63143  54.428  7.681  23.515 0.4444440007
110180  52.766  9.045  25.144 0.2222220004
63889  52.895  8.160  24.902 0.3333329856
65492  55.147  10.819  26.173 0.1111110002
65507  53.517  10.320  23.145 0.1111110002
65513  53.604  10.197  22.526 0.1111110002
65506  53.920  10.695  23.758 0.1111110002
66368  53.742  10.791  22.668 0.1111110002
65520  53.888  10.767  21.838 0.1111110002
106447  18.580  -20.755  76.518 0.2222220004
38269  18.593  -20.393  77.175 0.1111110002
39122  19.000  -19.894  77.087 0.1111110002
42391  30.401  -15.324  68.749 0.1111110002
42392  29.552  -15.319  68.904 0.1111110002
113036  28.944  -15.217  68.861 0.1111110002
42380  28.584  -14.980  69.227 0.1111110002
42393  29.115  -15.423  68.275 0.1111110002
98695  34.528  -18.516  67.141 0.3333329856
96500  34.419  -18.273  65.873 0.3333329856
40812  34.493  -17.565  64.503 0.3333329856
98467  20.676  -18.331  76.356 0.1111110002
43393  30.123  -14.725  70.912 0.1111110002
42371  29.703  -14.933  70.204 0.1111110002
43394  29.399  -14.598  70.768 0.1111110002
42379  30.002  -15.254  69.588 0.1111110002
43407  27.296  -14.651  69.575 0.1111110002
94556  25.994  -15.016  68.887 0.1111110002
42404  29.567  -15.472  67.619 0.1111110002
105892  29.107  -14.410  71.342 0.1111110002
43395  28.458  -14.460  70.699 0.1111110002
112916  27.627  -14.497  70.276 0.1111110002
43408  26.384  -14.767  69.577 0.1111110002
42384  24.899  -15.667  69.508 0.1111110002
42383  25.596  -15.187  69.611 0.1111110002
52266  47.561  -5.420  44.618 0.3333329856
52288  46.427  -5.412  43.786 0.3333329856
53157  45.972  -5.067  43.137 0.3333329856
52308  44.330  -5.526  42.663 0.4444440007
53156  46.725  -4.671  43.356 0.3333329856
53164  46.934  -3.753  43.046 0.2222220004
53165  46.285  -4.272  42.772 0.4444440007
53166  45.504  -4.625  42.502 0.5555559993
53167  44.639  -4.894  42.262 0.5555559993
52309  43.574  -5.683  42.454 0.5555559993
53173  45.041  -4.155  41.848 0.5555559993
53174  44.010  -4.480  41.644 0.5555559993
54897  47.800  -2.722  42.233 0.2222220004
54079  47.011  -2.964  42.188 0.3333329856
54080  46.283  -3.307  41.786 0.3333329856
54067  45.891  -3.872  42.148 0.4444440007
95809  44.591  -3.478  41.222 0.5555559993
54908  47.368  -2.876  41.122 0.2222220004
54909  46.502  -3.038  41.241 0.4444440007
54910  45.899  -3.117  41.247 0.5555559993
108236  44.691  -2.900  40.703 0.5555559993
54907  48.304  -2.704  41.285 0.2222220004
54926  48.798  -2.515  40.313 0.3333329856
95064  45.164  -2.749  40.283 0.5555559993
54929  44.424  -2.565  40.147 0.5555559993
54937  48.855  -2.234  39.335 0.4444440007
54936  49.615  -1.906  39.034 0.4444440007
97981  49.951  -1.006  38.682 0.2222220004
56489  50.902  -0.234  37.891 0.1111110002
57266  52.015  0.876  37.019 0.1111110002
58104  52.472  1.497  36.477 0.1111110002
58111  52.131  1.782  35.709 0.1111110002
59710  54.087  3.052  35.791 0.1111110002
59691  47.021  3.873  38.907 0.4444440007
60556  46.545  4.029  37.900 0.4444440007
61453  47.031  5.603  36.229 0.2222220004
60574  46.783  4.854  36.596 0.2222220004
32265  16.063  -27.137  78.329 0.2222220004
40824  34.273  -17.351  63.839 0.3333329856
51360  44.017  -6.412  43.578 0.5555559993
31436  14.707  -28.123  77.317 0.1111110002
42382  26.886  -14.878  68.838 0.1111110002
42381  27.797  -14.943  68.945 0.1111110002
51369  43.971  -6.020  42.970 0.5555559993
52329  43.947  -5.152  42.152 0.5555559993
52330  43.295  -5.131  41.923 0.5555559993
54928  46.574  -2.855  40.328 0.4444440007
54946  48.873  -1.864  38.760 0.4444440007
56481  50.083  -0.548  37.946 0.2222220004
58897  52.909  2.148  36.016 0.1111110002
39921  19.698  -19.022  77.087 0.1111110002
39116  19.214  -19.445  77.510 0.1111110002
105737  29.278  -15.102  69.497 0.1111110002
43406  28.163  -14.687  69.740 0.1111110002
42372  28.959  -14.827  70.018 0.1111110002
97232  25.362  -15.403  68.994 0.1111110002
52307  45.135  -5.342  42.899 0.3333329856
52290  44.664  -5.916  43.284 0.3333329856
54066  46.589  -3.480  42.490 0.2222220004
112364  47.102  -3.032  42.847 0.2222220004
54065  47.580  -2.701  42.920 0.2222220004
54896  48.222  -2.414  42.995 0.1111110002
54081  45.536  -3.458  41.507 0.5555559993
54100  45.287  -2.993  41.010 0.5555559993
94308  49.175  -2.583  41.298 0.1111110002
54925  49.720  -2.449  40.462 0.1111110002
108524  49.466  -2.314  39.729 0.2222220004
55723  50.512  -1.479  39.260 0.2222220004
96796  50.842  -0.670  38.748 0.1111110002
98590  29.305  -22.430  75.055 0.1111110002
42427  36.864  -15.894  64.937 0.1111110002
40801  36.164  -17.234  66.166 0.1111110002
40784  36.034  -17.680  67.522 0.1111110002
38262  33.155  -19.227  78.189 0.1111110002
41594  36.027  -15.837  64.281 0.1111110002
98325  36.167  -16.399  64.971 0.1111110002
40793  35.715  -17.695  66.713 0.2222220004
39991  35.192  -18.544  68.768 0.2222220004
39173  34.748  -19.528  70.432 0.1111110002
97488  34.713  -19.896  71.981 0.1111110002
38300  34.069  -20.206  73.448 0.1111110002
38274  33.975  -19.305  76.290 0.1111110002
41595  35.545  -16.633  64.629 0.2222220004
40013  34.849  -17.900  65.673 0.2222220004
40000  34.767  -18.575  67.963 0.2222220004
40004  34.924  -18.133  66.440 0.2222220004
36555  30.398  -21.586  79.472 0.1111110002
36553  32.128  -22.238  78.788 0.1111110002
38315  33.378  -20.562  72.819 0.1111110002
38289  33.344  -20.079  75.242 0.1111110002
39183  33.909  -19.750  68.928 0.1111110002
38341  33.418  -20.546  70.774 0.1111110002
38328  33.228  -20.670  71.761 0.1111110002
38356  33.507  -20.310  69.798 0.1111110002
39937  20.883  -18.689  74.686 0.1111110002
38265  30.810  -20.156  78.536 0.1111110002
113441  30.315  -20.247  79.200 0.1111110002
37438  30.253  -20.653  79.491 0.1111110002
38252  30.984  -20.217  79.125 0.1111110002
38251  31.920  -20.330  78.903 0.1111110002
38277  31.960  -19.717  77.655 0.1111110002
38263  32.369  -19.588  78.338 0.1111110002
96117  31.746  -20.247  76.038 0.1111110002
38276  32.520  -19.541  77.350 0.1111110002
38290  32.610  -20.178  75.653 0.1111110002
98535  32.746  -20.517  74.227 0.1111110002
109571  32.836  -20.652  70.263 0.1111110002
38291  31.089  -20.571  74.640 0.1111110002
94907  31.984  -20.608  74.498 0.1111110002
38302  32.157  -20.791  73.218 0.1111110002
38329  32.338  -20.837  71.704 0.1111110002
39943  21.986  -17.966  73.823 0.1111110002
51335  46.727  -6.189  45.140 0.2222220004
52268  46.131  -5.908  44.237 0.2222220004
52289  45.556  -5.764  43.671 0.2222220004
51359  44.853  -6.297  43.975 0.3333329856
54056  47.497  -3.135  43.240 0.1111110002
53155  47.434  -4.203  43.529 0.1111110002
52287  47.190  -5.070  43.942 0.2222220004
52145  38.781  -5.888  52.943 0.1111110002
101454  38.959  -5.195  52.373 0.2222220004
53989  39.181  -2.882  50.170 0.2222220004
59671  47.099  3.588  40.326 0.1111110002
112554  34.301  -18.943  68.067 0.2222220004
49283  39.204  -8.626  57.904 0.1111110002
95862  32.636  -20.776  70.964 0.1111110002
40803  35.056  -17.376  65.064 0.2222220004
36579  30.939  -22.455  76.355 0.1111110002
41581  35.814  -16.955  65.407 0.1111110002
40792  36.336  -17.374  66.897 0.1111110002
40774  35.604  -18.086  68.186 0.1111110002
39990  35.906  -18.091  69.036 0.1111110002
37435  33.537  -20.171  78.662 0.1111110002
40802  35.453  -17.570  65.902 0.2222220004
39999  35.271  -18.135  67.326 0.2222220004
39980  35.487  -18.553  69.534 0.1111110002
39172  35.116  -19.056  70.000 0.1111110002
39163  35.333  -19.115  70.830 0.1111110002
100120  35.356  -19.264  71.710 0.1111110002
39164  34.716  -19.716  71.133 0.1111110002
39156  34.721  -19.830  72.978 0.1111110002
38314  34.037  -20.333  72.361 0.1111110002
38288  34.013  -19.843  74.734 0.1111110002
38275  33.241  -19.322  76.965 0.1111110002
39181  34.890  -19.024  69.270 0.1111110002
39182  34.427  -19.631  69.704 0.1111110002
112035  34.459  -19.351  69.106 0.1111110002
38340  34.175  -20.114  70.524 0.1111110002
38327  34.063  -20.302  71.399 0.1111110002
36554  31.341  -21.282  79.301 0.1111110002
107852  31.319  -22.173  78.960 0.1111110002
36566  30.628  -22.346  78.104 0.1111110002
36565  31.635  -22.467  77.854 0.1111110002
37449  33.030  -22.303  78.457 0.1111110002
37437  32.475  -21.425  79.028 0.1111110002
38250  32.813  -20.243  78.769 0.1111110002
38301  33.410  -20.384  73.893 0.1111110002
96553  32.665  -20.773  72.474 0.1111110002
38264  31.659  -19.937  78.435 0.1111110002
96757  32.869  -20.656  73.262 0.1111110002
101026  31.195  -20.162  77.240 0.1111110002
95451  30.780  -20.414  75.718 0.1111110002
94497  32.039  -20.875  72.319 0.1111110002
48356  45.134  -8.835  53.940 0.1111110002
49338  44.805  -8.485  53.263 0.1111110002
49348  44.493  -8.152  52.607 0.1111110002
49357  44.213  -7.888  51.958 0.2222220004
59645  48.380  3.697  42.917 0.1111110002
60564  47.084  4.562  37.447 0.2222220004
62257  48.126  6.936  35.582 0.1111110002
63051  48.077  7.469  32.687 0.2222220004
63047  48.171  7.638  33.611 0.1111110002
63060  48.753  7.282  31.093 0.3333329856
63839  49.240  8.447  32.695 0.2222220004
99431  49.642  8.511  31.968 0.2222220004
63057  48.401  7.429  31.755 0.2222220004
63851  49.299  7.463  30.625 0.3333329856
63844  49.761  8.197  30.952 0.2222220004
63059  49.944  7.761  30.102 0.2222220004
63071  50.245  7.415  29.361 0.2222220004
95096  50.578  8.381  30.507 0.1111110002
63850  51.390  8.557  30.076 0.1111110002
63070  50.779  7.803  28.849 0.2222220004
63139  59.188  8.317  23.665 0.2222220004
64617  53.653  9.417  30.437 0.1111110002
63862  52.161  8.770  29.628 0.1111110002
63874  51.304  8.115  28.231 0.2222220004
63905  58.240  8.215  23.175 0.2222220004
95182  59.318  8.794  22.866 0.2222220004
63915  58.139  8.622  22.350 0.3333329856
107237  59.014  8.998  22.179 0.3333329856
104902  58.442  9.028  21.782 0.3333329856
64629  52.882  9.009  29.193 0.1111110002
63873  52.020  8.637  28.706 0.2222220004
107300  56.932  7.852  23.069 0.3333329856
63151  57.382  8.147  22.815 0.3333329856
63916  57.058  8.445  22.154 0.3333329856
63939  58.372  9.269  21.079 0.2222220004
63930  57.597  8.854  21.597 0.3333329856
63931  56.538  8.715  21.410 0.3333329856
63940  57.133  9.072  20.781 0.2222220004
64703  56.651  9.335  19.966 0.1111110002
64704  55.243  9.460  20.655 0.1111110002
64692  54.801  9.421  21.206 0.1111110002
64717  56.274  9.706  19.284 0.1111110002
93957  55.746  9.544  19.957 0.1111110002
64729  56.778  9.975  18.547 0.1111110002
65552  57.557  10.610  17.415 0.1111110002
64716  57.123  9.596  19.208 0.1111110002
65530  55.103  10.683  19.552 0.1111110002
65525  55.001  10.054  20.059 0.1111110002
64705  54.562  9.978  20.802 0.1111110002
65541  55.715  10.698  18.694 0.1111110002
64718  55.561  10.080  19.349 0.1111110002
64730  56.095  10.126  18.784 0.1111110002
65540  56.503  10.526  18.059 0.1111110002
62253  47.497  6.316  35.915 0.1111110002
63840  48.709  8.128  32.198 0.2222220004
63152  56.600  8.073  22.707 0.3333329856
63085  50.584  7.133  28.707 0.3333329856
60555  47.462  4.314  38.340 0.2222220004
63836  48.652  8.150  33.052 0.2222220004
63056  48.964  7.945  31.366 0.3333329856
63843  50.593  8.675  31.446 0.2222220004
63864  50.609  8.114  29.620 0.2222220004
63863  51.315  8.355  29.155 0.2222220004
97691  52.947  9.128  30.033 0.1111110002
63929  59.287  9.278  21.651 0.2222220004
31428  17.967  -28.594  78.633 0.1111110002
31425  17.510  -28.979  79.385 0.1111110002
31434  17.407  -28.216  78.233 0.1111110002
31438  17.690  -27.988  77.346 0.1111110002
32271  17.399  -27.485  77.006 0.1111110002
31429  16.875  -28.499  78.971 0.1111110002
31426  16.552  -28.921  79.163 0.1111110002
103145  15.943  -28.900  79.000 0.1111110002
32257  16.451  -27.961  78.664 0.1111110002
32258  15.893  -27.758  78.677 0.1111110002
31431  15.618  -28.442  78.677 0.1111110002
108892  42.711  -1.776  48.881 0.1111110002
97363  43.926  -1.776  49.582 0.1111110002
96911  43.503  -1.835  48.921 0.1111110002
54816  41.199  -1.770  49.584 0.1111110002
111617  41.043  -1.689  48.843 0.1111110002
54825  41.477  -1.755  48.161 0.1111110002
56415  43.936  -1.209  46.536 0.1111110002
54838  42.724  -2.043  47.279 0.1111110002
59681  47.434  3.775  39.692 0.1111110002
59690  47.868  4.103  39.155 0.1111110002
60563  47.867  4.816  37.828 0.1111110002
63913  61.434  9.325  22.811 0.1111110002
107447  61.539  9.396  22.078 0.1111110002
63928  60.020  9.293  22.255 0.1111110002
32264  16.912  -27.687  77.970 0.1111110002
51197  40.471  -6.711  55.521 0.1111110002
54826  40.486  -1.772  48.191 0.1111110002
101742  43.348  -1.715  46.314 0.1111110002
31430  16.182  -28.359  78.907 0.1111110002
95394  41.806  -1.679  48.887 0.1111110002
54814  43.004  -1.761  49.745 0.1111110002
54824  42.375  -1.873  48.094 0.1111110002
63914  60.638  9.273  22.943 0.1111110002
64679  61.080  9.614  22.261 0.1111110002
63927  62.003  9.119  21.315 0.1111110002
35668  14.745  -23.668  77.173 0.1111110002
38247  17.369  -20.635  78.980 0.1111110002
38248  16.443  -20.768  79.064 0.1111110002
37433  16.169  -21.530  78.996 0.1111110002
37432  16.815  -21.446  78.902 0.1111110002
95719  40.177  -4.826  53.048 0.1111110002
53054  40.502  -4.314  52.625 0.1111110002
52144  39.562  -5.381  53.175 0.1111110002
53979  40.034  -4.006  51.914 0.1111110002
53055  39.699  -4.688  52.469 0.1111110002
52252  47.218  -5.931  45.049 0.1111110002
53984  40.384  -3.426  51.336 0.1111110002
52267  46.804  -5.755  44.510 0.1111110002
53145  47.912  -4.620  44.147 0.1111110002
52265  48.337  -5.159  44.804 0.1111110002
97934  39.673  -3.729  51.262 0.1111110002
54935  50.205  -2.178  39.744 0.1111110002
112914  56.808  6.790  20.215 0.1111110002
96874  57.054  7.092  19.484 0.1111110002
62441  56.143  6.740  19.904 0.1111110002
64712  62.283  9.757  19.257 0.1111110002
64713  61.290  10.105  19.698 0.1111110002
63203  62.365  8.428  17.751 0.1111110002
64726  62.077  10.383  18.419 0.1111110002
107435  60.087  9.975  19.916 0.1111110002
63958  62.515  9.137  16.960 0.1111110002
63204  61.031  8.017  18.036 0.1111110002
104460  58.084  7.196  19.566 0.1111110002
62427  55.486  6.458  20.443 0.1111110002
62407  54.874  6.133  21.009 0.1111110002
63959  61.942  8.628  16.836 0.1111110002
111425  60.164  7.419  18.578 0.1111110002
98872  58.045  7.439  18.735 0.1111110002
63216  60.207  8.315  17.051 0.1111110002
108680  56.952  7.299  18.677 0.1111110002
64690  60.543  9.658  21.475 0.1111110002
64700  60.419  9.830  20.596 0.1111110002
64691  59.512  9.504  21.066 0.1111110002
64701  59.145  9.626  20.411 0.1111110002
63957  62.720  9.191  17.584 0.1111110002
64725  62.707  9.990  17.866 0.1111110002
64714  60.450  10.268  18.839 0.1111110002
64715  59.006  9.855  19.550 0.1111110002
62408  53.913  6.090  20.766 0.1111110002
64740  62.658  10.029  16.897 0.1111110002
64727  61.623  10.734  17.705 0.1111110002
100238  58.578  7.786  17.665 0.1111110002
63206  57.400  7.535  17.955 0.1111110002
63970  61.302  9.227  16.147 0.1111110002
64639  52.700  8.974  28.327 0.1111110002
64702  57.845  9.444  20.032 0.1111110002
65537  62.387  10.541  17.127 0.1111110002
64741  62.105  9.785  16.102 0.1111110002
65550  62.202  10.677  16.124 0.1111110002
65538  61.702  11.041  16.518 0.1111110002
100699  56.289  6.524  20.671 0.1111110002
64699  61.498  9.850  20.582 0.1111110002
112628  61.942  7.904  18.396 0.1111110002
63205  59.440  7.620  18.236 0.1111110002
63188  59.245  7.295  19.169 0.1111110002
62428  54.654  6.407  20.196 0.1111110002
65551  61.574  11.150  15.535 0.1111110002
33935  14.567  -25.176  75.493 0.1111110002
39189  34.503  -19.052  68.600 0.2222220004
40005  34.111  -18.606  66.479 0.4444440007
45562  38.527  -12.233  51.708 0.8888890147
46487  42.956  -11.545  55.083 0.2222220004
46535  35.864  -11.367  50.895 1.0000000000
51347  43.632  -6.849  44.103 0.3333329856
52221  35.903  -5.009  47.925 1.0000000000
94214  41.157  -12.505  54.964 0.3333329856
111156  36.978  -12.321  51.303 0.8888890147
