#!ascii label  , from subject sub-v2s15x29743_ses-1 vox2ras=TkReg
931
80416  45.487  33.993  19.209 0.0000000000
83350  48.409  40.252  17.700 0.0000000000
78331  52.066  30.092  21.763 0.0000000000
79290  40.480  32.106  20.599 0.0000000000
78374  42.059  30.085  15.201 0.0000000000
82264  45.849  37.407  14.960 0.0000000000
111247  42.215  41.669  19.442 0.0000000000
84902  42.135  43.018  16.776 0.0000000000
78752  50.315  31.824  27.316 0.0000000000
110730  43.946  29.480  25.078 0.0000000000
81630  50.002  37.407  16.762 0.0000000000
78856  50.114  30.724  15.614 0.0000000000
80415  50.760  34.399  19.112 0.0000000000
79802  50.891  34.066  24.439 0.0000000000
83384  40.043  39.818  13.317 0.0000000000
83885  48.070  41.154  13.646 0.0000000000
77346  43.343  28.628  19.648 0.0000000000
107364  43.162  33.040  19.985 0.0000000000
78830  40.933  31.381  18.318 0.0000000000
78827  44.455  31.666  18.479 0.0000000000
81612  45.710  36.065  17.440 0.0000000000
100363  43.361  35.267  18.605 0.0000000000
85327  39.774  45.033  20.395 0.0000000000
78721  49.386  31.501  30.590 0.0000000000
78284  46.883  29.910  28.006 0.0000000000
76735  45.787  27.782  29.732 0.0000000000
82343  41.685  37.722  9.982 0.0000000000
102373  50.688  38.938  17.524 0.0000000000
81588  52.647  36.433  17.708 0.0000000000
81575  51.109  37.591  19.355 0.0000000000
82159  46.939  37.818  24.370 0.0000000000
80373  47.822  35.374  23.241 0.0000000000
104715  49.484  38.267  25.398 0.0000000000
80352  50.815  34.603  26.239 0.0000000000
85348  46.322  44.538  17.746 0.0000000000
84421  45.850  41.795  15.882 0.0000000000
110603  48.800  42.227  16.153 0.0000000000
83356  49.636  40.200  14.942 0.0000000000
77851  51.461  29.637  17.933 0.0000000000
94672  46.783  29.403  16.165 0.0000000000
77843  48.007  29.413  19.844 0.0000000000
109584  39.036  29.229  16.402 0.0000000000
76815  39.978  27.802  14.630 0.0000000000
82314  47.199  37.359  11.469 0.0000000000
82299  43.648  37.033  13.430 0.0000000000
107565  45.240  41.917  19.382 0.0000000000
82794  47.020  38.341  19.937 0.0000000000
84413  35.269  41.886  16.140 0.0000000000
105462  38.627  41.562  15.280 0.0000000000
85338  42.864  46.121  19.408 0.0000000000
78768  51.223  31.673  24.920 0.0000000000
78325  47.639  30.509  22.710 0.0000000000
103174  47.456  30.812  25.690 0.0000000000
77285  43.926  28.168  27.560 0.0000000000
80986  47.786  35.096  17.996 0.0000000000
78825  47.784  32.090  18.256 0.0000000000
80439  50.946  34.145  17.217 0.0000000000
104547  51.341  31.738  17.422 0.0000000000
78801  52.146  31.154  20.318 0.0000000000
80960  47.970  35.971  20.854 0.0000000000
79829  49.462  33.023  21.469 0.0000000000
79260  53.429  31.597  23.411 0.0000000000
79242  54.171  32.965  26.174 0.0000000000
99969  52.478  33.688  30.622 0.0000000000
97412  39.532  40.683  11.151 0.0000000000
82857  42.753  38.499  12.375 0.0000000000
83366  44.215  39.651  14.258 0.0000000000
83394  46.950  39.033  11.667 0.0000000000
82839  48.348  38.617  12.535 0.0000000000
82241  48.054  37.427  16.185 0.0000000000
78371  45.136  30.470  15.226 0.0000000000
77871  42.946  29.237  16.017 0.0000000000
76791  40.296  27.850  18.789 0.0000000000
107144  43.926  28.791  22.048 0.0000000000
101027  43.844  33.456  19.765 0.0000000000
78814  43.304  31.863  19.224 0.0000000000
78812  44.891  32.128  19.176 0.0000000000
80988  45.770  35.042  18.431 0.0000000000
81005  44.517  35.653  18.040 0.0000000000
80433  44.556  34.686  18.919 0.0000000000
80419  43.455  34.280  19.543 0.0000000000
77754  47.737  30.494  31.177 0.0000000000
77766  47.341  29.625  30.677 0.0000000000
77276  46.820  28.843  31.104 0.0000000000
76289  37.966  26.076  15.225 0.0000000000
83349  49.412  40.042  17.109 0.0000000000
82808  51.336  38.841  18.500 0.0000000000
82810  48.572  39.024  18.314 0.0000000000
82758  47.288  38.997  25.640 0.0000000000
82765  48.985  38.865  24.959 0.0000000000
84384  47.282  43.282  17.683 0.0000000000
84896  47.826  43.474  16.686 0.0000000000
84392  48.527  42.239  16.815 0.0000000000
83354  49.608  40.585  16.332 0.0000000000
103419  51.983  29.426  19.582 0.0000000000
77842  48.855  29.442  19.440 0.0000000000
77817  49.545  29.920  21.113 0.0000000000
79291  39.679  31.994  20.827 0.0000000000
78803  40.069  31.641  20.157 0.0000000000
78848  41.229  31.006  17.221 0.0000000000
78849  40.373  30.896  17.414 0.0000000000
77885  40.334  29.538  15.568 0.0000000000
77378  39.249  28.009  14.496 0.0000000000
77899  40.967  28.975  14.589 0.0000000000
82296  46.811  37.457  12.893 0.0000000000
81670  45.372  36.729  12.506 0.0000000000
82282  45.220  37.266  14.279 0.0000000000
100716  41.029  33.593  20.836 0.0000000000
79831  40.433  33.513  21.108 0.0000000000
84371  44.125  41.859  19.478 0.0000000000
83838  44.893  40.499  20.139 0.0000000000
83839  43.923  40.269  20.181 0.0000000000
108240  41.639  43.268  19.421 0.0000000000
85325  41.643  45.763  19.755 0.0000000000
84872  43.431  44.840  19.347 0.0000000000
84871  44.846  44.231  18.940 0.0000000000
79245  51.043  32.076  26.552 0.0000000000
78769  49.230  31.373  24.699 0.0000000000
78754  48.774  31.292  26.596 0.0000000000
76737  45.236  27.766  28.917 0.0000000000
77775  45.344  29.192  27.580 0.0000000000
76228  44.955  26.534  27.869 0.0000000000
103767  48.478  35.627  17.504 0.0000000000
80429  48.394  34.386  18.136 0.0000000000
93979  49.928  35.658  17.324 0.0000000000
105912  51.989  34.639  18.212 0.0000000000
79851  51.730  34.119  17.518 0.0000000000
79842  51.409  33.535  18.401 0.0000000000
78824  51.622  31.362  18.106 0.0000000000
79286  50.998  31.839  19.824 0.0000000000
82205  46.743  38.202  20.918 0.0000000000
82204  47.372  37.627  20.264 0.0000000000
81547  47.348  36.352  21.445 0.0000000000
80365  49.284  35.056  24.211 0.0000000000
80383  48.352  34.266  22.428 0.0000000000
79814  49.662  33.555  23.188 0.0000000000
79268  51.545  32.281  22.506 0.0000000000
79813  51.847  33.262  23.931 0.0000000000
79800  53.643  32.601  24.852 0.0000000000
80362  52.265  33.870  25.318 0.0000000000
79787  50.051  34.447  26.551 0.0000000000
106655  52.083  34.304  27.693 0.0000000000
83398  39.925  39.787  12.378 0.0000000000
82859  41.128  38.753  11.944 0.0000000000
83383  41.597  38.933  13.032 0.0000000000
84407  40.908  42.128  16.045 0.0000000000
84423  40.368  41.560  15.573 0.0000000000
83869  42.118  41.180  15.969 0.0000000000
83886  46.789  40.872  14.464 0.0000000000
83888  44.672  40.146  14.890 0.0000000000
83364  46.034  40.100  13.780 0.0000000000
83395  45.652  39.084  12.456 0.0000000000
83377  47.808  39.671  12.063 0.0000000000
83407  47.788  38.753  11.546 0.0000000000
83392  49.478  39.969  12.139 0.0000000000
109548  49.912  38.904  16.477 0.0000000000
82261  48.758  38.199  15.828 0.0000000000
81631  48.556  36.962  16.608 0.0000000000
103543  47.724  36.189  17.061 0.0000000000
78841  48.733  31.859  17.430 0.0000000000
78859  46.425  31.095  16.499 0.0000000000
78369  47.056  30.651  15.356 0.0000000000
77856  44.897  28.935  18.339 0.0000000000
77882  45.186  29.426  15.974 0.0000000000
109045  43.518  28.979  17.972 0.0000000000
97041  41.975  28.835  17.143 0.0000000000
77347  42.472  28.598  19.298 0.0000000000
78316  45.848  30.325  23.746 0.0000000000
77808  45.956  30.156  22.905 0.0000000000
77802  44.381  29.546  23.647 0.0000000000
79288  42.039  32.488  20.144 0.0000000000
108715  41.246  31.715  19.671 0.0000000000
94079  42.469  31.706  19.102 0.0000000000
78829  42.993  31.540  18.338 0.0000000000
78847  42.699  31.186  17.249 0.0000000000
82243  46.067  37.035  16.318 0.0000000000
80421  42.075  34.253  20.149 0.0000000000
78732  49.894  31.578  29.674 0.0000000000
78745  48.872  31.269  27.667 0.0000000000
103726  47.655  30.226  28.794 0.0000000000
77279  46.375  28.819  29.707 0.0000000000
82225  51.318  38.185  17.391 0.0000000000
105312  51.753  35.960  17.071 0.0000000000
82807  52.040  38.700  18.041 0.0000000000
82209  52.109  38.133  18.685 0.0000000000
80974  50.823  36.430  19.415 0.0000000000
82177  46.369  37.748  22.594 0.0000000000
81530  47.210  36.340  22.464 0.0000000000
82166  47.317  37.247  23.942 0.0000000000
80921  48.551  36.395  24.417 0.0000000000
111283  49.962  35.687  24.884 0.0000000000
80358  51.411  34.457  25.798 0.0000000000
81468  49.610  36.808  25.741 0.0000000000
80913  49.385  36.260  26.271 0.0000000000
80914  48.142  35.475  26.672 0.0000000000
83901  38.764  40.785  13.276 0.0000000000
84885  44.765  45.152  17.914 0.0000000000
84405  43.627  42.373  16.588 0.0000000000
84898  46.597  44.254  16.892 0.0000000000
84913  47.801  43.129  16.232 0.0000000000
84418  49.258  41.929  14.920 0.0000000000
83895  50.324  41.089  13.157 0.0000000000
83873  49.902  41.171  14.786 0.0000000000
82815  49.917  39.339  16.631 0.0000000000
77878  50.463  30.043  16.084 0.0000000000
77892  48.521  29.756  14.657 0.0000000000
77865  49.001  29.474  16.568 0.0000000000
77853  47.538  29.253  18.300 0.0000000000
108965  45.778  28.918  19.760 0.0000000000
76236  42.685  26.787  26.913 0.0000000000
77292  42.440  28.480  25.659 0.0000000000
78346  37.967  30.140  18.585 0.0000000000
95023  39.945  31.234  18.321 0.0000000000
78351  38.877  30.369  17.658 0.0000000000
77874  38.079  28.690  17.057 0.0000000000
77368  38.247  28.013  15.541 0.0000000000
76816  38.501  27.019  14.552 0.0000000000
76809  39.402  27.238  15.950 0.0000000000
81702  46.570  36.241  10.348 0.0000000000
81686  44.376  36.422  11.947 0.0000000000
83855  46.766  40.734  18.780 0.0000000000
83345  46.870  39.756  18.960 0.0000000000
83845  46.242  40.551  19.434 0.0000000000
107894  46.091  39.554  20.436 0.0000000000
82783  46.186  38.650  21.409 0.0000000000
82192  45.912  38.341  22.043 0.0000000000
112901  45.428  37.605  23.268 0.0000000000
84411  37.141  41.835  15.871 0.0000000000
101765  39.299  42.530  16.479 0.0000000000
85362  40.866  43.609  17.433 0.0000000000
84887  42.588  44.689  17.852 0.0000000000
85350  44.441  45.737  18.906 0.0000000000
84870  46.069  43.762  18.450 0.0000000000
78310  52.380  30.897  23.226 0.0000000000
108619  49.353  30.546  22.461 0.0000000000
78312  49.268  30.865  23.186 0.0000000000
78300  47.066  30.709  24.298 0.0000000000
78290  45.973  30.351  25.308 0.0000000000
78287  46.787  30.271  26.951 0.0000000000
77778  45.352  29.572  26.741 0.0000000000
77780  43.812  28.924  26.400 0.0000000000
79844  46.860  34.087  18.835 0.0000000000
79298  46.146  32.762  19.187 0.0000000000
106356  47.651  33.745  18.624 0.0000000000
79306  49.082  32.998  17.936 0.0000000000
79313  49.870  32.309  17.288 0.0000000000
80438  51.850  34.507  17.303 0.0000000000
79859  51.400  33.675  17.368 0.0000000000
108987  50.990  31.341  16.482 0.0000000000
78356  51.568  30.229  17.413 0.0000000000
77849  53.070  29.778  19.128 0.0000000000
77814  53.581  29.903  20.571 0.0000000000
82212  48.058  38.017  19.418 0.0000000000
81558  48.862  36.638  20.187 0.0000000000
80404  49.635  34.833  19.986 0.0000000000
80394  47.879  34.863  21.766 0.0000000000
80393  48.414  34.241  21.464 0.0000000000
79836  49.448  33.511  20.599 0.0000000000
79275  50.914  31.833  20.837 0.0000000000
78793  53.661  31.045  21.865 0.0000000000
78321  53.073  30.582  22.344 0.0000000000
78778  53.025  31.367  23.698 0.0000000000
79248  53.052  32.310  25.739 0.0000000000
79232  52.550  32.534  27.812 0.0000000000
79785  53.167  34.004  26.930 0.0000000000
79773  53.942  32.962  28.899 0.0000000000
79211  52.891  32.735  30.825 0.0000000000
78711  50.571  32.385  31.145 0.0000000000
83408  40.470  39.256  11.060 0.0000000000
82871  42.379  38.240  11.644 0.0000000000
82331  43.776  37.722  11.096 0.0000000000
83876  43.393  40.512  15.594 0.0000000000
83382  42.820  39.175  13.689 0.0000000000
82841  43.217  38.752  13.054 0.0000000000
82855  44.904  38.555  12.041 0.0000000000
82868  45.817  37.844  10.881 0.0000000000
82328  47.235  37.445  10.845 0.0000000000
82313  47.714  37.899  12.069 0.0000000000
82295  47.538  38.019  13.375 0.0000000000
82829  49.031  39.235  14.354 0.0000000000
82821  48.302  38.441  15.013 0.0000000000
82263  46.751  37.570  15.255 0.0000000000
81633  46.782  36.687  16.693 0.0000000000
81002  47.129  35.607  17.755 0.0000000000
78826  45.441  31.726  18.470 0.0000000000
78845  44.817  31.321  17.358 0.0000000000
78372  43.726  30.423  15.303 0.0000000000
77894  46.340  29.765  14.680 0.0000000000
77909  44.212  29.897  14.772 0.0000000000
77385  41.919  29.053  14.742 0.0000000000
77376  41.417  28.751  14.917 0.0000000000
76800  40.133  27.826  17.258 0.0000000000
93932  47.602  29.779  21.241 0.0000000000
77820  45.994  29.453  21.332 0.0000000000
77326  44.160  28.598  21.100 0.0000000000
77311  42.431  28.457  23.645 0.0000000000
104982  42.173  28.289  20.779 0.0000000000
111079  46.931  27.376  30.888 0.0000000000
95332  46.787  26.726  29.215 0.0000000000
79846  44.839  33.545  19.488 0.0000000000
79300  44.445  32.740  19.553 0.0000000000
79299  45.264  32.797  19.384 0.0000000000
80432  45.289  34.591  18.871 0.0000000000
80989  44.948  35.139  18.492 0.0000000000
80417  44.898  34.238  19.231 0.0000000000
80418  44.245  34.196  19.384 0.0000000000
83343  48.961  39.449  17.759 0.0000000000
83344  47.869  39.547  18.326 0.0000000000
83861  48.042  41.349  17.588 0.0000000000
84393  47.827  42.484  17.443 0.0000000000
83860  49.007  41.049  16.985 0.0000000000
77815  52.684  29.674  20.895 0.0000000000
77828  50.112  29.607  20.387 0.0000000000
77816  50.989  29.762  21.102 0.0000000000
78864  41.585  30.582  16.148 0.0000000000
78358  40.761  30.452  16.333 0.0000000000
78375  41.267  29.799  15.299 0.0000000000
82281  46.009  37.410  13.970 0.0000000000
82297  45.721  37.130  13.231 0.0000000000
96030  40.846  32.788  20.802 0.0000000000
79277  40.095  32.660  21.116 0.0000000000
84372  43.143  42.225  19.337 0.0000000000
109573  44.259  40.959  19.884 0.0000000000
98962  43.490  40.972  19.776 0.0000000000
84856  42.326  42.932  19.293 0.0000000000
84855  44.166  43.469  19.171 0.0000000000
93954  50.131  31.686  26.354 0.0000000000
78753  49.486  31.522  27.004 0.0000000000
76738  44.586  27.629  28.314 0.0000000000
81610  49.220  36.324  16.967 0.0000000000
79296  50.728  32.621  19.409 0.0000000000
79843  50.231  33.388  19.705 0.0000000000
82191  46.523  38.028  21.738 0.0000000000
82190  47.001  37.355  21.101 0.0000000000
79803  49.961  34.281  23.959 0.0000000000
96373  50.514  33.575  23.715 0.0000000000
79801  52.864  33.260  24.586 0.0000000000
99248  51.752  33.823  24.670 0.0000000000
79788  48.909  33.967  26.734 0.0000000000
83906  39.373  40.314  12.840 0.0000000000
83910  39.419  40.444  11.977 0.0000000000
98753  40.480  39.389  12.738 0.0000000000
83396  41.045  38.965  12.600 0.0000000000
99909  41.005  39.357  13.401 0.0000000000
102009  41.404  42.643  16.501 0.0000000000
106546  41.730  42.010  16.196 0.0000000000
84406  42.608  42.102  16.392 0.0000000000
83898  47.138  40.335  13.207 0.0000000000
103318  48.181  40.449  12.642 0.0000000000
83905  48.920  40.183  12.015 0.0000000000
83897  48.961  40.960  12.782 0.0000000000
82240  49.323  37.863  16.409 0.0000000000
78857  48.815  31.179  16.162 0.0000000000
78858  47.481  31.157  16.415 0.0000000000
104290  49.262  30.279  14.754 0.0000000000
77857  44.142  29.017  17.892 0.0000000000
77354  43.988  28.848  18.892 0.0000000000
77355  43.040  28.801  18.621 0.0000000000
77793  44.490  29.707  24.626 0.0000000000
77801  45.114  30.017  24.130 0.0000000000
77794  43.783  29.374  24.398 0.0000000000
107342  42.477  33.153  20.207 0.0000000000
105403  41.951  31.899  19.755 0.0000000000
79302  42.750  32.320  19.803 0.0000000000
78828  43.729  31.670  18.635 0.0000000000
78846  43.712  31.357  17.566 0.0000000000
81634  45.925  36.576  16.899 0.0000000000
99252  45.139  36.972  16.567 0.0000000000
111702  45.243  36.488  17.114 0.0000000000
96353  44.152  35.203  18.536 0.0000000000
81614  44.027  36.233  17.560 0.0000000000
79838  42.983  33.798  19.962 0.0000000000
78733  49.112  31.260  29.057 0.0000000000
78262  48.703  31.047  30.119 0.0000000000
77277  45.858  28.116  29.882 0.0000000000
76208  45.541  27.306  29.074 0.0000000000
82882  40.670  38.806  10.158 0.0000000000
102399  40.597  39.453  9.376 0.0000000000
82210  51.148  38.556  19.062 0.0000000000
81574  52.007  36.985  18.743 0.0000000000
82167  46.790  37.433  23.679 0.0000000000
82158  47.820  37.891  24.502 0.0000000000
82145  49.539  39.008  25.292 0.0000000000
82157  48.961  38.189  24.933 0.0000000000
81504  49.216  37.236  24.926 0.0000000000
80920  49.456  36.177  24.801 0.0000000000
81488  49.603  37.135  25.381 0.0000000000
80918  49.994  36.000  25.338 0.0000000000
81469  49.342  37.480  26.304 0.0000000000
97608  48.533  36.754  26.803 0.0000000000
80353  49.171  34.986  26.416 0.0000000000
84899  45.605  44.452  17.466 0.0000000000
84882  48.283  42.832  16.523 0.0000000000
84401  48.531  42.545  15.965 0.0000000000
84419  48.375  42.227  15.420 0.0000000000
84417  49.853  41.530  14.280 0.0000000000
84400  49.365  41.722  15.370 0.0000000000
83348  49.873  39.485  16.764 0.0000000000
112134  50.388  38.204  17.050 0.0000000000
77864  50.487  29.784  17.049 0.0000000000
101300  49.806  29.720  16.080 0.0000000000
96460  49.458  29.488  17.350 0.0000000000
94369  48.131  29.348  18.872 0.0000000000
94328  47.161  29.206  19.276 0.0000000000
77844  46.216  28.990  19.147 0.0000000000
93846  46.416  29.113  19.969 0.0000000000
78832  38.441  30.579  18.479 0.0000000000
113694  41.103  31.547  19.116 0.0000000000
78815  40.519  31.528  19.312 0.0000000000
77872  39.433  29.893  16.686 0.0000000000
78350  39.586  30.686  17.543 0.0000000000
78360  38.793  29.749  17.115 0.0000000000
78352  38.326  29.800  17.728 0.0000000000
77873  38.562  29.024  16.667 0.0000000000
76821  39.652  27.731  14.628 0.0000000000
76822  38.983  27.475  14.501 0.0000000000
108042  39.212  27.375  14.589 0.0000000000
76810  38.487  26.690  14.728 0.0000000000
81684  46.894  36.773  10.837 0.0000000000
82298  44.621  37.019  13.588 0.0000000000
111134  45.080  36.458  11.970 0.0000000000
81671  44.262  36.686  12.718 0.0000000000
112056  43.498  36.850  12.917 0.0000000000
83856  46.276  41.552  18.926 0.0000000000
83337  45.738  40.207  20.031 0.0000000000
82795  45.791  39.220  21.066 0.0000000000
82776  45.118  38.353  22.077 0.0000000000
82178  45.509  37.853  22.681 0.0000000000
84426  36.419  41.738  15.232 0.0000000000
84412  36.143  41.844  16.060 0.0000000000
84905  38.544  42.419  16.539 0.0000000000
84888  39.027  43.099  17.077 0.0000000000
84904  39.941  43.159  16.897 0.0000000000
85775  42.375  46.049  19.383 0.0000000000
100390  42.412  45.947  18.784 0.0000000000
85351  43.318  46.291  19.048 0.0000000000
85337  43.783  46.081  19.240 0.0000000000
84370  44.925  42.721  19.250 0.0000000000
103558  45.419  43.885  18.706 0.0000000000
84369  45.706  42.548  19.006 0.0000000000
84385  46.508  42.827  18.418 0.0000000000
78779  51.420  31.347  24.035 0.0000000000
78311  50.657  30.921  23.306 0.0000000000
78780  49.826  31.248  23.946 0.0000000000
113429  48.029  31.078  25.419 0.0000000000
78770  48.321  31.178  24.775 0.0000000000
78771  47.567  30.920  24.894 0.0000000000
78301  46.307  30.521  24.445 0.0000000000
78283  47.545  30.458  27.609 0.0000000000
78282  48.163  30.918  27.142 0.0000000000
77284  44.605  28.591  27.728 0.0000000000
77776  44.786  29.132  27.071 0.0000000000
77779  44.520  29.352  26.321 0.0000000000
77287  44.171  28.737  26.979 0.0000000000
76230  43.406  26.874  27.343 0.0000000000
113150  43.754  27.169  27.620 0.0000000000
80430  47.468  34.469  18.476 0.0000000000
79852  49.479  33.877  17.759 0.0000000000
79853  48.454  33.559  18.283 0.0000000000
79860  50.454  33.259  17.435 0.0000000000
81608  52.409  36.683  17.407 0.0000000000
81001  52.287  35.501  17.438 0.0000000000
98565  51.574  33.399  17.849 0.0000000000
79311  51.290  32.867  17.542 0.0000000000
105699  51.098  31.789  16.936 0.0000000000
78839  51.154  31.092  16.824 0.0000000000
78810  51.858  31.053  19.152 0.0000000000
78823  52.511  30.383  18.698 0.0000000000
78809  53.273  30.287  19.833 0.0000000000
77838  53.434  29.814  19.781 0.0000000000
78340  53.666  30.020  20.294 0.0000000000
83335  47.541  38.768  18.930 0.0000000000
81559  47.692  36.839  20.587 0.0000000000
82203  48.564  37.424  19.867 0.0000000000
80958  49.572  35.895  20.049 0.0000000000
105361  48.909  35.133  20.429 0.0000000000
80934  47.509  35.633  22.781 0.0000000000
97945  47.504  35.548  22.048 0.0000000000
80384  47.806  35.014  22.596 0.0000000000
79830  48.795  33.587  21.954 0.0000000000
79837  48.903  33.691  21.243 0.0000000000
79287  50.128  32.611  20.493 0.0000000000
79276  50.264  32.432  21.333 0.0000000000
79261  52.500  32.388  23.234 0.0000000000
79267  52.967  31.563  22.426 0.0000000000
78787  53.590  30.976  22.350 0.0000000000
78309  53.486  31.233  22.883 0.0000000000
78777  53.501  31.694  23.780 0.0000000000
79792  53.981  32.866  25.671 0.0000000000
79247  53.787  32.693  25.414 0.0000000000
79243  53.774  32.698  26.332 0.0000000000
79244  52.401  32.423  26.674 0.0000000000
101831  53.528  32.724  27.208 0.0000000000
79786  51.714  34.339  26.618 0.0000000000
102189  52.496  34.096  29.234 0.0000000000
79775  53.192  34.067  28.143 0.0000000000
79764  53.056  33.705  30.148 0.0000000000
79220  53.708  32.912  29.707 0.0000000000
79200  53.298  33.071  31.067 0.0000000000
79212  51.590  32.617  31.226 0.0000000000
84451  39.221  41.383  10.869 0.0000000000
84938  38.845  42.736  10.632 0.0000000000
84457  38.995  42.063  10.665 0.0000000000
83913  39.951  40.314  10.641 0.0000000000
82858  41.800  38.622  12.334 0.0000000000
82872  41.570  38.378  11.472 0.0000000000
99017  42.963  37.724  11.048 0.0000000000
82870  43.269  38.182  11.678 0.0000000000
84404  44.432  42.134  16.424 0.0000000000
83867  43.891  41.258  16.077 0.0000000000
83866  44.800  41.484  15.983 0.0000000000
83357  43.798  39.989  15.008 0.0000000000
83367  43.322  39.597  14.332 0.0000000000
83381  43.723  39.217  13.623 0.0000000000
112579  44.794  38.944  12.745 0.0000000000
82854  46.273  38.441  11.401 0.0000000000
96015  46.866  37.813  10.798 0.0000000000
82853  47.256  38.256  11.111 0.0000000000
82851  49.004  39.371  12.129 0.0000000000
82852  48.068  38.550  11.730 0.0000000000
108853  50.200  40.797  13.967 0.0000000000
83363  49.891  40.092  13.491 0.0000000000
82262  47.652  37.736  15.559 0.0000000000
82279  47.465  37.981  14.613 0.0000000000
82242  46.957  37.250  16.092 0.0000000000
81632  47.552  36.897  16.535 0.0000000000
111612  47.758  35.639  17.620 0.0000000000
80987  46.762  34.931  18.405 0.0000000000
111155  46.999  32.404  18.771 0.0000000000
105515  46.245  32.070  18.785 0.0000000000
111839  46.256  31.655  18.234 0.0000000000
78370  46.081  30.609  15.412 0.0000000000
78860  45.488  31.037  16.409 0.0000000000
106668  44.761  30.945  16.207 0.0000000000
78861  44.080  30.994  16.370 0.0000000000
108376  44.394  30.593  15.520 0.0000000000
107108  47.881  29.475  15.476 0.0000000000
77893  47.750  29.719  14.656 0.0000000000
77881  46.111  29.521  15.415 0.0000000000
77883  44.296  29.398  15.986 0.0000000000
77896  44.439  29.698  14.986 0.0000000000
77884  43.546  29.514  15.431 0.0000000000
77897  43.462  29.746  15.005 0.0000000000
77898  42.474  29.364  15.122 0.0000000000
77375  41.901  28.945  14.791 0.0000000000
77365  42.155  28.916  15.754 0.0000000000
77357  41.399  28.540  17.883 0.0000000000
77367  40.729  28.254  16.772 0.0000000000
77358  40.715  28.226  18.076 0.0000000000
76801  39.495  27.405  17.759 0.0000000000
78324  48.540  30.560  22.587 0.0000000000
78334  48.045  30.217  21.934 0.0000000000
78335  47.167  30.140  22.015 0.0000000000
77809  44.568  29.364  22.585 0.0000000000
103073  45.447  29.564  22.146 0.0000000000
77821  44.712  29.053  21.629 0.0000000000
77833  44.898  28.831  20.758 0.0000000000
77293  41.705  28.084  25.292 0.0000000000
77302  42.389  28.557  24.694 0.0000000000
96184  41.204  27.619  24.913 0.0000000000
79301  43.615  32.546  19.682 0.0000000000
78813  44.094  32.007  19.250 0.0000000000
81004  45.347  35.581  17.966 0.0000000000
81613  44.904  36.093  17.538 0.0000000000
80990  43.793  34.733  18.995 0.0000000000
80975  43.029  34.827  19.111 0.0000000000
78263  48.239  30.857  30.898 0.0000000000
77765  47.773  30.218  30.139 0.0000000000
107681  49.917  39.218  17.457 0.0000000000
82809  50.013  38.997  18.258 0.0000000000
82217  50.496  38.751  18.871 0.0000000000
82766  47.712  38.447  24.956 0.0000000000
82144  49.946  39.273  25.744 0.0000000000
84869  46.625  44.096  18.020 0.0000000000
84884  47.299  44.243  17.166 0.0000000000
84883  47.928  43.355  16.991 0.0000000000
96444  49.258  41.526  16.175 0.0000000000
77840  51.809  29.442  18.844 0.0000000000
110387  50.744  29.447  18.684 0.0000000000
97201  50.697  29.441  19.539 0.0000000000
108565  49.584  29.483  19.792 0.0000000000
77829  48.891  29.598  20.348 0.0000000000
78359  40.043  30.384  16.699 0.0000000000
77886  39.544  28.882  15.490 0.0000000000
77900  40.091  28.479  14.779 0.0000000000
77387  40.493  28.676  14.815 0.0000000000
82315  46.466  36.905  11.975 0.0000000000
80407  40.695  34.400  20.700 0.0000000000
79832  39.688  33.445  21.389 0.0000000000
79278  39.210  32.644  21.434 0.0000000000
83846  45.560  41.218  19.580 0.0000000000
83847  44.828  41.462  19.657 0.0000000000
84858  40.209  44.492  20.237 0.0000000000
85326  40.661  45.371  20.134 0.0000000000
84857  41.245  44.559  19.870 0.0000000000
84873  42.249  44.928  19.620 0.0000000000
96418  44.505  45.533  19.118 0.0000000000
100720  50.962  31.846  25.754 0.0000000000
108845  50.242  31.461  24.579 0.0000000000
78758  49.934  31.553  25.441 0.0000000000
78759  48.792  31.335  25.593 0.0000000000
78755  48.105  31.031  26.161 0.0000000000
110315  46.054  29.186  28.397 0.0000000000
77283  45.232  28.699  28.205 0.0000000000
77281  44.784  28.150  28.421 0.0000000000
76740  44.051  27.500  27.852 0.0000000000
108119  48.757  35.074  17.749 0.0000000000
80440  49.681  34.764  17.584 0.0000000000
80985  52.442  35.357  17.830 0.0000000000
80427  52.114  34.819  17.539 0.0000000000
80428  52.043  34.401  17.814 0.0000000000
108766  51.431  32.412  17.799 0.0000000000
109603  51.370  32.249  18.477 0.0000000000
80372  48.324  34.829  23.326 0.0000000000
79815  48.987  34.201  23.327 0.0000000000
79821  48.971  33.700  22.638 0.0000000000
79820  49.514  33.161  22.417 0.0000000000
79269  50.301  32.589  22.104 0.0000000000
79262  50.689  32.865  23.057 0.0000000000
79256  53.720  32.051  24.133 0.0000000000
79812  53.317  32.514  23.987 0.0000000000
107262  53.507  33.213  25.193 0.0000000000
79793  53.253  33.547  25.919 0.0000000000
106630  50.875  34.193  27.170 0.0000000000
79776  50.972  33.881  28.503 0.0000000000
83911  38.926  41.147  11.601 0.0000000000
83409  39.999  39.900  11.392 0.0000000000
83397  40.523  39.221  11.931 0.0000000000
84408  39.968  42.302  16.064 0.0000000000
100148  39.507  41.625  15.463 0.0000000000
84422  41.239  41.342  15.744 0.0000000000
83874  46.056  41.105  15.228 0.0000000000
97537  45.180  40.820  15.438 0.0000000000
83887  45.583  40.428  14.683 0.0000000000
83365  45.106  39.791  14.128 0.0000000000
83380  44.703  39.304  13.386 0.0000000000
83379  45.544  39.576  13.345 0.0000000000
83378  46.484  39.639  12.732 0.0000000000
83393  48.622  39.369  11.936 0.0000000000
82820  49.238  39.179  15.451 0.0000000000
78842  47.748  31.601  17.538 0.0000000000
78843  46.779  31.454  17.552 0.0000000000
77867  46.374  29.227  17.363 0.0000000000
94671  45.988  29.342  16.497 0.0000000000
77868  45.496  29.163  17.321 0.0000000000
77870  43.690  29.210  16.814 0.0000000000
77364  42.772  29.034  17.270 0.0000000000
77356  42.207  28.766  18.276 0.0000000000
106293  41.141  28.268  18.958 0.0000000000
112576  46.271  30.373  23.323 0.0000000000
78315  46.730  30.398  22.883 0.0000000000
94843  45.208  29.880  23.199 0.0000000000
77803  43.832  29.151  22.910 0.0000000000
79289  41.304  32.179  20.305 0.0000000000
78802  40.758  31.782  20.095 0.0000000000
109864  41.638  31.594  19.045 0.0000000000
95289  41.964  31.403  18.033 0.0000000000
100936  41.957  31.033  16.973 0.0000000000
78863  42.380  30.719  16.143 0.0000000000
107599  46.194  37.326  15.724 0.0000000000
109334  44.260  37.076  16.538 0.0000000000
80420  42.765  34.447  19.658 0.0000000000
79839  41.654  33.179  20.574 0.0000000000
84859  39.280  44.166  20.318 0.0000000000
94078  40.880  42.982  19.511 0.0000000000
84373  41.461  41.963  19.409 0.0000000000
78743  50.661  31.982  28.689 0.0000000000
78744  49.677  31.548  28.158 0.0000000000
78274  48.322  30.811  28.507 0.0000000000
77773  47.086  29.586  29.249 0.0000000000
77280  45.501  28.365  28.897 0.0000000000
81609  51.089  36.970  17.098 0.0000000000
82224  52.360  37.865  17.651 0.0000000000
82215  52.599  37.363  17.750 0.0000000000
82804  51.990  38.638  18.437 0.0000000000
82216  52.498  38.199  18.063 0.0000000000
81589  52.612  37.339  18.125 0.0000000000
80973  51.796  35.620  18.606 0.0000000000
101207  50.457  35.401  19.452 0.0000000000
81531  46.869  37.239  22.065 0.0000000000
81518  46.985  37.127  23.013 0.0000000000
80926  47.569  36.260  23.585 0.0000000000
81505  48.129  37.098  24.428 0.0000000000
80925  48.397  35.574  23.939 0.0000000000
80364  50.376  35.093  24.849 0.0000000000
80363  51.201  34.465  25.122 0.0000000000
80359  50.519  34.993  25.543 0.0000000000
80912  50.047  35.519  25.921 0.0000000000
80354  47.950  34.395  26.679 0.0000000000
84901  43.091  43.535  17.083 0.0000000000
84900  44.640  43.548  16.936 0.0000000000
84403  45.460  42.863  16.541 0.0000000000
84897  47.318  44.102  16.843 0.0000000000
84402  46.789  43.170  16.327 0.0000000000
84420  47.111  42.027  15.494 0.0000000000
84433  47.848  41.657  14.703 0.0000000000
84441  49.169  41.461  13.518 0.0000000000
83896  49.924  41.297  13.032 0.0000000000
84431  49.689  41.623  13.924 0.0000000000
83884  50.223  41.193  13.677 0.0000000000
83865  49.700  41.088  15.657 0.0000000000
83353  49.778  40.316  15.907 0.0000000000
82819  49.893  39.697  15.972 0.0000000000
78366  50.192  30.355  15.643 0.0000000000
77891  49.138  29.966  14.534 0.0000000000
77879  49.808  29.959  15.133 0.0000000000
77880  49.077  29.632  15.231 0.0000000000
96459  48.343  29.422  16.431 0.0000000000
94674  49.066  29.411  18.467 0.0000000000
94673  48.384  29.352  17.657 0.0000000000
77866  47.413  29.342  17.163 0.0000000000
77855  45.853  28.977  18.318 0.0000000000
77845  45.429  28.866  19.164 0.0000000000
77345  44.742  28.794  19.319 0.0000000000
77291  43.201  28.746  26.061 0.0000000000
77301  43.190  29.100  25.133 0.0000000000
76744  42.218  27.487  26.560 0.0000000000
77846  37.515  29.917  19.135 0.0000000000
78816  39.527  31.393  19.246 0.0000000000
78831  39.109  30.990  18.369 0.0000000000
77887  38.863  28.427  15.438 0.0000000000
77379  38.686  27.476  14.605 0.0000000000
81685  46.054  36.501  11.391 0.0000000000
81703  45.375  36.176  11.066 0.0000000000
82265  44.878  37.371  15.147 0.0000000000
95992  44.459  37.292  14.514 0.0000000000
83854  47.465  40.483  18.289 0.0000000000
83336  46.669  39.209  19.860 0.0000000000
112818  46.310  39.863  19.817 0.0000000000
83323  46.439  38.909  20.693 0.0000000000
82168  46.113  37.651  23.416 0.0000000000
84410  38.125  41.964  15.911 0.0000000000
84906  37.655  42.314  16.650 0.0000000000
84409  39.013  42.034  15.941 0.0000000000
84903  40.767  42.864  16.593 0.0000000000
85361  41.562  43.493  17.142 0.0000000000
85770  40.367  45.255  20.152 0.0000000000
85353  40.911  44.474  18.374 0.0000000000
85352  41.698  44.635  18.101 0.0000000000
84886  43.915  45.404  18.188 0.0000000000
85349  45.376  44.995  18.349 0.0000000000
85336  45.078  45.156  18.642 0.0000000000
85335  45.979  44.710  18.181 0.0000000000
95944  47.172  41.788  18.223 0.0000000000
78322  51.389  30.553  22.586 0.0000000000
78332  50.237  30.314  21.938 0.0000000000
78323  50.090  30.645  22.705 0.0000000000
78313  48.192  30.787  23.346 0.0000000000
78781  48.727  31.079  23.993 0.0000000000
78314  47.326  30.655  23.512 0.0000000000
78302  45.662  30.301  24.521 0.0000000000
77783  44.534  29.646  25.436 0.0000000000
78286  47.467  30.668  26.575 0.0000000000
77774  46.087  29.730  27.322 0.0000000000
77777  46.032  30.094  26.345 0.0000000000
77782  45.259  29.862  25.848 0.0000000000
77784  43.850  29.265  25.728 0.0000000000
76743  42.905  27.596  27.013 0.0000000000
80431  46.056  34.399  18.836 0.0000000000
79845  46.195  33.631  19.133 0.0000000000
79297  46.985  33.175  18.997 0.0000000000
79307  47.899  32.821  18.519 0.0000000000
98805  49.747  31.513  16.618 0.0000000000
109799  51.330  35.091  17.208 0.0000000000
79312  51.028  32.537  17.194 0.0000000000
78840  50.781  31.477  16.502 0.0000000000
78357  50.852  30.504  16.455 0.0000000000
77863  51.186  30.016  17.126 0.0000000000
77862  52.009  29.840  17.857 0.0000000000
78838  51.755  30.688  17.765 0.0000000000
78349  52.511  29.842  18.420 0.0000000000
77850  52.481  29.754  18.552 0.0000000000
77839  52.848  29.626  19.271 0.0000000000
77826  52.958  29.531  20.051 0.0000000000
82805  49.023  38.506  18.742 0.0000000000
82211  49.641  38.166  19.281 0.0000000000
81576  49.949  37.606  19.566 0.0000000000
109601  50.046  36.900  19.761 0.0000000000
80948  47.754  35.517  21.408 0.0000000000
80947  48.240  35.052  20.968 0.0000000000
80405  48.941  34.342  20.653 0.0000000000
101772  49.700  34.058  20.041 0.0000000000
103273  51.209  31.981  21.726 0.0000000000
78794  52.398  31.356  21.359 0.0000000000
78800  53.461  30.563  21.106 0.0000000000
78329  53.499  30.427  21.238 0.0000000000
78330  53.398  30.243  21.442 0.0000000000
78767  52.910  31.687  24.490 0.0000000000
78757  53.607  32.223  24.589 0.0000000000
95201  52.209  31.963  25.317 0.0000000000
109231  51.806  32.186  25.988 0.0000000000
79233  51.320  32.239  27.506 0.0000000000
80351  52.310  34.127  26.087 0.0000000000
79784  54.143  33.099  26.548 0.0000000000
79230  54.152  32.927  27.259 0.0000000000
79231  53.767  32.823  28.337 0.0000000000
79221  52.712  32.595  29.130 0.0000000000
108859  51.673  32.355  28.493 0.0000000000
79222  51.650  32.397  29.805 0.0000000000
78731  50.703  32.101  30.245 0.0000000000
78712  49.801  31.933  31.172 0.0000000000
78253  48.774  31.513  30.873 0.0000000000
82881  41.291  38.231  10.580 0.0000000000
82873  40.875  38.737  11.215 0.0000000000
82880  42.115  37.784  10.804 0.0000000000
82330  44.877  37.470  10.661 0.0000000000
83899  39.940  40.242  14.022 0.0000000000
83370  40.616  39.901  14.108 0.0000000000
83868  43.012  41.189  16.089 0.0000000000
83875  44.270  40.614  15.538 0.0000000000
83369  41.511  39.688  14.235 0.0000000000
94261  41.931  39.216  13.640 0.0000000000
82842  42.327  38.796  13.060 0.0000000000
82856  43.725  38.487  12.304 0.0000000000
82840  44.126  38.843  12.911 0.0000000000
82869  44.331  38.087  11.471 0.0000000000
102011  46.117  37.159  10.211 0.0000000000
82329  46.859  37.161  10.311 0.0000000000
82867  47.660  38.094  11.224 0.0000000000
82327  47.605  37.867  11.300 0.0000000000
82280  46.691  37.657  14.232 0.0000000000
83375  50.097  40.565  12.756 0.0000000000
83376  49.829  40.002  12.587 0.0000000000
82838  49.172  39.304  12.976 0.0000000000
82830  48.268  38.548  13.848 0.0000000000
81611  46.579  36.106  17.268 0.0000000000
81003  46.213  35.558  17.887 0.0000000000
78811  45.586  32.276  19.096 0.0000000000
78844  45.853  31.387  17.513 0.0000000000
78862  43.225  30.864  16.285 0.0000000000
78373  42.900  30.256  15.235 0.0000000000
77904  48.285  29.974  14.404 0.0000000000
77906  46.683  29.928  14.492 0.0000000000
106607  45.873  30.076  14.536 0.0000000000
77895  45.430  29.738  14.845 0.0000000000
77908  44.909  29.956  14.660 0.0000000000
78383  45.184  29.988  14.619 0.0000000000
78385  43.565  29.878  14.860 0.0000000000
78386  42.534  29.521  15.044 0.0000000000
78387  41.749  29.240  14.762 0.0000000000
77386  41.504  28.981  14.628 0.0000000000
77377  40.651  28.340  15.188 0.0000000000
77366  41.411  28.591  16.226 0.0000000000
76808  40.087  27.739  15.379 0.0000000000
77818  48.480  29.876  21.171 0.0000000000
77830  47.993  29.606  20.606 0.0000000000
77807  46.330  29.944  22.084 0.0000000000
77819  46.776  29.640  21.308 0.0000000000
94220  46.404  29.326  20.709 0.0000000000
77832  45.703  29.066  20.527 0.0000000000
77336  45.143  28.781  19.949 0.0000000000
77337  44.271  28.672  20.067 0.0000000000
77310  43.096  28.926  24.111 0.0000000000
77317  43.194  28.729  23.099 0.0000000000
77303  41.631  28.031  24.209 0.0000000000
77318  42.495  28.371  22.660 0.0000000000
94057  43.209  28.518  22.233 0.0000000000
77327  43.407  28.467  21.436 0.0000000000
110283  43.501  28.494  20.595 0.0000000000
77338  42.715  28.459  20.213 0.0000000000
77348  41.788  28.360  19.823 0.0000000000
76731  46.380  28.108  31.052 0.0000000000
76734  46.323  27.587  30.360 0.0000000000
76201  46.862  27.029  30.096 0.0000000000
76207  46.113  27.157  29.513 0.0000000000
76219  44.494  27.067  28.088 0.0000000000
76741  43.514  27.633  27.444 0.0000000000
76747  41.223  27.389  25.704 0.0000000000
77288  43.408  28.321  26.876 0.0000000000
77289  42.598  28.166  26.423 0.0000000000
77792  45.150  30.052  24.977 0.0000000000
77827  51.531  29.506  20.296 0.0000000000
77831  47.179  29.415  20.428 0.0000000000
77841  49.769  29.427  19.049 0.0000000000
77852  50.145  29.483  18.098 0.0000000000
77854  46.743  29.128  18.302 0.0000000000
77869  44.623  29.193  17.099 0.0000000000
77905  47.512  29.918  14.480 0.0000000000
77907  45.717  29.908  14.587 0.0000000000
78289  46.835  30.667  25.100 0.0000000000
78299  47.841  30.885  24.134 0.0000000000
78320  53.662  30.764  21.988 0.0000000000
78333  48.979  30.280  21.862 0.0000000000
78345  53.318  29.884  19.415 0.0000000000
78367  49.724  30.113  14.929 0.0000000000
78368  48.185  30.593  15.019 0.0000000000
78381  47.616  30.119  14.466 0.0000000000
78382  46.651  30.247  14.649 0.0000000000
78384  44.412  30.026  14.658 0.0000000000
78720  50.005  31.754  30.875 0.0000000000
78792  53.608  30.895  21.764 0.0000000000
78855  50.758  30.985  16.116 0.0000000000
79199  53.598  32.954  30.756 0.0000000000
79202  51.370  32.785  31.521 0.0000000000
79209  53.799  32.972  30.088 0.0000000000
79210  53.643  32.984  30.560 0.0000000000
79753  53.655  32.968  30.779 0.0000000000
79754  53.035  33.246  31.213 0.0000000000
79763  53.617  33.246  30.087 0.0000000000
79774  53.954  33.330  27.776 0.0000000000
80959  48.629  35.738  20.523 0.0000000000
83362  50.312  40.717  13.128 0.0000000000
83900  39.400  40.426  13.623 0.0000000000
83904  49.527  40.585  12.478 0.0000000000
84430  50.093  41.348  13.568 0.0000000000
84432  48.875  41.796  14.378 0.0000000000
85334  46.620  44.484  17.618 0.0000000000
85347  46.921  44.479  17.212 0.0000000000
85769  41.072  45.624  20.008 0.0000000000
85777  39.912  45.111  19.593 0.0000000000
94812  46.982  31.801  18.363 0.0000000000
96872  46.744  30.513  25.983 0.0000000000
96938  46.998  29.549  15.011 0.0000000000
98591  41.786  28.529  18.918 0.0000000000
99974  42.908  28.355  20.954 0.0000000000
101449  53.475  33.610  29.056 0.0000000000
103081  52.575  36.352  18.141 0.0000000000
106363  48.174  30.605  29.691 0.0000000000
106490  43.650  29.187  23.629 0.0000000000
107141  48.584  32.406  17.950 0.0000000000
107448  47.073  29.793  14.613 0.0000000000
107603  48.594  30.043  14.383 0.0000000000
107865  45.595  33.344  19.344 0.0000000000
108763  46.578  30.527  23.703 0.0000000000
109290  43.988  44.086  17.289 0.0000000000
109302  49.395  31.480  26.185 0.0000000000
109535  44.279  28.036  28.073 0.0000000000
109936  53.702  32.954  30.510 0.0000000000
110581  53.364  32.147  25.059 0.0000000000
112775  43.522  28.781  22.552 0.0000000000
113323  45.346  29.183  21.270 0.0000000000
