#!ascii label  , from subject sub-v2s15x29742_ses-1 vox2ras=TkReg
802
83661  -17.092  -77.022  -30.446 0.5000000000
1267  -15.303  -75.853  -30.339 0.6000000238
94568  -24.909  -79.146  -31.516 0.3000000119
1256  -15.044  -74.657  -29.656 0.5000000000
456  -21.642  -81.264  -33.503 0.4000000060
617  -22.470  -80.342  -33.777 0.4000000060
618  -23.620  -79.437  -33.456 0.4000000060
611  -24.345  -79.255  -32.450 0.3000000119
623  -22.088  -79.759  -33.899 0.4000000060
1287  -14.873  -76.372  -33.117 0.5000000000
1102  -14.772  -76.525  -32.434 0.5000000000
1093  -15.700  -76.868  -30.997 0.5000000000
1519  -14.194  -75.115  -32.920 0.6000000238
85284  -14.366  -75.880  -32.678 0.5000000000
1266  -14.706  -75.626  -30.815 0.6000000238
612  -25.702  -79.053  -31.534 0.3000000119
1496  -14.395  -74.430  -30.658 0.5000000000
615  -20.836  -80.141  -33.360 0.5000000000
455  -20.671  -81.236  -33.301 0.5000000000
1505  -14.015  -74.784  -32.063 0.6000000238
803  -20.974  -79.034  -33.279 0.5000000000
616  -21.402  -80.583  -33.828 0.4000000060
624  -22.996  -79.273  -33.916 0.4000000060
625  -24.409  -78.675  -33.186 0.3000000119
619  -25.186  -78.595  -32.405 0.3000000119
958  -20.318  -78.383  -33.400 0.4000000060
809  -21.868  -78.797  -33.647 0.4000000060
810  -22.765  -78.578  -33.928 0.4000000060
960  -21.206  -78.040  -33.721 0.4000000060
1823  -15.792  -74.371  -34.298 0.6999999881
1527  -15.769  -75.098  -34.134 0.6999999881
1298  -15.972  -75.990  -33.652 0.6999999881
1095  -17.308  -77.482  -31.264 0.5000000000
2211  -15.661  -73.514  -33.867 0.6999999881
1296  -15.093  -75.166  -34.024 0.8000000119
82767  -14.665  -75.683  -33.374 0.5000000000
1526  -14.529  -74.899  -33.494 0.6999999881
939  -18.032  -78.350  -31.599 0.5000000000
91767  -15.025  -74.353  -33.864 0.6999999881
950  -17.665  -78.620  -32.750 0.4000000060
92084  -18.885  -78.959  -33.120 0.5000000000
87271  -26.500  -79.039  -31.603 0.3000000119
1525  -14.072  -74.160  -32.777 0.6000000238
951  -18.367  -78.424  -33.149 0.5000000000
802  -19.922  -79.169  -33.090 0.5000000000
620  -26.230  -78.751  -32.355 0.3000000119
1518  -13.897  -74.223  -32.506 0.5000000000
957  -19.402  -78.216  -33.349 0.5000000000
1115  -19.985  -76.794  -33.192 0.4000000060
1119  -20.552  -77.463  -33.461 0.4000000060
961  -22.389  -77.677  -33.995 0.4000000060
811  -23.640  -78.246  -33.915 0.4000000060
89130  -23.775  -78.710  -33.682 0.4000000060
1290  -21.021  -76.119  -33.323 0.3000000119
3520  -16.414  -69.745  -34.786 0.5000000000
3079  -16.006  -70.725  -34.326 0.6000000238
2607  -17.096  -71.199  -34.352 0.6000000238
2227  -16.678  -72.386  -34.233 0.6000000238
1830  -16.352  -73.454  -34.251 0.6000000238
3940  -15.364  -67.737  -34.240 0.5000000000
3948  -15.657  -68.459  -34.647 0.5000000000
3519  -14.873  -69.253  -34.380 0.6000000238
2605  -15.619  -71.620  -33.881 0.6000000238
2226  -16.085  -72.567  -33.919 0.6999999881
1113  -15.695  -77.098  -32.850 0.6000000238
583  -28.371  -79.759  -29.031 0.3000000119
3939  -13.856  -67.905  -33.611 0.6999999881
3947  -14.491  -68.542  -34.199 0.6000000238
3518  -13.801  -69.431  -34.177 0.6000000238
87624  -15.263  -70.062  -34.339 0.6000000238
86753  -15.166  -70.900  -33.995 0.6999999881
2225  -15.226  -72.423  -33.463 0.6999999881
1288  -16.375  -76.934  -33.123 0.6000000238
1114  -16.909  -77.329  -32.517 0.6000000238
4330  -13.596  -67.173  -32.947 0.6999999881
3510  -13.292  -68.851  -33.959 0.6000000238
96827  -14.289  -69.948  -34.206 0.6000000238
2603  -13.590  -71.173  -33.926 0.6999999881
2224  -14.080  -72.069  -33.468 0.6999999881
605  -26.373  -79.343  -30.879 0.3000000119
4329  -12.743  -67.402  -32.784 0.6999999881
3938  -12.623  -68.342  -33.257 0.6999999881
3077  -13.334  -70.334  -34.183 0.6000000238
89560  -12.726  -70.936  -34.356 0.6000000238
86710  -14.276  -73.855  -33.059 0.6999999881
1279  -17.702  -76.436  -32.867 0.5000000000
1106  -18.015  -77.576  -33.132 0.5000000000
3509  -12.233  -69.251  -33.808 0.6000000238
3516  -11.809  -69.983  -34.544 0.6000000238
2223  -12.773  -71.682  -34.010 0.6000000238
2208  -12.286  -72.461  -33.682 0.6000000238
1822  -13.047  -73.086  -32.917 0.6000000238
1280  -18.114  -76.411  -32.862 0.5000000000
804  -26.113  -78.438  -33.387 0.3000000119
3930  -11.866  -67.708  -32.710 0.6999999881
3937  -11.449  -68.577  -33.118 0.6000000238
3076  -12.257  -70.472  -34.573 0.6000000238
2602  -12.014  -71.116  -34.832 0.5000000000
1821  -11.712  -72.910  -33.238 0.5000000000
1811  -13.284  -73.308  -32.470 0.5000000000
82771  -18.870  -76.131  -33.000 0.5000000000
1521  -20.862  -75.033  -33.227 0.3000000119
1121  -22.653  -76.693  -34.170 0.4000000060
96700  -23.047  -77.141  -34.281 0.4000000060
1810  -12.154  -73.005  -32.503 0.5000000000
1281  -19.689  -75.016  -32.366 0.3000000119
1282  -20.188  -75.550  -33.038 0.3000000119
1120  -21.646  -76.972  -33.774 0.4000000060
3941  -16.367  -67.412  -34.485 0.5000000000
92350  -16.366  -67.843  -34.882 0.5000000000
3511  -17.438  -68.680  -35.065 0.5000000000
3521  -17.239  -69.485  -35.011 0.5000000000
4699  -14.877  -66.681  -33.378 0.5000000000
85001  -15.509  -67.164  -34.013 0.5000000000
3949  -16.709  -68.656  -35.103 0.5000000000
3080  -16.875  -70.443  -34.641 0.5000000000
2213  -17.291  -72.421  -33.933 0.6000000238
2212  -16.889  -73.076  -34.349 0.6000000238
4331  -14.572  -67.244  -33.492 0.5000000000
1824  -16.505  -74.157  -34.408 0.6000000238
1520  -16.893  -75.629  -33.323 0.8000000119
584  -29.243  -79.401  -28.248 0.3000000119
4695  -12.971  -65.647  -33.048 0.6000000238
4325  -12.704  -66.430  -32.811 0.6000000238
1528  -17.014  -74.449  -33.657 0.4000000060
92626  -29.201  -79.222  -28.972 0.3000000119
1506  -17.599  -75.449  -32.746 0.5000000000
1289  -17.217  -76.507  -33.060 0.6000000238
614  -28.253  -79.027  -31.056 0.3000000119
613  -27.306  -79.089  -31.333 0.3000000119
4324  -11.605  -66.582  -32.535 0.6999999881
1507  -18.044  -75.136  -32.283 0.4000000060
621  -27.187  -78.868  -32.250 0.3000000119
626  -25.232  -78.258  -33.575 0.3000000119
95184  -10.894  -66.675  -32.333 0.6000000238
93980  -11.083  -67.561  -32.476 0.6999999881
3508  -11.252  -69.506  -33.867 0.6000000238
3067  -10.905  -70.109  -34.730 0.5000000000
3075  -11.407  -70.579  -35.024 0.5000000000
1268  -18.428  -75.157  -32.343 0.4000000060
1500  -20.507  -74.578  -31.174 0.3000000119
1508  -20.548  -74.800  -32.400 0.3000000119
1509  -21.121  -74.429  -32.788 0.3000000119
1299  -22.086  -75.896  -33.721 0.4000000060
812  -24.448  -78.176  -33.855 0.3000000119
3936  -10.652  -69.023  -33.283 0.6000000238
3066  -9.978  -70.240  -34.579 0.5000000000
2601  -11.157  -71.261  -35.185 0.5000000000
2221  -10.805  -72.040  -34.902 0.5000000000
2207  -11.286  -72.597  -34.123 0.6000000238
3507  -10.304  -69.607  -33.891 0.5000000000
3074  -10.584  -70.671  -35.134 0.5000000000
2220  -9.891  -72.002  -34.979 0.5000000000
2219  -9.016  -71.700  -34.859 0.5000000000
4697  -15.254  -66.112  -33.079 0.5000000000
91747  -15.986  -66.861  -33.832 0.5000000000
3942  -17.164  -67.780  -35.003 0.5000000000
3943  -17.625  -68.420  -34.523 0.5000000000
3512  -17.613  -69.396  -34.634 0.5000000000
82380  -17.706  -69.872  -33.903 0.5000000000
4696  -14.130  -65.812  -33.078 0.5000000000
2587  -17.461  -71.648  -33.151 0.4000000060
4698  -13.816  -66.529  -32.988 0.5000000000
93507  -29.201  -79.581  -27.517 0.3000000119
585  -29.991  -78.619  -28.372 0.3000000119
5092  -12.315  -64.940  -33.029 0.6000000238
2196  -17.410  -72.636  -32.872 0.4000000060
1812  -17.402  -73.591  -32.751 0.4000000060
4694  -11.841  -65.569  -32.834 0.6000000238
777  -28.943  -78.969  -30.360 0.3000000119
800  -29.264  -78.549  -31.180 0.3000000119
4690  -11.013  -65.744  -32.493 0.6000000238
93316  -17.810  -74.540  -32.147 0.4000000060
1798  -18.188  -74.076  -31.525 0.4000000060
1497  -18.699  -74.432  -31.331 0.4000000060
805  -27.041  -78.574  -33.321 0.3000000119
1498  -19.271  -74.571  -31.165 0.3000000119
1499  -19.846  -74.664  -31.042 0.3000000119
4326  -16.649  -66.820  -33.300 0.5000000000
4332  -16.986  -67.172  -34.261 0.5000000000
3931  -17.800  -68.219  -33.400 0.5000000000
3492  -17.876  -68.913  -32.495 0.4000000060
83052  -17.677  -69.871  -32.903 0.4000000060
3058  -17.554  -70.674  -33.476 0.4000000060
5094  -14.527  -65.016  -33.017 0.6000000238
2581  -17.451  -71.848  -31.986 0.4000000060
2191  -17.580  -72.821  -31.847 0.4000000060
88421  -30.238  -77.788  -31.322 0.3000000119
778  -29.739  -78.634  -29.399 0.3000000119
4691  -11.479  -64.915  -32.806 0.6000000238
1797  -17.721  -73.743  -31.937 0.4000000060
1785  -18.614  -73.664  -30.691 0.4000000060
1786  -19.268  -74.123  -30.381 0.4000000060
1488  -19.907  -74.390  -30.182 0.3000000119
4320  -10.604  -66.595  -32.045 0.6000000238
4327  -17.441  -67.429  -33.115 0.5000000000
3923  -17.878  -68.059  -32.147 0.4000000060
5095  -15.282  -65.287  -32.542 0.5000000000
4693  -16.063  -66.279  -32.389 0.5000000000
3050  -17.632  -69.961  -31.645 0.4000000060
5093  -13.405  -64.864  -33.081 0.6000000238
92840  -14.706  -64.577  -32.541 0.6000000238
81246  -17.485  -70.840  -32.350 0.4000000060
84430  -12.599  -64.290  -32.691 0.6000000238
5090  -13.846  -64.328  -32.713 0.6000000238
2184  -17.784  -72.111  -30.923 0.4000000060
1784  -18.033  -73.163  -31.153 0.4000000060
2185  -18.395  -72.751  -30.321 0.4000000060
1773  -19.725  -73.778  -29.627 0.4000000060
799  -28.317  -78.743  -31.982 0.3000000119
808  -29.716  -77.747  -33.331 0.3000000119
5086  -11.597  -64.432  -31.856 0.6000000238
816  -27.701  -77.420  -34.672 0.3000000119
806  -28.027  -78.605  -33.157 0.3000000119
5085  -10.952  -65.196  -32.267 0.6000000238
4686  -10.650  -65.883  -31.791 0.6000000238
4687  -10.951  -65.329  -31.054 0.6999999881
5077  -11.387  -64.869  -30.214 0.6999999881
5061  -11.816  -64.946  -29.066 0.6999999881
4673  -11.599  -66.077  -29.939 0.6000000238
87988  -11.727  -64.107  -30.017 0.6999999881
5508  -11.748  -63.495  -29.606 0.6000000238
4659  -12.234  -65.950  -29.023 0.6999999881
96139  -11.838  -64.256  -29.020 0.6999999881
83532  -16.978  -66.928  -32.419 0.5000000000
4322  -17.421  -67.463  -31.805 0.5000000000
4692  -15.676  -65.457  -31.870 0.5000000000
87658  -16.005  -66.113  -31.170 0.5000000000
4321  -16.614  -66.838  -31.442 0.5000000000
3916  -17.438  -68.219  -30.884 0.5000000000
3485  -17.727  -68.933  -31.334 0.4000000060
5532  -14.331  -64.063  -32.047 0.6000000238
5091  -15.222  -64.689  -31.910 0.6000000238
96007  -17.575  -70.573  -30.755 0.4000000060
5526  -15.035  -64.223  -31.043 0.6000000238
5087  -15.680  -65.227  -30.994 0.6000000238
81222  -17.527  -71.085  -31.282 0.4000000060
5530  -12.405  -63.861  -31.996 0.6000000238
5531  -13.238  -63.816  -32.196 0.6000000238
5525  -13.696  -63.572  -31.513 0.6000000238
1759  -19.429  -72.892  -29.234 0.4000000060
5524  -12.647  -63.482  -31.559 0.6000000238
5510  -13.076  -63.094  -31.080 0.6000000238
5924  -14.004  -62.774  -30.437 0.6000000238
1760  -20.127  -73.285  -28.991 0.4000000060
5523  -11.962  -63.898  -31.178 0.5000000000
5509  -12.106  -63.356  -30.650 0.6000000238
5923  -12.486  -62.599  -30.631 0.6000000238
6385  -13.081  -62.027  -30.711 0.6000000238
6386  -14.403  -61.970  -30.547 0.6000000238
96723  -12.477  -61.409  -30.917 0.6000000238
6870  -13.321  -61.246  -31.025 0.6000000238
6871  -14.605  -60.909  -31.199 0.6000000238
5922  -11.934  -62.634  -29.943 0.6000000238
6384  -11.963  -61.652  -30.520 0.5000000000
6869  -11.970  -60.477  -31.230 0.6000000238
6880  -13.436  -60.161  -31.373 0.6000000238
5491  -11.895  -63.801  -28.525 0.6999999881
5907  -11.510  -62.786  -28.935 0.5000000000
6383  -11.677  -61.655  -29.629 0.6000000238
6868  -11.555  -60.466  -30.420 0.5000000000
6858  -11.420  -60.682  -29.314 0.6000000238
92441  -14.601  -66.029  -20.621 0.6000000238
4983  -14.369  -65.272  -21.721 0.6000000238
85758  -14.413  -66.078  -22.129 0.6000000238
3041  -17.546  -69.888  -30.608 0.5000000000
4661  -16.063  -66.027  -29.300 0.5000000000
93688  -17.655  -70.679  -30.001 0.4000000060
2565  -18.440  -71.555  -29.063 0.4000000060
94079  -15.739  -65.134  -30.012 0.5000000000
2573  -18.178  -71.901  -29.959 0.4000000060
2168  -19.066  -72.168  -28.728 0.4000000060
5511  -15.169  -63.600  -29.948 0.5000000000
5492  -15.771  -64.420  -29.520 0.5000000000
92539  -15.288  -64.243  -30.203 0.5000000000
2178  -18.755  -72.426  -29.528 0.4000000060
5908  -15.908  -63.701  -29.443 0.6000000238
5925  -15.480  -62.809  -29.981 0.6000000238
80820  -15.509  -61.645  -30.746 0.4000000060
6370  -16.406  -62.327  -30.126 0.4000000060
7375  -13.863  -59.008  -31.523 0.6000000238
7366  -15.734  -60.116  -31.537 0.5000000000
6872  -16.380  -61.108  -31.414 0.4000000060
7374  -12.217  -59.161  -31.638 0.6000000238
7376  -15.078  -59.027  -31.412 0.5000000000
5895  -11.735  -63.263  -27.969 0.6000000238
7355  -11.363  -59.527  -30.054 0.5000000000
7365  -11.516  -59.308  -31.150 0.5000000000
7885  -14.453  -57.962  -31.335 0.5000000000
7879  -15.786  -58.304  -31.183 0.5000000000
7367  -16.802  -59.576  -31.432 0.4000000060
6369  -11.608  -61.786  -28.610 0.6000000238
7876  -11.717  -58.358  -30.690 0.5000000000
4585  -14.840  -65.592  -20.239 0.6999999881
4973  -14.550  -65.365  -20.909 0.6000000238
4974  -15.023  -64.901  -20.561 0.6999999881
4991  -14.341  -65.386  -22.470 0.6000000238
5416  -14.635  -64.848  -21.786 0.6000000238
5417  -15.214  -64.649  -21.360 0.6000000238
83542  -15.877  -64.523  -20.778 0.6000000238
5423  -16.149  -64.295  -21.644 0.6000000238
83095  -14.534  -66.053  -23.012 0.5000000000
5421  -14.415  -64.898  -22.545 0.6000000238
5422  -15.411  -64.469  -22.331 0.6000000238
81266  -17.404  -69.226  -30.205 0.5000000000
4998  -14.289  -65.202  -23.331 0.5000000000
5432  -15.065  -64.410  -23.224 0.5000000000
5846  -15.862  -64.056  -23.068 0.5000000000
4689  -16.235  -66.805  -30.372 0.4000000060
4299  -16.427  -67.455  -29.653 0.5000000000
86873  -17.551  -70.060  -29.616 0.5000000000
5431  -14.441  -64.732  -23.470 0.5000000000
4674  -16.166  -66.749  -29.410 0.5000000000
3030  -17.903  -70.790  -29.184 0.4000000060
2554  -18.860  -71.470  -28.151 0.4000000060
2544  -19.566  -71.391  -27.525 0.4000000060
5006  -14.238  -65.517  -24.275 0.5000000000
5442  -14.210  -64.659  -24.276 0.5000000000
5855  -14.905  -64.118  -23.997 0.6000000238
2555  -19.435  -71.979  -28.125 0.4000000060
5449  -13.834  -64.219  -25.108 0.6000000238
5866  -14.362  -63.628  -24.603 0.6999999881
4633  -13.785  -66.293  -26.433 0.6000000238
5909  -16.469  -63.311  -29.324 0.4000000060
5045  -13.309  -65.700  -27.192 0.6000000238
5062  -12.838  -65.808  -28.059 0.6000000238
92408  -12.847  -65.289  -27.571 0.6000000238
5910  -17.207  -62.819  -29.474 0.4000000060
5479  -12.358  -63.940  -27.540 0.6000000238
5044  -12.361  -64.798  -28.129 0.6999999881
6845  -11.639  -60.921  -28.192 0.6000000238
4963  -15.411  -65.307  -19.803 0.6999999881
5408  -15.865  -64.779  -20.045 0.6999999881
82411  -16.512  -64.454  -20.291 0.6000000238
5418  -16.941  -64.226  -21.021 0.6000000238
5839  -16.913  -63.898  -21.826 0.6999999881
5847  -16.456  -63.810  -22.514 0.6000000238
3915  -16.847  -68.028  -29.969 0.5000000000
3901  -17.052  -68.661  -29.610 0.5000000000
3475  -17.316  -69.399  -29.102 0.5000000000
5857  -16.256  -63.263  -23.296 0.6000000238
6294  -16.950  -62.903  -22.939 0.5000000000
3890  -17.040  -68.685  -28.586 0.5000000000
3017  -17.760  -70.104  -28.644 0.5000000000
3018  -18.307  -70.781  -28.358 0.4000000060
5867  -15.013  -63.039  -24.151 0.6000000238
5856  -15.551  -63.641  -23.640 0.6000000238
6302  -16.501  -62.287  -23.454 0.5000000000
4619  -13.817  -65.665  -25.663 0.4000000060
5013  -13.835  -65.134  -24.949 0.6000000238
6301  -15.796  -62.625  -23.851 0.6000000238
5063  -16.146  -65.232  -29.102 0.4000000060
96538  -16.367  -65.917  -28.678 0.4000000060
5027  -13.435  -65.313  -26.363 0.5000000000
5012  -13.504  -64.829  -25.657 0.5000000000
5876  -13.673  -63.104  -25.313 0.6000000238
6314  -14.466  -62.539  -24.731 0.6000000238
5493  -16.495  -64.380  -28.928 0.5000000000
5448  -13.343  -63.961  -25.844 0.6000000238
6329  -14.049  -61.978  -25.373 0.6000000238
6330  -14.636  -61.650  -24.883 0.6000000238
82254  -12.911  -64.791  -27.069 0.5000000000
88059  -13.213  -64.563  -26.290 0.6000000238
5881  -12.944  -63.122  -26.187 0.6000000238
6820  -13.499  -61.245  -25.788 0.6000000238
6821  -14.261  -61.027  -25.306 0.6000000238
5459  -12.818  -63.902  -26.634 0.6000000238
6340  -12.670  -62.368  -26.586 0.6000000238
6833  -12.770  -61.464  -26.446 0.6000000238
6339  -12.054  -61.838  -27.385 0.6000000238
87952  -11.674  -62.603  -27.974 0.6000000238
7339  -11.638  -59.963  -28.686 0.5000000000
7356  -11.815  -58.759  -29.399 0.5000000000
4957  -15.782  -65.760  -18.991 0.6999999881
4559  -15.244  -66.353  -17.747 0.6999999881
4958  -16.249  -65.318  -18.242 0.6999999881
4964  -16.165  -65.111  -19.278 0.6999999881
80987  -16.663  -64.561  -19.597 0.6000000238
5409  -17.333  -64.090  -20.056 0.6000000238
5834  -17.807  -63.706  -20.765 0.5000000000
5840  -17.558  -63.569  -21.538 0.5000000000
5848  -17.278  -63.302  -22.257 0.5000000000
3900  -16.608  -68.097  -29.040 0.4000000060
3463  -17.557  -69.288  -28.055 0.5000000000
3451  -18.084  -69.366  -27.443 0.5000000000
3464  -18.151  -70.016  -27.810 0.5000000000
3000  -18.783  -70.654  -27.489 0.4000000060
4662  -16.347  -66.606  -28.637 0.4000000060
96087  -17.250  -68.492  -27.879 0.4000000060
6315  -15.258  -61.927  -24.373 0.6000000238
6316  -16.077  -61.721  -23.928 0.6000000238
6806  -15.805  -61.204  -24.404 0.6000000238
94258  -12.987  -60.632  -26.269 0.6000000238
6834  -13.753  -60.456  -25.919 0.6000000238
6822  -15.151  -60.934  -24.873 0.6000000238
6846  -12.215  -60.491  -27.220 0.6000000238
7326  -13.077  -59.887  -26.668 0.5000000000
7340  -12.439  -59.447  -27.940 0.5000000000
4553  -14.916  -66.154  -16.771 0.6999999881
4951  -15.680  -65.617  -17.273 0.6999999881
4952  -16.399  -65.050  -17.222 0.6999999881
5386  -16.887  -64.729  -17.822 0.6000000238
5395  -16.813  -64.729  -18.735 0.6999999881
5396  -17.377  -64.233  -19.130 0.4000000060
4542  -14.526  -65.990  -15.769 0.6999999881
4944  -15.351  -65.475  -16.026 0.6999999881
4945  -16.003  -65.141  -16.509 0.6000000238
94155  -18.073  -63.664  -20.104 0.5000000000
4936  -13.192  -65.695  -14.911 0.6999999881
4937  -14.071  -65.580  -15.041 0.6999999881
5835  -18.528  -63.329  -20.497 0.5000000000
5354  -12.753  -64.877  -14.826 0.6999999881
5841  -18.272  -63.172  -21.241 0.5000000000
5353  -11.876  -64.785  -15.327 0.6000000238
5783  -11.855  -63.990  -15.643 0.6000000238
6243  -11.766  -62.968  -16.759 0.6000000238
6264  -11.325  -62.269  -17.972 0.5000000000
6755  -12.294  -61.223  -18.212 0.5000000000
3875  -17.810  -68.695  -27.455 0.4000000060
3452  -18.582  -69.795  -27.147 0.4000000060
7315  -14.702  -60.374  -25.648 0.6000000238
5387  -17.418  -64.296  -18.258 0.5000000000
4938  -14.782  -65.402  -15.287 0.6000000238
5366  -15.950  -64.741  -15.701 0.6000000238
5367  -16.540  -64.669  -16.376 0.6000000238
5376  -17.453  -64.221  -17.336 0.6000000238
5388  -18.015  -63.893  -18.636 0.5000000000
5397  -18.018  -63.794  -19.444 0.5000000000
5828  -18.684  -63.452  -19.755 0.5000000000
5355  -13.627  -64.889  -14.736 0.6999999881
5356  -14.480  -64.841  -14.801 0.6000000238
5357  -15.262  -64.842  -15.133 0.6000000238
5358  -16.627  -64.024  -15.458 0.6000000238
5836  -19.223  -63.033  -20.137 0.5000000000
86347  -13.281  -64.262  -14.741 0.6999999881
5345  -14.114  -64.043  -14.576 0.6000000238
5786  -14.299  -63.216  -14.603 0.6000000238
5347  -15.409  -63.433  -14.479 0.6000000238
5787  -16.196  -63.373  -14.652 0.6000000238
5784  -12.573  -63.965  -15.136 0.6000000238
5785  -13.474  -63.544  -14.849 0.6000000238
6233  -13.799  -62.795  -15.168 0.6000000238
6225  -15.047  -62.958  -14.413 0.6000000238
5799  -12.203  -63.369  -15.910 0.6000000238
6244  -12.599  -62.633  -16.355 0.6000000238
6245  -13.416  -62.366  -16.007 0.6000000238
6246  -14.218  -62.151  -15.669 0.6000000238
6255  -12.281  -62.217  -17.115 0.5000000000
6734  -13.045  -61.920  -16.786 0.5000000000
6735  -13.858  -61.640  -16.404 0.6000000238
6736  -14.645  -61.410  -15.897 0.6000000238
3876  -18.449  -69.034  -27.007 0.4000000060
7256  -11.839  -60.922  -18.875 0.5000000000
6744  -12.678  -61.534  -17.513 0.5000000000
6745  -13.480  -61.209  -17.192 0.6000000238
7229  -14.397  -60.847  -16.757 0.6000000238
7257  -12.648  -60.553  -18.664 0.5000000000
7244  -13.082  -60.885  -17.976 0.4000000060
7245  -13.889  -60.557  -17.697 0.6000000238
5377  -17.975  -63.899  -17.813 0.6000000238
5811  -18.620  -63.552  -18.133 0.5000000000
5820  -18.700  -63.553  -18.973 0.5000000000
5800  -17.820  -63.758  -16.607 0.6000000238
5810  -18.423  -63.448  -17.147 0.5000000000
5829  -19.320  -63.156  -19.335 0.5000000000
5788  -17.009  -63.212  -14.977 0.6999999881
5789  -18.307  -63.029  -15.929 0.6999999881
5776  -15.804  -62.874  -14.469 0.6000000238
6236  -16.505  -62.839  -14.673 0.6999999881
6235  -15.399  -62.387  -14.885 0.6000000238
88676  -16.256  -62.288  -14.880 0.6999999881
6725  -15.656  -61.448  -15.408 0.6999999881
83119  -15.111  -60.816  -16.059 0.6000000238
7230  -15.869  -60.546  -15.991 0.6999999881
7787  -11.826  -59.898  -20.039 0.5000000000
7777  -13.045  -59.904  -19.142 0.5000000000
7258  -13.466  -60.244  -18.450 0.4000000060
7788  -12.608  -59.594  -19.795 0.5000000000
7767  -14.241  -59.962  -18.226 0.5000000000
5821  -19.288  -63.179  -18.517 0.5000000000
5812  -19.163  -63.050  -17.632 0.5000000000
5801  -19.030  -62.725  -16.637 0.5000000000
6256  -19.658  -62.402  -17.218 0.5000000000
6237  -18.254  -62.337  -15.254 0.6999999881
6727  -17.898  -61.766  -15.184 0.6999999881
6726  -16.815  -61.623  -15.166 0.6000000238
7247  -15.279  -60.338  -16.745 0.6999999881
7218  -16.457  -60.934  -15.555 0.6000000238
7246  -14.702  -60.230  -17.523 0.6000000238
8341  -13.471  -59.199  -19.656 0.5000000000
7778  -13.864  -59.615  -18.907 0.4000000060
7768  -14.896  -59.747  -18.054 0.6000000238
8931  -14.072  -58.399  -19.923 0.4000000060
8342  -14.319  -59.020  -19.284 0.4000000060
7779  -14.625  -59.397  -18.622 0.5000000000
6238  -19.022  -62.250  -15.678 0.6000000238
6247  -19.617  -62.126  -16.293 0.5000000000
6728  -18.787  -61.780  -15.399 0.6000000238
6729  -19.417  -61.746  -15.879 0.5000000000
7220  -18.225  -61.089  -15.781 0.6000000238
7219  -17.308  -61.006  -15.600 0.6000000238
7233  -18.640  -60.244  -16.303 0.5000000000
7231  -16.769  -60.352  -16.012 0.6000000238
7751  -16.195  -59.854  -16.725 0.6999999881
7752  -17.190  -59.682  -16.472 0.5000000000
7769  -15.429  -59.788  -17.485 0.6000000238
7780  -15.394  -59.198  -18.211 0.5000000000
8350  -14.715  -58.483  -19.437 0.4000000060
83779  -15.022  -58.837  -18.936 0.5000000000
11859  -15.245  -53.227  -24.120 0.4000000060
87607  -15.295  -52.231  -23.796 0.3000000119
11306  -15.585  -53.751  -23.571 0.4000000060
7234  -20.128  -60.348  -16.617 0.5000000000
10748  -15.253  -54.306  -23.555 0.3000000119
7232  -17.695  -60.321  -16.085 0.5000000000
7754  -19.461  -59.749  -16.479 0.5000000000
10161  -14.657  -55.430  -22.600 0.3000000119
10737  -15.733  -54.367  -22.859 0.4000000060
7753  -18.084  -59.557  -16.480 0.5000000000
10153  -14.985  -55.870  -22.027 0.3000000119
8320  -16.825  -59.183  -17.085 0.6000000238
95229  -16.041  -58.794  -18.103 0.6999999881
8332  -16.645  -58.708  -17.739 0.6000000238
8351  -15.328  -58.233  -19.243 0.5000000000
8343  -15.705  -58.553  -18.650 0.5000000000
8922  -16.061  -57.938  -18.991 0.4000000060
8344  -16.427  -58.275  -18.362 0.4000000060
12444  -14.770  -51.659  -24.379 0.3000000119
11860  -15.844  -52.859  -23.376 0.3000000119
11298  -16.141  -53.482  -22.884 0.4000000060
87417  -18.913  -59.282  -16.568 0.5000000000
10162  -15.406  -55.175  -22.423 0.4000000060
10730  -16.171  -54.843  -22.132 0.4000000060
8321  -17.622  -59.039  -16.875 0.5000000000
8322  -18.418  -58.814  -16.846 0.5000000000
10154  -15.770  -55.569  -21.772 0.4000000060
85142  -17.246  -58.679  -17.391 0.5000000000
8913  -17.271  -58.077  -17.913 0.5000000000
8948  -15.145  -57.122  -20.147 0.3000000119
8933  -15.583  -57.525  -19.520 0.4000000060
12968  -14.801  -50.796  -24.264 0.3000000119
12445  -15.374  -51.214  -23.645 0.3000000119
12437  -16.084  -51.792  -23.075 0.4000000060
7756  -21.111  -59.362  -16.799 0.4000000060
11852  -16.480  -52.649  -22.753 0.4000000060
8325  -21.491  -58.610  -16.664 0.4000000060
11299  -16.703  -53.278  -22.414 0.4000000060
8323  -19.721  -58.934  -16.487 0.4000000060
10738  -16.510  -54.030  -22.342 0.4000000060
96372  -18.652  -58.068  -17.224 0.5000000000
10147  -16.097  -55.932  -21.092 0.3000000119
8914  -18.074  -57.818  -17.662 0.5000000000
9533  -15.940  -56.834  -19.870 0.3000000119
12969  -15.309  -50.215  -23.594 0.3000000119
12960  -15.995  -50.687  -23.038 0.3000000119
85109  -16.660  -51.053  -22.567 0.4000000060
87966  -16.911  -51.898  -22.479 0.3000000119
7771  -21.972  -59.269  -17.388 0.4000000060
8346  -23.187  -58.130  -18.327 0.4000000060
11844  -17.118  -52.680  -22.185 0.4000000060
8324  -20.565  -58.730  -16.497 0.4000000060
8334  -19.208  -58.465  -16.808 0.4000000060
8916  -19.487  -57.580  -17.182 0.4000000060
10155  -16.511  -55.264  -21.465 0.3000000119
10148  -16.805  -55.611  -20.773 0.3000000119
8923  -16.835  -57.495  -18.659 0.4000000060
13479  -15.280  -49.102  -23.741 0.3000000119
12961  -16.613  -50.171  -22.594 0.4000000060
8935  -23.878  -57.413  -19.492 0.4000000060
8336  -22.898  -58.125  -17.569 0.4000000060
8897  -20.011  -58.147  -16.634 0.4000000060
8898  -20.863  -57.955  -16.554 0.4000000060
11292  -17.200  -53.578  -21.799 0.3000000119
8917  -20.357  -57.412  -16.928 0.4000000060
10724  -17.169  -54.972  -21.095 0.3000000119
8915  -18.693  -57.342  -17.667 0.5000000000
9534  -16.772  -56.611  -19.551 0.3000000119
8924  -17.828  -57.229  -18.253 0.4000000060
8934  -16.320  -57.231  -19.261 0.4000000060
13480  -16.093  -48.962  -23.234 0.3000000119
12962  -17.131  -50.555  -22.282 0.3000000119
12438  -17.311  -51.215  -22.140 0.3000000119
8925  -23.770  -57.365  -18.577 0.4000000060
8900  -22.685  -57.593  -17.096 0.4000000060
8918  -23.311  -57.510  -17.689 0.3000000119
11845  -17.640  -52.726  -21.470 0.3000000119
89600  -21.040  -57.272  -16.718 0.4000000060
8899  -21.800  -57.633  -16.684 0.4000000060
10725  -17.483  -54.256  -21.175 0.3000000119
9503  -19.419  -56.777  -17.662 0.4000000060
10149  -17.457  -55.303  -20.462 0.3000000119
10142  -17.838  -55.613  -19.810 0.3000000119
9535  -17.541  -56.240  -19.399 0.3000000119
9536  -18.642  -55.957  -18.727 0.3000000119
11853  -17.521  -51.958  -21.897 0.3000000119
12431  -17.837  -51.209  -21.553 0.3000000119
8901  -23.132  -56.866  -17.249 0.3000000119
9492  -22.375  -56.881  -16.988 0.4000000060
84904  -23.425  -56.102  -17.448 0.4000000060
11286  -17.837  -53.490  -21.020 0.3000000119
9504  -20.731  -56.741  -17.084 0.4000000060
9506  -22.150  -56.152  -17.160 0.4000000060
94615  -17.649  -54.728  -20.706 0.3000000119
10719  -18.108  -54.929  -20.187 0.3000000119
11838  -18.212  -52.701  -20.745 0.3000000119
10726  -18.057  -54.199  -20.562 0.3000000119
9505  -21.234  -56.051  -17.257 0.3000000119
10107  -22.886  -55.558  -17.403 0.3000000119
10104  -20.236  -56.126  -17.581 0.3000000119
10143  -18.583  -55.277  -19.374 0.3000000119
9521  -19.366  -56.039  -18.187 0.3000000119
11828  -18.807  -52.671  -20.057 0.3000000119
12416  -19.211  -51.955  -19.820 0.3000000119
11287  -18.474  -53.460  -20.338 0.3000000119
10105  -20.926  -55.299  -17.708 0.3000000119
95006  -16.790  -57.024  -19.071 0.4000000060
9550  -16.404  -56.246  -20.346 0.3000000119
10141  -17.166  -55.965  -20.093 0.3000000119
1118  -15.552  -76.696  -33.223 0.6000000238
1104  -16.084  -77.329  -32.219 0.5000000000
1092  -14.882  -76.481  -31.443 0.5000000000
1277  -14.409  -75.833  -31.752 0.5000000000
1094  -16.572  -77.153  -31.263 0.5000000000
610  -20.365  -80.177  -32.845 0.5000000000
2210  -14.764  -73.215  -33.202 0.6999999881
798  -19.510  -79.295  -32.598 0.4000000060
2209  -13.516  -72.669  -33.188 0.6999999881
813  -26.894  -78.101  -34.164 0.3000000119
1107  -19.056  -77.200  -33.215 0.5000000000
92818  -19.528  -76.074  -33.057 0.3000000119
2594  -17.377  -71.411  -34.033 0.6000000238
3068  -17.505  -70.422  -34.289 0.5000000000
2604  -14.658  -71.449  -33.681 0.6999999881
90307  -27.643  -79.670  -29.671 0.3000000119
3517  -12.756  -69.769  -34.193 0.6000000238
1278  -17.530  -76.446  -32.855 0.5000000000
1105  -16.904  -77.575  -32.742 0.6000000238
949  -17.119  -78.045  -32.608 0.5000000000
2222  -11.703  -71.839  -34.538 0.5000000000
91535  -26.043  -78.024  -34.063 0.3000000119
1291  -21.568  -75.037  -33.503 0.3000000119
88318  -17.457  -74.540  -32.713 0.5000000000
964  -25.363  -77.599  -34.216 0.3000000119
2600  -10.277  -71.356  -35.223 0.5000000000
88707  -29.565  -78.170  -32.189 0.3000000119
4688  -15.912  -66.058  -30.133 0.5000000000
2564  -17.962  -71.268  -29.683 0.4000000060
83275  -14.413  -63.527  -30.705 0.6000000238
96144  -12.323  -65.411  -28.542 0.6000000238
4315  -16.842  -67.487  -30.685 0.4000000060
7373  -11.935  -58.343  -31.356 0.4000000060
4660  -12.950  -66.578  -28.433 0.6000000238
4984  -14.606  -64.944  -21.214 0.6000000238
5896  -12.190  -63.035  -27.119 0.5000000000
5064  -16.725  -65.392  -28.511 0.5000000000
6328  -13.321  -62.241  -25.962 0.6000000238
5365  -11.345  -64.280  -16.054 0.6000000238
5368  -17.179  -64.200  -16.405 0.5000000000
5346  -14.968  -64.128  -14.609 0.6000000238
83940  -15.769  -64.125  -14.890 0.6000000238
5359  -17.480  -63.553  -15.702 0.6000000238
6232  -12.959  -63.066  -15.491 0.6000000238
7269  -12.203  -60.242  -19.349 0.5000000000
7770  -16.078  -59.242  -17.542 0.6000000238
7221  -19.017  -61.120  -16.022 0.5000000000
8932  -14.842  -57.879  -19.782 0.3000000119
7755  -20.261  -59.457  -16.536 0.4000000060
8335  -22.331  -58.388  -17.075 0.4000000060
10731  -16.869  -54.508  -21.700 0.3000000119
88161  -20.058  -56.913  -17.293 0.4000000060
84128  -18.011  -56.469  -18.782 0.3000000119
9520  -18.661  -56.637  -18.201 0.4000000060
3047  -6.073  -70.287  -32.930 0.5000000000
3056  -6.599  -70.146  -33.695 0.5000000000
3063  -7.413  -70.276  -34.163 0.5000000000
2593  -7.991  -71.154  -34.570 0.4000000060
3038  -7.091  -70.042  -31.022 0.5000000000
3048  -6.493  -70.012  -31.876 0.5000000000
83150  -6.724  -69.851  -32.782 0.5000000000
92802  -8.264  -70.548  -34.383 0.5000000000
2598  -8.918  -70.989  -34.772 0.4000000060
3049  -7.376  -69.590  -31.828 0.5000000000
3057  -7.509  -69.715  -33.247 0.5000000000
3065  -9.029  -70.394  -34.445 0.4000000060
3039  -7.815  -69.877  -30.623 0.5000000000
3497  -8.210  -69.269  -32.348 0.5000000000
3490  -8.312  -69.336  -31.199 0.5000000000
3505  -8.427  -69.531  -33.264 0.5000000000
3498  -9.030  -69.110  -32.750 0.5000000000
3506  -9.232  -69.676  -33.772 0.4000000060
3491  -8.906  -68.850  -31.772 0.5000000000
3499  -9.855  -69.027  -33.078 0.5000000000
3473  -10.246  -69.229  -29.476 0.5000000000
3483  -9.115  -69.119  -30.732 0.5000000000
3484  -9.816  -68.819  -30.323 0.5000000000
3912  -9.509  -68.478  -31.265 0.5000000000
3921  -9.721  -68.500  -32.216 0.5000000000
3897  -10.520  -68.513  -29.957 0.5000000000
3899  -12.020  -67.640  -29.197 0.5000000000
3913  -10.072  -68.135  -30.866 0.5000000000
3898  -11.245  -68.165  -29.576 0.5000000000
4297  -11.360  -67.460  -30.044 0.5000000000
3922  -10.031  -68.061  -31.649 0.5000000000
3914  -10.712  -67.764  -30.478 0.5000000000
4312  -10.384  -67.488  -31.476 0.5000000000
3929  -10.500  -68.413  -32.659 0.5000000000
4286  -13.177  -67.120  -28.234 0.5000000000
4298  -11.696  -66.883  -30.014 0.5000000000
4313  -10.785  -66.864  -30.951 0.5000000000
4314  -11.047  -66.228  -30.721 0.5000000000
86648  -10.547  -67.641  -32.106 0.5000000000
87263  -13.770  -67.173  -26.655 0.5000000000
4645  -13.455  -66.622  -27.543 0.5000000000
94198  -12.571  -66.862  -29.147 0.6000000238
4207  -14.705  -66.939  -20.710 0.5000000000
4195  -14.863  -67.224  -19.932 0.5000000000
4584  -14.829  -66.446  -20.057 0.6000000238
4572  -15.008  -67.018  -19.180 0.5000000000
4558  -14.953  -67.038  -18.137 0.5000000000
4573  -15.221  -66.117  -19.517 0.6000000238
4565  -15.344  -66.403  -18.650 0.6000000238
84013  -14.587  -66.829  -17.260 0.5000000000
84612  -15.675  -65.888  -18.206 0.6000000238
4552  -14.149  -66.649  -16.311 0.5000000000
4540  -12.751  -66.468  -15.276 0.5000000000
4935  -12.304  -65.683  -15.050 0.6000000238
5364  -10.920  -64.508  -16.657 0.6000000238
93522  -11.188  -65.194  -16.036 0.5000000000
4541  -13.675  -66.306  -15.448 0.6000000238
6254  -11.179  -62.928  -17.492 0.6000000238
5797  -11.030  -63.696  -16.859 0.6000000238
96433  -11.690  -62.441  -17.426 0.6000000238
969  -24.988  -76.936  -34.228 0.3000000119
1300  -23.884  -75.447  -34.310 0.3000000119
1127  -23.619  -76.680  -34.254 0.3000000119
1827  -22.806  -73.916  -35.081 0.3000000119
84850  -23.092  -75.786  -34.174 0.3000000119
963  -24.355  -77.523  -34.095 0.3000000119
4595  -14.470  -66.097  -21.288 0.5000000000
3064  -8.217  -69.937  -34.038 0.4000000060
3474  -10.988  -68.946  -29.140 0.5000000000
1128  -24.530  -76.514  -34.245 0.3000000119
86292  -22.280  -75.022  -33.815 0.3000000119
1530  -22.710  -74.640  -34.317 0.3000000119
1306  -24.009  -76.124  -34.371 0.3000000119
84927  -22.838  -56.303  -17.211 0.3000000119
596  -28.574  -79.357  -29.694 0.3000000119
606  -27.615  -79.354  -30.439 0.3000000119
622  -21.408  -79.879  -33.730 0.4000000060
779  -30.260  -78.011  -29.549 0.3000000119
787  -18.458  -78.939  -32.350 0.4000000060
790  -30.010  -78.260  -30.328 0.3000000119
807  -28.882  -78.381  -32.930 0.3000000119
815  -28.870  -78.109  -33.972 0.3000000119
962  -23.471  -77.524  -34.120 0.4000000060
968  -24.218  -76.978  -34.144 0.3000000119
1081  -16.565  -76.492  -29.887 0.5000000000
1103  -15.348  -76.982  -32.248 0.5000000000
1117  -15.232  -76.830  -32.964 0.5000000000
1269  -18.994  -75.084  -32.303 0.4000000060
1297  -15.257  -76.004  -33.538 0.5000000000
1772  -19.030  -73.297  -29.920 0.4000000060
1825  -17.163  -73.419  -33.916 0.6000000238
2169  -19.758  -72.577  -28.512 0.4000000060
2572  -17.752  -71.279  -30.389 0.4000000060
2599  -9.558  -71.359  -35.070 0.5000000000
2606  -16.453  -71.520  -34.200 0.6000000238
3073  -9.716  -70.814  -34.991 0.5000000000
3078  -14.345  -70.643  -34.015 0.6999999881
3081  -17.338  -70.151  -34.705 0.5000000000
3500  -17.815  -69.083  -33.707 0.5000000000
4333  -17.438  -67.769  -34.163 0.5000000000
5375  -16.904  -64.600  -17.049 0.6000000238
5798  -11.606  -63.657  -16.221 0.6000000238
6234  -14.613  -62.591  -14.934 0.6000000238
6248  -20.050  -61.947  -16.864 0.5000000000
6724  -14.907  -62.003  -15.384 0.6000000238
6737  -19.881  -61.692  -16.400 0.5000000000
6743  -11.944  -61.861  -17.762 0.5000000000
6881  -14.676  -59.892  -31.411 0.6000000238
7866  -12.439  -57.500  -30.069 0.5000000000
7877  -12.493  -57.448  -30.999 0.5000000000
7884  -12.949  -58.030  -31.368 0.4000000060
8333  -17.901  -58.423  -17.321 0.5000000000
8345  -22.652  -58.740  -17.903 0.4000000060
9491  -21.551  -56.774  -16.908 0.4000000060
9519  -17.274  -56.818  -18.918 0.4000000060
9522  -23.723  -56.735  -17.783 0.3000000119
82560  -17.262  -62.448  -14.941 0.6999999881
84578  -19.699  -61.160  -16.369 0.5000000000
91464  -25.457  -79.376  -30.963 0.3000000119
91766  -19.355  -60.506  -16.377 0.5000000000
92285  -14.765  -63.502  -14.487 0.6000000238
94046  -18.140  -55.934  -19.238 0.3000000119
94514  -17.012  -77.407  -31.590 0.5000000000
94542  -17.722  -62.928  -15.236 0.6999999881
94622  -17.092  -72.131  -34.251 0.6000000238
95535  -15.228  -76.566  -33.199 0.6000000238
95721  -16.387  -75.083  -33.982 0.8000000119
95885  -17.918  -63.854  -17.249 0.6000000238
96110  -15.990  -66.534  -33.201 0.5000000000
96419  -15.809  -69.203  -34.724 0.5000000000
