#!ascii label  , from subject sub-v2s15x29742_ses-1 vox2ras=TkReg
210
9655  40.378  -50.337  -17.574 0.0000000000
7670  33.763  -54.853  -23.807 0.0000000000
6747  35.322  -56.635  -17.168 0.0000000000
8578  35.355  -52.006  -18.523 0.0000000000
5934  33.920  -58.823  -22.152 0.0000000000
82459  34.574  -57.633  -19.418 0.0000000000
5211  35.311  -60.283  -21.833 0.0000000000
73521  34.261  -53.479  -21.141 0.0000000000
10742  35.651  -48.711  -19.050 0.0000000000
66927  36.465  -53.415  -14.602 0.0000000000
84027  34.022  -55.013  -17.782 0.0000000000
6771  33.864  -56.164  -20.165 0.0000000000
6353  33.544  -57.503  -23.515 0.0000000000
5582  34.066  -59.410  -24.773 0.0000000000
9685  43.703  -51.002  -20.059 0.0000000000
8559  40.909  -52.629  -17.573 0.0000000000
70525  36.957  -55.561  -14.972 0.0000000000
11247  37.722  -47.809  -16.801 0.0000000000
5556  35.347  -59.525  -20.418 0.0000000000
7665  34.201  -54.257  -22.463 0.0000000000
8593  35.319  -52.250  -21.332 0.0000000000
80842  35.426  -55.241  -14.822 0.0000000000
6737  34.783  -55.994  -17.105 0.0000000000
5930  34.052  -58.221  -21.367 0.0000000000
6345  34.014  -57.024  -20.505 0.0000000000
6348  33.808  -57.294  -21.466 0.0000000000
6784  33.695  -56.457  -21.980 0.0000000000
5935  33.596  -58.189  -22.841 0.0000000000
74846  34.110  -58.785  -25.422 0.0000000000
8082  41.352  -53.307  -17.573 0.0000000000
8069  39.254  -53.443  -16.212 0.0000000000
66930  38.378  -55.208  -15.306 0.0000000000
9093  36.336  -51.118  -17.287 0.0000000000
9672  36.382  -49.687  -17.869 0.0000000000
81978  34.898  -46.527  -18.518 0.0000000000
83700  36.348  -45.979  -16.773 0.0000000000
5898  35.684  -58.357  -18.664 0.0000000000
6321  34.698  -57.297  -18.809 0.0000000000
84796  34.983  -58.933  -20.026 0.0000000000
85452  34.828  -59.112  -20.671 0.0000000000
5571  34.560  -59.573  -21.959 0.0000000000
8100  34.888  -52.809  -20.098 0.0000000000
9673  36.043  -50.261  -18.435 0.0000000000
9132  35.594  -51.531  -20.022 0.0000000000
10756  35.264  -48.372  -19.727 0.0000000000
7217  33.893  -54.840  -24.721 0.0000000000
75597  38.854  -51.202  -16.916 0.0000000000
8539  35.255  -52.415  -15.924 0.0000000000
8088  34.687  -52.818  -17.990 0.0000000000
6753  34.358  -56.449  -18.625 0.0000000000
72696  33.927  -55.880  -19.301 0.0000000000
7641  33.833  -54.279  -19.781 0.0000000000
7647  33.853  -54.419  -20.711 0.0000000000
7210  33.741  -55.715  -22.470 0.0000000000
7212  33.592  -55.744  -23.430 0.0000000000
5579  33.912  -59.188  -23.972 0.0000000000
5941  33.914  -58.558  -24.574 0.0000000000
6355  33.695  -57.581  -24.426 0.0000000000
73668  33.559  -56.676  -24.733 0.0000000000
9693  43.014  -50.403  -20.219 0.0000000000
9670  42.201  -50.752  -19.241 0.0000000000
9113  42.553  -51.528  -19.035 0.0000000000
9092  40.367  -51.812  -17.421 0.0000000000
8538  38.638  -52.739  -16.172 0.0000000000
69956  36.825  -54.291  -14.117 0.0000000000
70261  36.073  -56.510  -16.411 0.0000000000
66933  36.913  -57.106  -16.610 0.0000000000
6319  36.072  -58.027  -17.958 0.0000000000
77294  36.579  -48.125  -17.516 0.0000000000
9671  41.586  -50.220  -18.549 0.0000000000
10220  41.389  -49.094  -18.400 0.0000000000
10202  40.979  -49.765  -17.849 0.0000000000
7669  34.262  -54.286  -23.278 0.0000000000
8118  34.487  -53.682  -22.859 0.0000000000
6727  35.264  -56.016  -16.403 0.0000000000
7165  35.015  -55.419  -15.679 0.0000000000
5931  33.700  -57.979  -22.056 0.0000000000
5948  34.307  -59.040  -26.293 0.0000000000
7618  39.797  -54.103  -16.161 0.0000000000
9094  35.758  -51.473  -17.702 0.0000000000
9656  36.478  -50.382  -17.654 0.0000000000
9657  36.154  -50.910  -17.954 0.0000000000
12278  35.038  -45.294  -17.893 0.0000000000
5911  35.342  -58.639  -19.368 0.0000000000
5570  35.009  -59.616  -21.162 0.0000000000
82652  34.741  -53.028  -20.757 0.0000000000
83719  35.125  -52.649  -20.816 0.0000000000
76058  35.513  -50.135  -20.833 0.0000000000
10765  35.112  -48.733  -20.585 0.0000000000
11292  34.809  -47.868  -20.273 0.0000000000
80959  38.084  -52.108  -16.216 0.0000000000
76797  38.094  -51.431  -16.548 0.0000000000
72268  36.660  -52.745  -15.404 0.0000000000
8083  34.592  -52.927  -16.836 0.0000000000
81123  33.900  -54.423  -18.052 0.0000000000
73302  33.734  -55.012  -19.258 0.0000000000
72562  33.728  -55.222  -19.986 0.0000000000
7198  33.769  -55.482  -20.801 0.0000000000
6350  33.585  -57.221  -22.573 0.0000000000
78913  33.611  -56.368  -22.790 0.0000000000
6787  33.523  -56.666  -23.445 0.0000000000
5236  34.772  -60.810  -26.427 0.0000000000
5586  34.225  -59.665  -25.569 0.0000000000
5230  34.431  -60.486  -25.649 0.0000000000
5938  33.672  -58.384  -23.727 0.0000000000
5944  34.036  -57.890  -25.227 0.0000000000
6359  33.788  -57.161  -25.143 0.0000000000
84235  42.475  -50.386  -19.788 0.0000000000
9131  42.827  -51.050  -19.740 0.0000000000
8577  42.064  -52.171  -18.516 0.0000000000
9114  41.766  -51.239  -18.590 0.0000000000
9091  41.193  -51.801  -18.005 0.0000000000
8537  39.437  -52.661  -16.549 0.0000000000
74978  37.442  -55.061  -14.601 0.0000000000
66923  37.863  -54.375  -15.025 0.0000000000
66931  36.716  -55.037  -14.046 0.0000000000
6314  37.295  -57.848  -17.067 0.0000000000
5892  36.867  -58.316  -17.659 0.0000000000
6315  36.492  -57.637  -17.312 0.0000000000
10237  35.771  -49.706  -19.212 0.0000000000
10221  36.023  -49.279  -18.389 0.0000000000
10730  36.051  -48.417  -18.212 0.0000000000
12271  37.227  -45.588  -16.820 0.0000000000
7657  34.046  -54.229  -21.631 0.0000000000
8109  34.920  -52.888  -21.356 0.0000000000
66932  35.848  -53.844  -14.199 0.0000000000
8057  35.159  -54.017  -14.663 0.0000000000
7605  34.908  -54.735  -15.010 0.0000000000
7185  34.325  -55.485  -17.490 0.0000000000
5927  34.490  -58.430  -20.550 0.0000000000
6344  34.322  -57.672  -20.069 0.0000000000
6347  34.119  -57.734  -20.784 0.0000000000
6772  33.814  -56.367  -21.064 0.0000000000
8558  41.659  -52.793  -18.003 0.0000000000
8536  40.205  -52.614  -17.015 0.0000000000
8068  40.057  -53.385  -16.585 0.0000000000
7619  39.129  -54.112  -15.904 0.0000000000
10206  36.915  -49.651  -17.348 0.0000000000
10723  37.219  -48.582  -17.124 0.0000000000
11759  35.203  -47.138  -18.302 0.0000000000
11255  35.962  -47.665  -17.823 0.0000000000
75107  35.098  -46.245  -17.911 0.0000000000
12272  35.606  -45.707  -17.162 0.0000000000
6316  35.690  -57.358  -17.610 0.0000000000
6752  34.953  -56.967  -18.026 0.0000000000
6320  35.328  -57.680  -18.330 0.0000000000
6327  35.004  -58.008  -19.023 0.0000000000
5912  34.741  -58.248  -19.718 0.0000000000
5569  34.437  -58.979  -21.287 0.0000000000
8096  34.794  -52.767  -19.068 0.0000000000
9115  35.868  -51.176  -18.584 0.0000000000
8589  35.378  -52.163  -19.603 0.0000000000
9686  35.764  -50.745  -19.444 0.0000000000
9139  35.516  -51.562  -20.857 0.0000000000
75033  35.643  -50.030  -20.060 0.0000000000
84350  35.395  -48.159  -19.200 0.0000000000
11279  35.079  -47.621  -19.329 0.0000000000
11773  34.799  -46.741  -19.117 0.0000000000
6794  33.536  -55.774  -24.990 0.0000000000
82048  39.704  -50.954  -17.354 0.0000000000
10204  39.715  -50.030  -17.237 0.0000000000
8560  35.091  -52.054  -17.184 0.0000000000
6757  34.224  -56.876  -19.538 0.0000000000
7188  33.973  -55.367  -18.387 0.0000000000
7636  33.804  -54.300  -18.904 0.0000000000
8097  34.249  -53.476  -19.468 0.0000000000
8101  34.247  -53.536  -20.328 0.0000000000
85360  33.869  -54.973  -21.355 0.0000000000
7207  33.800  -55.683  -21.601 0.0000000000
7658  34.007  -55.014  -22.069 0.0000000000
6790  33.465  -56.205  -24.186 0.0000000000
82849  34.169  -59.481  -22.663 0.0000000000
5574  34.170  -59.721  -23.400 0.0000000000
5575  33.726  -59.029  -23.097 0.0000000000
75673  33.499  -56.926  -24.081 0.0000000000
7214  33.537  -55.458  -24.257 0.0000000000
10246  43.300  -49.495  -20.438 0.0000000000
10247  42.556  -49.591  -20.002 0.0000000000
80592  44.135  -51.764  -19.164 0.0000000000
83969  40.545  -51.129  -17.686 0.0000000000
9078  38.781  -51.983  -16.540 0.0000000000
8528  37.736  -52.682  -15.718 0.0000000000
8056  38.450  -53.603  -15.647 0.0000000000
66926  37.317  -53.481  -15.006 0.0000000000
75113  36.190  -54.713  -13.712 0.0000000000
75405  35.958  -55.767  -15.480 0.0000000000
70195  36.911  -56.305  -15.852 0.0000000000
6746  36.073  -57.099  -16.990 0.0000000000
10729  36.484  -48.927  -17.685 0.0000000000
11248  37.089  -47.845  -17.051 0.0000000000
11254  36.580  -47.424  -17.061 0.0000000000
11753  37.003  -46.608  -16.669 0.0000000000
7604  38.681  -54.461  -15.563 0.0000000000
7633  34.114  -54.651  -17.165 0.0000000000
7666  33.892  -54.981  -22.923 0.0000000000
8067  40.758  -53.387  -17.155 0.0000000000
8089  34.188  -53.546  -18.518 0.0000000000
9077  39.558  -51.856  -16.950 0.0000000000
9654  41.113  -50.742  -18.004 0.0000000000
9694  35.625  -50.836  -20.416 0.0000000000
10248  35.424  -49.505  -20.506 0.0000000000
11262  35.560  -47.957  -18.653 0.0000000000
11754  35.838  -46.753  -17.214 0.0000000000
66929  36.096  -55.200  -14.282 0.0000000000
72168  35.502  -54.693  -14.161 0.0000000000
74715  35.663  -51.542  -19.261 0.0000000000
76837  35.373  -52.194  -20.465 0.0000000000
76963  35.499  -49.170  -19.868 0.0000000000
78400  34.135  -53.663  -17.536 0.0000000000
82098  37.264  -47.331  -16.795 0.0000000000
