#!ascii label  , from subject sub-v2s15x29749_ses-1 vox2ras=TkReg
1895
7417  -23.618  -69.398  -1.494 0.1000000015
7431  -22.591  -69.646  -2.141 0.1000000015
6361  -21.702  -71.430  -3.582 0.1000000015
118284  -21.897  -69.563  -2.186 0.1000000015
7430  -21.369  -69.940  -2.483 0.1000000015
8466  -21.366  -67.495  -1.432 0.1000000015
7414  -20.124  -68.860  -1.951 0.1000000015
8989  -20.721  -66.874  -2.289 0.1000000015
9002  -21.028  -66.485  -3.021 0.1000000015
8485  -19.742  -67.691  -2.597 0.1000000015
9001  -20.289  -67.076  -2.979 0.1000000015
9014  -21.421  -66.365  -3.904 0.1000000015
8493  -20.348  -67.228  -3.961 0.1000000015
8492  -19.655  -67.647  -3.397 0.1000000015
8494  -21.027  -66.863  -4.470 0.1000000015
8517  -22.664  -67.396  -6.455 0.1000000015
7959  -19.850  -67.811  -4.419 0.1000000015
7967  -21.148  -67.998  -5.741 0.1000000015
8503  -20.654  -67.503  -4.931 0.1000000015
7921  -24.475  -68.092  -0.389 0.1000000015
7935  -23.395  -68.574  -0.987 0.1000000015
117506  -23.901  -68.352  -0.672 0.1000000015
7934  -22.566  -68.365  -1.185 0.1000000015
8965  -23.555  -66.678  -0.864 0.1000000015
8449  -23.218  -67.290  -0.759 0.1000000015
8467  -22.329  -67.536  -1.032 0.1000000015
8977  -23.164  -66.244  -1.365 0.1000000015
8975  -21.207  -66.871  -1.708 0.1000000015
8991  -22.158  -65.985  -2.239 0.1000000015
9003  -21.902  -65.986  -3.184 0.1000000015
8543  -27.245  -67.607  -9.464 0.1000000015
8009  -26.313  -67.950  -9.144 0.1000000015
8542  -25.851  -67.249  -8.452 0.1000000015
8530  -25.131  -67.606  -8.219 0.1000000015
8529  -23.951  -67.270  -7.280 0.1000000015
8518  -23.412  -66.987  -6.719 0.1000000015
9053  -22.956  -66.500  -6.070 0.1000000015
8505  -22.194  -66.919  -5.723 0.1000000015
8504  -21.421  -67.226  -5.343 0.1000000015
7384  -25.924  -68.576  0.292 0.1000000015
114693  -26.956  -66.824  -0.438 0.2000000030
8453  -26.580  -67.073  0.055 0.2000000030
7922  -25.407  -67.804  0.007 0.1000000015
8981  -26.936  -66.662  -1.146 0.1000000015
8980  -26.098  -66.407  -1.485 0.1000000015
8452  -25.787  -67.133  -0.117 0.1000000015
8966  -24.462  -66.521  -0.813 0.1000000015
9647  -33.358  -66.148  -9.162 0.1000000015
100789  -33.589  -67.139  -9.385 0.1000000015
8992  -25.467  -66.066  -2.195 0.1000000015
8978  -24.506  -65.913  -1.750 0.1000000015
9547  -23.624  -65.828  -1.839 0.1000000015
108808  -33.555  -67.337  -9.788 0.1000000015
8559  -33.181  -67.848  -9.580 0.1000000015
9097  -30.646  -67.384  -9.522 0.1000000015
8545  -29.811  -67.201  -8.559 0.1000000015
9096  -29.469  -66.966  -9.208 0.1000000015
9561  -24.861  -65.776  -2.848 0.1000000015
9576  -24.182  -65.582  -3.545 0.1000000015
101427  -22.633  -65.724  -3.728 0.1000000015
100343  -32.266  -68.022  -9.507 0.1000000015
8556  -30.406  -67.330  -10.064 0.1000000015
9095  -28.589  -66.692  -9.021 0.1000000015
9089  -27.996  -66.403  -8.357 0.1000000015
9077  -27.474  -66.196  -7.568 0.1000000015
107515  -26.003  -66.047  -7.422 0.1000000015
9590  -23.322  -65.581  -3.694 0.1000000015
9589  -23.083  -65.675  -4.569 0.1000000015
8555  -29.324  -67.254  -9.762 0.1000000015
8544  -27.685  -66.679  -8.891 0.1000000015
9076  -26.671  -66.038  -7.485 0.1000000015
9055  -24.506  -65.967  -6.577 0.1000000015
9054  -23.736  -66.150  -6.316 0.1000000015
105142  -26.746  -66.876  -8.715 0.1000000015
9088  -26.315  -66.388  -8.016 0.1000000015
8531  -25.396  -66.646  -7.756 0.1000000015
115851  -24.031  -66.572  -6.856 0.1000000015
9034  -23.394  -65.857  -5.568 0.1000000015
9032  -21.759  -66.526  -4.853 0.1000000015
8468  -27.576  -66.969  -0.780 0.1000000015
8454  -27.370  -67.075  0.028 0.2000000030
8436  -27.007  -67.512  0.533 0.1000000015
8424  -28.346  -67.733  1.277 0.2000000030
7897  -28.170  -68.036  1.530 0.2000000030
8469  -28.271  -67.426  -1.378 0.1000000015
8994  -26.940  -66.725  -2.157 0.1000000015
10226  -32.616  -65.049  -8.951 0.1000000015
8993  -26.288  -66.467  -2.660 0.1000000015
9004  -25.711  -66.165  -3.280 0.1000000015
9005  -26.445  -66.635  -3.686 0.1000000015
8547  -33.357  -67.906  -9.067 0.1000000015
8546  -31.284  -67.924  -8.883 0.1000000015
9577  -25.123  -65.825  -3.872 0.1000000015
8533  -30.704  -68.223  -8.097 0.1000000015
105079  -28.323  -66.475  -7.792 0.1000000015
9058  -27.487  -66.290  -6.785 0.1000000015
9611  -26.306  -65.857  -6.278 0.1000000015
9609  -24.729  -65.616  -5.390 0.1000000015
9591  -24.503  -65.601  -4.494 0.1000000015
9625  -24.206  -65.647  -5.875 0.1000000015
7420  -31.247  -69.581  -1.655 0.1000000015
7923  -30.783  -68.818  -0.733 0.1000000015
7938  -30.412  -68.959  -1.652 0.1000000015
105957  -29.832  -68.327  -0.855 0.1000000015
8456  -29.199  -67.669  0.057 0.2000000030
8439  -29.516  -67.714  0.975 0.2000000030
8455  -28.266  -67.308  -0.186 0.2000000030
8425  -29.099  -67.753  1.512 0.2000000030
7898  -28.756  -67.941  1.788 0.2000000030
8478  -28.188  -67.646  -2.464 0.1000000015
7936  -28.904  -68.036  -2.137 0.1000000015
7945  -28.707  -68.272  -3.168 0.1000000015
117398  -27.480  -67.396  -3.560 0.1000000015
9646  -32.362  -65.896  -8.393 0.1000000015
9081  -32.277  -66.740  -7.805 0.1000000015
9082  -33.044  -67.911  -8.138 0.1000000015
8534  -32.720  -68.764  -7.905 0.1000000015
101792  -27.549  -67.279  -2.793 0.1000000015
8486  -27.092  -67.156  -4.025 0.1000000015
100289  -31.953  -64.137  -8.845 0.1000000015
10224  -31.069  -63.984  -8.320 0.1000000015
9091  -33.118  -67.030  -8.590 0.1000000015
111156  -33.320  -67.810  -8.745 0.1000000015
8010  -31.870  -68.972  -8.223 0.1000000015
7995  -31.490  -69.324  -7.595 0.1000000015
8532  -29.610  -67.583  -7.620 0.1000000015
8520  -28.659  -67.813  -6.286 0.1000000015
8506  -27.663  -67.287  -5.408 0.1000000015
8495  -27.382  -67.279  -4.708 0.1000000015
9016  -25.905  -66.230  -4.193 0.1000000015
116883  -32.288  -63.530  -9.388 0.1000000015
9079  -29.047  -66.815  -7.909 0.1000000015
9078  -28.703  -67.103  -7.082 0.1000000015
9037  -27.119  -66.434  -6.022 0.1000000015
9036  -26.460  -66.242  -5.427 0.1000000015
9592  -25.330  -65.827  -4.760 0.1000000015
10810  -32.213  -62.741  -9.576 0.1000000015
11413  -32.396  -61.679  -9.901 0.1000000015
105182  -32.872  -61.762  -10.780 0.1000000015
12018  -31.825  -61.099  -9.263 0.1000000015
6874  -32.550  -71.013  -3.326 0.1000000015
103659  -30.833  -69.584  -2.280 0.1000000015
6873  -31.548  -70.689  -3.638 0.1000000015
7404  -31.827  -69.623  -0.909 0.1000000015
101455  -30.729  -68.501  0.164 0.1000000015
7911  -30.371  -68.133  0.917 0.2000000030
7432  -30.809  -69.905  -3.075 0.1000000015
7947  -30.170  -69.173  -2.505 0.1000000015
6891  -31.456  -70.831  -4.539 0.1000000015
7440  -30.706  -70.291  -4.026 0.1000000015
103298  -29.346  -62.931  -7.207 0.1000000015
10215  -30.275  -63.854  -7.782 0.1000000015
10216  -30.699  -64.725  -7.787 0.1000000015
9639  -31.351  -65.641  -7.778 0.1000000015
9080  -31.179  -66.310  -7.212 0.1000000015
6905  -31.467  -70.820  -5.199 0.1000000015
7448  -30.719  -70.595  -4.941 0.1000000015
7954  -29.301  -68.973  -3.838 0.1000000015
10225  -31.591  -64.880  -8.339 0.1000000015
8523  -32.314  -68.871  -6.943 0.1000000015
108123  -32.160  -69.448  -7.253 0.1000000015
7472  -31.852  -69.822  -7.190 0.1000000015
7960  -28.776  -68.641  -5.207 0.1000000015
7961  -29.311  -69.267  -4.833 0.1000000015
8487  -27.751  -67.668  -4.183 0.1000000015
11397  -29.795  -62.260  -7.560 0.1000000015
7996  -32.310  -69.131  -7.832 0.1000000015
7464  -30.959  -69.833  -7.013 0.1000000015
7981  -29.946  -69.307  -6.507 0.1000000015
7969  -29.611  -69.423  -5.699 0.1000000015
8496  -28.053  -67.915  -4.893 0.1000000015
10796  -30.736  -63.125  -8.280 0.1000000015
10797  -31.556  -63.294  -8.840 0.1000000015
11404  -30.507  -62.287  -8.128 0.1000000015
11405  -31.444  -62.264  -8.866 0.1000000015
12017  -31.082  -61.374  -8.462 0.1000000015
12029  -32.432  -60.704  -9.980 0.1000000015
12627  -32.486  -59.955  -10.381 0.1000000015
7421  -32.067  -70.269  -1.774 0.1000000015
6892  -32.255  -71.010  -4.181 0.1000000015
6894  -33.589  -70.888  -3.193 0.1000000015
6852  -33.784  -71.068  -1.990 0.1000000015
7924  -31.330  -68.960  -0.194 0.1000000015
6907  -32.592  -70.873  -4.463 0.1000000015
7441  -33.207  -70.127  -3.981 0.1000000015
7405  -32.889  -70.555  -1.315 0.1000000015
7912  -31.229  -68.618  0.606 0.1000000015
7971  -32.473  -69.983  -5.282 0.1000000015
7449  -32.716  -70.436  -4.590 0.1000000015
98514  -30.918  -68.337  1.504 0.2000000030
10782  -29.541  -63.717  -7.263 0.1000000015
9638  -30.440  -65.402  -7.239 0.1000000015
112067  -30.414  -65.894  -6.740 0.1000000015
7457  -32.064  -70.196  -6.013 0.1000000015
102827  -30.917  -70.602  -5.683 0.1000000015
7368  -31.961  -68.870  1.133 0.1000000015
7902  -32.302  -68.917  1.876 0.2000000030
10214  -29.871  -64.582  -7.253 0.1000000015
9061  -32.172  -67.671  -7.187 0.1000000015
7465  -31.931  -70.022  -6.745 0.1000000015
115210  -31.402  -70.150  -6.768 0.1000000015
7455  -30.574  -70.164  -6.277 0.1000000015
12004  -30.313  -61.446  -7.835 0.1000000015
12614  -30.943  -60.510  -8.085 0.1000000015
12615  -31.645  -60.370  -8.754 0.1000000015
103778  -32.127  -59.484  -9.030 0.1000000015
7955  -32.937  -69.126  -3.780 0.1000000015
7956  -33.549  -69.707  -3.298 0.1000000015
7949  -33.870  -69.457  -2.564 0.1000000015
8489  -32.382  -68.221  -3.464 0.1000000015
6908  -33.117  -70.745  -3.874 0.1000000015
7435  -34.481  -70.216  -2.289 0.1000000015
7963  -32.743  -69.614  -4.554 0.1000000015
6853  -34.669  -70.672  -1.837 0.1000000015
106090  -33.142  -70.252  -0.324 0.1000000015
8509  -31.903  -68.598  -5.934 0.1000000015
8497  -32.360  -68.622  -4.292 0.1000000015
6840  -33.978  -71.016  -1.062 0.1000000015
10770  -28.900  -63.476  -6.747 0.1000000015
10203  -29.141  -64.313  -6.685 0.1000000015
9627  -29.644  -65.250  -6.571 0.1000000015
9059  -30.067  -66.065  -6.132 0.1000000015
9060  -30.948  -66.709  -6.556 0.1000000015
8522  -31.540  -67.754  -6.279 0.1000000015
7970  -32.235  -69.301  -5.663 0.1000000015
6823  -34.175  -70.778  -0.193 0.1000000015
7388  -32.731  -69.595  0.516 0.1000000015
11389  -28.774  -62.701  -6.703 0.1000000015
7982  -32.154  -69.574  -6.487 0.1000000015
7369  -32.921  -69.477  1.265 0.1000000015
11992  -28.771  -61.920  -6.710 0.1000000015
110355  -28.980  -61.170  -6.750 0.1000000015
12598  -30.212  -60.572  -7.505 0.1000000015
102515  -30.917  -58.755  -7.280 0.1000000015
13183  -30.954  -59.616  -7.681 0.1000000015
13792  -31.377  -57.799  -7.508 0.1000000015
109550  -32.359  -67.848  -2.792 0.1000000015
7948  -33.042  -68.660  -2.866 0.1000000015
8480  -33.462  -68.552  -2.031 0.1000000015
8488  -31.812  -67.490  -3.139 0.1000000015
7939  -34.260  -69.308  -1.818 0.1000000015
99924  -31.788  -67.790  -3.934 0.1000000015
111103  -31.346  -67.161  -3.530 0.1000000015
7940  -34.924  -70.062  -1.575 0.1000000015
107974  -34.465  -70.982  -1.580 0.1000000015
101168  -31.813  -68.271  -4.921 0.1000000015
9008  -31.118  -67.212  -4.290 0.1000000015
11388  -28.192  -62.420  -6.146 0.1000000015
9039  -30.646  -66.831  -5.763 0.1000000015
8508  -31.206  -67.553  -5.344 0.1000000015
114051  -35.107  -70.543  -0.909 0.1000000015
7389  -33.546  -70.172  0.515 0.1000000015
10760  -28.071  -63.149  -5.832 0.1000000015
10202  -28.447  -63.867  -6.129 0.1000000015
10187  -28.846  -64.773  -5.993 0.1000000015
9613  -29.405  -65.483  -5.661 0.1000000015
6824  -34.923  -70.742  0.099 0.1000000015
11991  -28.276  -61.354  -6.205 0.1000000015
12579  -28.923  -60.452  -6.491 0.1000000015
13161  -29.090  -59.452  -6.186 0.1000000015
106728  -29.559  -59.825  -6.683 0.1000000015
13162  -30.106  -58.901  -6.680 0.1000000015
117644  -30.938  -58.057  -6.943 0.1000000015
13772  -29.632  -58.524  -6.201 0.1000000015
8995  -30.462  -66.197  -2.628 0.1000000015
110020  -31.154  -66.609  -2.214 0.1000000015
112892  -33.034  -67.861  -1.554 0.1000000015
102227  -29.733  -65.654  -3.049 0.1000000015
8472  -33.776  -68.379  -1.186 0.1000000015
9612  -28.841  -64.988  -5.071 0.1000000015
9594  -29.435  -65.577  -4.690 0.1000000015
9595  -30.032  -66.117  -4.341 0.1000000015
9007  -30.798  -66.649  -3.480 0.1000000015
11387  -27.635  -61.954  -5.600 0.1000000015
11381  -27.728  -62.656  -5.569 0.1000000015
10186  -28.371  -64.313  -5.393 0.1000000015
9038  -29.978  -66.152  -5.244 0.1000000015
103015  -34.930  -69.138  -0.330 0.1000000015
11979  -27.617  -61.053  -5.562 0.1000000015
6842  -35.236  -70.438  -0.348 0.1000000015
6809  -34.886  -70.532  1.037 0.1000000015
12567  -28.278  -60.329  -5.941 0.1000000015
13151  -28.282  -59.465  -5.615 0.1000000015
13755  -28.134  -58.710  -5.292 0.1000000015
13756  -28.953  -58.645  -5.713 0.1000000015
107182  -28.754  -57.876  -5.383 0.1000000015
14397  -28.560  -57.104  -5.025 0.1000000015
13773  -30.441  -57.890  -6.497 0.1000000015
8479  -31.839  -67.228  -2.299 0.1000000015
8471  -32.307  -67.335  -1.525 0.1000000015
8984  -32.062  -66.971  -0.921 0.1000000015
8457  -32.879  -67.488  -0.805 0.1000000015
113959  -27.224  -62.529  -4.960 0.1000000015
10173  -28.378  -64.508  -4.569 0.1000000015
9578  -29.587  -65.618  -3.819 0.1000000015
11978  -27.089  -60.736  -5.036 0.1000000015
11969  -27.100  -61.568  -5.021 0.1000000015
10759  -27.671  -63.222  -5.268 0.1000000015
10185  -27.913  -63.913  -4.921 0.1000000015
7925  -34.623  -69.258  -1.064 0.1000000015
12553  -27.162  -60.025  -5.001 0.1000000015
13150  -27.581  -59.441  -5.180 0.1000000015
13742  -26.875  -58.572  -4.495 0.1000000015
13743  -27.457  -58.838  -4.919 0.1000000015
14396  -26.959  -57.692  -4.343 0.1000000015
14411  -27.795  -58.002  -4.867 0.1000000015
117730  -27.743  -57.163  -4.602 0.1000000015
15100  -28.318  -56.236  -4.605 0.1000000015
9562  -29.801  -65.613  -2.391 0.1000000015
8982  -30.755  -66.279  -1.815 0.1000000015
8983  -31.464  -66.680  -1.481 0.1000000015
8969  -31.476  -66.530  -0.594 0.1000000015
10150  -29.203  -65.179  -2.662 0.1000000015
9593  -28.952  -65.054  -4.064 0.1000000015
12552  -26.648  -60.312  -4.591 0.1000000015
11968  -26.575  -61.094  -4.510 0.1000000015
13138  -26.853  -59.471  -4.658 0.1000000015
14384  -26.375  -57.432  -3.842 0.1000000015
9549  -30.174  -65.796  -1.798 0.1000000015
114987  -30.651  -66.075  -1.022 0.1000000015
10163  -28.770  -64.836  -3.296 0.1000000015
106014  -26.673  -61.937  -4.346 0.1000000015
10748  -27.420  -63.399  -4.542 0.1000000015
10172  -27.866  -64.114  -4.140 0.1000000015
103726  -28.414  -64.571  -3.850 0.1000000015
13137  -26.218  -59.148  -4.122 0.1000000015
13732  -26.231  -58.233  -3.955 0.1000000015
15098  -27.032  -56.731  -4.134 0.1000000015
15099  -27.524  -55.851  -4.121 0.1000000015
15897  -27.257  -55.115  -3.658 0.1000000015
9548  -29.457  -65.325  -1.875 0.1000000015
10162  -28.051  -64.313  -3.249 0.1000000015
10148  -28.038  -64.319  -2.330 0.1000000015
10134  -28.786  -64.838  -2.061 0.1000000015
12542  -26.113  -60.533  -4.063 0.1000000015
11958  -26.143  -61.355  -3.822 0.1000000015
11370  -26.869  -62.826  -4.072 0.1000000015
10740  -27.357  -63.615  -3.667 0.1000000015
13128  -25.843  -59.809  -3.735 0.1000000015
15085  -26.144  -56.797  -3.464 0.1000000015
15086  -26.670  -56.002  -3.585 0.1000000015
16686  -26.589  -54.851  -2.920 0.1000000015
10728  -27.428  -63.772  -2.782 0.1000000015
11355  -26.379  -62.218  -3.527 0.1000000015
11344  -26.252  -62.458  -2.610 0.1000000015
10739  -26.763  -63.072  -3.149 0.1000000015
13731  -25.675  -58.862  -3.423 0.1000000015
14383  -25.710  -57.691  -3.301 0.1000000015
112944  -26.095  -55.386  -2.608 0.1000000015
15885  -26.221  -54.901  -2.182 0.1000000015
13127  -25.504  -59.724  -3.100 0.1000000015
14372  -25.291  -57.407  -2.503 0.1000000015
15084  -25.597  -56.891  -2.918 0.1000000015
15071  -25.873  -56.070  -2.892 0.1000000015
16660  -26.537  -54.280  -1.685 0.1000000015
15884  -25.642  -55.657  -2.001 0.1000000015
13720  -25.301  -58.317  -2.696 0.1000000015
15070  -25.376  -56.561  -2.271 0.1000000015
6869  -22.279  -70.265  -2.747 0.1000000015
6868  -21.604  -70.687  -3.075 0.1000000015
7933  -21.628  -68.190  -1.376 0.1000000015
7415  -21.110  -68.998  -1.830 0.1000000015
8964  -22.737  -66.792  -1.041 0.1000000015
7932  -20.627  -68.145  -1.693 0.1000000015
7931  -19.940  -68.392  -2.022 0.1000000015
8990  -21.418  -66.379  -2.331 0.1000000015
8450  -24.029  -67.215  -0.555 0.1000000015
8451  -24.917  -67.197  -0.363 0.1000000015
7919  -23.025  -67.917  -0.835 0.1000000015
104577  -23.846  -66.197  -1.234 0.1000000015
8976  -22.410  -66.313  -1.562 0.1000000015
9560  -24.024  -65.642  -2.551 0.1000000015
9574  -22.802  -65.686  -2.896 0.1000000015
107195  -24.623  -68.308  -8.225 0.1000000015
9075  -24.618  -66.536  -7.250 0.1000000015
110141  -24.589  -67.439  -7.758 0.1000000015
8435  -26.213  -67.658  0.324 0.1000000015
8968  -26.295  -66.720  -0.553 0.1000000015
8979  -25.197  -66.235  -1.319 0.1000000015
8012  -33.022  -68.364  -8.796 0.1000000015
9090  -28.805  -66.672  -8.474 0.1000000015
102806  -27.163  -66.297  -8.189 0.1000000015
112341  -27.996  -66.460  -7.120 0.1000000015
9057  -26.873  -65.921  -6.883 0.1000000015
9056  -25.351  -65.879  -6.970 0.1000000015
112241  -25.685  -65.711  -6.439 0.1000000015
9608  -23.914  -65.547  -5.068 0.1000000015
9626  -25.008  -65.636  -6.186 0.1000000015
8470  -29.030  -67.845  -1.061 0.1000000015
8437  -27.827  -67.440  0.664 0.2000000030
7937  -29.633  -68.495  -1.843 0.1000000015
9006  -26.988  -66.941  -3.184 0.1000000015
8011  -32.504  -68.685  -8.507 0.1000000015
8519  -27.994  -67.015  -6.286 0.1000000015
9610  -25.625  -65.747  -5.676 0.1000000015
7946  -29.455  -68.710  -2.825 0.1000000015
8535  -33.058  -68.341  -8.512 0.1000000015
7994  -30.298  -68.772  -7.282 0.1000000015
8521  -29.361  -68.188  -6.732 0.1000000015
8507  -28.365  -67.925  -5.618 0.1000000015
9035  -26.010  -66.130  -4.908 0.1000000015
11414  -32.794  -62.368  -10.398 0.1000000015
111451  -33.925  -70.966  -2.797 0.1000000015
6851  -32.811  -70.884  -2.379 0.1000000015
7433  -31.670  -70.375  -2.590 0.1000000015
100391  -30.005  -69.778  -4.427 0.1000000015
113215  -31.628  -70.573  -5.721 0.1000000015
7447  -30.147  -70.098  -5.365 0.1000000015
7953  -28.513  -68.387  -4.253 0.1000000015
7456  -31.441  -70.381  -6.277 0.1000000015
103312  -33.921  -70.115  1.307 0.1000000015
13182  -30.184  -59.711  -7.140 0.1000000015
12580  -29.554  -60.555  -6.968 0.1000000015
13184  -31.645  -58.503  -8.089 0.1000000015
9019  -30.554  -66.720  -4.840 0.1000000015
106278  -30.521  -66.544  -4.073 0.1000000015
13757  -29.738  -57.690  -5.921 0.1000000015
15114  -29.318  -56.280  -5.168 0.1000000015
8299  -29.662  -67.836  12.651 0.5000000000
5130  -28.521  -74.283  11.127 0.5000000000
5117  -28.486  -74.070  12.073 0.5000000000
8816  -30.195  -67.139  12.313 0.5000000000
8298  -28.712  -68.100  12.066 0.5000000000
7765  -28.278  -68.978  12.376 0.5000000000
5653  -29.791  -73.138  11.200 0.5000000000
8832  -30.682  -65.976  11.781 0.5000000000
8831  -30.071  -66.633  11.848 0.5000000000
8315  -29.375  -67.342  11.919 0.5000000000
110091  -30.088  -72.382  12.114 0.5000000000
101400  -29.168  -66.797  11.378 0.5000000000
99321  -29.797  -66.035  11.365 0.5000000000
102617  -28.513  -67.038  10.727 0.4000000060
5682  -30.683  -72.585  8.971 0.5000000000
5691  -30.708  -72.766  7.905 0.5000000000
5683  -31.425  -72.038  8.616 0.5000000000
6208  -32.074  -71.302  9.401 0.5000000000
6715  -33.240  -70.301  8.905 0.5000000000
6209  -32.585  -70.836  9.094 0.5000000000
7265  -33.824  -69.255  9.107 0.4000000060
8338  -34.388  -68.334  8.464 0.4000000060
5618  -26.752  -72.537  13.445 0.1000000015
4565  -27.675  -74.644  11.477 0.5000000000
112434  -28.830  -68.501  12.737 0.5000000000
7211  -28.225  -69.666  13.040 0.4000000060
5118  -29.329  -73.196  12.588 0.5000000000
8817  -30.930  -66.631  12.357 0.5000000000
9398  -31.351  -65.311  11.757 0.5000000000
107021  -32.033  -63.912  11.527 0.5000000000
10582  -31.237  -63.797  11.294 0.5000000000
9397  -30.371  -65.305  11.375 0.5000000000
9982  -30.875  -64.600  11.381 0.3000000119
9396  -29.321  -65.321  10.919 0.4000000060
9981  -30.000  -64.584  11.072 0.3000000119
111107  -28.342  -68.574  10.537 0.6999999881
103546  -28.279  -69.177  11.010 0.5000000000
112995  -30.490  -64.044  11.124 0.3000000119
8830  -28.904  -66.199  10.909 0.4000000060
103935  -28.360  -67.835  10.638 0.5000000000
7240  -28.687  -69.595  10.290 0.6000000238
6691  -29.097  -70.395  10.717 0.6000000238
6169  -30.142  -71.910  12.259 0.6000000238
5144  -29.976  -73.165  9.447 0.3000000119
9998  -29.761  -63.864  10.791 0.3000000119
8850  -28.155  -66.655  9.385 0.4000000060
7796  -28.563  -68.770  9.714 0.5000000000
6704  -29.634  -70.286  10.179 0.6000000238
6705  -31.045  -70.597  10.725 0.6000000238
5655  -31.159  -71.952  10.714 0.5000000000
5669  -31.475  -71.770  9.870 0.5000000000
103634  -28.461  -65.079  10.248 0.4000000060
9420  -28.117  -65.790  9.625 0.4000000060
108718  -28.531  -68.202  9.291 0.5000000000
7803  -28.926  -68.814  8.915 0.5000000000
106950  -31.657  -70.403  10.341 0.5000000000
6693  -31.564  -70.846  10.708 0.5000000000
6196  -31.970  -70.933  10.279 0.5000000000
9996  -28.219  -64.252  10.001 0.4000000060
9419  -27.776  -65.460  8.921 0.4000000060
8855  -28.246  -66.814  8.598 0.5000000000
7804  -29.349  -68.516  8.281 0.5000000000
7262  -31.049  -69.473  8.902 0.4000000060
7252  -32.026  -69.886  9.965 0.5000000000
6706  -32.179  -70.326  10.061 0.5000000000
8849  -27.967  -66.098  8.789 0.4000000060
8344  -28.589  -66.967  7.865 0.5000000000
7805  -30.329  -68.814  8.129 0.5000000000
7806  -31.564  -68.860  8.332 0.4000000060
7263  -32.417  -69.409  9.285 0.4000000060
7253  -32.810  -69.816  9.715 0.5000000000
8345  -29.352  -67.329  7.486 0.5000000000
7817  -30.873  -68.114  7.605 0.4000000060
7807  -32.931  -68.805  8.852 0.4000000060
7808  -33.901  -68.812  9.036 0.4000000060
108680  -30.140  -67.540  7.337 0.3000000119
8347  -31.607  -67.638  7.375 0.4000000060
8348  -32.620  -67.495  7.431 0.3000000119
8349  -33.916  -67.621  7.803 0.3000000119
6665  -26.325  -70.919  12.963 0.1000000015
6155  -26.544  -71.850  12.612 0.1000000015
6146  -26.524  -71.456  13.991 0.1000000015
117915  -26.509  -71.655  13.206 0.1000000015
5604  -27.228  -72.945  15.201 0.4000000060
115310  -27.665  -73.622  14.241 0.4000000060
101307  -27.352  -73.810  13.391 0.4000000060
5109  -28.319  -73.850  13.028 0.5000000000
5096  -27.818  -73.853  13.788 0.4000000060
5097  -28.485  -73.444  14.062 0.5000000000
8300  -30.729  -67.397  12.831 0.5000000000
8292  -30.450  -68.001  13.302 0.5000000000
7757  -29.512  -68.631  13.485 0.5000000000
7756  -28.533  -69.163  13.199 0.4000000060
5619  -28.899  -72.761  14.087 0.5000000000
5110  -29.191  -73.022  13.318 0.5000000000
115525  -31.346  -65.979  12.140 0.5000000000
9399  -32.227  -65.071  12.011 0.5000000000
9983  -31.724  -64.530  11.616 0.5000000000
102731  -29.177  -72.084  13.451 0.6000000238
11202  -31.952  -63.082  11.334 0.2000000030
11221  -31.441  -62.237  11.049 0.2000000030
10602  -31.028  -62.909  11.054 0.3000000119
10600  -28.814  -63.627  10.361 0.4000000060
11220  -30.291  -62.626  10.755 0.3000000119
100794  -30.932  -61.561  10.791 0.3000000119
109700  -29.514  -62.254  10.457 0.4000000060
11218  -28.641  -62.748  10.203 0.4000000060
10616  -27.968  -63.352  9.770 0.4000000060
116753  -27.878  -65.620  7.936 0.4000000060
107584  -27.375  -63.075  8.985 0.3000000119
9435  -27.709  -65.167  7.866 0.3000000119
8859  -28.508  -66.270  7.567 0.4000000060
10026  -27.985  -64.818  7.352 0.3000000119
111738  -29.491  -66.169  6.925 0.3000000119
8346  -30.870  -67.276  7.145 0.4000000060
8358  -31.743  -67.007  7.002 0.3000000119
10030  -28.480  -64.403  6.857 0.2000000030
10031  -29.302  -64.773  6.647 0.2000000030
9448  -30.240  -65.885  6.688 0.3000000119
8873  -32.526  -66.753  6.991 0.3000000119
10638  -29.302  -63.827  6.542 0.1000000015
104133  -30.809  -64.844  6.522 0.2000000030
108497  -31.987  -66.186  6.783 0.4000000060
11866  -29.856  -60.904  6.467 0.1000000015
118114  -26.919  -71.992  16.055 0.1000000015
6133  -26.800  -72.163  15.244 0.1000000015
5591  -27.318  -72.563  16.023 0.2000000030
5593  -27.966  -73.080  15.925 0.5000000000
5079  -28.032  -73.564  14.818 0.4000000060
105200  -28.398  -73.200  14.863 0.4000000060
8293  -31.318  -67.750  13.544 0.5000000000
7742  -29.960  -69.265  14.452 0.4000000060
7191  -28.620  -70.566  14.858 0.4000000060
6147  -28.622  -71.589  14.410 0.5000000000
9381  -31.978  -65.695  12.282 0.5000000000
8818  -31.782  -66.362  12.624 0.5000000000
8301  -31.575  -67.067  13.024 0.4000000060
10583  -32.716  -63.608  11.643 0.4000000060
9964  -32.525  -64.384  11.825 0.4000000060
11203  -32.932  -62.759  11.513 0.3000000119
11222  -32.274  -62.133  11.274 0.3000000119
11833  -32.546  -61.298  11.209 0.2000000030
11832  -31.699  -61.402  10.996 0.2000000030
12424  -32.847  -60.526  11.202 0.1000000015
12423  -31.100  -60.601  10.696 0.3000000119
12994  -31.649  -59.848  10.734 0.1000000015
11830  -29.553  -61.409  10.389 0.3000000119
12993  -30.873  -59.690  10.539 0.2000000030
12421  -29.592  -60.585  10.339 0.2000000030
11234  -27.825  -62.296  9.576 0.2000000030
101241  -27.256  -62.099  8.738 0.2000000030
13010  -28.575  -59.724  9.880 0.2000000030
11242  -27.201  -62.713  8.069 0.2000000030
12437  -28.088  -60.596  9.658 0.2000000030
11857  -27.101  -61.246  8.534 0.1000000015
10636  -27.715  -63.323  7.110 0.2000000030
10637  -28.258  -63.582  6.794 0.2000000030
110111  -26.810  -59.984  8.101 0.1000000015
11860  -27.040  -61.261  7.601 0.1000000015
101823  -28.861  -62.909  6.551 0.1000000015
102097  -29.977  -62.935  6.437 0.1000000015
12448  -27.062  -60.001  7.105 0.1000000015
11864  -27.687  -61.233  6.705 0.1000000015
11248  -28.388  -62.159  6.571 0.1000000015
107690  -28.224  -60.664  6.512 0.1000000015
11865  -28.669  -61.318  6.511 0.1000000015
117248  -29.221  -59.907  6.492 0.1000000015
13630  -28.893  -58.516  6.378 0.1000000015
6118  -27.533  -72.181  16.711 0.3000000119
6119  -28.058  -72.344  16.751 0.3000000119
6602  -30.024  -70.333  18.068 0.3000000119
116915  -29.482  -70.844  17.973 0.3000000119
6632  -28.504  -71.718  17.243 0.3000000119
6134  -28.250  -72.360  16.494 0.3000000119
5605  -28.130  -73.199  15.520 0.4000000060
7179  -30.826  -70.128  16.764 0.3000000119
7178  -29.919  -70.686  16.693 0.3000000119
6648  -28.653  -71.690  16.254 0.5000000000
98733  -28.596  -71.492  15.284 0.5000000000
8278  -31.981  -68.167  14.358 0.4000000060
7743  -30.856  -69.288  15.054 0.5000000000
106129  -30.220  -69.610  15.093 0.4000000060
7192  -29.418  -70.153  15.263 0.4000000060
9965  -33.947  -64.545  12.454 0.4000000060
8820  -33.357  -65.833  13.046 0.4000000060
8819  -32.532  -66.095  12.817 0.5000000000
8807  -32.386  -66.753  13.278 0.5000000000
9985  -34.942  -63.834  12.109 0.4000000060
110463  -34.149  -63.621  12.009 0.4000000060
9984  -33.415  -64.055  12.031 0.4000000060
108373  -33.167  -64.977  12.340 0.5000000000
10585  -34.792  -63.163  11.741 0.4000000060
10584  -33.625  -63.273  11.756 0.4000000060
11205  -35.039  -62.519  11.462 0.3000000119
11204  -34.015  -62.444  11.561 0.3000000119
11806  -33.917  -61.707  11.434 0.3000000119
11805  -33.156  -61.924  11.405 0.3000000119
12399  -34.366  -61.195  11.297 0.3000000119
11834  -33.423  -61.172  11.335 0.2000000030
12425  -33.877  -60.381  11.286 0.1000000015
106483  -33.060  -59.712  11.200 0.1000000015
12995  -32.287  -59.184  10.915 0.1000000015
13577  -31.380  -59.077  10.644 0.1000000015
112562  -30.214  -59.485  10.436 0.2000000030
105479  -31.902  -58.400  10.759 0.1000000015
105289  -31.056  -58.325  10.589 0.1000000015
12992  -29.498  -59.722  10.272 0.2000000030
13576  -30.587  -58.957  10.496 0.2000000030
13011  -28.951  -58.975  10.034 0.2000000030
108569  -28.217  -59.116  9.574 0.1000000015
13595  -28.299  -58.384  9.557 0.1000000015
13022  -27.238  -59.315  8.734 0.1000000015
13594  -27.532  -57.907  8.860 0.1000000015
13028  -26.840  -59.549  7.614 0.1000000015
12452  -27.581  -60.353  6.691 0.1000000015
14253  -27.012  -58.280  7.387 0.1000000015
13629  -27.249  -58.676  6.844 0.1000000015
107211  -27.911  -58.205  6.461 0.1000000015
14268  -27.870  -57.094  6.390 0.1000000015
14957  -28.967  -56.642  6.023 0.1000000015
14277  -30.568  -56.915  6.092 0.1000000015
15770  -30.816  -55.597  5.703 0.1000000015
7704  -29.078  -69.501  17.836 0.3000000119
7725  -28.563  -68.960  16.900 0.2000000030
7146  -31.483  -69.350  17.497 0.3000000119
98592  -32.260  -69.139  16.001 0.4000000060
105832  -32.824  -68.709  16.301 0.3000000119
9383  -34.219  -65.251  12.986 0.3000000119
8294  -33.134  -67.171  14.077 0.4000000060
7728  -33.491  -68.181  15.794 0.3000000119
9986  -35.806  -64.176  12.315 0.3000000119
9966  -34.868  -64.550  12.572 0.3000000119
8797  -34.021  -67.227  14.677 0.4000000060
112962  -33.494  -67.842  14.973 0.4000000060
8266  -33.824  -67.829  16.127 0.3000000119
11207  -36.833  -63.416  11.469 0.3000000119
10586  -35.893  -63.608  11.806 0.3000000119
11206  -35.919  -63.001  11.383 0.3000000119
11808  -35.729  -62.297  11.091 0.3000000119
11807  -34.736  -61.896  11.350 0.3000000119
11835  -35.338  -61.484  11.025 0.3000000119
12426  -34.941  -60.679  11.093 0.2000000030
102851  -34.629  -59.971  11.126 0.1000000015
12997  -34.897  -59.239  10.917 0.1000000015
103378  -33.222  -58.875  11.154 0.1000000015
99819  -34.150  -57.886  11.095 0.1000000015
13578  -32.642  -58.434  10.986 0.1000000015
114839  -32.490  -57.766  10.891 0.1000000015
14209  -31.607  -57.562  10.671 0.1000000015
13575  -30.227  -58.239  10.417 0.2000000030
110224  -30.489  -57.087  10.432 0.2000000030
14207  -29.974  -57.492  10.319 0.2000000030
14223  -28.384  -57.468  9.512 0.1000000015
104259  -29.336  -56.280  9.881 0.1000000015
14914  -28.507  -56.544  9.470 0.1000000015
14238  -27.005  -58.036  8.070 0.1000000015
14913  -27.946  -55.936  8.935 0.1000000015
14239  -27.239  -57.179  8.165 0.1000000015
14941  -27.274  -56.670  7.401 0.1000000015
14929  -27.426  -56.284  8.209 0.1000000015
109240  -27.352  -57.069  6.854 0.1000000015
14955  -27.526  -56.270  6.717 0.1000000015
14963  -28.809  -55.944  5.890 0.1000000015
15756  -28.146  -55.387  6.101 0.1000000015
15769  -29.346  -55.393  5.726 0.1000000015
14964  -29.997  -56.143  5.827 0.1000000015
16579  -31.180  -54.952  5.507 0.1000000015
16578  -29.896  -54.743  5.566 0.1000000015
8263  -28.884  -68.060  15.927 0.2000000030
7741  -28.214  -68.531  15.812 0.2000000030
8264  -29.781  -67.509  15.912 0.2000000030
7706  -30.382  -68.622  17.800 0.3000000119
100915  -30.860  -66.579  15.539 0.2000000030
8248  -31.022  -68.006  17.472 0.3000000119
8230  -31.729  -68.289  17.540 0.3000000119
9369  -34.187  -65.997  13.566 0.3000000119
8808  -33.751  -66.552  13.850 0.3000000119
7708  -33.369  -68.194  16.494 0.3000000119
118108  -36.166  -64.716  13.136 0.3000000119
9967  -35.750  -64.734  12.870 0.3000000119
9384  -35.120  -65.123  13.135 0.3000000119
8809  -34.580  -66.464  14.357 0.3000000119
8280  -34.482  -67.026  15.308 0.3000000119
108279  -34.009  -67.636  15.524 0.3000000119
10567  -36.958  -64.021  12.418 0.3000000119
8798  -35.068  -66.401  15.119 0.3000000119
8267  -34.264  -67.310  16.129 0.2000000030
8251  -33.668  -67.612  16.686 0.2000000030
11192  -37.598  -63.207  11.793 0.2000000030
10588  -37.203  -63.560  11.816 0.2000000030
11208  -37.450  -63.055  11.332 0.3000000119
11223  -37.007  -62.887  10.865 0.3000000119
11836  -36.412  -62.052  10.526 0.3000000119
12427  -35.850  -61.103  10.545 0.2000000030
113174  -36.288  -60.589  10.126 0.2000000030
12998  -35.847  -59.608  10.393 0.1000000015
13581  -35.573  -58.747  10.526 0.1000000015
14212  -35.461  -57.818  10.558 0.1000000015
14213  -36.190  -57.485  10.197 0.1000000015
14916  -36.943  -56.371  9.664 0.1000000015
14211  -34.664  -57.405  10.821 0.1000000015
14901  -35.349  -56.812  10.513 0.1000000015
15685  -35.679  -55.907  10.263 0.1000000015
103129  -36.340  -54.721  9.493 0.1000000015
16513  -37.182  -54.707  9.049 0.1000000015
17356  -38.017  -53.852  8.268 0.1000000015
99934  -33.873  -57.238  11.006 0.1000000015
14899  -33.611  -56.444  10.850 0.1000000015
115443  -34.537  -55.635  10.526 0.1000000015
15699  -35.632  -55.129  10.033 0.1000000015
17336  -36.038  -53.877  9.239 0.1000000015
17354  -36.606  -53.439  8.680 0.1000000015
111667  -32.331  -57.063  10.809 0.1000000015
14898  -32.696  -56.268  10.775 0.1000000015
14896  -30.798  -56.400  10.429 0.2000000030
14895  -29.975  -56.735  10.257 0.1000000015
15697  -29.498  -55.517  9.800 0.1000000015
15696  -28.706  -55.697  9.463 0.1000000015
15718  -28.204  -54.979  9.006 0.1000000015
15717  -27.585  -55.381  8.280 0.1000000015
15755  -27.550  -55.297  6.743 0.1000000015
16557  -27.836  -54.562  6.384 0.1000000015
16577  -28.634  -54.619  5.811 0.1000000015
109504  -29.069  -53.890  5.580 0.1000000015
9947  -31.615  -64.094  13.677 0.2000000030
8784  -31.652  -66.599  16.084 0.2000000030
8249  -31.771  -67.477  17.072 0.3000000119
7691  -32.586  -68.124  17.275 0.3000000119
9948  -32.283  -63.843  13.858 0.2000000030
9354  -31.528  -65.359  14.601 0.2000000030
8785  -32.442  -66.281  16.095 0.2000000030
107363  -33.025  -67.582  17.117 0.3000000119
9949  -36.177  -64.857  13.629 0.3000000119
9371  -35.820  -65.318  14.215 0.3000000119
9356  -35.558  -65.751  14.912 0.3000000119
9341  -35.367  -65.990  15.748 0.3000000119
9951  -37.085  -64.038  13.168 0.3000000119
9950  -36.582  -64.496  13.815 0.3000000119
115088  -35.762  -65.416  15.366 0.3000000119
8786  -34.740  -66.649  15.854 0.3000000119
101465  -37.328  -62.203  13.839 0.2000000030
10544  -37.229  -63.526  13.857 0.3000000119
8252  -34.421  -66.605  16.409 0.2000000030
8771  -33.425  -66.968  16.847 0.2000000030
100845  -37.632  -62.605  12.720 0.2000000030
98718  -37.880  -62.792  11.367 0.2000000030
11787  -37.879  -62.283  11.996 0.2000000030
11224  -37.897  -62.546  10.742 0.3000000119
11837  -37.681  -62.387  10.168 0.3000000119
12428  -36.906  -61.751  9.856 0.2000000030
11853  -38.142  -62.056  9.448 0.2000000030
12438  -37.247  -61.167  9.313 0.2000000030
108601  -36.803  -59.197  9.505 0.1000000015
97957  -33.208  -54.801  10.434 0.1000000015
16511  -34.683  -54.233  9.994 0.1000000015
17335  -35.203  -53.613  9.485 0.1000000015
15681  -32.576  -55.378  10.568 0.1000000015
17316  -32.915  -54.001  10.188 0.1000000015
106221  -33.897  -52.736  9.365 0.1000000015
15680  -31.685  -55.199  10.422 0.1000000015
16492  -32.347  -54.593  10.331 0.1000000015
16491  -31.530  -54.381  10.144 0.1000000015
17332  -31.986  -53.108  9.725 0.1000000015
18144  -32.830  -52.555  9.419 0.1000000015
15679  -30.859  -55.559  10.320 0.1000000015
16490  -30.978  -54.864  10.211 0.1000000015
106071  -30.669  -53.392  9.632 0.1000000015
17330  -29.900  -53.548  9.495 0.1000000015
15698  -30.185  -55.082  9.987 0.1000000015
118165  -29.595  -55.021  9.729 0.1000000015
16508  -28.789  -54.433  9.278 0.1000000015
17352  -28.498  -53.258  8.673 0.1000000015
16527  -28.284  -54.082  8.826 0.1000000015
16526  -27.734  -54.510  8.300 0.1000000015
16556  -27.529  -54.391  7.033 0.1000000015
11771  -31.571  -61.661  13.108 0.3000000119
10542  -33.062  -63.556  14.157 0.3000000119
9920  -33.231  -64.986  15.209 0.2000000030
9338  -32.818  -65.716  15.671 0.2000000030
9324  -33.222  -66.354  16.469 0.2000000030
9934  -33.659  -64.132  14.833 0.3000000119
9921  -34.045  -64.775  15.544 0.3000000119
9339  -33.825  -65.647  16.161 0.3000000119
8770  -32.631  -66.977  16.916 0.2000000030
9924  -36.774  -64.043  15.233 0.3000000119
10519  -36.048  -64.062  16.609 0.3000000119
10518  -35.464  -64.241  16.353 0.3000000119
9340  -34.542  -65.195  16.180 0.3000000119
106201  -33.937  -66.444  16.572 0.2000000030
11762  -37.308  -62.280  15.266 0.2000000030
10532  -37.050  -63.551  15.001 0.3000000119
10531  -36.879  -63.629  15.989 0.3000000119
11774  -37.226  -61.424  13.591 0.2000000030
11809  -38.361  -62.308  10.875 0.2000000030
11810  -38.647  -62.211  9.862 0.2000000030
18159  -29.553  -52.208  8.878 0.1000000015
17351  -27.876  -53.714  8.188 0.1000000015
16542  -27.595  -54.199  7.690 0.1000000015
109418  -30.814  -59.991  12.732 0.1000000015
109525  -31.597  -60.028  13.043 0.2000000030
12366  -31.211  -60.797  12.890 0.3000000119
11772  -32.452  -61.656  13.436 0.3000000119
11773  -33.282  -61.857  13.764 0.3000000119
11165  -33.968  -62.291  14.351 0.3000000119
114284  -35.919  -63.823  16.648 0.3000000119
11166  -34.594  -62.846  15.220 0.3000000119
11751  -37.283  -62.294  16.605 0.3000000119
117016  -36.807  -62.315  17.259 0.3000000119
11146  -36.286  -63.183  16.799 0.3000000119
11155  -35.449  -62.575  16.199 0.3000000119
12346  -37.422  -61.527  17.001 0.2000000030
12355  -37.186  -61.466  14.639 0.2000000030
12369  -36.976  -60.644  13.931 0.1000000015
99060  -37.986  -61.616  11.678 0.2000000030
12948  -37.040  -59.884  13.043 0.1000000015
108800  -37.617  -60.374  11.981 0.2000000030
12400  -38.466  -61.283  11.018 0.2000000030
12401  -39.061  -61.949  10.076 0.3000000119
12368  -33.086  -60.842  13.594 0.3000000119
11759  -33.974  -61.328  14.203 0.3000000119
11760  -34.654  -61.888  15.120 0.3000000119
11739  -36.862  -61.694  17.650 0.3000000119
11750  -36.277  -62.192  17.139 0.3000000119
11749  -35.412  -61.572  16.106 0.3000000119
12337  -37.219  -60.978  17.809 0.2000000030
12933  -37.165  -59.794  15.777 0.1000000015
12947  -36.846  -59.497  14.344 0.1000000015
12963  -36.941  -58.838  13.265 0.1000000015
12964  -37.330  -59.157  12.276 0.1000000015
12979  -37.953  -59.558  11.365 0.1000000015
12946  -33.545  -59.344  13.923 0.3000000119
13529  -33.183  -58.486  13.810 0.2000000030
12352  -33.934  -60.251  14.138 0.3000000119
12353  -34.618  -60.918  15.048 0.3000000119
12932  -34.601  -60.010  15.060 0.3000000119
12336  -36.837  -60.946  17.895 0.2000000030
12909  -36.023  -60.404  17.318 0.3000000119
117719  -37.075  -60.171  18.323 0.2000000030
114635  -36.786  -60.420  18.113 0.2000000030
13472  -37.482  -59.347  18.251 0.1000000015
112015  -37.629  -58.491  18.222 0.1000000015
14126  -37.739  -58.700  17.489 0.1000000015
14141  -37.302  -58.259  16.035 0.1000000015
13515  -37.030  -58.759  15.270 0.1000000015
14158  -37.100  -57.893  15.009 0.1000000015
13530  -36.909  -58.385  14.201 0.1000000015
13531  -37.258  -58.020  13.433 0.1000000015
13513  -33.896  -58.629  14.484 0.2000000030
105773  -34.485  -59.164  15.183 0.2000000030
115482  -35.563  -59.479  16.796 0.2000000030
12917  -35.155  -59.744  15.990 0.2000000030
13470  -36.505  -58.834  17.900 0.1000000015
12897  -36.420  -59.689  17.775 0.2000000030
107291  -36.579  -58.207  18.064 0.1000000015
108259  -37.638  -58.936  18.130 0.1000000015
14127  -37.897  -57.957  17.834 0.1000000015
14142  -37.542  -57.462  16.084 0.1000000015
14159  -37.517  -57.446  14.847 0.1000000015
14170  -37.825  -57.550  13.880 0.1000000015
118494  -37.888  -57.728  18.088 0.1000000015
14824  -38.458  -56.890  16.608 0.1000000015
14841  -37.959  -57.016  15.470 0.1000000015
14792  -38.278  -57.081  18.163 0.1000000015
14793  -39.135  -56.513  18.239 0.1000000015
14809  -39.626  -56.587  17.520 0.1000000015
7227  -28.221  -69.385  11.711 0.4000000060
7776  -28.338  -68.506  11.394 0.5000000000
8314  -28.618  -67.599  11.350 0.5000000000
6666  -28.231  -70.347  12.875 0.5000000000
7201  -28.458  -69.802  13.682 0.4000000060
5143  -29.137  -73.977  10.154 0.5000000000
6680  -28.480  -70.027  11.113 0.5000000000
101586  -29.725  -72.454  12.696 0.5000000000
111656  -28.355  -70.280  11.975 0.6000000238
5654  -30.716  -72.169  11.384 0.5000000000
5667  -30.315  -72.757  10.468 0.3000000119
101782  -29.696  -72.159  12.790 0.5000000000
4588  -27.663  -75.059  10.299 0.5000000000
8325  -28.266  -67.247  9.997 0.4000000060
5668  -30.774  -72.430  9.900 0.4000000060
6197  -32.366  -70.619  9.828 0.5000000000
7254  -33.306  -69.687  9.387 0.4000000060
116053  -33.581  -69.720  9.098 0.4000000060
7264  -33.344  -69.361  9.322 0.4000000060
7819  -33.364  -68.223  8.260 0.4000000060
5095  -27.232  -73.350  14.179 0.2000000030
118486  -28.162  -69.670  12.387 0.4000000060
8844  -28.351  -66.455  10.169 0.3000000119
102030  -28.324  -67.991  9.931 0.4000000060
10601  -30.423  -63.391  10.952 0.3000000119
9997  -29.098  -64.448  10.606 0.4000000060
9412  -28.580  -65.752  10.427 0.4000000060
7260  -29.278  -69.571  9.450 0.6000000238
6692  -30.000  -70.898  10.941 0.6000000238
6183  -30.659  -71.543  11.505 0.6000000238
6681  -29.252  -70.984  11.550 0.6000000238
6156  -28.815  -71.266  12.641 0.6000000238
8330  -28.343  -67.481  9.193 0.4000000060
107979  -28.687  -68.052  8.664 0.5000000000
114653  -31.165  -70.999  11.218 0.5000000000
6185  -31.542  -71.322  10.676 0.5000000000
6184  -31.152  -71.448  11.208 0.5000000000
8336  -28.532  -67.437  8.438 0.5000000000
7261  -29.810  -69.308  8.737 0.5000000000
7251  -30.610  -70.030  9.691 0.5000000000
10006  -27.869  -64.924  9.443 0.4000000060
10615  -27.627  -64.046  9.206 0.3000000119
8854  -28.095  -66.153  8.053 0.5000000000
8337  -28.923  -67.797  7.984 0.5000000000
7816  -29.765  -68.079  7.705 0.5000000000
8861  -29.989  -66.792  7.003 0.4000000060
8860  -29.075  -66.607  7.278 0.4000000060
7818  -32.106  -68.232  7.860 0.4000000060
7758  -30.847  -68.525  14.165 0.5000000000
7202  -28.877  -69.556  14.062 0.4000000060
6157  -29.403  -72.505  13.125 0.5000000000
9382  -32.641  -65.528  12.456 0.5000000000
98503  -28.430  -71.021  13.448 0.5000000000
114245  -30.798  -62.246  10.848 0.3000000119
11219  -29.589  -63.086  10.594 0.4000000060
111797  -30.252  -61.848  10.627 0.3000000119
11831  -30.298  -61.016  10.553 0.3000000119
11829  -28.682  -61.853  10.138 0.3000000119
10017  -27.576  -64.792  8.524 0.3000000119
9436  -28.175  -65.605  7.552 0.3000000119
10627  -27.396  -63.768  8.351 0.3000000119
10025  -27.578  -64.375  7.784 0.3000000119
9437  -28.842  -65.921  7.129 0.3000000119
9446  -28.634  -65.202  6.985 0.3000000119
10633  -27.488  -63.478  7.619 0.2000000030
9447  -29.401  -65.539  6.771 0.3000000119
8872  -31.001  -66.479  6.789 0.4000000060
10032  -30.138  -64.378  6.500 0.2000000030
115240  -30.064  -65.150  6.577 0.3000000119
9449  -31.255  -65.529  6.606 0.2000000030
98745  -27.923  -62.822  6.773 0.2000000030
12453  -28.415  -59.887  6.497 0.1000000015
8806  -32.206  -67.460  13.767 0.4000000060
6659  -28.390  -70.478  13.850 0.5000000000
101197  -32.002  -60.593  10.960 0.2000000030
112501  -32.336  -59.963  10.968 0.1000000015
12422  -30.279  -60.172  10.460 0.2000000030
12420  -28.838  -61.008  10.124 0.2000000030
12991  -28.930  -60.306  10.128 0.2000000030
11851  -27.523  -61.392  9.228 0.2000000030
11241  -27.049  -61.735  8.076 0.2000000030
12436  -27.312  -60.584  8.975 0.1000000015
99362  -27.488  -62.738  7.295 0.2000000030
13009  -27.679  -59.726  9.258 0.1000000015
109047  -27.096  -59.928  8.612 0.1000000015
11856  -26.861  -61.081  8.040 0.1000000015
11245  -27.283  -61.988  7.509 0.2000000030
12444  -26.871  -60.482  7.684 0.1000000015
13611  -27.122  -58.706  8.462 0.1000000015
12449  -27.153  -60.821  7.097 0.1000000015
11247  -27.630  -62.043  6.858 0.1000000015
116650  -28.016  -61.719  6.575 0.1000000015
13622  -26.936  -58.917  7.336 0.1000000015
11249  -29.629  -61.964  6.463 0.1000000015
13033  -27.489  -59.439  6.699 0.1000000015
107251  -28.207  -59.024  6.468 0.1000000015
14269  -29.249  -57.631  6.227 0.1000000015
6631  -27.484  -71.321  16.955 0.3000000119
6110  -28.163  -71.764  17.336 0.3000000119
110486  -30.505  -69.210  18.095 0.3000000119
6601  -29.394  -70.306  18.124 0.3000000119
7161  -30.780  -69.971  17.488 0.3000000119
6603  -30.014  -70.614  17.606 0.3000000119
109650  -28.802  -71.207  17.854 0.3000000119
6633  -29.278  -71.165  17.583 0.3000000119
6649  -29.127  -71.265  16.507 0.3000000119
7193  -30.556  -69.953  15.788 0.3000000119
7162  -31.701  -69.524  16.752 0.3000000119
7727  -31.448  -69.575  15.918 0.3000000119
8279  -32.787  -67.852  14.492 0.4000000060
7745  -32.769  -68.470  15.292 0.4000000060
7744  -31.749  -68.870  15.119 0.4000000060
112737  -34.219  -64.079  12.228 0.4000000060
101056  -33.038  -66.464  13.415 0.4000000060
12996  -33.950  -59.442  11.235 0.1000000015
104080  -29.796  -58.903  10.340 0.2000000030
14208  -30.719  -57.645  10.508 0.2000000030
14224  -29.258  -58.076  10.100 0.1000000015
102544  -27.620  -58.849  9.101 0.1000000015
14222  -27.735  -56.863  8.916 0.1000000015
13610  -26.831  -58.796  7.859 0.1000000015
14267  -27.332  -57.795  6.809 0.1000000015
115477  -27.647  -58.806  6.602 0.1000000015
14956  -28.024  -56.180  6.213 0.1000000015
7726  -29.501  -68.518  17.193 0.2000000030
7724  -27.820  -69.347  16.389 0.2000000030
7163  -32.261  -69.035  16.949 0.3000000119
9370  -34.908  -65.710  13.672 0.3000000119
9968  -36.389  -64.308  12.629 0.3000000119
10587  -36.645  -63.900  12.006 0.3000000119
13579  -34.064  -58.597  11.172 0.1000000015
13580  -34.789  -58.270  10.888 0.1000000015
108755  -33.363  -57.981  11.108 0.1000000015
14210  -33.069  -57.123  10.985 0.1000000015
100963  -31.052  -57.069  10.555 0.1000000015
14915  -29.234  -57.105  9.970 0.1000000015
15735  -27.374  -55.792  7.434 0.1000000015
8794  -29.621  -66.694  14.806 0.2000000030
8265  -30.813  -67.262  16.333 0.2000000030
115741  -30.294  -67.940  17.012 0.3000000119
108046  -36.600  -64.430  13.073 0.3000000119
106663  -35.639  -65.204  13.571 0.3000000119
8810  -35.307  -65.862  14.328 0.3000000119
10568  -37.370  -63.636  12.336 0.3000000119
11177  -37.503  -63.017  13.367 0.3000000119
107247  -35.405  -60.171  10.703 0.1000000015
111770  -36.224  -59.165  10.128 0.1000000015
14902  -36.252  -56.596  10.114 0.1000000015
15701  -36.929  -55.519  9.470 0.1000000015
107168  -36.412  -55.953  9.912 0.1000000015
14900  -34.410  -56.623  10.761 0.1000000015
15684  -34.845  -56.049  10.561 0.1000000015
114014  -34.980  -55.452  10.377 0.1000000015
112903  -36.710  -54.138  9.016 0.1000000015
16528  -37.298  -54.017  8.647 0.1000000015
17355  -37.382  -53.358  8.299 0.1000000015
15683  -34.171  -55.904  10.682 0.1000000015
15682  -33.418  -55.638  10.661 0.1000000015
16495  -35.009  -54.860  10.190 0.1000000015
16494  -34.220  -55.083  10.430 0.1000000015
16512  -35.498  -54.392  9.737 0.1000000015
17353  -35.732  -53.120  8.937 0.1000000015
18164  -36.900  -52.865  8.259 0.1000000015
14897  -31.717  -56.562  10.639 0.1000000015
99584  -31.424  -55.895  10.500 0.1000000015
15678  -30.091  -55.954  10.177 0.1000000015
100065  -29.042  -55.009  9.508 0.1000000015
108083  -27.458  -54.912  7.554 0.1000000015
10553  -31.689  -63.252  13.407 0.2000000030
9355  -32.353  -65.175  14.879 0.2000000030
8796  -31.179  -66.035  15.120 0.2000000030
10554  -32.538  -63.032  13.649 0.3000000119
9337  -31.961  -65.845  15.393 0.2000000030
9372  -36.212  -64.905  14.209 0.3000000119
8772  -34.942  -66.208  16.262 0.3000000119
9935  -36.472  -64.562  14.806 0.3000000119
9910  -35.676  -64.773  16.326 0.3000000119
9342  -36.171  -64.877  15.538 0.3000000119
9909  -35.105  -65.029  16.381 0.3000000119
9325  -34.612  -65.844  16.420 0.3000000119
11167  -37.309  -62.947  14.544 0.3000000119
116432  -37.494  -61.888  12.960 0.2000000030
12999  -36.604  -59.972  9.716 0.1000000015
13012  -37.494  -60.318  8.945 0.2000000030
13582  -36.215  -58.426  10.157 0.1000000015
16493  -33.774  -54.145  10.158 0.1000000015
17334  -34.284  -53.472  9.671 0.1000000015
18162  -35.440  -52.423  8.614 0.1000000015
17315  -32.134  -53.851  10.035 0.1000000015
17333  -33.383  -53.377  9.792 0.1000000015
116940  -32.643  -53.380  9.852 0.1000000015
17331  -31.363  -53.641  9.837 0.1000000015
16510  -30.617  -54.186  9.867 0.1000000015
16509  -29.598  -54.433  9.600 0.1000000015
17329  -29.012  -53.748  9.236 0.1000000015
11175  -32.052  -62.399  13.374 0.3000000119
11174  -31.354  -62.426  13.114 0.3000000119
11176  -33.268  -62.713  13.917 0.3000000119
10543  -33.848  -63.199  14.530 0.3000000119
116410  -34.203  -64.242  15.313 0.3000000119
10529  -34.394  -63.717  15.255 0.3000000119
10530  -35.323  -63.585  16.184 0.3000000119
11156  -37.199  -63.002  15.868 0.3000000119
11761  -37.333  -61.677  15.852 0.2000000030
12382  -37.418  -61.138  12.729 0.2000000030
113618  -38.976  -62.130  9.158 0.2000000030
12439  -38.518  -61.587  8.748 0.2000000030
108520  -30.008  -59.954  12.559 0.1000000015
108768  -32.438  -60.028  13.370 0.2000000030
12367  -32.046  -60.837  13.236 0.3000000119
100802  -37.158  -61.980  17.381 0.3000000119
12354  -37.165  -60.725  15.485 0.2000000030
104338  -33.197  -59.944  13.638 0.3000000119
12345  -36.183  -61.357  17.275 0.3000000119
12322  -37.190  -60.497  18.205 0.2000000030
12910  -37.529  -60.279  17.990 0.2000000030
12918  -37.478  -60.603  17.134 0.2000000030
13485  -37.563  -59.488  16.998 0.1000000015
12899  -37.372  -60.062  18.253 0.1000000015
13546  -37.397  -58.431  12.684 0.1000000015
12931  -34.110  -59.475  14.469 0.3000000119
12344  -35.321  -60.648  16.051 0.3000000119
12898  -37.139  -59.593  18.343 0.1000000015
13471  -37.212  -58.842  18.353 0.1000000015
14169  -37.220  -57.805  14.230 0.1000000015
13514  -34.399  -58.318  15.313 0.2000000030
13500  -34.952  -58.901  16.033 0.2000000030
14125  -35.615  -57.879  17.187 0.1000000015
14808  -38.471  -57.059  17.959 0.1000000015
5156  -29.823  -73.556  8.412 0.3000000119
4636  -29.135  -75.626  6.549 0.3000000119
5171  -29.299  -74.644  7.782 0.3000000119
4170  -28.761  -77.476  1.948 0.2000000030
4184  -27.776  -76.219  -0.004 0.2000000030
4100  -28.062  -76.916  6.581 0.4000000060
4126  -28.578  -77.903  4.721 0.3000000119
5172  -30.161  -73.646  7.317 0.4000000060
4116  -29.461  -76.674  5.083 0.3000000119
3608  -28.303  -78.086  3.945 0.3000000119
115583  -30.009  -75.552  5.206 0.4000000060
3610  -29.424  -77.658  3.087 0.3000000119
3640  -29.011  -77.376  1.442 0.2000000030
5186  -30.492  -73.822  6.299 0.4000000060
4140  -30.228  -76.610  3.351 0.4000000060
5697  -30.914  -72.925  6.929 0.4000000060
4657  -30.418  -75.252  4.573 0.4000000060
3657  -29.324  -76.785  0.767 0.3000000119
112458  -31.100  -72.988  6.188 0.4000000060
5196  -30.402  -74.621  5.424 0.4000000060
4679  -30.579  -75.466  3.571 0.3000000119
4171  -30.147  -76.386  1.693 0.4000000060
6215  -32.037  -71.580  8.248 0.4000000060
5212  -30.829  -73.928  4.680 0.4000000060
4695  -30.549  -75.502  2.132 0.3000000119
5704  -30.917  -73.427  5.507 0.4000000060
5237  -30.738  -74.302  3.763 0.4000000060
6222  -32.026  -71.766  7.175 0.4000000060
115528  -30.626  -74.001  2.596 0.3000000119
6216  -32.586  -71.103  7.933 0.4000000060
5705  -31.367  -72.444  5.739 0.4000000060
5721  -30.976  -72.912  4.946 0.4000000060
99714  -30.646  -73.600  3.147 0.4000000060
106894  -31.973  -71.822  6.250 0.4000000060
6234  -31.718  -71.620  5.557 0.4000000060
118085  -31.233  -72.106  5.146 0.4000000060
98867  -30.700  -73.279  4.088 0.4000000060
5766  -30.400  -73.343  2.516 0.3000000119
6223  -32.532  -71.300  6.810 0.4000000060
103065  -30.746  -72.151  4.391 0.4000000060
5734  -30.538  -72.662  3.502 0.3000000119
100105  -30.103  -73.485  1.809 0.2000000030
6721  -33.134  -70.648  7.558 0.3000000119
6235  -32.394  -71.302  5.906 0.4000000060
6251  -31.230  -71.351  4.922 0.4000000060
6259  -30.454  -71.790  3.602 0.4000000060
5747  -30.025  -72.722  2.264 0.2000000030
5778  -28.744  -72.798  0.557 0.3000000119
6722  -33.768  -69.857  8.392 0.3000000119
6733  -32.972  -70.842  6.399 0.3000000119
6250  -30.643  -70.920  4.161 0.3000000119
6275  -29.663  -71.789  2.327 0.2000000030
115309  -29.259  -71.894  1.718 0.2000000030
5777  -28.044  -72.323  0.121 0.2000000030
7266  -34.330  -68.778  8.685 0.3000000119
6734  -33.650  -70.258  7.029 0.3000000119
6748  -31.937  -70.777  5.276 0.4000000060
6792  -30.069  -71.061  3.151 0.1000000015
7276  -34.667  -68.865  8.171 0.3000000119
7287  -34.102  -69.761  6.505 0.3000000119
6758  -32.715  -70.319  5.209 0.2000000030
7307  -31.761  -69.841  4.678 0.2000000030
6291  -29.119  -71.267  1.951 0.1000000015
6304  -27.707  -71.479  0.458 0.2000000030
7297  -34.047  -69.766  5.469 0.2000000030
6759  -33.523  -69.910  4.999 0.2000000030
109263  -31.285  -69.300  4.037 0.1000000015
6770  -29.825  -70.037  3.056 0.1000000015
6807  -28.602  -70.504  1.807 0.1000000015
6305  -28.085  -71.029  1.124 0.1000000015
8350  -34.842  -67.832  8.070 0.2000000030
7288  -34.699  -69.096  7.177 0.3000000119
105536  -34.606  -69.242  6.056 0.3000000119
8862  -33.427  -66.881  7.154 0.2000000030
8351  -35.373  -67.600  7.526 0.1000000015
7820  -34.929  -68.244  8.145 0.3000000119
7308  -32.867  -69.760  4.589 0.1000000015
7324  -30.091  -69.246  3.193 0.1000000015
6790  -28.913  -69.642  2.295 0.1000000015
8863  -34.736  -67.038  7.381 0.2000000030
7821  -35.538  -67.912  7.443 0.2000000030
7289  -35.275  -68.486  6.708 0.2000000030
7309  -34.279  -69.630  4.605 0.1000000015
7326  -31.979  -69.130  3.989 0.1000000015
7869  -31.106  -68.804  3.468 0.1000000015
7347  -29.488  -69.377  2.703 0.1000000015
6806  -27.868  -69.957  1.382 0.1000000015
6838  -26.451  -70.660  -0.257 0.1000000015
8371  -35.957  -67.678  6.598 0.1000000015
7298  -35.050  -68.798  5.475 0.2000000030
7310  -35.039  -69.224  4.361 0.1000000015
115080  -33.063  -69.451  3.829 0.1000000015
7884  -31.210  -68.536  2.849 0.1000000015
7346  -29.017  -68.612  2.256 0.1000000015
105642  -28.408  -68.459  1.809 0.1000000015
7386  -27.252  -69.520  0.972 0.1000000015
6837  -25.775  -70.315  -0.648 0.1000000015
105089  -34.651  -69.629  3.827 0.1000000015
7901  -31.512  -68.526  2.072 0.1000000015
7900  -30.642  -68.310  2.289 0.1000000015
7908  -26.712  -68.170  0.716 0.1000000015
8426  -29.957  -67.898  1.780 0.1000000015
13000  -39.423  -61.666  9.448 0.2000000030
101339  -32.970  -66.113  6.800 0.2000000030
8874  -34.008  -66.224  6.789 0.1000000015
8876  -36.326  -66.673  6.534 0.1000000015
7836  -35.586  -68.329  4.847 0.1000000015
8360  -36.539  -66.921  6.151 0.1000000015
7330  -35.224  -69.501  3.298 0.1000000015
7349  -33.721  -69.595  3.088 0.1000000015
106818  -27.160  -68.647  1.012 0.1000000015
7366  -27.780  -68.752  1.461 0.1000000015
7899  -29.456  -68.015  2.093 0.1000000015
7348  -33.118  -69.386  2.244 0.1000000015
4647  -29.334  -75.936  5.790 0.3000000119
5185  -29.629  -74.641  6.860 0.4000000060
3622  -28.912  -78.032  2.481 0.3000000119
109575  -29.389  -77.529  3.910 0.3000000119
116740  -29.144  -77.829  2.024 0.3000000119
4156  -30.290  -76.548  2.479 0.3000000119
5692  -31.445  -72.235  7.531 0.4000000060
98006  -30.686  -74.673  2.803 0.3000000119
5698  -31.501  -72.355  6.597 0.4000000060
6276  -30.282  -72.311  2.866 0.2000000030
5765  -29.611  -72.599  1.743 0.2000000030
6749  -32.703  -70.803  5.664 0.3000000119
117088  -31.243  -70.494  4.713 0.2000000030
110199  -28.379  -71.911  0.814 0.2000000030
7275  -34.224  -69.536  7.685 0.3000000119
6750  -33.412  -70.367  5.840 0.3000000119
6757  -30.922  -69.895  4.234 0.2000000030
6791  -29.359  -70.515  2.495 0.1000000015
6771  -30.349  -70.042  3.581 0.1000000015
7325  -30.708  -69.242  3.646 0.1000000015
7868  -30.455  -68.795  3.189 0.1000000015
7367  -28.380  -69.307  1.888 0.1000000015
6822  -27.449  -70.562  0.748 0.1000000015
8875  -34.975  -66.274  6.773 0.1000000015
112053  -35.621  -68.195  5.869 0.1000000015
7328  -33.934  -69.688  4.043 0.1000000015
7870  -31.728  -68.780  3.289 0.1000000015
7883  -30.517  -68.546  2.829 0.1000000015
7403  -26.128  -69.705  0.087 0.1000000015
7327  -32.600  -69.078  3.190 0.1000000015
7402  -25.460  -69.390  -0.306 0.1000000015
7329  -34.793  -69.889  2.995 0.1000000015
7837  -36.149  -67.602  5.510 0.1000000015
5142  -26.880  -75.169  9.575 0.3000000119
5170  -26.935  -75.553  7.940 0.3000000119
4602  -27.006  -75.876  8.455 0.2000000030
4556  -27.070  -74.472  11.942 0.4000000060
116668  -26.814  -75.028  10.179 0.2000000030
107725  -27.049  -74.848  11.199 0.4000000060
4575  -26.972  -75.123  10.320 0.3000000119
4634  -26.998  -76.026  7.273 0.2000000030
4098  -27.353  -76.542  7.254 0.2000000030
4635  -27.542  -75.057  6.357 0.1000000015
4646  -27.705  -75.677  5.565 0.1000000015
4604  -27.710  -75.837  8.690 0.3000000119
5195  -28.221  -73.689  5.478 0.1000000015
4113  -27.479  -76.716  6.632 0.2000000030
5211  -28.422  -74.194  4.518 0.1000000015
5236  -28.441  -74.549  3.509 0.1000000015
4656  -27.984  -76.205  4.556 0.1000000015
4678  -28.247  -76.509  3.670 0.1000000015
5265  -27.311  -74.419  1.624 0.1000000015
5250  -28.232  -74.226  2.870 0.1000000015
4694  -28.328  -75.557  2.726 0.1000000015
104812  -27.948  -74.580  2.314 0.1000000015
4589  -28.157  -75.150  9.509 0.3000000119
4099  -27.602  -76.788  6.836 0.2000000030
4114  -27.842  -77.256  6.022 0.2000000030
99197  -27.739  -77.398  5.612 0.2000000030
4709  -27.504  -75.424  1.210 0.1000000015
5264  -26.461  -74.042  1.035 0.1000000015
98476  -29.216  -74.049  9.173 0.2000000030
107289  -28.379  -75.591  8.143 0.3000000119
4125  -27.922  -77.923  4.579 0.2000000030
4693  -28.008  -75.550  1.855 0.1000000015
4720  -25.905  -74.391  -0.112 0.1000000015
4708  -26.947  -74.859  0.937 0.1000000015
4620  -28.542  -75.857  7.350 0.3000000119
4115  -28.254  -77.545  5.638 0.3000000119
3621  -28.642  -77.959  2.855 0.2000000030
4155  -28.473  -77.020  2.339 0.1000000015
4732  -26.441  -74.935  -0.363 0.1000000015
4721  -27.447  -75.666  0.562 0.1000000015
106688  -28.168  -76.487  0.722 0.1000000015
4744  -26.485  -75.023  -1.256 0.1000000015
4196  -28.193  -76.283  -0.984 0.1000000015
3655  -28.570  -76.666  0.455 0.1000000015
4752  -26.555  -75.054  -2.308 0.1000000015
4205  -27.781  -75.827  -1.995 0.1000000015
3673  -28.993  -76.672  -0.107 0.1000000015
3682  -28.959  -76.394  -0.956 0.1000000015
4197  -29.515  -76.091  -0.809 0.1000000015
4772  -25.523  -74.656  -3.389 0.1000000015
4212  -27.888  -75.839  -3.135 0.1000000015
4207  -29.455  -76.026  -1.648 0.1000000015
4186  -29.865  -76.187  0.835 0.3000000119
4232  -29.042  -76.114  -3.910 0.1000000015
4576  -27.352  -74.956  10.878 0.3000000119
4587  -27.216  -75.468  9.261 0.2000000030
4169  -28.243  -76.497  1.330 0.1000000015
4195  -27.217  -75.603  -0.746 0.1000000015
3600  -27.946  -77.880  5.165 0.2000000030
4058  -27.198  -76.303  7.878 0.2000000030
4619  -27.603  -76.304  7.934 0.3000000119
4139  -28.222  -77.561  3.448 0.1000000015
4773  -26.501  -75.151  -3.257 0.1000000015
4206  -29.078  -76.172  -1.933 0.1000000015
4185  -29.603  -76.216  -0.008 0.2000000030
4774  -29.526  -75.086  -4.282 0.1000000015
4792  -29.431  -74.890  -5.633 0.1000000015
5330  -29.025  -74.620  -3.257 0.2000000030
5347  -28.485  -74.180  -5.928 0.1000000015
4733  -29.336  -75.168  -1.081 0.2000000030
4745  -29.359  -75.339  -2.042 0.2000000030
100305  -28.512  -74.070  -4.865 0.2000000030
5314  -28.875  -74.497  -2.345 0.1000000015
5329  -28.386  -73.969  -3.794 0.2000000030
98962  -28.016  -73.553  -2.660 0.1000000015
108324  -29.745  -75.755  0.123 0.2000000030
5308  -28.847  -74.373  -1.423 0.1000000015
5328  -27.558  -73.304  -4.245 0.1000000015
5829  -27.343  -73.018  -3.418 0.1000000015
4722  -29.953  -75.211  0.683 0.2000000030
5293  -29.542  -74.938  -0.082 0.2000000030
5807  -27.372  -72.718  -1.721 0.1000000015
5292  -28.929  -74.155  -0.549 0.1000000015
5291  -28.391  -73.567  -0.889 0.1000000015
5267  -30.523  -74.387  2.037 0.2000000030
5266  -30.101  -74.380  1.272 0.2000000030
5279  -29.684  -74.359  0.654 0.2000000030
5793  -27.784  -72.728  -0.765 0.1000000015
5278  -29.129  -73.780  0.264 0.1000000015
5794  -28.482  -73.187  -0.196 0.1000000015
4746  -29.462  -75.847  -1.548 0.1000000015
4754  -29.459  -75.877  -2.336 0.1000000015
5116  -26.852  -74.520  11.461 0.2000000030
100867  -26.830  -74.932  8.676 0.1000000015
7177  -28.376  -70.199  17.660 0.2000000030
7190  -26.515  -70.363  15.101 0.1000000015
9946  -31.004  -63.877  13.331 0.1000000015
8793  -28.696  -66.891  14.417 0.1000000015
8276  -28.223  -67.762  14.965 0.1000000015
9353  -30.735  -65.602  14.364 0.1000000015
8277  -29.035  -67.338  15.169 0.1000000015
11190  -30.148  -62.708  12.718 0.2000000030
9963  -30.289  -63.594  12.937 0.1000000015
9379  -28.148  -65.060  12.831 0.1000000015
11191  -30.787  -62.273  12.842 0.2000000030
9368  -31.072  -64.766  13.837 0.1000000015
9945  -30.355  -64.409  13.313 0.1000000015
9367  -29.489  -65.441  13.521 0.1000000015
8805  -29.151  -66.190  13.917 0.1000000015
9366  -28.667  -65.625  13.323 0.1000000015
98808  -26.943  -74.151  12.467 0.2000000030
6630  -26.914  -71.295  16.112 0.1000000015
9352  -29.961  -65.920  14.156 0.1000000015
11786  -30.792  -61.542  12.780 0.2000000030
7176  -27.534  -70.381  16.849 0.1000000015
8803  -27.360  -66.627  13.502 0.1000000015
9365  -27.754  -65.831  13.145 0.1000000015
105829  -30.248  -65.190  13.696 0.1000000015
10566  -29.465  -63.279  12.661 0.1000000015
5652  -26.597  -73.875  10.834 0.1000000015
5666  -26.639  -74.378  10.069 0.1000000015
14168  -32.717  -57.567  13.766 0.1000000015
14167  -31.913  -57.746  13.272 0.1000000015
14181  -31.180  -57.787  12.913 0.1000000015
107570  -29.620  -57.812  12.472 0.1000000015
12945  -32.803  -59.253  13.514 0.1000000015
12944  -31.974  -59.262  13.205 0.1000000015
15634  -31.412  -55.728  13.528 0.1000000015
14851  -30.823  -56.207  13.011 0.1000000015
99111  -30.136  -55.899  12.699 0.1000000015
102488  -29.034  -56.133  12.255 0.1000000015
116956  -31.516  -57.213  13.170 0.1000000015
14864  -30.184  -56.824  12.643 0.1000000015
14179  -29.483  -57.162  12.433 0.1000000015
109830  -28.124  -57.069  11.820 0.1000000015
14839  -33.119  -56.911  14.375 0.1000000015
108170  -28.701  -53.842  12.336 0.1000000015
16444  -31.322  -54.888  13.811 0.1000000015
15633  -30.652  -55.221  13.171 0.1000000015
15648  -29.943  -55.128  12.718 0.1000000015
16456  -29.286  -54.657  12.446 0.1000000015
14853  -32.084  -56.201  13.804 0.1000000015
15647  -29.471  -55.624  12.445 0.1000000015
15662  -28.043  -55.382  11.687 0.1000000015
102482  -33.712  -57.157  14.921 0.1000000015
14140  -34.295  -57.509  15.466 0.1000000015
17276  -30.054  -53.603  13.388 0.1000000015
16457  -30.043  -54.402  12.969 0.1000000015
17289  -29.404  -53.723  12.775 0.1000000015
16429  -31.298  -54.198  14.133 0.1000000015
15621  -31.977  -55.392  14.129 0.1000000015
14840  -33.433  -56.334  14.977 0.1000000015
13483  -34.880  -58.075  16.170 0.1000000015
11838  -39.266  -62.061  9.278 0.1000000015
12440  -39.391  -61.765  8.772 0.1000000015
13013  -38.600  -60.693  8.256 0.1000000015
15607  -33.753  -55.915  15.473 0.1000000015
13484  -35.587  -58.783  16.966 0.1000000015
12980  -39.055  -60.453  10.381 0.1000000015
12429  -39.542  -61.699  8.885 0.1000000015
14227  -38.291  -58.607  8.682 0.1000000015
13597  -37.735  -59.251  8.848 0.1000000015
13612  -38.835  -59.837  8.020 0.1000000015
16443  -30.719  -54.282  13.571 0.1000000015
17275  -29.268  -52.815  13.216 0.1000000015
17288  -28.848  -53.240  12.655 0.1000000015
12961  -30.400  -59.223  12.632 0.1000000015
12960  -29.590  -59.192  12.482 0.1000000015
12962  -31.189  -59.252  12.857 0.1000000015
14156  -33.460  -57.758  14.315 0.1000000015
14865  -30.935  -57.045  12.909 0.1000000015
14180  -30.371  -57.694  12.648 0.1000000015
14178  -28.847  -57.668  12.262 0.1000000015
14862  -28.900  -56.803  12.237 0.1000000015
15622  -32.706  -55.993  14.448 0.1000000015
12446  -39.363  -61.360  8.304 0.1000000015
9450  -32.463  -65.231  6.596 0.1000000015
10033  -31.688  -64.627  6.528 0.1000000015
6713  -26.782  -70.672  8.995 0.1000000015
6207  -27.219  -71.667  8.635 0.1000000015
97786  -26.392  -70.057  9.358 0.1000000015
6714  -27.234  -70.540  7.951 0.1000000015
6720  -27.636  -70.712  6.963 0.1000000015
6206  -26.869  -71.618  9.545 0.1000000015
7259  -26.598  -69.715  8.602 0.1000000015
6703  -26.484  -70.679  9.792 0.1000000015
97958  -26.625  -71.474  10.270 0.1000000015
7273  -26.604  -69.053  8.004 0.1000000015
7802  -26.089  -68.819  8.658 0.1000000015
7250  -26.054  -69.425  9.344 0.1000000015
7813  -25.811  -67.988  8.279 0.1000000015
7795  -25.726  -68.851  9.400 0.1000000015
102144  -18.348  -66.698  14.395 0.1000000015
8801  -18.173  -66.704  13.642 0.1000000015
109226  -18.515  -67.710  10.069 0.1000000015
7793  -18.621  -68.601  9.668 0.1000000015
101650  -18.700  -67.850  9.059 0.1000000015
7812  -19.332  -68.121  7.482 0.1000000015
6195  -26.998  -72.875  9.354 0.1000000015
106271  -19.612  -68.921  7.288 0.1000000015
8342  -19.659  -67.518  7.033 0.1000000015
8343  -26.042  -67.589  7.383 0.1000000015
107616  -25.486  -66.896  7.126 0.1000000015
5690  -27.377  -73.800  7.666 0.1000000015
7825  -20.437  -68.338  6.220 0.1000000015
8366  -20.761  -67.515  5.995 0.1000000015
8885  -22.631  -66.403  5.553 0.1000000015
8871  -25.325  -66.628  6.204 0.1000000015
114406  -24.692  -66.324  7.079 0.1000000015
8858  -25.034  -66.787  7.944 0.1000000015
7801  -25.551  -68.261  9.101 0.1000000015
5183  -27.428  -74.459  7.026 0.1000000015
113739  -20.763  -69.835  6.481 0.1000000015
8368  -22.472  -67.847  4.980 0.1000000015
8870  -24.528  -66.285  6.087 0.1000000015
8812  -18.184  -66.948  12.246 0.1000000015
8311  -18.334  -67.506  11.601 0.1000000015
8322  -18.414  -67.188  10.819 0.1000000015
101711  -26.276  -70.598  10.612 0.1000000015
6182  -26.656  -72.254  10.921 0.1000000015
6194  -26.778  -72.687  10.149 0.1000000015
8332  -18.832  -67.134  8.409 0.1000000015
8327  -18.604  -66.967  9.246 0.1000000015
100904  -27.317  -72.997  8.368 0.1000000015
8884  -21.412  -66.900  5.771 0.1000000015
114957  -21.938  -66.437  5.739 0.1000000015
9464  -23.057  -65.875  5.958 0.1000000015
8335  -25.230  -67.468  8.737 0.1000000015
111535  -22.214  -65.814  6.159 0.1000000015
9443  -22.785  -65.465  6.594 0.1000000015
9445  -23.950  -65.913  6.685 0.1000000015
103665  -24.427  -66.261  8.096 0.1000000015
98372  -18.064  -64.880  13.430 0.1000000015
9374  -18.090  -65.490  12.791 0.1000000015
102869  -18.121  -64.103  13.926 0.1000000015
97796  -26.449  -71.239  11.221 0.1000000015
98656  -18.207  -66.042  12.046 0.1000000015
98607  -18.349  -65.724  11.087 0.1000000015
7239  -26.062  -69.906  10.000 0.1000000015
107843  -26.604  -72.105  11.789 0.1000000015
104161  -18.404  -66.444  10.726 0.1000000015
7249  -25.663  -69.175  10.025 0.1000000015
99830  -18.445  -66.719  10.084 0.1000000015
8852  -18.806  -66.288  8.611 0.1000000015
9429  -19.707  -65.948  7.512 0.1000000015
9441  -20.900  -65.881  6.660 0.1000000015
8857  -20.239  -66.270  6.914 0.1000000015
9430  -20.386  -65.517  7.236 0.1000000015
9433  -23.339  -65.426  7.147 0.1000000015
9434  -23.986  -65.827  7.541 0.1000000015
9442  -21.553  -65.622  6.554 0.1000000015
10028  -22.040  -65.113  6.857 0.1000000015
10551  -18.177  -63.343  13.386 0.1000000015
6690  -26.097  -70.309  11.479 0.1000000015
115797  -18.116  -64.757  12.643 0.1000000015
9944  -18.102  -64.131  12.990 0.1000000015
11173  -18.289  -62.532  13.813 0.1000000015
100928  -18.400  -61.689  14.212 0.1000000015
7788  -25.370  -68.682  10.700 0.1000000015
7238  -25.715  -69.582  10.886 0.1000000015
6679  -26.385  -71.062  12.029 0.1000000015
115146  -18.354  -64.900  11.021 0.1000000015
9956  -18.213  -64.211  12.115 0.1000000015
7794  -25.405  -68.474  9.888 0.1000000015
8842  -18.437  -65.881  10.219 0.1000000015
9409  -18.427  -65.092  10.371 0.1000000015
105653  -23.961  -65.782  8.322 0.1000000015
8329  -25.129  -67.811  9.639 0.1000000015
8847  -18.562  -66.084  9.428 0.1000000015
10024  -22.919  -64.882  7.738 0.1000000015
9424  -19.233  -65.691  8.145 0.1000000015
9431  -21.158  -65.202  7.024 0.1000000015
11185  -18.335  -62.544  12.789 0.1000000015
10562  -18.242  -63.446  12.431 0.1000000015
8324  -25.071  -67.970  10.464 0.1000000015
5638  -26.693  -73.443  11.675 0.1000000015
9425  -23.502  -65.318  8.022 0.1000000015
8848  -24.462  -66.656  9.641 0.1000000015
101278  -20.632  -64.766  7.588 0.1000000015
10011  -18.853  -64.707  9.089 0.1000000015
9423  -18.824  -65.471  8.832 0.1000000015
10021  -19.843  -65.166  7.823 0.1000000015
100938  -24.757  -67.415  11.015 0.1000000015
7775  -25.403  -68.789  11.673 0.1000000015
10577  -18.368  -63.569  11.590 0.1000000015
10016  -23.176  -64.657  8.506 0.1000000015
9417  -23.689  -65.368  9.040 0.1000000015
9418  -24.121  -65.948  9.883 0.1000000015
9994  -18.464  -64.358  10.543 0.1000000015
10022  -21.512  -64.592  7.474 0.1000000015
10023  -22.271  -64.626  7.536 0.1000000015
10003  -18.602  -64.501  9.799 0.1000000015
10013  -20.020  -64.323  8.229 0.1000000015
10014  -21.010  -64.054  7.974 0.1000000015
118124  -19.319  -64.306  8.733 0.1000000015
109978  -25.081  -68.057  11.294 0.1000000015
8313  -25.125  -67.994  12.110 0.1000000015
9410  -23.782  -65.204  10.145 0.1000000015
8843  -24.437  -66.605  10.692 0.1000000015
11215  -18.565  -62.953  11.132 0.1000000015
10626  -22.913  -63.893  8.920 0.1000000015
10005  -23.414  -64.487  9.426 0.1000000015
10632  -21.866  -64.033  7.984 0.1000000015
10015  -22.555  -64.262  8.193 0.1000000015
10004  -18.959  -63.987  9.289 0.1000000015
8297  -25.271  -67.845  12.830 0.1000000015
8312  -24.605  -66.918  11.613 0.1000000015
9411  -24.153  -65.802  10.737 0.1000000015
11799  -18.557  -62.085  12.032 0.1000000015
10623  -20.534  -63.549  8.515 0.1000000015
10611  -18.694  -63.759  10.022 0.1000000015
8814  -25.319  -67.198  12.975 0.1000000015
10597  -18.511  -63.653  10.807 0.1000000015
10541  -18.209  -63.254  14.344 0.1000000015
12915  -18.694  -59.652  15.209 0.1000000015
12351  -18.574  -60.220  14.508 0.1000000015
102903  -18.501  -60.917  14.160 0.1000000015
11758  -18.445  -61.078  14.828 0.1000000015
105724  -18.451  -68.003  11.000 0.1000000015
8853  -19.177  -66.491  7.898 0.1000000015
7824  -19.810  -68.264  6.808 0.1000000015
8356  -20.139  -67.723  6.523 0.1000000015
8868  -20.798  -66.631  6.331 0.1000000015
106326  -22.158  -67.024  5.349 0.1000000015
8886  -23.463  -66.413  5.409 0.1000000015
8887  -24.273  -66.452  5.378 0.1000000015
8369  -25.857  -67.010  5.423 0.1000000015
8828  -18.324  -66.654  11.415 0.1000000015
8334  -24.682  -66.747  8.782 0.1000000015
9393  -18.230  -65.058  11.842 0.1000000015
8323  -24.716  -67.325  10.156 0.1000000015
10624  -21.435  -63.470  8.441 0.1000000015
113404  -24.854  -67.522  11.701 0.1000000015
12343  -18.530  -60.494  15.401 0.1000000015
109423  -20.693  -82.958  -5.248 0.1000000015
1467  -20.853  -82.675  -3.882 0.1000000015
2111  -17.465  -80.714  -3.430 0.1000000015
1781  -18.099  -81.306  -4.055 0.1000000015
2122  -18.907  -81.067  -4.419 0.1000000015
1790  -19.455  -81.817  -5.557 0.1000000015
115196  -20.056  -83.334  -6.062 0.1000000015
2474  -16.864  -80.111  -2.910 0.1000000015
103264  -15.575  -78.680  -2.469 0.1000000015
2801  -15.025  -77.994  -2.567 0.1000000015
1468  -21.549  -82.343  -4.464 0.1000000015
1458  -21.705  -82.121  -2.657 0.1000000015
1478  -20.862  -82.732  -5.987 0.1000000015
1800  -20.098  -82.654  -6.399 0.1000000015
1457  -20.828  -82.522  -2.252 0.1000000015
2112  -18.360  -80.450  -3.712 0.1000000015
1485  -19.722  -83.286  -6.296 0.1000000015
1799  -19.257  -82.815  -6.175 0.1000000015
2475  -17.740  -79.831  -3.238 0.1000000015
116887  -16.442  -78.774  -2.584 0.1000000015
2802  -16.106  -77.973  -2.536 0.1000000015
3248  -14.974  -76.729  -2.868 0.1000000015
3233  -21.188  -77.642  -1.952 0.1000000015
2450  -21.541  -79.756  -1.389 0.1000000015
2804  -22.067  -78.151  -2.243 0.1000000015
1791  -22.436  -81.702  -4.285 0.1000000015
1766  -23.038  -81.339  -1.736 0.1000000015
1758  -22.770  -81.556  -0.833 0.1000000015
2091  -23.150  -80.998  -0.925 0.1000000015
2090  -22.203  -80.513  -0.814 0.1000000015
2451  -22.539  -79.946  -1.510 0.1000000015
1752  -22.721  -81.542  -0.414 0.1000000015
1480  -21.893  -81.901  -6.607 0.1000000015
1452  -22.143  -82.096  -0.944 0.1000000015
2132  -20.202  -81.637  -5.969 0.1000000015
1801  -20.970  -82.259  -6.633 0.1000000015
2462  -17.079  -79.270  -2.800 0.1000000015
3689  -22.254  -76.702  -2.695 0.1000000015
2792  -21.625  -78.887  -1.804 0.1000000015
3688  -21.634  -76.406  -2.352 0.1000000015
1767  -23.457  -80.972  -2.013 0.1000000015
108090  -23.675  -80.344  -2.375 0.1000000015
117615  -23.346  -80.215  -1.887 0.1000000015
104949  -23.121  -81.208  -4.088 0.1000000015
2123  -19.633  -80.840  -4.867 0.1000000015
2113  -19.139  -80.223  -4.054 0.1000000015
2477  -19.344  -79.510  -3.943 0.1000000015
2476  -18.643  -79.488  -3.575 0.1000000015
101536  -17.885  -78.901  -3.187 0.1000000015
110231  -21.606  -81.968  -6.816 0.1000000015
2791  -20.631  -78.413  -1.670 0.1000000015
2452  -22.629  -79.178  -2.087 0.1000000015
2133  -20.833  -81.406  -6.278 0.1000000015
110107  -20.879  -79.282  -1.525 0.1000000015
1792  -22.610  -81.564  -5.526 0.1000000015
1802  -22.340  -81.497  -6.485 0.1000000015
2790  -19.761  -78.263  -1.545 0.1000000015
2503  -22.362  -79.699  -6.507 0.1000000015
2511  -23.325  -79.736  -7.266 0.1000000015
2863  -23.367  -78.459  -7.086 0.1000000015
2463  -23.283  -79.421  -2.384 0.1000000015
2114  -23.924  -80.352  -3.059 0.1000000015
2125  -24.006  -80.412  -4.090 0.1000000015
1803  -23.058  -81.163  -6.060 0.1000000015
2136  -23.899  -80.500  -5.610 0.1000000015
2144  -22.529  -80.973  -6.859 0.1000000015
97913  -23.258  -80.287  -7.074 0.1000000015
2126  -24.420  -80.007  -4.695 0.1000000015
2464  -23.728  -79.903  -2.474 0.1000000015
115082  -24.237  -80.063  -3.716 0.1000000015
2137  -24.589  -79.846  -5.906 0.1000000015
1793  -23.467  -80.914  -4.723 0.1000000015
111673  -22.691  -78.900  -6.539 0.1000000015
2146  -24.068  -80.013  -6.864 0.1000000015
1479  -21.767  -82.180  -5.786 0.1000000015
1486  -20.449  -82.798  -6.423 0.1000000015
1487  -21.201  -82.227  -6.548 0.1000000015
1759  -23.148  -81.154  -1.108 0.1000000015
1760  -23.377  -80.787  -1.686 0.1000000015
1782  -22.431  -81.697  -2.897 0.1000000015
1783  -23.130  -81.262  -2.946 0.1000000015
1784  -23.629  -80.776  -3.214 0.1000000015
1811  -22.509  -81.189  -6.684 0.1000000015
2100  -23.589  -80.634  -2.383 0.1000000015
2135  -22.693  -80.652  -6.946 0.1000000015
2145  -23.153  -80.715  -6.661 0.1000000015
2460  -15.032  -79.247  -2.434 0.1000000015
2478  -24.089  -79.883  -3.083 0.1000000015
2800  -14.402  -78.289  -2.843 0.1000000015
2817  -17.890  -77.952  -3.181 0.1000000015
3236  -15.319  -77.282  -2.629 0.1000000015
3239  -21.790  -77.205  -2.341 0.1000000015
3601  -28.465  -78.132  3.942 0.3000000119
3609  -28.606  -78.169  3.258 0.3000000119
3623  -29.629  -77.344  2.185 0.3000000119
3639  -28.740  -76.974  1.202 0.1000000015
3656  -29.030  -76.913  0.715 0.1000000015
3672  -28.478  -76.491  -0.281 0.1000000015
3674  -29.298  -76.501  -0.013 0.1000000015
3681  -21.260  -76.842  -2.115 0.1000000015
3683  -29.303  -76.280  -0.705 0.1000000015
4082  -27.363  -76.514  7.419 0.2000000030
4083  -27.669  -76.668  7.230 0.2000000030
4127  -29.947  -76.688  4.260 0.4000000060
4183  -27.009  -75.461  -0.013 0.1000000015
4213  -29.255  -76.068  -3.094 0.1000000015
4557  -27.541  -74.447  12.082 0.5000000000
4603  -27.294  -76.069  8.328 0.2000000030
4618  -27.115  -76.288  7.733 0.2000000030
4637  -29.887  -74.852  6.147 0.4000000060
4710  -30.319  -75.376  1.396 0.2000000030
4734  -29.585  -75.778  -0.629 0.1000000015
4753  -29.453  -75.480  -2.999 0.1000000015
5063  -27.933  -73.300  15.471 0.4000000060
5078  -27.664  -73.372  15.007 0.4000000060
5108  -27.371  -74.135  12.777 0.4000000060
5129  -26.796  -74.843  10.642 0.1000000015
5131  -29.353  -73.410  11.837 0.5000000000
5155  -28.786  -74.762  8.623 0.3000000119
5277  -26.500  -74.736  0.338 0.1000000015
5307  -28.168  -73.557  -1.616 0.1000000015
5592  -27.697  -73.048  15.745 0.5000000000
5628  -26.786  -73.024  12.535 0.1000000015
5639  -30.641  -71.845  11.701 0.5000000000
5764  -29.023  -72.341  1.232 0.3000000119
6290  -28.720  -71.515  1.451 0.1000000015
6647  -26.623  -71.223  15.152 0.1000000015
6707  -32.848  -70.139  9.706 0.5000000000
6808  -34.332  -70.552  0.548 0.1000000015
6821  -26.790  -70.117  0.428 0.1000000015
6825  -35.379  -70.287  0.532 0.1000000015
6841  -34.780  -70.908  -0.785 0.1000000015
6854  -35.087  -70.418  -1.191 0.1000000015
6875  -33.539  -71.029  -2.901 0.1000000015
6876  -34.095  -70.736  -2.632 0.1000000015
6893  -33.020  -71.011  -3.734 0.1000000015
6906  -32.034  -70.934  -4.793 0.1000000015
6923  -32.200  -70.647  -5.231 0.1000000015
7144  -30.029  -69.809  18.172 0.3000000119
7145  -30.594  -69.585  17.974 0.3000000119
7147  -32.008  -68.699  17.387 0.3000000119
7160  -28.063  -71.116  17.524 0.3000000119
7175  -26.935  -70.435  15.979 0.1000000015
7385  -26.626  -69.112  0.635 0.1000000015
7387  -32.084  -69.395  0.018 0.1000000015
7406  -35.339  -70.204  -0.581 0.1000000015
7416  -22.092  -68.942  -1.649 0.1000000015
7434  -34.035  -70.226  -2.872 0.1000000015
7439  -30.045  -69.454  -3.443 0.1000000015
7442  -33.630  -70.526  -3.313 0.1000000015
7690  -31.206  -68.968  17.908 0.3000000119
7705  -29.820  -69.379  18.092 0.3000000119
7707  -32.802  -68.521  16.988 0.3000000119
7814  -26.380  -68.364  7.734 0.1000000015
7828  -35.071  -68.489  7.671 0.3000000119
7882  -29.879  -68.573  2.677 0.1000000015
7885  -32.070  -68.764  2.603 0.1000000015
7909  -27.540  -67.924  1.108 0.2000000030
7910  -30.046  -68.138  0.131 0.1000000015
7920  -23.661  -67.884  -0.618 0.1000000015
7926  -35.254  -69.895  -0.851 0.1000000015
7962  -32.370  -69.128  -4.991 0.1000000015
7968  -29.099  -68.606  -5.962 0.1000000015
7997  -32.813  -68.724  -8.315 0.1000000015
8229  -30.995  -68.674  17.915 0.3000000119
8250  -32.413  -67.711  17.274 0.3000000119
8291  -27.837  -67.139  14.096 0.1000000015
8328  -24.817  -67.237  9.399 0.1000000015
8333  -19.204  -67.310  7.689 0.1000000015
8355  -20.182  -67.052  6.655 0.1000000015
8359  -36.031  -67.228  7.009 0.1000000015
8412  -30.053  -68.197  2.353 0.1000000015
8438  -28.682  -67.539  0.786 0.2000000030
8464  -20.070  -67.877  -2.039 0.1000000015
8465  -20.654  -67.422  -1.833 0.1000000015
8476  -20.263  -67.379  -2.307 0.1000000015
8477  -27.594  -67.070  -1.768 0.1000000015
8783  -30.289  -66.836  15.453 0.2000000030
8795  -30.441  -66.282  14.867 0.2000000030
8804  -28.278  -66.394  13.690 0.1000000015
8813  -24.895  -67.220  12.334 0.1000000015
8869  -23.789  -66.053  5.964 0.1000000015
8967  -25.433  -66.629  -0.661 0.1000000015
8996  -31.258  -66.832  -2.881 0.1000000015
9013  -20.792  -66.741  -3.640 0.1000000015
9015  -22.189  -65.987  -4.249 0.1000000015
9017  -26.629  -66.667  -4.584 0.1000000015
9018  -27.061  -66.803  -5.197 0.1000000015
9033  -22.556  -66.174  -5.202 0.1000000015
9326  -35.269  -65.538  16.284 0.3000000119
9327  -35.777  -65.219  15.927 0.3000000119
9357  -35.998  -65.161  14.804 0.3000000119
9416  -18.569  -65.268  9.613 0.1000000015
9426  -24.213  -66.122  8.962 0.1000000015
9427  -27.798  -65.557  8.309 0.4000000060
9432  -22.679  -65.086  7.159 0.1000000015
9444  -23.379  -65.721  6.447 0.1000000015
9463  -21.455  -66.214  6.186 0.1000000015
9546  -22.889  -65.820  -2.002 0.1000000015
9559  -23.371  -65.667  -2.449 0.1000000015
9575  -23.542  -65.582  -3.033 0.1000000015
9579  -30.180  -66.119  -3.541 0.1000000015
9637  -26.163  -65.790  -6.931 0.1000000015
9911  -36.164  -64.508  16.182 0.3000000119
9922  -34.761  -64.407  15.977 0.3000000119
9923  -36.554  -64.268  15.807 0.3000000119
9932  -31.921  -64.610  14.206 0.2000000030
9933  -32.737  -64.388  14.490 0.2000000030
9936  -36.899  -64.069  14.289 0.3000000119
9977  -18.347  -64.292  11.307 0.1000000015
10012  -19.311  -64.924  8.435 0.1000000015
10029  -27.851  -64.017  7.232 0.2000000030
10149  -28.597  -64.688  -2.715 0.1000000015
10520  -36.456  -63.715  16.392 0.3000000119
10552  -30.897  -63.026  13.019 0.2000000030
10555  -37.425  -63.514  12.966 0.3000000119
10625  -22.240  -63.566  8.602 0.1000000015
10769  -28.436  -63.127  -6.314 0.1000000015
10783  -29.988  -63.037  -7.733 0.1000000015
11147  -36.953  -62.850  16.772 0.3000000119
11197  -18.417  -62.838  11.877 0.1000000015
11852  -28.135  -61.433  9.755 0.2000000030
11861  -27.308  -61.474  7.125 0.1000000015
12003  -29.524  -61.476  -7.231 0.1000000015
12323  -37.323  -60.432  18.167 0.2000000030
12445  -26.923  -60.569  8.318 0.1000000015
12566  -27.636  -60.201  -5.410 0.1000000015
12626  -32.260  -60.055  -9.519 0.1000000015
12639  -32.620  -60.560  -10.945 0.1000000015
13021  -26.888  -59.377  8.222 0.1000000015
13032  -27.044  -59.307  7.037 0.1000000015
13199  -31.602  -59.525  -8.395 0.1000000015
13486  -37.636  -59.572  18.068 0.1000000015
13527  -31.554  -58.510  13.041 0.1000000015
13528  -32.360  -58.470  13.406 0.1000000015
13543  -29.213  -58.450  12.396 0.1000000015
13544  -29.995  -58.478  12.552 0.1000000015
13545  -30.785  -58.494  12.734 0.1000000015
14157  -33.977  -57.849  14.847 0.2000000030
14254  -27.139  -57.487  7.410 0.1000000015
14852  -31.485  -56.547  13.318 0.1000000015
14863  -29.532  -56.420  12.450 0.1000000015
15700  -36.206  -55.448  9.849 0.1000000015
15867  -26.028  -54.995  -1.419 0.1000000015
15896  -26.430  -55.470  -3.147 0.1000000015
16430  -31.826  -54.606  14.431 0.1000000015
18115  -28.535  -52.750  12.724 0.1000000015
18141  -29.275  -52.923  9.089 0.1000000015
97714  -32.096  -56.970  13.522 0.1000000015
98138  -18.087  -66.373  12.944 0.1000000015
98144  -32.034  -55.836  10.620 0.1000000015
98397  -21.913  -66.881  -1.291 0.1000000015
98901  -28.446  -72.741  15.420 0.4000000060
100565  -21.632  -81.616  -6.778 0.1000000015
101372  -14.812  -78.630  -2.514 0.1000000015
101994  -19.659  -66.741  7.266 0.1000000015
102958  -27.840  -72.756  16.321 0.3000000119
102967  -32.675  -67.872  -2.175 0.1000000015
103217  -26.852  -72.543  14.443 0.1000000015
103271  -25.539  -67.344  7.912 0.1000000015
105187  -28.952  -77.845  2.083 0.3000000119
105943  -25.013  -66.503  12.604 0.1000000015
105981  -32.571  -56.715  13.974 0.1000000015
106691  -34.267  -69.219  8.604 0.3000000119
106834  -35.813  -66.737  6.955 0.1000000015
106877  -28.042  -72.872  16.164 0.3000000119
107056  -22.923  -69.107  -1.571 0.1000000015
107209  -34.182  -70.980  -2.336 0.1000000015
107959  -18.386  -61.774  14.978 0.1000000015
108194  -29.072  -60.452  6.496 0.1000000015
108457  -34.871  -70.704  -1.281 0.1000000015
109915  -37.629  -63.156  12.467 0.3000000119
110536  -28.021  -67.796  -3.428 0.1000000015
111253  -23.743  -70.074  -2.102 0.1000000015
111450  -29.248  -65.263  -3.355 0.1000000015
111763  -33.193  -68.059  17.028 0.3000000119
111899  -26.279  -59.875  -4.250 0.1000000015
112646  -28.028  -78.227  4.576 0.3000000119
112996  -21.776  -66.440  -1.758 0.1000000015
113779  -18.391  -61.920  13.400 0.1000000015
113982  -29.405  -77.184  1.571 0.3000000119
114080  -28.087  -63.689  -5.513 0.1000000015
114093  -29.229  -62.271  -7.104 0.1000000015
114117  -32.725  -62.335  13.599 0.3000000119
114865  -34.006  -67.008  16.655 0.2000000030
115241  -26.896  -63.339  -2.072 0.1000000015
115524  -26.519  -71.344  10.724 0.1000000015
115641  -32.474  -69.952  -0.640 0.1000000015
115654  -32.292  -69.081  16.525 0.4000000060
116110  -22.538  -81.715  -1.667 0.1000000015
116247  -30.591  -75.715  2.798 0.3000000119
116479  -30.496  -72.949  2.977 0.3000000119
116974  -27.722  -55.786  6.458 0.1000000015
117098  -34.306  -68.570  -0.585 0.1000000015
117105  -23.782  -65.541  -4.296 0.1000000015
117140  -26.295  -70.619  13.540 0.1000000015
117415  -23.204  -69.701  -1.996 0.1000000015
117528  -30.586  -65.367  6.576 0.3000000119
117650  -31.127  -61.970  12.934 0.2000000030
118002  -34.564  -69.377  5.136 0.1000000015
118441  -29.906  -57.380  12.545 0.1000000015
118477  -37.805  -62.857  12.000 0.2000000030
