#!ascii label  , from subject sub-v2s15x29749_ses-1 vox2ras=TkReg
1370
3819  25.635  -73.303  -17.658 0.6999999881
3820  24.874  -72.990  -18.006 0.8000000119
4368  24.248  -72.328  -17.438 0.8000000119
4369  23.458  -71.706  -17.483 0.6999999881
3854  26.241  -73.620  -19.220 0.6000000238
3833  25.521  -73.400  -18.561 0.6000000238
103123  24.223  -72.214  -18.616 0.6000000238
99083  26.576  -73.466  -20.175 0.6000000238
4356  24.569  -72.515  -16.365 0.8000000119
4357  23.772  -72.066  -16.577 0.6999999881
4876  23.172  -71.787  -15.990 0.6999999881
4895  22.526  -71.497  -16.557 0.6999999881
3832  26.296  -73.459  -18.211 0.6000000238
4367  25.044  -72.962  -17.054 0.6999999881
4894  23.133  -71.699  -16.791 0.6999999881
3871  26.954  -73.229  -21.219 0.6000000238
103027  27.780  -72.543  -21.209 0.6000000238
4419  27.287  -72.649  -23.057 0.6000000238
3896  26.870  -73.145  -22.227 0.6000000238
4327  24.589  -72.140  -14.985 0.8000000119
4857  23.932  -71.913  -14.673 0.8000000119
98218  23.180  -71.793  -15.090 0.6999999881
4858  22.365  -71.585  -14.518 0.6999999881
4878  21.480  -71.441  -15.046 0.6999999881
4355  25.382  -72.767  -16.238 0.8000000119
4343  24.042  -72.121  -15.579 0.6999999881
4877  22.257  -71.576  -15.623 0.6999999881
3807  25.835  -73.111  -16.891 0.6999999881
113147  26.253  -73.270  -17.484 0.6999999881
3853  27.006  -73.303  -19.498 0.6999999881
4404  27.563  -72.851  -20.274 0.6000000238
108293  27.853  -72.260  -24.046 0.6000000238
4434  27.357  -72.416  -26.220 0.6999999881
4426  26.866  -72.290  -25.670 0.6000000238
3376  28.097  -73.637  -26.376 0.5000000000
3929  27.736  -72.886  -26.481 0.6000000238
3377  27.672  -74.493  -25.968 0.5000000000
4856  24.655  -71.867  -14.327 0.8999999762
103006  23.249  -71.724  -14.353 0.8000000119
4837  22.906  -71.528  -13.760 0.6999999881
4341  25.703  -72.497  -15.541 0.6999999881
4326  25.336  -72.166  -14.876 0.8999999762
4859  21.485  -71.397  -14.283 0.6999999881
3818  26.601  -72.912  -16.972 0.8000000119
4354  26.159  -72.748  -16.198 0.8000000119
4366  27.397  -72.514  -17.144 0.8000000119
4374  28.275  -72.285  -18.768 0.6999999881
3817  27.012  -73.027  -17.822 0.6999999881
4389  27.656  -72.794  -19.245 0.8000000119
4388  28.298  -72.275  -19.796 0.8000000119
4410  28.427  -72.145  -21.862 0.6999999881
4411  27.602  -72.577  -22.036 0.6999999881
4433  28.037  -72.038  -26.054 0.6999999881
3928  28.482  -72.658  -26.374 0.6999999881
4855  25.451  -71.762  -14.071 0.8999999762
98543  23.840  -71.648  -13.832 0.8000000119
4838  22.001  -71.358  -13.670 0.6999999881
4340  26.509  -72.278  -15.397 0.8000000119
4325  26.049  -72.001  -14.614 0.8000000119
4353  26.947  -72.524  -16.321 0.6999999881
4906  28.548  -71.950  -18.015 0.6999999881
4907  28.204  -71.918  -17.231 0.6000000238
4365  27.856  -72.411  -17.906 0.8000000119
4927  28.873  -71.861  -19.340 0.8000000119
4403  28.358  -72.218  -20.768 0.8000000119
102625  29.321  -71.712  -23.685 0.8000000119
111482  28.747  -71.949  -22.895 0.6999999881
4972  29.755  -71.654  -24.945 0.8000000119
4431  29.575  -72.101  -25.882 0.6999999881
4432  28.942  -71.898  -25.876 0.6999999881
4424  28.624  -71.969  -23.947 0.6999999881
3927  29.398  -72.682  -26.146 0.6999999881
4435  28.735  -72.199  -26.168 0.6999999881
7319  15.640  -66.790  -15.140 0.6000000238
7333  15.362  -66.534  -16.416 0.6000000238
7334  14.453  -66.975  -16.836 0.6000000238
7347  14.290  -66.457  -17.122 0.6999999881
4836  24.737  -71.519  -13.578 0.8999999762
4820  22.620  -71.193  -13.086 0.6999999881
4893  28.156  -71.654  -16.400 0.6000000238
117205  28.789  -71.568  -17.557 0.6000000238
4918  28.834  -71.816  -18.604 0.6999999881
4942  29.579  -71.475  -20.579 0.6999999881
106740  29.520  -71.457  -19.674 0.6999999881
5857  21.866  -69.351  -11.253 0.6999999881
100436  21.145  -69.194  -11.271 0.6999999881
4943  28.934  -71.839  -20.239 0.8000000119
5840  21.507  -68.472  -10.733 0.6000000238
6324  20.602  -68.656  -11.046 0.6000000238
99411  19.811  -68.816  -11.324 0.6999999881
4955  29.014  -71.788  -21.180 0.6999999881
6306  20.009  -68.016  -10.820 0.5000000000
6325  19.211  -68.073  -11.268 0.6999999881
108535  30.021  -71.655  -23.882 0.8000000119
4966  29.248  -71.733  -22.269 0.8000000119
6305  20.770  -67.811  -10.596 0.5000000000
6800  20.244  -67.159  -10.646 0.5000000000
7246  20.514  -66.268  -10.627 0.5000000000
7706  20.173  -65.818  -10.945 0.6000000238
7259  19.021  -66.214  -11.441 0.5000000000
7260  18.460  -66.049  -12.011 0.6000000238
7280  17.801  -66.774  -12.404 0.6999999881
106710  16.470  -67.075  -13.620 0.6999999881
7723  19.080  -65.790  -11.805 0.5000000000
7744  17.971  -65.882  -12.705 0.6000000238
6855  17.064  -66.998  -12.994 0.6000000238
7318  16.336  -66.437  -14.313 0.6000000238
7742  19.555  -65.588  -11.952 0.6000000238
7764  17.509  -65.768  -13.478 0.6000000238
7765  16.948  -65.722  -14.272 0.6000000238
7743  18.815  -65.638  -12.501 0.5000000000
7332  16.335  -65.940  -15.367 0.6000000238
7357  14.909  -66.069  -17.413 0.6999999881
8726  14.612  -63.867  -16.642 0.6000000238
8248  13.999  -64.010  -16.084 0.6999999881
112781  17.816  -65.461  -14.332 0.6000000238
107540  17.258  -65.479  -15.118 0.6000000238
100884  16.138  -65.957  -16.602 0.6000000238
7355  16.025  -65.690  -17.828 0.6999999881
8270  15.510  -64.695  -17.935 0.5000000000
4819  24.070  -71.246  -13.085 0.8999999762
4874  27.243  -71.806  -15.210 0.6000000238
4875  26.787  -71.736  -14.598 0.6999999881
5364  23.367  -70.825  -12.582 0.8000000119
4839  20.893  -71.153  -13.558 0.6999999881
5365  22.396  -70.636  -12.441 0.6999999881
5344  22.990  -70.206  -11.876 0.8000000119
4917  29.099  -71.530  -18.081 0.6999999881
5856  22.704  -69.517  -11.311 0.8000000119
5838  23.265  -68.953  -10.820 0.6999999881
6303  23.058  -68.195  -10.361 0.6000000238
4965  29.811  -71.627  -22.963 0.8000000119
107150  29.966  -71.504  -22.234 0.8000000119
6304  22.248  -67.866  -10.314 0.5000000000
4971  30.471  -71.799  -24.767 0.8000000119
104633  20.875  -66.984  -10.448 0.5000000000
7244  22.263  -65.910  -10.096 0.5000000000
7704  21.788  -65.534  -10.596 0.6000000238
7245  21.389  -66.287  -10.343 0.6000000238
7721  20.349  -65.550  -11.428 0.6000000238
108895  20.182  -65.445  -12.425 0.6000000238
9216  15.576  -62.579  -16.506 0.5000000000
7763  18.299  -65.554  -13.393 0.5000000000
8741  15.211  -63.684  -17.280 0.5000000000
8715  14.516  -63.383  -15.969 0.6000000238
7782  18.848  -65.491  -14.320 0.6000000238
7794  16.979  -65.583  -16.221 0.6999999881
7807  16.651  -65.653  -17.489 0.6999999881
7821  15.983  -65.409  -18.135 0.6999999881
7820  16.719  -65.390  -18.380 0.6000000238
101181  19.449  -65.851  -15.309 0.6999999881
7806  17.749  -65.529  -17.223 0.6000000238
7819  17.627  -65.420  -18.371 0.5000000000
4854  26.302  -71.493  -13.831 0.6999999881
4835  25.549  -71.296  -13.332 0.6999999881
4818  24.889  -71.069  -12.916 0.6999999881
5363  24.334  -70.717  -12.462 0.8000000119
5342  24.826  -70.137  -11.904 0.6999999881
5837  24.071  -68.998  -10.862 0.6999999881
5855  23.549  -69.614  -11.359 0.6999999881
9197  17.485  -62.344  -16.162 0.5000000000
8168  23.197  -64.920  -10.547 0.5000000000
7719  22.246  -65.129  -10.896 0.6000000238
113739  15.658  -62.816  -15.915 0.5000000000
7718  23.526  -64.953  -11.487 0.5000000000
7720  21.332  -65.365  -11.218 0.6000000238
102914  19.523  -65.488  -12.700 0.6000000238
8283  16.572  -64.441  -18.803 0.5000000000
103938  22.739  -65.101  -11.541 0.5000000000
7740  21.998  -65.329  -12.062 0.6000000238
7761  20.097  -65.637  -13.441 0.6000000238
7760  20.938  -65.956  -13.310 0.6000000238
101672  26.890  -70.861  -13.374 0.6999999881
5362  25.646  -70.778  -12.726 0.6999999881
109125  25.096  -70.575  -12.402 0.6999999881
7331  20.132  -66.259  -16.300 0.5000000000
105585  19.582  -65.600  -17.649 0.5000000000
7279  21.886  -66.458  -13.411 0.5000000000
7298  20.914  -66.510  -14.303 0.5000000000
7781  19.998  -65.949  -14.541 0.5000000000
7792  19.069  -65.752  -16.117 0.5000000000
7344  20.761  -66.245  -16.526 0.5000000000
7816  20.494  -65.636  -17.105 0.5000000000
114491  22.516  -67.248  -14.105 0.5000000000
7329  21.414  -66.546  -15.649 0.5000000000
7804  20.343  -66.011  -17.112 0.5000000000
109347  22.784  -66.836  -13.418 0.5000000000
7315  21.644  -66.885  -14.895 0.5000000000
7316  20.899  -66.620  -15.206 0.5000000000
7739  23.363  -66.210  -12.762 0.5000000000
7297  21.770  -66.934  -14.177 0.5000000000
7328  22.114  -66.773  -15.239 0.5000000000
98467  18.002  -63.610  -12.963 0.6000000238
8649  17.126  -63.717  -12.826 0.6000000238
9164  18.842  -62.657  -13.841 0.5000000000
8648  18.290  -63.488  -12.290 0.6999999881
102886  17.644  -63.624  -12.259 0.6000000238
104473  15.802  -63.466  -11.759 0.6000000238
8626  16.244  -63.480  -10.243 0.6999999881
9137  18.732  -63.014  -10.910 0.6000000238
8634  17.916  -63.404  -11.422 0.6999999881
8635  17.015  -63.327  -10.662 0.6999999881
8636  16.053  -63.464  -11.028 0.6999999881
8618  17.271  -63.236  -9.576 0.8000000119
9136  19.589  -62.797  -11.389 0.5000000000
9147  19.511  -62.783  -12.414 0.5000000000
8625  17.373  -63.027  -10.081 0.8000000119
9129  18.613  -62.541  -10.011 0.6000000238
8151  18.920  -64.263  -8.405 0.6999999881
9134  21.207  -62.099  -11.157 0.5000000000
9686  20.652  -61.866  -12.496 0.5000000000
8612  18.359  -63.286  -8.802 0.6999999881
8153  17.077  -64.146  -8.824 0.6999999881
8617  17.882  -63.033  -9.306 0.6999999881
108614  19.263  -62.664  -10.544 0.6999999881
8148  19.374  -65.104  -7.934 0.6999999881
8611  19.267  -63.412  -8.505 0.6999999881
9127  20.782  -62.258  -10.574 0.6000000238
9121  19.105  -62.456  -9.456 0.8000000119
114757  17.058  -59.050  -5.528 0.6999999881
10703  17.574  -59.595  -5.117 0.8000000119
10218  23.640  -60.812  -10.300 0.4000000060
7675  20.110  -65.153  -7.319 0.6999999881
9667  22.902  -61.324  -10.496 0.5000000000
8147  20.035  -64.212  -7.961 0.6999999881
9126  21.782  -61.838  -10.503 0.6000000238
9668  20.890  -62.046  -9.701 0.6000000238
9117  19.069  -62.708  -8.910 0.6999999881
115575  19.647  -62.298  -9.475 0.8000000119
98149  19.665  -62.329  -8.988 0.8000000119
108072  14.693  -54.796  -9.244 0.5000000000
13347  13.879  -55.893  -10.745 0.5000000000
12668  13.279  -56.790  -11.164 0.5000000000
11986  15.721  -57.096  -9.591 0.5000000000
11964  16.594  -57.196  -7.549 0.6000000238
11969  16.065  -57.102  -8.455 0.6000000238
11987  15.045  -57.680  -9.723 0.6000000238
10765  12.085  -59.888  -12.417 0.6000000238
11337  16.162  -57.911  -7.059 0.6999999881
11965  15.741  -57.657  -7.826 0.6999999881
11328  16.609  -58.281  -6.378 0.6999999881
11329  15.787  -58.493  -6.561 0.6999999881
106421  20.847  -63.223  -5.473 0.6999999881
9075  20.284  -62.009  -4.777 0.6999999881
9614  19.551  -61.413  -4.588 0.8000000119
9661  23.197  -61.232  -9.756 0.5000000000
8146  20.809  -64.444  -7.024 0.6999999881
9662  22.428  -61.517  -9.681 0.6000000238
9120  20.207  -62.109  -9.201 0.6999999881
8606  21.130  -62.921  -7.431 0.8000000119
8610  20.017  -62.901  -8.373 0.8000000119
13965  15.159  -53.945  -9.170 0.5000000000
14642  14.673  -54.189  -10.297 0.6000000238
112698  14.426  -53.425  -10.878 0.5000000000
13346  14.172  -54.997  -11.616 0.6000000238
100609  13.590  -55.999  -12.047 0.6000000238
12005  12.512  -57.630  -11.957 0.6000000238
12685  13.098  -57.044  -12.544 0.6000000238
12022  12.484  -58.166  -13.389 0.5000000000
12667  15.698  -56.919  -10.788 0.5000000000
108431  15.140  -57.546  -10.598 0.5000000000
12630  16.716  -56.689  -8.215 0.6000000238
114425  14.563  -58.175  -11.493 0.6000000238
11369  13.847  -58.790  -11.390 0.6999999881
12042  12.174  -59.286  -13.622 0.6000000238
11963  17.320  -57.142  -7.051 0.6000000238
11955  16.938  -57.662  -6.743 0.6999999881
11970  15.250  -57.707  -8.760 0.6999999881
11971  14.581  -58.210  -9.477 0.8000000119
11386  12.890  -59.570  -12.776 0.6999999881
11954  17.709  -57.545  -6.481 0.6999999881
115834  17.573  -58.368  -5.838 0.6999999881
11327  18.100  -58.088  -5.864 0.6999999881
10715  18.375  -59.240  -5.161 0.8000000119
10169  19.713  -60.613  -4.637 0.8000000119
10702  18.527  -59.869  -4.809 0.8000000119
10215  22.935  -61.155  -8.913 0.5000000000
10206  22.672  -60.375  -7.086 0.6000000238
9094  20.882  -62.498  -5.255 0.8000000119
10168  20.527  -61.013  -4.804 0.8000000119
9664  21.032  -61.778  -8.837 0.6000000238
9653  22.172  -61.025  -7.544 0.6999999881
9106  21.499  -62.246  -6.508 0.8000000119
9115  21.118  -61.907  -8.056 0.6999999881
9113  21.315  -62.396  -7.351 0.6999999881
98461  20.839  -62.558  -7.962 0.8000000119
99981  15.414  -53.221  -9.183 0.4000000060
14641  14.969  -53.370  -9.985 0.5000000000
13982  14.178  -54.243  -12.311 0.4000000060
13357  13.948  -55.369  -12.606 0.5000000000
12697  13.293  -57.348  -13.566 0.5000000000
99163  16.308  -56.468  -9.971 0.5000000000
12003  15.109  -57.548  -11.783 0.6000000238
12021  14.415  -58.299  -12.767 0.6000000238
12041  12.796  -58.504  -13.881 0.6000000238
12616  17.413  -56.605  -7.685 0.6000000238
116217  13.872  -58.818  -12.417 0.6999999881
113441  12.663  -59.534  -13.546 0.6999999881
11962  18.022  -56.934  -6.930 0.6000000238
10714  19.296  -59.347  -4.974 0.8000000119
10199  21.758  -60.451  -5.834 0.6999999881
9648  21.712  -61.386  -6.160 0.6999999881
9093  21.382  -62.021  -5.682 0.8000000119
10182  21.092  -60.287  -5.162 0.8000000119
9654  21.707  -61.607  -7.221 0.6999999881
15345  15.019  -52.533  -9.784 0.4000000060
99638  15.499  -51.830  -9.028 0.4000000060
111558  15.729  -51.221  -8.424 0.4000000060
99864  13.885  -52.796  -11.718 0.5000000000
14649  14.272  -52.790  -10.798 0.4000000060
114998  15.730  -50.664  -8.062 0.5000000000
13374  14.360  -56.536  -14.030 0.5000000000
12706  13.484  -57.951  -14.122 0.5000000000
13373  14.967  -56.030  -14.453 0.5000000000
11397  13.428  -58.712  -14.018 0.6999999881
11953  18.559  -57.446  -6.324 0.6000000238
102206  20.138  -59.213  -5.091 0.8000000119
10198  22.245  -60.213  -6.390 0.6000000238
10712  21.430  -59.753  -5.540 0.6000000238
11313  21.311  -59.043  -5.677 0.6999999881
11314  20.531  -58.754  -5.471 0.6999999881
17466  15.421  -49.413  -7.454 0.3000000119
15352  13.498  -52.085  -11.626 0.4000000060
15346  13.809  -52.097  -10.875 0.3000000119
16027  14.146  -51.483  -10.248 0.4000000060
16026  15.031  -51.150  -9.218 0.4000000060
16754  15.149  -50.601  -8.763 0.4000000060
17470  15.330  -50.067  -8.151 0.5000000000
14655  14.032  -53.145  -12.086 0.4000000060
18171  14.442  -48.663  -8.129 0.3000000119
113577  14.930  -57.276  -14.148 0.5000000000
13988  14.200  -54.887  -12.843 0.4000000060
12703  15.643  -56.622  -14.145 0.6000000238
14662  14.271  -53.820  -12.425 0.4000000060
12711  15.853  -56.263  -14.737 0.4000000060
13996  14.340  -55.482  -13.623 0.5000000000
11315  19.669  -58.645  -5.361 0.6999999881
10713  20.814  -59.491  -5.253 0.6999999881
102033  15.835  -50.311  -7.384 0.4000000060
17471  13.858  -49.226  -9.019 0.4000000060
18933  13.965  -47.719  -8.067 0.3000000119
15358  13.659  -52.315  -11.959 0.3000000119
14669  14.423  -54.515  -13.124 0.4000000060
14003  15.760  -55.621  -14.815 0.4000000060
13995  14.895  -55.134  -14.019 0.4000000060
16769  12.935  -50.568  -11.315 0.3000000119
16762  13.661  -50.472  -9.974 0.3000000119
16755  14.411  -49.931  -8.985 0.4000000060
17472  13.250  -48.893  -9.835 0.3000000119
116425  13.631  -48.782  -9.029 0.3000000119
16034  13.249  -51.420  -11.545 0.3000000119
15365  14.019  -52.912  -12.161 0.3000000119
14668  14.970  -54.321  -13.549 0.3000000119
14661  14.444  -53.641  -12.693 0.3000000119
14675  15.744  -54.846  -14.564 0.3000000119
16763  13.229  -49.562  -10.038 0.3000000119
18179  13.223  -48.440  -10.453 0.3000000119
16770  12.695  -49.820  -11.126 0.3000000119
17480  12.880  -49.137  -10.940 0.3000000119
15364  14.408  -52.837  -12.434 0.3000000119
15373  15.147  -53.526  -13.185 0.3000000119
14667  15.967  -54.040  -14.218 0.3000000119
105809  14.870  -47.906  -7.340 0.3000000119
16778  12.806  -50.024  -11.725 0.3000000119
17489  12.949  -49.380  -11.621 0.3000000119
15363  15.602  -52.764  -12.873 0.3000000119
6818  18.633  -67.642  -11.569 0.6000000238
107120  18.466  -66.872  -11.733 0.6999999881
6836  17.336  -67.877  -12.562 0.6999999881
6837  16.670  -67.688  -13.128 0.6999999881
13365  13.852  -56.109  -13.369 0.4000000060
12055  14.516  -57.702  -13.945 0.6000000238
18173  13.418  -48.231  -9.211 0.3000000119
3834  24.779  -72.884  -19.023 0.6999999881
104203  21.379  -71.333  -15.828 0.6999999881
4375  27.577  -72.747  -18.481 0.8000000119
4425  27.623  -72.100  -25.117 0.6000000238
99270  28.400  -71.874  -25.157 0.6999999881
113560  27.650  -72.155  -16.607 0.6000000238
4821  21.744  -71.006  -12.941 0.6999999881
4973  29.128  -71.690  -25.017 0.6999999881
4977  30.040  -71.962  -25.526 0.8000000119
7822  15.212  -65.512  -17.662 0.6999999881
6801  19.059  -67.067  -11.242 0.5000000000
8716  13.949  -63.624  -15.388 0.6000000238
7793  17.967  -65.404  -15.930 0.6999999881
5345  22.131  -70.044  -11.804 0.8000000119
6798  22.871  -67.297  -9.983 0.5000000000
98979  22.144  -66.865  -10.102 0.6000000238
117283  21.156  -63.794  -6.955 0.8000000119
97223  30.161  -77.419  -21.553 0.4000000060
2240  31.171  -77.295  -21.008 0.4000000060
2245  28.011  -77.032  -22.400 0.3000000119
105120  30.731  -77.912  -22.623 0.4000000060
2243  31.569  -77.842  -21.956 0.4000000060
3362  28.813  -74.260  -21.086 0.4000000060
2954  27.759  -75.518  -20.021 0.5000000000
2952  27.628  -76.013  -19.959 0.5000000000
3364  27.601  -75.340  -21.433 0.3000000119
2955  27.481  -75.864  -20.780 0.4000000060
2604  28.493  -76.788  -20.759 0.4000000060
2957  27.359  -75.827  -21.842 0.3000000119
2607  27.939  -76.767  -21.409 0.3000000119
2610  27.506  -76.363  -22.584 0.3000000119
3368  28.105  -74.684  -21.729 0.4000000060
3870  29.225  -74.075  -20.217 0.5000000000
3367  28.897  -74.006  -22.259 0.3000000119
108405  27.619  -75.107  -22.340 0.3000000119
2960  27.393  -75.602  -23.025 0.4000000060
112865  27.692  -74.849  -24.899 0.4000000060
2962  27.485  -75.465  -24.386 0.4000000060
2965  27.317  -75.372  -25.567 0.4000000060
3882  29.627  -73.732  -21.778 0.4000000060
101123  30.285  -73.583  -22.339 0.4000000060
3894  29.768  -73.700  -22.846 0.4000000060
3893  30.728  -73.612  -23.413 0.4000000060
3892  32.384  -73.615  -23.883 0.5000000000
3895  29.080  -73.884  -23.579 0.4000000060
98828  30.076  -73.700  -23.944 0.4000000060
3371  27.744  -74.810  -23.646 0.4000000060
3370  28.376  -74.276  -23.895 0.5000000000
3907  29.839  -73.703  -24.868 0.4000000060
3373  28.229  -74.333  -25.100 0.4000000060
3930  26.899  -73.151  -26.409 0.6000000238
3381  27.351  -73.834  -26.447 0.4000000060
3905  32.070  -73.349  -24.598 0.6000000238
3906  30.735  -73.502  -24.768 0.6000000238
100898  31.366  -73.291  -24.899 0.6000000238
3918  30.844  -73.085  -25.427 0.6000000238
3925  30.757  -72.573  -25.436 0.6999999881
117215  29.503  -73.500  -25.667 0.5000000000
4430  30.357  -72.261  -25.549 0.6999999881
4427  32.996  -72.844  -24.627 0.6999999881
4968  33.062  -72.411  -24.447 0.6999999881
3915  33.256  -73.312  -24.398 0.6000000238
4428  31.947  -72.637  -24.880 0.6999999881
4963  31.794  -71.520  -23.284 0.6999999881
4964  30.679  -71.552  -23.129 0.6999999881
4954  29.728  -71.482  -21.437 0.6999999881
4429  31.093  -72.430  -25.214 0.6999999881
4970  31.344  -71.904  -24.433 0.6999999881
4976  30.809  -72.143  -25.254 0.6999999881
4962  33.190  -71.874  -23.893 0.5000000000
109848  32.575  -71.515  -23.313 0.6000000238
4969  32.311  -72.002  -24.291 0.6999999881
4952  31.417  -71.123  -22.192 0.6999999881
114387  31.286  -70.714  -21.374 0.6999999881
4975  31.609  -72.291  -24.916 0.6999999881
4953  30.568  -71.221  -21.681 0.6999999881
4941  30.182  -71.200  -20.881 0.6000000238
5472  32.304  -70.923  -22.330 0.6000000238
5466  32.433  -70.196  -21.597 0.6000000238
5467  31.879  -70.454  -21.562 0.6000000238
5419  29.521  -70.751  -17.216 0.5000000000
4896  21.705  -71.163  -16.660 0.6000000238
116936  22.194  -71.202  -17.073 0.6000000238
5457  30.852  -70.696  -20.665 0.6000000238
4925  30.191  -71.087  -20.067 0.6000000238
5431  30.292  -70.425  -18.282 0.5000000000
5432  29.708  -71.004  -18.050 0.5000000000
4880  19.994  -70.832  -16.129 0.6000000238
4879  20.712  -71.230  -15.541 0.6000000238
100455  20.798  -70.902  -16.462 0.6000000238
5456  31.589  -70.176  -20.864 0.6000000238
100511  30.571  -70.322  -18.904 0.5000000000
5445  30.078  -70.926  -19.050 0.5000000000
98894  19.186  -71.395  -13.788 0.6000000238
106294  20.004  -71.300  -14.220 0.6000000238
4861  19.268  -71.283  -14.816 0.6000000238
104225  19.250  -70.869  -15.777 0.6000000238
99222  19.988  -71.213  -15.199 0.6000000238
4860  20.743  -71.331  -14.653 0.6000000238
4853  27.073  -71.305  -14.030 0.6000000238
5444  30.688  -70.496  -19.652 0.6000000238
103311  19.504  -70.757  -12.411 0.6000000238
4840  19.863  -71.165  -13.207 0.6000000238
5367  20.785  -70.234  -12.168 0.6000000238
5386  20.364  -70.729  -12.644 0.6000000238
5858  20.460  -69.514  -11.587 0.5000000000
5385  21.057  -70.724  -12.733 0.6000000238
5366  21.565  -70.432  -12.315 0.5000000000
4862  18.533  -71.453  -14.415 0.6999999881
4841  18.301  -71.619  -13.383 0.6000000238
114368  19.968  -70.145  -11.996 0.6000000238
5874  19.661  -69.520  -11.660 0.6000000238
5370  15.539  -71.049  -11.934 0.6000000238
4822  18.967  -71.281  -12.888 0.6000000238
97425  19.047  -70.029  -11.834 0.5000000000
5369  17.825  -70.850  -12.003 0.6000000238
5876  17.618  -69.964  -11.948 0.6000000238
110745  16.991  -70.647  -11.929 0.6000000238
106444  16.162  -70.331  -12.103 0.6000000238
106834  18.071  -71.400  -12.568 0.6000000238
5859  19.066  -69.042  -11.614 0.6000000238
5875  18.287  -70.230  -11.903 0.6000000238
101306  18.244  -69.317  -11.855 0.5000000000
6337  17.369  -68.927  -12.241 0.6000000238
5877  16.772  -69.588  -12.221 0.5000000000
6339  15.897  -69.374  -12.627 0.5000000000
6835  18.060  -67.672  -11.999 0.6000000238
112087  17.851  -68.446  -12.076 0.6000000238
6338  16.499  -68.538  -12.811 0.6000000238
6352  15.552  -68.670  -13.344 0.6999999881
6353  14.701  -68.847  -13.867 0.6999999881
6354  13.888  -69.135  -14.369 0.6999999881
6368  13.275  -68.948  -15.331 0.6999999881
6856  15.915  -67.838  -13.666 0.6999999881
6869  15.147  -67.653  -14.753 0.6999999881
6366  15.137  -68.259  -14.050 0.6999999881
6367  14.325  -68.491  -14.867 0.6999999881
6379  13.471  -68.303  -16.024 0.6000000238
6868  15.908  -67.152  -14.256 0.6000000238
5408  29.318  -70.592  -16.464 0.5000000000
4892  28.869  -71.262  -16.926 0.5000000000
111269  29.132  -70.326  -15.703 0.5000000000
5402  28.434  -70.733  -15.284 0.6000000238
6378  29.795  -68.744  -15.118 0.6000000238
5921  29.558  -69.522  -15.481 0.6000000238
5922  28.900  -69.971  -14.986 0.6000000238
5395  28.230  -70.409  -14.496 0.6000000238
100075  27.579  -70.736  -13.960 0.6000000238
6364  29.537  -68.444  -14.465 0.5000000000
5894  28.368  -69.312  -13.621 0.6000000238
5360  27.091  -70.170  -12.854 0.6000000238
6335  28.300  -68.234  -12.543 0.6000000238
5871  27.311  -69.419  -12.470 0.5000000000
5361  26.350  -70.483  -12.680 0.6000000238
6336  27.567  -68.630  -12.073 0.5000000000
5872  26.562  -69.761  -12.200 0.6000000238
116905  23.729  -68.438  -10.507 0.5000000000
6301  25.238  -68.147  -10.482 0.5000000000
5854  24.449  -69.570  -11.375 0.6000000238
5852  26.106  -69.276  -11.565 0.6000000238
3920  28.847  -73.520  -26.047 0.6000000238
3926  30.181  -72.541  -25.745 0.6999999881
4873  27.958  -71.451  -15.598 0.5000000000
108127  27.629  -71.217  -14.713 0.6000000238
5873  25.723  -70.097  -12.086 0.6000000238
6323  24.899  -68.900  -10.890 0.6000000238
2241  29.155  -77.443  -22.217 0.3000000119
2608  27.553  -76.302  -21.489 0.3000000119
2605  27.672  -76.260  -20.632 0.4000000060
111640  28.288  -74.465  -22.839 0.4000000060
104111  31.581  -73.589  -23.090 0.4000000060
105041  31.548  -73.532  -24.246 0.5000000000
3919  30.157  -73.265  -25.579 0.5000000000
3908  28.904  -73.872  -24.855 0.5000000000
3917  31.543  -72.930  -25.173 0.6000000238
5368  18.656  -70.856  -12.191 0.6000000238
6380  12.426  -68.560  -15.985 0.6000000238
5910  29.260  -69.204  -14.725 0.6000000238
111441  28.944  -67.733  -12.990 0.5000000000
5911  28.623  -69.616  -14.306 0.6000000238
5895  27.728  -69.722  -13.204 0.6000000238
104936  28.647  -68.541  -13.357 0.5000000000
5870  28.021  -69.007  -12.889 0.6000000238
6834  28.591  -67.421  -12.128 0.5000000000
5851  26.850  -68.990  -11.745 0.5000000000
6322  25.687  -68.716  -11.000 0.5000000000
438  29.031  -84.225  -8.843 0.4000000060
114158  29.492  -84.042  -9.071 0.4000000060
599  29.389  -83.900  -9.571 0.5000000000
268  27.663  -84.974  -6.303 0.5000000000
269  27.081  -85.395  -5.418 0.5000000000
177  25.705  -86.590  -5.432 0.5000000000
114317  28.015  -84.626  -7.445 0.5000000000
420  28.293  -84.392  -6.911 0.5000000000
598  30.045  -83.731  -9.561 0.4000000060
608  31.232  -83.252  -10.357 0.4000000060
609  30.512  -83.459  -10.357 0.5000000000
1905  34.216  -77.505  -19.383 0.3000000119
1893  34.250  -77.872  -18.593 0.3000000119
1916  33.014  -78.575  -20.092 0.3000000119
1924  33.238  -77.948  -20.605 0.3000000119
409  27.754  -84.668  -6.220 0.4000000060
410  27.086  -85.135  -5.353 0.5000000000
400  26.656  -85.638  -4.984 0.5000000000
430  28.649  -84.283  -7.939 0.4000000060
589  29.860  -83.744  -8.801 0.3000000119
779  30.430  -83.225  -8.613 0.3000000119
805  31.486  -82.544  -11.690 0.4000000060
788  31.543  -83.120  -9.659 0.3000000119
101135  31.864  -82.902  -10.318 0.4000000060
619  31.003  -83.131  -11.103 0.5000000000
787  32.484  -82.655  -9.759 0.3000000119
2223  34.763  -77.188  -18.528 0.3000000119
99167  34.225  -78.234  -17.097 0.3000000119
2231  33.750  -77.378  -19.992 0.3000000119
2232  33.018  -77.511  -20.648 0.3000000119
2239  32.703  -77.869  -21.134 0.3000000119
408  28.215  -84.151  -6.487 0.3000000119
567  27.567  -84.404  -5.948 0.4000000060
576  28.725  -83.835  -7.177 0.3000000119
777  31.934  -82.799  -8.937 0.3000000119
1033  32.960  -81.581  -11.872 0.4000000060
1034  31.966  -81.948  -12.075 0.4000000060
795  32.530  -82.496  -10.829 0.4000000060
786  33.453  -82.197  -9.520 0.3000000119
2558  34.928  -76.773  -17.102 0.4000000060
2567  35.376  -77.056  -17.193 0.4000000060
1871  34.997  -77.929  -16.115 0.4000000060
1861  34.463  -78.306  -15.181 0.4000000060
1862  33.589  -78.740  -14.997 0.4000000060
1863  32.457  -79.027  -14.972 0.5000000000
100425  33.017  -76.524  -18.625 0.3000000119
2224  34.283  -77.113  -19.414 0.3000000119
2595  33.434  -77.003  -20.047 0.3000000119
99886  32.307  -77.701  -21.270 0.3000000119
2603  29.654  -76.861  -20.372 0.3000000119
766  28.380  -83.199  -6.991 0.3000000119
1277  34.191  -80.650  -11.523 0.3000000119
1283  33.502  -81.128  -11.911 0.3000000119
1285  31.635  -81.362  -11.990 0.4000000060
1286  30.521  -80.864  -11.981 0.4000000060
1010  33.574  -82.045  -8.500 0.3000000119
1028  34.136  -81.293  -11.127 0.3000000119
1019  34.090  -81.682  -10.277 0.3000000119
794  33.372  -82.104  -10.524 0.3000000119
2181  29.172  -78.004  -12.779 0.5000000000
1846  28.933  -78.704  -12.722 0.5000000000
2929  30.829  -75.226  -14.258 0.3000000119
2934  32.648  -75.734  -14.785 0.3000000119
109858  31.495  -76.148  -15.573 0.3000000119
2933  33.518  -76.098  -15.081 0.3000000119
2926  34.421  -76.636  -15.436 0.4000000060
2179  31.966  -77.049  -13.198 0.5000000000
1853  30.810  -77.911  -13.807 0.5000000000
2548  32.754  -76.233  -15.882 0.3000000119
2188  34.537  -77.437  -14.874 0.4000000060
2189  33.884  -77.623  -14.409 0.4000000060
2190  32.515  -77.954  -14.135 0.5000000000
2584  32.527  -76.614  -19.353 0.3000000119
2596  32.087  -76.969  -20.333 0.3000000119
2602  30.590  -76.795  -20.018 0.3000000119
2598  28.415  -76.396  -19.704 0.4000000060
1278  33.342  -80.688  -11.656 0.3000000119
1557  31.412  -79.984  -10.578 0.4000000060
116674  33.887  -81.734  -7.686 0.3000000119
1018  34.910  -80.970  -10.587 0.3000000119
1276  34.883  -80.441  -11.083 0.3000000119
1280  30.969  -80.410  -11.274 0.4000000060
109472  34.399  -81.586  -9.559 0.3000000119
1287  29.582  -80.203  -12.166 0.4000000060
1563  29.058  -79.087  -12.065 0.5000000000
1839  29.040  -78.009  -10.805 0.4000000060
109048  29.091  -78.120  -11.911 0.5000000000
3309  29.527  -74.114  -13.391 0.3000000119
2928  32.406  -75.189  -13.902 0.3000000119
2517  30.651  -76.530  -12.203 0.4000000060
2172  29.539  -77.291  -12.167 0.5000000000
2935  30.216  -75.978  -15.170 0.3000000119
2927  33.216  -75.698  -14.269 0.4000000060
2919  33.007  -75.515  -13.533 0.4000000060
2171  31.640  -76.503  -12.601 0.5000000000
2180  30.345  -77.302  -12.916 0.5000000000
2560  31.783  -76.350  -16.803 0.3000000119
110847  33.787  -76.244  -14.638 0.4000000060
2178  33.831  -76.745  -14.145 0.5000000000
100366  33.186  -76.827  -13.581 0.5000000000
2570  31.566  -76.461  -18.065 0.3000000119
2571  30.027  -76.410  -17.773 0.4000000060
2586  29.141  -76.318  -18.294 0.3000000119
2585  30.714  -76.536  -19.026 0.4000000060
2597  29.383  -76.525  -19.318 0.4000000060
3899  23.636  -72.290  -24.258 0.5000000000
2599  27.832  -76.237  -20.004 0.3000000119
984  34.692  -81.291  -7.321 0.3000000119
1261  35.901  -80.195  -9.668 0.3000000119
994  34.859  -81.279  -8.704 0.3000000119
1545  30.799  -79.426  -9.778 0.3000000119
1559  29.464  -78.946  -10.663 0.5000000000
2162  28.973  -77.139  -10.322 0.4000000060
109363  29.009  -77.813  -10.066 0.3000000119
3795  28.895  -73.586  -13.420 0.3000000119
2166  29.217  -77.166  -11.252 0.5000000000
116998  30.512  -74.288  -13.265 0.3000000119
2507  31.059  -75.600  -11.663 0.4000000060
2518  29.885  -76.572  -11.734 0.4000000060
110866  32.489  -74.985  -13.187 0.4000000060
2515  32.642  -75.460  -12.814 0.4000000060
2516  32.036  -75.802  -12.297 0.4000000060
2549  30.474  -76.315  -16.208 0.3000000119
2550  29.402  -76.154  -15.940 0.3000000119
2527  33.241  -76.087  -13.392 0.4000000060
2528  32.644  -76.195  -12.864 0.5000000000
2572  28.958  -76.177  -17.345 0.3000000119
100120  28.540  -75.761  -17.822 0.4000000060
2587  28.389  -76.072  -18.828 0.4000000060
3885  24.610  -73.257  -22.054 0.5000000000
2949  28.286  -75.688  -18.753 0.5000000000
1251  35.745  -80.502  -8.403 0.3000000119
2160  28.954  -76.754  -9.870 0.3000000119
2152  29.108  -77.256  -9.529 0.3000000119
5412  18.460  -70.457  -16.535 0.6000000238
3791  28.853  -72.795  -12.858 0.3000000119
3297  29.838  -73.615  -12.721 0.3000000119
4324  28.712  -73.281  -13.658 0.3000000119
3308  31.198  -74.069  -12.616 0.3000000119
2508  29.706  -76.185  -11.219 0.4000000060
104783  29.217  -76.554  -10.698 0.4000000060
4908  22.676  -71.268  -17.472 0.5000000000
4883  16.350  -71.394  -15.770 0.5000000000
3307  32.137  -74.646  -12.599 0.3000000119
2908  32.008  -75.014  -12.137 0.3000000119
2897  31.318  -74.619  -11.441 0.3000000119
115071  31.156  -74.254  -11.088 0.3000000119
106481  23.739  -71.720  -18.238 0.5000000000
2937  28.615  -75.364  -15.491 0.3000000119
2562  28.866  -76.045  -16.551 0.3000000119
4376  24.075  -72.010  -19.693 0.5000000000
2573  28.606  -75.821  -17.015 0.3000000119
3874  24.404  -72.844  -21.024 0.5000000000
2944  28.443  -75.439  -17.163 0.4000000060
3347  28.410  -75.200  -17.779 0.4000000060
3354  28.730  -74.583  -18.280 0.5000000000
3884  25.280  -73.426  -22.506 0.5000000000
3831  29.529  -73.954  -18.810 0.4000000060
3355  28.259  -75.210  -18.812 0.3000000119
2951  27.909  -75.753  -19.407 0.4000000060
3898  24.912  -72.827  -24.133 0.6000000238
3849  31.950  -72.892  -19.610 0.3000000119
99971  31.057  -73.228  -19.905 0.4000000060
3852  29.601  -73.877  -19.577 0.4000000060
112067  28.073  -75.156  -19.479 0.3000000119
3909  25.953  -72.584  -24.784 0.6000000238
3910  25.045  -72.701  -25.223 0.5000000000
3848  33.010  -72.794  -19.865 0.3000000119
107917  31.688  -73.133  -20.416 0.5000000000
3868  31.100  -73.318  -20.873 0.4000000060
108904  29.663  -73.774  -20.945 0.4000000060
3866  33.573  -73.236  -20.870 0.3000000119
3867  32.489  -73.074  -20.585 0.5000000000
101907  31.991  -73.308  -21.322 0.4000000060
3881  30.438  -73.523  -21.471 0.4000000060
3879  33.009  -73.386  -21.684 0.4000000060
3880  31.395  -73.455  -21.933 0.4000000060
103706  32.452  -73.570  -22.615 0.5000000000
4881  18.528  -71.092  -15.410 0.6000000238
4882  17.732  -70.940  -15.905 0.6000000238
4833  29.009  -71.883  -13.200 0.3000000119
4293  29.234  -72.488  -12.035 0.3000000119
3296  30.957  -73.627  -11.877 0.3000000119
100558  17.861  -71.427  -14.925 0.6000000238
100536  17.125  -71.452  -15.345 0.6000000238
4308  28.801  -72.554  -13.336 0.3000000119
3775  31.019  -73.582  -11.219 0.3000000119
4864  16.515  -71.838  -14.895 0.6000000238
4322  29.746  -72.101  -14.707 0.3000000119
3295  31.703  -74.282  -11.979 0.3000000119
107718  31.361  -74.025  -11.398 0.3000000119
4865  15.869  -72.102  -14.652 0.6000000238
2563  28.473  -75.440  -16.381 0.3000000119
4311  15.366  -72.458  -12.710 0.6000000238
4330  14.817  -72.424  -13.914 0.6000000238
4312  14.313  -72.571  -13.038 0.6000000238
4313  13.354  -72.492  -13.274 0.5000000000
3851  30.335  -73.528  -19.338 0.4000000060
3878  34.192  -73.722  -22.134 0.4000000060
116109  29.827  -70.887  -13.228 0.3000000119
5381  29.237  -71.344  -12.673 0.3000000119
4817  28.924  -71.847  -12.176 0.3000000119
4280  29.145  -71.828  -11.631 0.3000000119
3776  30.295  -72.968  -11.516 0.3000000119
107951  30.704  -73.131  -10.608 0.3000000119
4832  29.686  -71.291  -13.527 0.3000000119
4323  28.834  -72.736  -14.134 0.3000000119
105181  17.941  -71.687  -14.116 0.5000000000
4863  17.274  -71.930  -14.272 0.6000000238
4851  30.302  -71.276  -14.310 0.3000000119
98202  30.936  -73.900  -10.743 0.3000000119
4328  16.501  -72.269  -13.935 0.6000000238
4329  15.711  -72.400  -13.752 0.6000000238
3816  29.481  -73.870  -17.921 0.3000000119
3346  28.711  -74.466  -17.215 0.3000000119
4298  14.565  -72.365  -12.146 0.6000000238
4806  13.148  -71.987  -11.498 0.6000000238
4309  17.075  -72.240  -13.250 0.6000000238
4295  16.880  -72.133  -12.627 0.5000000000
4296  16.171  -72.093  -12.284 0.6000000238
4281  14.544  -72.131  -11.794 0.6000000238
4282  13.909  -72.154  -11.709 0.6000000238
5347  13.486  -71.320  -11.722 0.6000000238
4805  14.070  -71.914  -11.592 0.6000000238
5373  12.755  -70.646  -12.101 0.5000000000
4842  17.639  -71.904  -13.527 0.5000000000
108190  17.145  -71.587  -12.218 0.5000000000
4824  15.664  -71.821  -11.896 0.5000000000
114233  14.216  -71.283  -11.831 0.6000000238
109868  11.155  -69.403  -14.159 0.5000000000
6369  11.508  -68.959  -15.650 0.6000000238
5914  10.978  -69.102  -15.201 0.6000000238
5899  9.976  -68.982  -13.724 0.5000000000
6355  10.314  -68.677  -14.660 0.6000000238
6356  9.593  -68.043  -13.917 0.6000000238
110584  16.308  -71.321  -11.935 0.5000000000
5879  14.277  -69.881  -12.876 0.5000000000
5880  13.192  -70.035  -13.006 0.5000000000
5372  13.791  -70.607  -12.267 0.6000000238
5897  13.552  -69.537  -13.737 0.6000000238
5898  12.508  -69.603  -13.892 0.5000000000
5881  12.055  -70.016  -12.986 0.5000000000
5912  12.942  -69.320  -14.649 0.6000000238
6870  14.320  -67.917  -15.665 0.6000000238
5913  11.868  -69.308  -14.934 0.6000000238
6857  10.272  -67.102  -14.127 0.5000000000
6762  18.771  -67.525  -5.369 0.5000000000
5371  14.687  -70.738  -12.122 0.5000000000
109890  14.302  -69.332  -13.598 0.6000000238
7198  18.229  -66.049  -3.992 0.5000000000
7183  17.470  -66.269  -3.684 0.6000000238
7197  18.849  -66.729  -4.270 0.6000000238
7196  19.387  -66.304  -4.890 0.6000000238
112975  18.540  -67.337  -3.912 0.5000000000
6765  18.560  -67.422  -6.199 0.5000000000
7214  18.122  -67.100  -6.964 0.5000000000
7282  11.406  -66.333  -13.671 0.5000000000
10170  18.774  -60.734  -4.584 0.6000000238
9616  17.938  -61.213  -4.545 0.6999999881
9615  18.560  -61.727  -4.548 0.6000000238
9078  17.518  -62.030  -4.547 0.6999999881
102374  16.661  -62.710  -4.552 0.6000000238
8120  16.834  -64.078  -4.532 0.6000000238
107058  18.273  -63.287  -4.595 0.6000000238
104310  17.567  -62.994  -4.569 0.6000000238
107984  19.329  -62.321  -4.605 0.6000000238
9076  19.068  -63.145  -4.637 0.6000000238
8118  18.441  -64.564  -4.574 0.6000000238
8574  17.728  -63.839  -4.589 0.5000000000
7653  16.633  -64.830  -4.310 0.6000000238
8590  20.490  -63.862  -5.374 0.6000000238
8117  19.328  -64.531  -4.806 0.6000000238
7651  18.269  -65.308  -4.381 0.5000000000
7652  17.392  -65.435  -4.139 0.6000000238
8135  20.102  -64.562  -5.255 0.6000000238
7650  19.220  -65.366  -4.688 0.6000000238
7673  20.030  -65.908  -6.085 0.6000000238
7668  19.822  -65.813  -5.370 0.6000000238
7212  19.567  -66.395  -6.340 0.6000000238
7213  18.962  -66.814  -6.662 0.5000000000
7220  16.470  -67.044  -7.645 0.5000000000
7222  16.404  -66.254  -8.206 0.5000000000
7223  15.486  -66.300  -8.573 0.5000000000
7224  14.830  -66.340  -9.006 0.5000000000
9617  16.537  -61.772  -4.562 0.6000000238
8134  20.667  -64.625  -6.080 0.5000000000
7217  19.333  -66.219  -7.079 0.6000000238
7678  18.150  -65.959  -7.984 0.6000000238
7219  17.457  -66.539  -7.675 0.5000000000
7682  17.299  -65.635  -8.318 0.6000000238
113825  15.920  -65.583  -8.640 0.5000000000
8158  15.615  -64.825  -9.035 0.6000000238
7684  15.163  -65.590  -8.927 0.6000000238
11952  19.512  -57.382  -6.283 0.4000000060
10730  14.361  -59.133  -6.136 0.5000000000
10719  14.051  -59.779  -5.660 0.5000000000
104152  20.090  -58.027  -5.792 0.6000000238
101756  19.116  -58.005  -5.767 0.5000000000
10718  14.883  -59.546  -5.570 0.6000000238
10187  14.605  -60.149  -5.241 0.5000000000
11326  21.009  -58.228  -5.947 0.5000000000
10728  16.291  -58.875  -5.845 0.6000000238
10717  15.739  -59.518  -5.482 0.8000000119
10184  16.906  -60.320  -4.837 0.6999999881
10172  16.311  -60.954  -4.673 0.8000000119
9618  15.641  -61.526  -4.619 0.6999999881
7681  18.331  -65.159  -8.314 0.6000000238
7683  16.583  -64.949  -8.710 0.6000000238
10741  13.848  -58.831  -6.920 0.5000000000
12603  18.905  -56.811  -6.801 0.5000000000
11338  15.388  -58.199  -7.276 0.6999999881
10731  13.328  -59.477  -6.332 0.5000000000
12600  21.227  -57.024  -6.764 0.4000000060
11951  20.555  -57.373  -6.406 0.4000000060
11950  21.538  -57.722  -6.475 0.4000000060
11324  22.598  -59.062  -6.578 0.5000000000
10726  22.583  -59.793  -6.601 0.4000000060
11340  13.780  -58.706  -7.891 0.5000000000
10742  13.032  -59.161  -6.944 0.5000000000
12614  19.211  -56.193  -7.297 0.3000000119
12615  18.345  -56.369  -7.459 0.3000000119
11339  14.593  -58.441  -7.522 0.6000000238
11949  22.499  -58.052  -6.763 0.4000000060
11336  23.236  -58.727  -7.116 0.4000000060
10211  22.816  -60.746  -7.968 0.4000000060
11346  14.455  -58.369  -8.522 0.6000000238
11345  15.094  -58.060  -7.961 0.6000000238
10739  23.692  -59.908  -7.829 0.4000000060
11347  13.587  -58.799  -8.826 0.5000000000
10750  12.934  -59.113  -8.384 0.5000000000
13926  19.927  -54.806  -7.907 0.3000000119
13290  18.646  -55.652  -7.808 0.3000000119
12628  17.861  -55.984  -8.135 0.3000000119
12648  16.885  -56.096  -9.391 0.4000000060
10749  24.130  -59.681  -8.382 0.3000000119
10210  23.650  -60.438  -8.439 0.4000000060
10214  23.745  -60.756  -9.397 0.4000000060
13329  17.142  -55.562  -9.746 0.4000000060
11353  13.897  -58.711  -10.274 0.6000000238
100158  12.293  -59.491  -9.558 0.4000000060
112741  16.686  -55.977  -10.151 0.4000000060
13946  19.703  -54.048  -8.317 0.3000000119
14626  18.889  -53.751  -8.630 0.3000000119
11370  13.005  -59.528  -11.365 0.5000000000
12666  16.244  -56.222  -11.010 0.4000000060
107360  15.662  -56.894  -11.984 0.4000000060
12696  15.141  -57.283  -13.914 0.5000000000
12684  16.122  -56.286  -12.177 0.4000000060
12695  15.613  -56.852  -13.155 0.4000000060
13993  18.415  -54.486  -15.131 0.3000000119
14001  17.825  -55.030  -15.920 0.3000000119
13994  17.747  -55.122  -14.770 0.3000000119
13378  17.158  -55.627  -15.427 0.3000000119
14002  16.560  -55.209  -15.528 0.3000000119
15335  15.700  -52.659  -8.691 0.4000000060
14673  18.378  -54.316  -16.016 0.3000000119
3273  30.155  -74.173  -10.105 0.3000000119
117079  16.103  -56.321  -13.131 0.3000000119
8157  16.362  -64.190  -9.075 0.6000000238
16747  16.019  -51.133  -7.542 0.4000000060
11325  21.848  -58.596  -6.211 0.5000000000
13364  16.438  -55.978  -13.710 0.3000000119
3359  28.320  -74.735  -20.108 0.3000000119
3869  30.207  -73.577  -20.298 0.4000000060
4825  14.896  -71.760  -11.769 0.5000000000
429  29.210  -84.033  -8.441 0.4000000060
164  26.127  -86.201  -4.862 0.5000000000
620  30.285  -83.243  -11.066 0.5000000000
111655  34.858  -77.689  -17.438 0.4000000060
108840  28.827  -84.025  -7.655 0.4000000060
804  32.355  -82.237  -11.666 0.4000000060
814  31.141  -82.316  -11.996 0.4000000060
2568  35.096  -77.001  -17.960 0.4000000060
1879  34.566  -78.491  -16.345 0.4000000060
1873  33.856  -79.383  -15.879 0.4000000060
568  26.678  -84.136  -5.889 0.3000000119
776  32.806  -82.485  -8.916 0.3000000119
1032  33.665  -81.284  -11.703 0.3000000119
1284  32.732  -81.284  -12.023 0.4000000060
2559  33.391  -76.440  -16.996 0.3000000119
104455  32.732  -76.443  -17.755 0.4000000060
1279  32.172  -80.668  -11.528 0.4000000060
1562  29.849  -79.749  -11.390 0.4000000060
4412  23.660  -72.162  -22.209 0.5000000000
1269  35.628  -80.038  -10.628 0.3000000119
1558  30.397  -79.618  -10.525 0.4000000060
1841  29.176  -78.689  -11.413 0.5000000000
2920  31.586  -74.565  -13.284 0.3000000119
2936  29.073  -75.756  -15.249 0.3000000119
106153  30.652  -76.380  -17.147 0.3000000119
105570  24.399  -73.071  -23.146 0.6000000238
1835  29.274  -78.400  -10.164 0.3000000119
2898  30.426  -75.365  -11.089 0.3000000119
3856  24.629  -72.865  -19.947 0.5000000000
2496  29.030  -76.406  -9.412 0.3000000119
2888  30.302  -74.781  -10.617 0.3000000119
3850  31.103  -73.136  -19.035 0.4000000060
3358  28.739  -74.514  -19.301 0.4000000060
4279  29.813  -72.325  -11.122 0.3000000119
4310  16.350  -72.403  -12.945 0.6000000238
4263  30.318  -72.438  -10.156 0.3000000119
4872  30.649  -71.591  -15.132 0.3000000119
100156  17.149  -61.118  -4.577 0.6999999881
10173  15.625  -60.750  -4.808 0.6999999881
10716  16.606  -59.579  -5.314 0.6999999881
10729  15.294  -58.948  -5.977 0.6000000238
13289  19.493  -55.468  -7.647 0.3000000119
13307  18.962  -54.727  -8.135 0.3000000119
3872  26.070  -73.625  -20.919 0.5000000000
107060  25.833  -73.616  -20.101 0.5000000000
117240  33.722  -72.310  -24.204 0.6000000238
5878  15.288  -70.077  -12.426 0.4000000060
5896  15.025  -69.320  -13.101 0.5000000000
6871  10.722  -67.648  -15.089 0.5000000000
6879  13.858  -67.631  -16.574 0.5000000000
6880  13.078  -67.925  -16.498 0.5000000000
6881  12.266  -67.747  -16.123 0.5000000000
7302  11.220  -66.708  -14.604 0.5000000000
7321  11.603  -67.212  -15.416 0.5000000000
6878  14.771  -67.296  -15.952 0.5000000000
7301  11.790  -66.042  -14.101 0.4000000060
6888  13.496  -67.369  -16.676 0.5000000000
6889  12.918  -67.245  -16.446 0.5000000000
7320  12.020  -66.172  -14.784 0.5000000000
101274  12.054  -65.636  -13.555 0.5000000000
7348  13.522  -66.649  -16.715 0.6000000238
7796  12.597  -65.814  -15.331 0.5000000000
103951  12.129  -65.364  -13.954 0.5000000000
7693  14.246  -65.179  -9.666 0.5000000000
7795  13.240  -65.486  -15.947 0.6000000238
7724  13.046  -65.212  -11.354 0.5000000000
7707  13.465  -65.290  -10.729 0.5000000000
7783  12.398  -65.318  -14.537 0.6000000238
7766  12.294  -64.794  -13.204 0.6000000238
7262  12.854  -65.835  -12.096 0.5000000000
7809  13.876  -65.718  -16.902 0.6000000238
8249  13.334  -64.217  -15.438 0.6000000238
8224  12.477  -64.547  -13.977 0.6000000238
110120  13.232  -64.700  -11.121 0.6000000238
8700  13.275  -63.683  -14.125 0.6000000238
8170  13.799  -64.769  -10.290 0.5000000000
8159  14.472  -64.642  -9.776 0.5000000000
8681  12.598  -64.202  -13.163 0.6000000238
8203  12.607  -64.482  -12.467 0.6000000238
8121  16.002  -64.224  -4.442 0.5000000000
115100  15.405  -62.261  -4.546 0.5000000000
9079  16.007  -62.240  -4.545 0.5000000000
116790  15.772  -63.794  -9.915 0.6000000238
8679  13.891  -63.488  -13.541 0.6000000238
8628  14.594  -63.881  -10.707 0.6000000238
8653  12.955  -63.966  -12.460 0.6000000238
8638  14.240  -63.759  -11.331 0.6000000238
103623  14.756  -63.446  -12.890 0.6000000238
13345  16.850  -55.517  -10.712 0.3000000119
14627  15.517  -53.475  -8.382 0.3000000119
105419  33.477  -73.730  -22.721 0.4000000060
3903  33.834  -73.703  -24.053 0.5000000000
3921  26.446  -72.644  -25.953 0.5000000000
105140  25.965  -72.623  -25.567 0.5000000000
3914  33.953  -73.398  -24.356 0.4000000060
4420  26.948  -72.518  -24.245 0.4000000060
4961  34.012  -71.799  -23.592 0.4000000060
3873  25.343  -73.451  -20.914 0.4000000060
3883  26.165  -73.486  -21.872 0.4000000060
113683  25.484  -73.514  -21.567 0.4000000060
3897  26.246  -73.193  -23.182 0.4000000060
5464  34.421  -70.560  -21.816 0.4000000060
5465  33.643  -70.429  -21.948 0.4000000060
3855  25.409  -73.392  -19.472 0.4000000060
4951  34.247  -71.131  -22.565 0.4000000060
5471  33.232  -71.149  -22.765 0.4000000060
5455  32.193  -69.851  -21.089 0.4000000060
8699  14.083  -63.460  -14.507 0.5000000000
8714  15.119  -62.961  -15.925 0.5000000000
8678  15.508  -63.466  -13.618 0.5000000000
100144  15.498  -63.219  -15.227 0.5000000000
8713  16.539  -63.292  -15.311 0.5000000000
8650  15.951  -63.535  -12.637 0.5000000000
107280  17.792  -63.462  -14.304 0.5000000000
9080  14.762  -61.843  -4.609 0.4000000060
9632  13.978  -60.538  -5.189 0.4000000060
8677  16.554  -63.652  -13.597 0.5000000000
8637  15.089  -63.559  -11.323 0.5000000000
99219  32.914  -70.271  -21.880 0.4000000060
280  26.773  -86.046  -5.656 0.4000000060
185  26.001  -86.486  -6.187 0.4000000060
211  23.764  -86.080  -11.334 0.4000000060
279  27.117  -85.550  -6.273 0.4000000060
107684  26.301  -86.054  -6.784 0.4000000060
210  24.084  -86.093  -11.086 0.4000000060
193  25.498  -85.836  -8.102 0.4000000060
103162  25.131  -84.344  -11.871 0.4000000060
301  24.881  -85.466  -10.877 0.4000000060
200  24.000  -86.281  -10.269 0.4000000060
288  27.467  -85.124  -6.926 0.5000000000
431  27.101  -84.871  -7.754 0.4000000060
289  26.582  -85.445  -7.332 0.4000000060
296  25.011  -85.605  -9.859 0.4000000060
439  28.436  -84.294  -8.504 0.5000000000
600  28.803  -84.079  -9.397 0.5000000000
440  27.597  -84.463  -8.384 0.5000000000
441  26.452  -84.598  -8.671 0.4000000060
601  27.918  -84.103  -9.195 0.4000000060
602  26.775  -84.093  -9.192 0.4000000060
810  26.379  -82.454  -11.418 0.4000000060
798  26.144  -83.041  -10.558 0.4000000060
104045  25.509  -83.743  -10.749 0.4000000060
449  25.424  -84.544  -10.078 0.4000000060
295  25.321  -85.494  -8.937 0.4000000060
454  25.185  -84.686  -11.042 0.4000000060
797  27.360  -82.916  -10.614 0.5000000000
613  27.004  -83.492  -9.824 0.4000000060
603  25.953  -84.293  -9.365 0.4000000060
442  25.625  -84.899  -9.195 0.4000000060
614  25.995  -83.711  -9.871 0.4000000060
110149  27.650  -81.875  -12.478 0.3000000119
1046  27.355  -81.269  -14.107 0.3000000119
1039  27.937  -81.497  -13.022 0.4000000060
107723  28.724  -81.745  -12.535 0.4000000060
817  28.574  -82.138  -12.225 0.4000000060
1300  28.532  -80.470  -14.706 0.3000000119
1045  27.931  -80.855  -14.045 0.4000000060
107086  28.370  -81.047  -13.078 0.4000000060
1295  28.417  -80.182  -13.806 0.4000000060
1292  28.725  -80.419  -12.995 0.4000000060
809  27.889  -82.430  -11.636 0.3000000119
108268  30.107  -81.999  -12.337 0.3000000119
816  29.544  -82.293  -12.164 0.4000000060
1299  29.216  -80.195  -15.053 0.4000000060
1291  29.222  -80.583  -12.546 0.3000000119
1567  28.674  -79.663  -13.320 0.4000000060
1847  28.772  -79.107  -13.214 0.4000000060
1566  28.895  -79.619  -12.703 0.4000000060
1308  29.060  -81.102  -15.610 0.4000000060
1290  29.913  -81.302  -12.295 0.3000000119
1574  30.517  -79.439  -14.931 0.4000000060
1583  29.993  -80.016  -15.237 0.4000000060
1864  29.956  -78.618  -14.237 0.4000000060
1570  28.765  -79.271  -13.787 0.4000000060
622  28.714  -83.190  -10.868 0.4000000060
808  29.184  -82.778  -11.618 0.4000000060
815  30.467  -82.382  -12.042 0.3000000119
807  30.022  -82.870  -11.665 0.4000000060
1035  30.917  -81.897  -12.239 0.3000000119
1573  31.827  -79.759  -15.348 0.4000000060
105369  31.222  -78.713  -14.574 0.4000000060
1854  29.602  -78.169  -13.507 0.4000000060
1865  29.186  -78.749  -13.870 0.4000000060
611  29.174  -83.681  -10.210 0.4000000060
610  29.835  -83.595  -10.313 0.4000000060
612  28.280  -83.633  -9.995 0.4000000060
621  29.584  -83.285  -11.002 0.4000000060
5443  31.318  -70.016  -20.050 0.4000000060
1575  29.348  -79.350  -14.477 0.4000000060
176  26.374  -86.270  -5.247 0.5000000000
259  26.940  -85.622  -5.042 0.5000000000
260  26.671  -85.878  -4.947 0.5000000000
261  26.059  -86.045  -4.749 0.5000000000
302  24.438  -86.016  -10.666 0.4000000060
307  24.405  -85.795  -11.542 0.4000000060
432  25.996  -85.144  -8.347 0.4000000060
796  31.735  -82.808  -11.068 0.4000000060
803  33.224  -81.836  -11.407 0.3000000119
806  30.747  -82.787  -11.677 0.4000000060
1009  35.287  -80.787  -9.966 0.3000000119
1038  29.193  -81.439  -12.507 0.4000000060
1546  29.871  -78.996  -9.898 0.4000000060
1554  35.105  -79.969  -11.114 0.3000000119
1576  28.771  -79.799  -14.361 0.4000000060
1855  28.981  -78.661  -13.307 0.4000000060
1872  34.867  -77.881  -15.512 0.4000000060
1892  35.089  -77.667  -16.772 0.4000000060
1915  33.707  -77.988  -19.768 0.3000000119
1925  32.590  -78.417  -20.993 0.3000000119
1929  32.185  -77.991  -21.648 0.3000000119
2199  35.085  -77.478  -16.029 0.4000000060
2207  35.266  -77.272  -16.695 0.4000000060
2215  35.267  -77.134  -17.434 0.4000000060
2538  34.244  -76.769  -14.677 0.4000000060
2539  33.549  -76.145  -14.033 0.4000000060
2546  34.850  -77.258  -15.454 0.4000000060
2547  33.999  -76.410  -16.095 0.4000000060
2551  28.770  -75.813  -15.891 0.3000000119
2557  35.157  -77.103  -16.374 0.4000000060
2561  29.659  -76.319  -16.828 0.3000000119
2569  34.222  -76.680  -18.254 0.4000000060
2582  34.665  -76.998  -18.831 0.3000000119
2583  33.982  -76.840  -19.405 0.3000000119
2588  27.888  -76.012  -19.440 0.4000000060
2899  29.519  -75.804  -10.652 0.4000000060
3363  27.855  -75.035  -20.793 0.3000000119
3790  29.457  -73.113  -12.445 0.3000000119
3904  32.938  -73.484  -24.270 0.5000000000
3916  32.473  -73.110  -24.735 0.6000000238
4294  28.937  -72.218  -12.306 0.3000000119
4297  15.220  -72.172  -12.014 0.6000000238
4299  13.739  -72.447  -12.284 0.6000000238
4339  27.414  -72.072  -15.879 0.6000000238
4342  24.942  -72.441  -15.567 0.8000000119
4344  15.224  -72.231  -14.582 0.6000000238
4418  28.110  -72.225  -22.913 0.6999999881
4436  28.108  -72.313  -26.319 0.6999999881
4823  17.514  -71.903  -12.833 0.5000000000
4834  28.861  -72.180  -12.702 0.3000000119
4852  29.345  -71.958  -13.889 0.3000000119
4905  29.214  -71.241  -17.554 0.6000000238
4926  29.370  -71.458  -18.792 0.6999999881
4974  32.344  -72.468  -24.680 0.6999999881
5343  23.895  -70.248  -11.895 0.6999999881
5346  21.319  -69.819  -11.740 0.6000000238
5359  29.363  -70.735  -12.134 0.3000000119
5382  28.035  -70.042  -13.831 0.6000000238
5383  27.479  -70.330  -13.444 0.6000000238
5384  26.163  -71.024  -13.130 0.6999999881
5409  28.683  -71.023  -16.069 0.5000000000
5839  22.447  -68.758  -10.753 0.6999999881
5853  25.312  -69.456  -11.450 0.6000000238
6302  24.428  -68.300  -10.455 0.5000000000
6321  26.429  -68.474  -11.150 0.5000000000
6326  18.488  -68.389  -11.730 0.6000000238
6365  28.952  -68.858  -14.067 0.6000000238
6370  10.746  -68.510  -15.287 0.6000000238
6371  10.072  -67.906  -14.558 0.6000000238
6381  11.413  -68.197  -15.780 0.5000000000
6753  19.207  -66.983  -5.088 0.6000000238
6754  18.737  -67.471  -4.561 0.5000000000
6766  17.676  -67.705  -6.475 0.5000000000
6769  17.156  -67.335  -7.144 0.5000000000
6770  16.421  -67.635  -7.261 0.5000000000
6781  22.709  -66.462  -9.879 0.6000000238
6799  21.482  -67.398  -10.359 0.5000000000
6887  13.905  -67.115  -16.939 0.5000000000
7208  19.563  -66.431  -5.627 0.6000000238
7209  19.221  -66.986  -5.856 0.5000000000
7218  18.528  -66.435  -7.388 0.5000000000
7230  22.999  -65.751  -9.827 0.5000000000
7247  19.694  -66.387  -10.925 0.5000000000
7281  12.301  -66.034  -12.821 0.5000000000
7299  17.407  -66.310  -12.974 0.6000000238
7300  16.898  -66.301  -13.541 0.6000000238
7317  20.298  -66.336  -15.513 0.5000000000
7330  20.815  -66.462  -15.961 0.5000000000
7335  12.887  -66.428  -16.123 0.6000000238
7336  12.339  -66.770  -15.755 0.5000000000
7343  21.147  -66.329  -16.269 0.5000000000
7345  15.671  -66.033  -17.292 0.6999999881
7346  14.974  -66.389  -17.218 0.6999999881
7356  15.455  -65.902  -17.593 0.6999999881
7667  20.255  -65.313  -5.811 0.6000000238
7672  20.333  -65.241  -6.535 0.6999999881
7676  19.902  -65.807  -6.778 0.6000000238
7677  18.908  -65.786  -7.730 0.6999999881
7685  14.644  -65.598  -9.294 0.6000000238
7692  14.790  -65.033  -9.294 0.6000000238
7694  13.896  -65.411  -10.113 0.5000000000
7705  20.878  -65.695  -10.805 0.6000000238
7722  19.633  -65.799  -11.353 0.5000000000
7725  12.742  -64.789  -11.840 0.6000000238
7738  24.166  -65.696  -12.407 0.5000000000
7741  21.030  -65.418  -12.228 0.6000000238
7745  12.356  -65.102  -12.613 0.5000000000
7762  19.226  -65.479  -13.455 0.6000000238
7803  20.947  -66.052  -16.693 0.5000000000
7805  18.802  -65.661  -17.064 0.5000000000
7808  14.543  -65.646  -17.319 0.6999999881
7818  18.665  -65.493  -18.137 0.5000000000
8119  17.509  -64.652  -4.454 0.6000000238
8152  17.904  -64.138  -8.628 0.6999999881
8169  14.272  -64.307  -10.309 0.5000000000
8185  13.717  -64.188  -10.979 0.6000000238
8186  13.029  -64.311  -11.739 0.6000000238
8240  12.853  -64.000  -14.570 0.6000000238
8250  12.768  -64.801  -14.933 0.6000000238
8257  21.043  -65.748  -16.670 0.5000000000
8259  14.240  -64.792  -16.797 0.6000000238
8260  13.749  -64.828  -16.218 0.6000000238
8271  14.823  -64.732  -17.375 0.6000000238
8282  17.315  -64.714  -19.219 0.5000000000
8284  16.128  -64.777  -18.476 0.5000000000
8573  18.722  -63.858  -4.672 0.6000000238
8575  16.994  -63.437  -4.556 0.6000000238
8576  16.281  -63.502  -4.534 0.6000000238
8591  19.631  -63.817  -4.870 0.6000000238
8600  21.308  -63.125  -6.868 0.8000000119
8601  21.130  -63.791  -6.269 0.6999999881
8607  20.877  -63.488  -7.543 0.8000000119
8613  17.528  -63.516  -8.983 0.8000000119
8614  16.442  -63.659  -9.588 0.6999999881
8619  15.716  -64.167  -9.483 0.6000000238
8620  15.034  -64.111  -9.993 0.6000000238
8624  17.915  -62.987  -10.388 0.6000000238
8627  15.460  -63.694  -10.512 0.6999999881
8633  18.867  -63.250  -11.867 0.6999999881
8639  13.597  -63.836  -11.809 0.6000000238
8651  15.196  -63.447  -12.104 0.5000000000
8652  13.737  -63.608  -12.644 0.6000000238
8675  18.278  -63.350  -13.740 0.5000000000
8676  17.496  -63.642  -13.640 0.5000000000
8680  13.120  -63.772  -13.290 0.6000000238
8696  17.050  -63.635  -14.417 0.5000000000
8697  16.055  -63.463  -14.440 0.5000000000
8698  15.069  -63.332  -14.478 0.5000000000
8701  12.761  -63.965  -13.837 0.6000000238
8725  15.102  -63.045  -16.492 0.6000000238
9077  18.366  -62.591  -4.567 0.6000000238
9095  20.120  -62.991  -4.866 0.6000000238
9107  21.295  -62.868  -5.965 0.8000000119
9116  20.445  -62.190  -8.638 0.8000000119
9122  18.450  -62.716  -9.373 0.6999999881
9123  17.908  -62.833  -9.801 0.6999999881
9128  19.981  -62.527  -10.639 0.6000000238
9135  20.518  -62.397  -11.421 0.5000000000
9146  20.093  -62.490  -12.117 0.5000000000
9198  16.320  -62.478  -16.364 0.5000000000
9235  15.578  -62.609  -17.146 0.5000000000
9630  21.330  -61.157  -5.392 0.8000000119
9631  20.964  -61.762  -5.118 0.8000000119
9657  21.932  -61.451  -8.866 0.6000000238
9658  21.641  -61.457  -8.135 0.6999999881
9663  21.569  -61.733  -9.491 0.6000000238
10171  17.807  -60.445  -4.685 0.6999999881
10174  14.839  -60.883  -4.828 0.5000000000
10183  20.194  -59.966  -4.805 0.8000000119
10185  16.073  -60.216  -5.016 0.8000000119
10186  15.289  -60.159  -5.123 0.6999999881
10205  23.270  -60.259  -7.674 0.4000000060
10207  22.059  -60.840  -6.660 0.6999999881
10209  24.276  -60.086  -9.129 0.4000000060
10701  19.325  -60.072  -4.708 0.8000000119
10727  21.996  -59.557  -6.067 0.6000000238
10740  23.189  -59.659  -7.162 0.4000000060
10781  12.067  -59.790  -13.422 0.6000000238
11316  18.720  -58.671  -5.414 0.6999999881
11317  17.774  -58.779  -5.528 0.8000000119
11318  17.100  -58.555  -5.854 0.6999999881
11330  14.869  -58.631  -6.679 0.6000000238
11354  13.192  -59.192  -9.910 0.5000000000
11385  13.427  -59.038  -13.488 0.6999999881
11398  12.697  -59.199  -13.899 0.6999999881
12004  14.583  -58.181  -10.431 0.6999999881
12020  14.961  -57.591  -13.203 0.5000000000
12040  14.115  -58.324  -13.798 0.6999999881
12056  13.824  -58.197  -14.100 0.6999999881
12057  13.239  -58.576  -14.091 0.6999999881
12629  17.159  -56.276  -8.557 0.4000000060
12649  16.479  -56.582  -8.993 0.6000000238
12704  15.046  -56.800  -14.302 0.5000000000
12705  14.318  -57.492  -14.062 0.5000000000
13309  17.471  -55.716  -8.897 0.3000000119
13330  14.420  -55.065  -10.344 0.5000000000
13356  16.531  -55.788  -12.479 0.3000000119
13358  13.537  -56.320  -12.928 0.6000000238
13366  13.833  -57.122  -13.856 0.5000000000
13371  17.065  -55.615  -14.310 0.3000000119
13372  16.429  -56.008  -14.848 0.3000000119
13379  16.629  -55.798  -15.301 0.3000000119
13382  17.261  -55.292  -15.898 0.3000000119
13975  14.243  -53.847  -11.595 0.5000000000
14008  17.986  -54.606  -16.342 0.3000000119
14679  18.128  -54.066  -16.425 0.3000000119
14681  17.318  -54.573  -16.139 0.3000000119
97369  16.827  -63.196  -10.000 0.6999999881
97882  14.670  -63.321  -15.271 0.5000000000
99684  17.430  -64.797  -8.584 0.6000000238
100672  17.340  -58.088  -6.176 0.6999999881
100741  28.345  -75.004  -16.985 0.4000000060
101083  26.972  -73.251  -18.725 0.8000000119
101149  34.553  -78.602  -15.702 0.4000000060
101206  25.897  -72.277  -15.089 0.6999999881
101348  27.517  -84.997  -5.729 0.5000000000
101440  15.773  -62.873  -4.532 0.5000000000
102883  18.865  -65.957  -4.383 0.6000000238
102963  16.791  -63.583  -11.784 0.6000000238
103520  16.537  -55.779  -11.563 0.3000000119
105183  15.102  -64.539  -9.483 0.5000000000
106963  19.717  -65.997  -16.944 0.5000000000
106990  31.533  -75.639  -14.725 0.3000000119
107373  28.399  -75.024  -15.733 0.3000000119
108260  19.801  -65.120  -5.119 0.6000000238
109290  13.983  -58.635  -9.368 0.6000000238
109344  19.374  -62.360  -9.943 0.6999999881
109781  23.355  -71.324  -13.261 0.6999999881
109806  12.361  -69.119  -15.460 0.6000000238
110606  14.419  -63.565  -11.996 0.6000000238
110607  20.094  -62.243  -9.870 0.8000000119
111367  25.196  -73.330  -20.221 0.5000000000
111645  16.923  -63.725  -9.161 0.8000000119
111906  22.691  -65.734  -12.468 0.5000000000
112031  13.231  -72.225  -11.719 0.6000000238
112203  20.430  -54.361  -8.131 0.3000000119
112226  14.651  -63.395  -13.795 0.5000000000
112445  17.546  -63.343  -15.005 0.5000000000
112726  30.886  -73.523  -22.414 0.4000000060
112728  13.201  -58.976  -7.456 0.5000000000
113097  18.466  -65.478  -15.134 0.6999999881
114148  22.261  -61.165  -8.285 0.5000000000
114227  19.559  -65.641  -7.384 0.6000000238
114281  34.068  -79.069  -15.569 0.4000000060
114985  16.727  -65.095  -18.802 0.5000000000
114994  17.832  -65.383  -15.070 0.6000000238
115132  16.540  -65.613  -8.470 0.5000000000
115331  14.393  -54.560  -10.953 0.6000000238
115544  19.617  -67.357  -10.924 0.5000000000
115988  34.708  -76.729  -16.221 0.4000000060
116025  17.261  -63.014  -15.672 0.5000000000
116561  29.496  -71.821  -25.637 0.6999999881
117028  14.785  -49.456  -8.324 0.5000000000
117030  13.410  -63.718  -14.845 0.6000000238
117143  22.211  -67.087  -14.590 0.5000000000
117211  34.000  -77.043  -19.814 0.3000000119
117387  13.041  -59.144  -9.131 0.4000000060
