#!ascii label  , from subject sub-v2s15x29730_ses-1 vox2ras=TkReg
1244
53677  -37.605  -10.310  14.310 0.0000000000
62328  -51.517  -1.704  10.380 0.0000000000
58514  -43.016  -5.153  12.730 0.0000000000
41171  -11.472  -23.648  39.516 0.0000000000
50647  -33.516  -12.858  20.474 0.0000000000
42088  -25.853  -21.738  37.973 0.0000000000
126067  -31.051  -18.485  34.695 0.0000000000
48812  -33.438  -15.858  28.267 0.0000000000
48845  -36.963  -14.860  26.812 0.0000000000
45108  -18.283  -17.916  34.080 0.0000000000
44103  -22.516  -20.727  39.638 0.0000000000
42155  -21.833  -22.235  34.354 0.0000000000
44206  -28.488  -20.479  30.382 0.0000000000
47907  -29.371  -16.722  30.223 0.0000000000
53613  -39.512  -10.702  21.103 0.0000000000
54719  -41.589  -9.025  18.295 0.0000000000
60407  -47.211  -3.134  11.770 0.0000000000
56851  -38.125  -6.759  13.611 0.0000000000
63311  -51.114  -1.051  4.974 0.0000000000
38174  -8.667  -26.413  41.356 0.0000000000
51604  -38.000  -12.369  24.098 0.0000000000
51699  -36.047  -12.206  17.491 0.0000000000
42194  -25.528  -22.547  32.316 0.0000000000
42144  -30.013  -22.213  35.301 0.0000000000
59383  -40.479  -3.697  18.160 0.0000000000
130508  -57.902  1.957  1.473 0.0000000000
48854  -31.250  -15.488  26.452 0.0000000000
123260  -33.405  -15.278  26.131 0.0000000000
44164  -19.739  -20.768  34.172 0.0000000000
47068  -27.891  -17.204  27.691 0.0000000000
47960  -29.429  -15.793  27.561 0.0000000000
47948  -31.675  -16.095  29.046 0.0000000000
53634  -39.009  -10.841  17.994 0.0000000000
123381  -40.388  -9.882  20.058 0.0000000000
127087  -40.180  -9.824  16.133 0.0000000000
61379  -49.750  -2.369  11.656 0.0000000000
61352  -49.176  -2.723  14.084 0.0000000000
62345  -53.668  -1.204  9.481 0.0000000000
39174  -11.130  -25.248  36.549 0.0000000000
39122  -9.931  -25.324  40.418 0.0000000000
128961  -35.480  -13.774  23.485 0.0000000000
50593  -37.672  -13.520  25.292 0.0000000000
123414  -35.799  -12.997  22.438 0.0000000000
51629  -36.641  -12.120  21.178 0.0000000000
51675  -35.161  -12.409  18.940 0.0000000000
43128  -24.449  -21.667  38.747 0.0000000000
44085  -24.960  -20.264  42.085 0.0000000000
43097  -27.311  -21.233  41.044 0.0000000000
42073  -28.875  -21.779  39.618 0.0000000000
109585  -23.787  -22.590  30.734 0.0000000000
42227  -25.472  -22.658  29.564 0.0000000000
45130  -29.924  -19.789  32.302 0.0000000000
43202  -29.835  -21.318  33.372 0.0000000000
43189  -31.203  -20.954  34.400 0.0000000000
42129  -31.726  -22.359  36.720 0.0000000000
43156  -15.217  -21.124  35.898 0.0000000000
128347  -16.255  -18.790  39.131 0.0000000000
45936  -16.336  -18.168  42.214 0.0000000000
57659  -40.745  -6.150  13.158 0.0000000000
58488  -39.280  -4.925  15.701 0.0000000000
59428  -41.305  -4.164  15.723 0.0000000000
66274  -59.993  3.399  -0.182 0.0000000000
42022  -10.254  -22.356  42.672 0.0000000000
123622  -35.797  -16.453  30.201 0.0000000000
107869  -38.055  -15.503  28.994 0.0000000000
48829  -35.394  -15.391  27.435 0.0000000000
119120  -34.483  -14.494  24.518 0.0000000000
45982  -18.152  -18.010  36.874 0.0000000000
122358  -20.546  -19.190  39.545 0.0000000000
44124  -20.038  -20.133  36.932 0.0000000000
43145  -21.882  -21.498  37.437 0.0000000000
42122  -24.193  -22.348  36.481 0.0000000000
43256  -27.184  -21.439  28.595 0.0000000000
45206  -27.907  -19.040  27.639 0.0000000000
46067  -28.853  -18.290  30.372 0.0000000000
126548  -30.131  -17.110  32.886 0.0000000000
47893  -31.676  -16.566  31.378 0.0000000000
108525  -34.181  -16.641  30.927 0.0000000000
46023  -16.931  -18.095  33.840 0.0000000000
53577  -41.301  -10.738  24.770 0.0000000000
121271  -43.130  -9.011  27.331 0.0000000000
53588  -42.262  -9.802  24.033 0.0000000000
54681  -42.206  -9.130  21.817 0.0000000000
59468  -45.209  -4.145  12.364 0.0000000000
60356  -44.597  -3.701  15.492 0.0000000000
60358  -46.863  -3.252  14.943 0.0000000000
34663  -4.758  -30.603  45.453 0.0000000000
55926  -37.362  -7.415  14.345 0.0000000000
56875  -39.811  -7.330  11.185 0.0000000000
59489  -43.965  -5.109  9.950 0.0000000000
107833  -45.718  -3.704  9.315 0.0000000000
61406  -47.839  -2.581  9.308 0.0000000000
61419  -49.752  -1.990  8.545 0.0000000000
62365  -51.344  -1.320  7.154 0.0000000000
62392  -49.302  -1.460  5.602 0.0000000000
41121  -8.639  -24.094  44.175 0.0000000000
38148  -6.552  -26.319  44.268 0.0000000000
112173  -4.680  -28.024  45.202 0.0000000000
123910  -41.331  -11.932  29.184 0.0000000000
49679  -38.792  -14.766  28.032 0.0000000000
51573  -39.683  -12.985  27.210 0.0000000000
52599  -40.543  -11.519  26.298 0.0000000000
52650  -39.196  -11.479  23.266 0.0000000000
52718  -37.589  -11.438  18.881 0.0000000000
52745  -36.889  -11.890  15.748 0.0000000000
45049  -22.641  -19.311  41.873 0.0000000000
109612  -24.100  -22.526  34.007 0.0000000000
108537  -26.009  -22.192  35.014 0.0000000000
42209  -27.052  -22.105  31.523 0.0000000000
126599  -27.706  -22.042  33.882 0.0000000000
42126  -28.410  -22.072  36.619 0.0000000000
119688  -30.043  -22.877  37.966 0.0000000000
41217  -12.531  -23.650  36.755 0.0000000000
42102  -14.111  -22.206  36.162 0.0000000000
42065  -12.918  -21.885  39.025 0.0000000000
56834  -39.745  -7.750  15.847 0.0000000000
57625  -40.760  -6.934  17.131 0.0000000000
57609  -42.336  -6.646  19.566 0.0000000000
117028  -42.771  -2.143  17.856 0.0000000000
62379  -53.066  -0.889  7.097 0.0000000000
63314  -55.072  -0.027  5.708 0.0000000000
64288  -56.716  1.123  5.240 0.0000000000
64316  -56.084  0.832  2.661 0.0000000000
66248  -58.633  2.779  3.703 0.0000000000
48853  -30.502  -15.500  26.147 0.0000000000
126900  -31.138  -15.436  25.666 0.0000000000
113243  -30.142  -15.437  24.818 0.0000000000
47968  -28.086  -15.806  26.845 0.0000000000
48839  -29.688  -15.612  26.578 0.0000000000
48840  -30.548  -15.620  27.098 0.0000000000
52759  -38.256  -11.167  15.685 0.0000000000
53647  -39.727  -10.385  16.442 0.0000000000
130692  -39.140  -10.376  15.422 0.0000000000
62312  -51.033  -2.061  10.957 0.0000000000
114364  -50.412  -2.349  12.327 0.0000000000
62300  -51.940  -1.905  12.099 0.0000000000
116636  -52.974  -1.465  10.975 0.0000000000
129366  -52.638  -1.465  10.364 0.0000000000
40241  -11.498  -24.511  38.220 0.0000000000
39148  -10.518  -25.566  38.833 0.0000000000
40211  -10.886  -24.152  39.925 0.0000000000
50633  -34.335  -13.178  21.663 0.0000000000
50622  -35.304  -13.401  22.741 0.0000000000
125863  -34.668  -12.927  21.321 0.0000000000
51637  -35.019  -12.524  20.103 0.0000000000
50665  -33.906  -12.613  19.657 0.0000000000
46920  -18.641  -17.985  40.554 0.0000000000
43129  -25.361  -21.562  38.743 0.0000000000
43096  -25.836  -21.059  40.413 0.0000000000
43114  -26.883  -21.179  39.933 0.0000000000
43115  -27.973  -21.338  39.901 0.0000000000
43131  -27.513  -21.296  38.976 0.0000000000
46029  -30.584  -18.400  33.829 0.0000000000
44179  -30.436  -19.970  33.012 0.0000000000
45111  -31.117  -19.152  35.146 0.0000000000
44137  -31.933  -20.092  36.238 0.0000000000
112904  -17.117  -17.964  37.676 0.0000000000
45963  -17.635  -17.993  39.207 0.0000000000
45955  -17.285  -18.215  40.521 0.0000000000
121244  -42.860  -9.857  30.287 0.0000000000
58521  -42.315  -5.584  12.710 0.0000000000
58502  -40.597  -5.083  14.507 0.0000000000
59445  -42.655  -4.729  14.222 0.0000000000
47932  -35.202  -16.268  29.588 0.0000000000
47952  -35.533  -15.869  28.824 0.0000000000
48814  -35.042  -15.660  28.117 0.0000000000
48874  -33.965  -14.843  25.169 0.0000000000
48887  -32.864  -14.637  24.001 0.0000000000
49723  -33.428  -14.261  23.437 0.0000000000
45100  -18.330  -18.316  35.509 0.0000000000
45081  -19.494  -19.188  37.289 0.0000000000
45101  -19.115  -19.336  35.729 0.0000000000
43185  -21.272  -21.874  34.898 0.0000000000
43157  -20.919  -21.254  36.270 0.0000000000
43172  -22.176  -22.076  36.238 0.0000000000
42105  -23.037  -22.133  37.072 0.0000000000
42141  -23.254  -22.430  35.552 0.0000000000
44244  -27.346  -19.862  27.132 0.0000000000
47059  -28.713  -16.704  28.722 0.0000000000
47045  -28.374  -17.630  29.073 0.0000000000
47029  -29.015  -17.385  30.506 0.0000000000
47018  -29.443  -17.388  31.300 0.0000000000
47019  -29.801  -16.897  31.579 0.0000000000
47876  -31.017  -16.689  32.299 0.0000000000
47909  -30.927  -16.518  30.585 0.0000000000
47949  -32.741  -16.107  28.975 0.0000000000
109462  -32.748  -16.429  30.008 0.0000000000
47931  -34.371  -16.320  29.656 0.0000000000
110846  -34.884  -16.575  30.429 0.0000000000
111186  -17.684  -17.352  33.882 0.0000000000
52651  -40.180  -11.108  23.410 0.0000000000
53578  -42.008  -10.220  24.753 0.0000000000
111545  -40.574  -10.596  22.564 0.0000000000
54718  -41.013  -9.589  18.254 0.0000000000
54680  -41.413  -9.648  21.568 0.0000000000
110438  -41.581  -9.328  20.662 0.0000000000
55850  -42.714  -8.296  21.051 0.0000000000
55875  -41.996  -8.565  18.799 0.0000000000
60394  -45.925  -3.729  12.476 0.0000000000
60384  -46.253  -3.582  13.303 0.0000000000
60385  -47.051  -3.232  13.483 0.0000000000
61330  -50.755  -2.480  15.339 0.0000000000
59490  -44.573  -4.647  10.402 0.0000000000
59517  -45.049  -4.201  8.856 0.0000000000
61416  -46.919  -2.845  8.181 0.0000000000
61429  -47.554  -2.452  7.661 0.0000000000
115706  -48.557  -2.316  8.772 0.0000000000
62362  -48.962  -2.015  7.279 0.0000000000
115497  -49.624  -1.729  6.989 0.0000000000
37304  -9.160  -27.018  39.185 0.0000000000
128645  -7.596  -27.399  41.702 0.0000000000
43024  -9.511  -21.709  45.064 0.0000000000
41117  -9.390  -22.620  44.038 0.0000000000
117278  -8.538  -22.798  45.458 0.0000000000
40185  -6.996  -24.318  45.944 0.0000000000
39076  -5.611  -25.407  46.691 0.0000000000
109041  -5.725  -26.585  44.937 0.0000000000
38133  -4.974  -26.891  46.536 0.0000000000
36343  -4.884  -28.079  46.491 0.0000000000
48830  -37.255  -15.155  27.593 0.0000000000
48816  -38.403  -15.197  28.526 0.0000000000
49687  -37.761  -14.769  27.116 0.0000000000
50604  -37.472  -13.114  24.540 0.0000000000
50585  -38.526  -13.737  26.409 0.0000000000
50595  -38.900  -13.037  26.183 0.0000000000
51584  -39.882  -12.173  26.720 0.0000000000
52617  -39.528  -11.897  25.436 0.0000000000
52633  -39.875  -11.535  24.796 0.0000000000
52649  -38.369  -11.826  23.306 0.0000000000
51677  -36.513  -12.003  18.765 0.0000000000
51640  -37.166  -11.843  20.367 0.0000000000
129533  -37.056  -11.720  18.822 0.0000000000
52730  -37.681  -11.512  17.291 0.0000000000
124907  -36.244  -12.165  16.123 0.0000000000
45065  -21.192  -19.798  39.694 0.0000000000
45048  -21.772  -19.098  41.497 0.0000000000
45059  -22.267  -19.790  40.950 0.0000000000
115204  -24.740  -22.577  32.432 0.0000000000
115205  -23.969  -22.601  32.564 0.0000000000
42175  -24.464  -22.551  33.240 0.0000000000
123207  -25.287  -22.389  34.644 0.0000000000
109610  -25.734  -22.405  34.117 0.0000000000
43246  -28.087  -20.972  29.959 0.0000000000
43245  -27.499  -21.587  30.089 0.0000000000
43239  -28.136  -21.086  30.663 0.0000000000
43187  -29.759  -21.739  34.064 0.0000000000
42179  -28.287  -21.885  33.532 0.0000000000
42159  -29.236  -22.047  34.670 0.0000000000
123320  -28.158  -22.076  35.867 0.0000000000
108856  -28.974  -22.295  35.716 0.0000000000
42112  -29.440  -22.604  37.523 0.0000000000
109347  -30.218  -22.969  36.992 0.0000000000
47859  -33.283  -16.753  33.376 0.0000000000
43142  -14.593  -21.506  36.524 0.0000000000
43123  -14.001  -21.145  38.305 0.0000000000
126553  -13.187  -21.972  38.395 0.0000000000
45926  -15.555  -18.222  43.867 0.0000000000
56850  -37.434  -6.892  13.995 0.0000000000
55915  -38.390  -7.560  15.154 0.0000000000
57647  -38.075  -6.302  15.007 0.0000000000
59412  -39.733  -4.576  16.485 0.0000000000
57624  -39.656  -5.904  16.620 0.0000000000
58463  -40.296  -4.732  17.947 0.0000000000
114382  -41.538  -6.266  18.842 0.0000000000
58457  -41.073  -5.272  18.883 0.0000000000
60342  -45.672  -3.089  16.583 0.0000000000
60340  -43.452  -3.256  16.540 0.0000000000
61298  -44.628  -1.804  18.285 0.0000000000
110478  -50.978  -1.275  6.154 0.0000000000
121182  -52.215  -1.130  7.169 0.0000000000
62394  -52.005  -0.840  5.558 0.0000000000
63327  -53.429  -0.403  4.968 0.0000000000
63329  -54.935  0.077  4.623 0.0000000000
64287  -55.797  0.542  4.971 0.0000000000
64295  -55.590  0.575  4.033 0.0000000000
65288  -56.691  0.781  0.605 0.0000000000
64333  -55.780  0.461  0.730 0.0000000000
114833  -57.179  1.243  1.411 0.0000000000
65271  -57.780  2.231  3.297 0.0000000000
66255  -58.581  2.772  2.823 0.0000000000
66256  -59.312  3.023  2.271 0.0000000000
66264  -60.363  2.921  0.673 0.0000000000
48826  -32.742  -15.731  27.927 0.0000000000
48827  -33.658  -15.573  27.455 0.0000000000
115298  -31.901  -15.355  25.950 0.0000000000
120386  -31.719  -15.295  25.131 0.0000000000
110117  -19.202  -20.048  34.390 0.0000000000
47081  -27.754  -16.415  27.248 0.0000000000
130256  -28.835  -16.158  28.079 0.0000000000
47946  -29.416  -15.999  28.505 0.0000000000
120671  -30.913  -16.132  29.202 0.0000000000
48824  -30.291  -15.769  28.087 0.0000000000
48811  -31.901  -15.797  28.305 0.0000000000
53625  -38.900  -10.723  19.038 0.0000000000
107746  -39.846  -10.303  20.449 0.0000000000
53626  -39.608  -10.450  18.372 0.0000000000
53636  -40.303  -10.065  17.813 0.0000000000
54738  -40.877  -9.508  17.226 0.0000000000
112824  -48.842  -2.559  11.704 0.0000000000
61366  -48.290  -2.832  12.922 0.0000000000
61367  -49.601  -2.494  12.435 0.0000000000
61342  -50.666  -2.470  14.274 0.0000000000
111248  -54.936  -0.650  8.929 0.0000000000
38187  -9.668  -26.422  39.229 0.0000000000
38175  -9.321  -26.009  40.723 0.0000000000
49713  -35.287  -14.446  24.821 0.0000000000
49706  -37.247  -14.128  25.656 0.0000000000
49714  -36.202  -14.109  24.692 0.0000000000
50603  -36.789  -13.413  24.196 0.0000000000
50614  -37.285  -12.738  23.755 0.0000000000
51631  -37.487  -11.847  22.176 0.0000000000
51623  -36.846  -12.136  22.040 0.0000000000
51654  -35.446  -12.378  19.587 0.0000000000
51676  -35.765  -12.279  18.290 0.0000000000
44104  -23.315  -20.976  39.955 0.0000000000
44093  -23.612  -20.596  40.776 0.0000000000
43095  -24.906  -21.026  40.510 0.0000000000
43080  -26.494  -20.849  41.544 0.0000000000
43099  -28.747  -21.760  40.607 0.0000000000
109889  -24.544  -22.591  30.914 0.0000000000
117588  -25.672  -22.552  31.626 0.0000000000
44195  -29.370  -20.203  31.591 0.0000000000
43229  -29.004  -20.895  31.860 0.0000000000
44178  -30.027  -20.541  32.834 0.0000000000
43188  -30.493  -21.364  34.054 0.0000000000
42161  -30.764  -21.648  34.791 0.0000000000
42146  -31.188  -22.401  36.206 0.0000000000
43160  -31.735  -21.823  35.948 0.0000000000
44152  -16.163  -20.331  34.496 0.0000000000
44134  -15.747  -20.351  36.149 0.0000000000
109086  -15.588  -19.202  39.485 0.0000000000
45047  -15.255  -19.055  41.218 0.0000000000
45953  -15.997  -18.765  40.852 0.0000000000
57658  -39.650  -6.175  13.609 0.0000000000
57648  -38.308  -5.759  14.822 0.0000000000
58501  -39.482  -5.126  14.879 0.0000000000
59443  -39.995  -4.772  15.272 0.0000000000
59413  -40.721  -3.809  16.598 0.0000000000
63337  -50.437  -0.684  3.556 0.0000000000
109305  -51.898  -0.685  4.427 0.0000000000
114734  -51.035  -0.569  3.229 0.0000000000
130010  -57.613  1.330  -0.084 0.0000000000
117282  -59.301  2.879  0.231 0.0000000000
114165  -58.620  2.200  -0.790 0.0000000000
66290  -58.913  2.479  -1.731 0.0000000000
43085  -11.819  -21.896  40.980 0.0000000000
41139  -10.770  -23.139  41.099 0.0000000000
47915  -38.091  -15.789  30.496 0.0000000000
47934  -37.504  -15.876  29.980 0.0000000000
128867  -36.722  -15.438  28.058 0.0000000000
48843  -35.634  -15.161  26.858 0.0000000000
48842  -34.244  -15.369  26.753 0.0000000000
48857  -34.705  -15.147  26.179 0.0000000000
49705  -35.084  -14.834  25.611 0.0000000000
109782  -35.002  -14.191  23.947 0.0000000000
49735  -33.995  -13.875  22.918 0.0000000000
125220  -17.961  -17.859  37.501 0.0000000000
45965  -19.182  -18.206  39.504 0.0000000000
45983  -18.731  -18.364  37.646 0.0000000000
45074  -20.294  -19.647  38.377 0.0000000000
44110  -20.882  -20.287  38.377 0.0000000000
44136  -20.334  -20.687  36.361 0.0000000000
43144  -21.144  -21.160  37.150 0.0000000000
44112  -22.311  -21.003  38.897 0.0000000000
43147  -23.340  -21.898  38.120 0.0000000000
42086  -24.037  -21.991  38.080 0.0000000000
42108  -25.357  -21.960  37.243 0.0000000000
123384  -27.523  -20.864  28.310 0.0000000000
44223  -28.011  -20.246  28.818 0.0000000000
46113  -27.801  -18.009  27.779 0.0000000000
46080  -28.390  -18.623  29.195 0.0000000000
45160  -28.635  -19.728  30.114 0.0000000000
45143  -29.386  -19.151  31.459 0.0000000000
46043  -30.131  -17.900  33.016 0.0000000000
46992  -30.583  -17.433  33.458 0.0000000000
46975  -31.546  -17.347  34.511 0.0000000000
47009  -30.619  -16.894  33.039 0.0000000000
129025  -32.122  -16.708  32.836 0.0000000000
127339  -33.609  -16.656  32.271 0.0000000000
110398  -31.916  -16.449  30.349 0.0000000000
47910  -32.686  -16.532  30.880 0.0000000000
108909  -34.252  -16.697  31.656 0.0000000000
47895  -34.885  -16.756  31.299 0.0000000000
45099  -16.801  -18.268  35.224 0.0000000000
53541  -41.579  -10.719  26.845 0.0000000000
53553  -42.176  -10.110  26.381 0.0000000000
54632  -42.919  -9.221  25.504 0.0000000000
54644  -43.026  -8.945  24.637 0.0000000000
119231  -41.153  -10.089  22.252 0.0000000000
54656  -42.565  -9.227  23.465 0.0000000000
110092  -43.805  -4.772  12.661 0.0000000000
59446  -43.519  -4.482  14.195 0.0000000000
59448  -45.003  -4.032  13.732 0.0000000000
60357  -45.994  -3.540  14.858 0.0000000000
114862  -46.522  -3.034  16.834 0.0000000000
60375  -48.305  -2.926  14.402 0.0000000000
60344  -48.027  -3.035  16.151 0.0000000000
54810  -36.611  -8.981  13.858 0.0000000000
54794  -37.966  -9.330  14.466 0.0000000000
56848  -36.607  -7.685  13.591 0.0000000000
110027  -37.038  -7.318  13.438 0.0000000000
56862  -37.702  -7.166  13.096 0.0000000000
56863  -38.734  -7.252  12.600 0.0000000000
57670  -40.260  -6.837  12.707 0.0000000000
57684  -41.526  -6.524  11.628 0.0000000000
57672  -42.294  -6.093  11.843 0.0000000000
58534  -43.479  -5.346  11.434 0.0000000000
59478  -44.574  -4.605  11.317 0.0000000000
60418  -45.724  -3.829  11.207 0.0000000000
60419  -46.329  -3.422  10.790 0.0000000000
60447  -45.561  -3.610  8.363 0.0000000000
60434  -46.482  -3.263  9.795 0.0000000000
112764  -47.578  -2.955  11.046 0.0000000000
61391  -48.824  -2.385  10.140 0.0000000000
61392  -49.679  -2.201  10.056 0.0000000000
62343  -50.922  -1.750  9.597 0.0000000000
113423  -51.357  -1.542  8.741 0.0000000000
113996  -50.255  -1.708  8.009 0.0000000000
62378  -49.930  -1.534  6.310 0.0000000000
62393  -50.219  -1.332  5.362 0.0000000000
112267  -49.731  -0.828  3.853 0.0000000000
41138  -10.155  -23.676  41.579 0.0000000000
114327  -9.111  -24.754  42.622 0.0000000000
40197  -8.594  -25.360  43.038 0.0000000000
40186  -7.764  -23.899  45.622 0.0000000000
127949  -7.858  -25.184  44.107 0.0000000000
37265  -7.617  -26.629  42.791 0.0000000000
109748  -6.898  -27.173  43.081 0.0000000000
36368  -5.506  -28.474  43.798 0.0000000000
35514  -4.995  -29.235  44.125 0.0000000000
35510  -4.441  -29.214  45.684 0.0000000000
52573  -42.058  -10.711  28.911 0.0000000000
49670  -39.804  -14.347  29.201 0.0000000000
49698  -38.174  -14.330  26.693 0.0000000000
50575  -39.555  -13.688  27.712 0.0000000000
51574  -40.475  -12.312  27.962 0.0000000000
51575  -40.909  -11.757  27.965 0.0000000000
120961  -41.036  -11.277  26.827 0.0000000000
52619  -40.959  -11.114  25.530 0.0000000000
121538  -40.220  -11.257  24.218 0.0000000000
52676  -39.222  -11.065  21.722 0.0000000000
52675  -38.096  -11.565  21.890 0.0000000000
52688  -38.255  -11.404  21.171 0.0000000000
52705  -38.559  -11.028  20.092 0.0000000000
52719  -38.283  -11.071  18.504 0.0000000000
52746  -37.613  -11.576  16.245 0.0000000000
52769  -37.576  -11.176  14.671 0.0000000000
50682  -32.865  -12.703  18.762 0.0000000000
51673  -33.711  -12.605  18.247 0.0000000000
51697  -34.453  -12.528  17.586 0.0000000000
121362  -34.773  -12.661  15.992 0.0000000000
51738  -35.177  -12.516  15.257 0.0000000000
52767  -35.480  -11.745  14.108 0.0000000000
52768  -36.016  -11.339  14.032 0.0000000000
127778  -36.081  -10.058  13.691 0.0000000000
44073  -24.609  -19.511  42.792 0.0000000000
42172  -21.603  -22.246  33.536 0.0000000000
42191  -22.993  -22.580  32.919 0.0000000000
122676  -23.279  -22.514  34.027 0.0000000000
42142  -24.226  -22.443  35.667 0.0000000000
111149  -25.018  -22.242  36.389 0.0000000000
42123  -25.785  -21.928  36.635 0.0000000000
42228  -26.290  -22.401  29.571 0.0000000000
42218  -26.046  -22.534  30.295 0.0000000000
42195  -26.358  -22.402  32.141 0.0000000000
43216  -28.400  -21.473  32.282 0.0000000000
120833  -27.494  -22.011  33.264 0.0000000000
42178  -27.013  -22.208  33.775 0.0000000000
108536  -26.841  -22.102  35.009 0.0000000000
42125  -27.479  -21.902  36.351 0.0000000000
42110  -27.005  -21.715  37.026 0.0000000000
123097  -28.747  -21.760  38.825 0.0000000000
129023  -29.145  -22.065  39.179 0.0000000000
40257  -11.603  -24.633  36.864 0.0000000000
40242  -11.956  -23.972  37.930 0.0000000000
42138  -14.217  -22.430  35.208 0.0000000000
42137  -13.680  -22.966  34.760 0.0000000000
41218  -13.033  -23.228  36.280 0.0000000000
41188  -12.706  -22.957  37.890 0.0000000000
42064  -12.362  -22.396  39.425 0.0000000000
43086  -12.456  -21.514  40.519 0.0000000000
45943  -15.010  -19.043  42.120 0.0000000000
54795  -38.729  -9.320  14.827 0.0000000000
55917  -39.988  -8.639  15.596 0.0000000000
55906  -40.562  -8.476  16.133 0.0000000000
57636  -38.541  -5.895  15.558 0.0000000000
56825  -40.272  -7.312  16.388 0.0000000000
55896  -41.665  -7.721  17.636 0.0000000000
55885  -42.248  -7.925  18.496 0.0000000000
60355  -43.000  -3.809  15.827 0.0000000000
60339  -42.371  -3.217  16.764 0.0000000000
122810  -40.896  -2.863  18.149 0.0000000000
62352  -52.244  -1.387  8.731 0.0000000000
63290  -53.699  -0.871  7.862 0.0000000000
63291  -54.597  -0.523  7.496 0.0000000000
63312  -52.941  -0.614  5.619 0.0000000000
63313  -54.121  -0.360  6.071 0.0000000000
63292  -55.436  -0.217  7.215 0.0000000000
64271  -56.218  0.265  6.969 0.0000000000
64280  -57.253  1.270  6.156 0.0000000000
64315  -55.366  0.326  2.296 0.0000000000
64306  -56.215  1.048  3.489 0.0000000000
65265  -57.921  2.335  4.141 0.0000000000
67196  -60.166  3.060  0.988 0.0000000000
48852  -29.810  -15.495  25.659 0.0000000000
130672  -30.514  -15.456  25.434 0.0000000000
48838  -28.808  -15.626  26.078 0.0000000000
125698  -38.120  -10.719  14.713 0.0000000000
53678  -38.641  -10.647  15.188 0.0000000000
112153  -38.460  -10.134  14.652 0.0000000000
62313  -51.730  -1.802  11.244 0.0000000000
62314  -52.501  -1.608  11.568 0.0000000000
62329  -52.224  -1.584  10.784 0.0000000000
127182  -52.145  -1.512  10.156 0.0000000000
40226  -11.207  -24.461  39.105 0.0000000000
41155  -11.108  -23.401  40.299 0.0000000000
119359  -34.229  -12.909  20.987 0.0000000000
50648  -34.365  -12.662  20.278 0.0000000000
46921  -19.040  -17.919  40.893 0.0000000000
46928  -18.681  -17.989  40.058 0.0000000000
43130  -26.381  -21.374  38.773 0.0000000000
42089  -26.997  -21.562  37.911 0.0000000000
45110  -30.798  -19.032  34.453 0.0000000000
46007  -31.468  -18.495  35.576 0.0000000000
46926  -17.711  -18.063  39.871 0.0000000000
58513  -42.390  -5.141  13.450 0.0000000000
59456  -43.214  -4.818  13.421 0.0000000000
47951  -34.694  -16.000  28.855 0.0000000000
48813  -34.213  -15.766  28.160 0.0000000000
48886  -32.064  -14.838  23.726 0.0000000000
127833  -18.524  -18.596  34.506 0.0000000000
43171  -21.597  -21.867  35.722 0.0000000000
42139  -21.949  -22.185  35.051 0.0000000000
42140  -22.418  -22.262  35.593 0.0000000000
47927  -29.373  -16.394  29.351 0.0000000000
47046  -28.785  -17.030  29.680 0.0000000000
47030  -29.461  -16.928  30.918 0.0000000000
47908  -29.950  -16.653  30.806 0.0000000000
47930  -33.535  -16.361  29.748 0.0000000000
47950  -33.831  -16.091  28.941 0.0000000000
112423  -17.961  -17.286  33.716 0.0000000000
46013  -17.756  -17.480  34.470 0.0000000000
53606  -39.965  -10.721  21.780 0.0000000000
53597  -40.920  -10.642  23.361 0.0000000000
54705  -41.468  -9.273  19.047 0.0000000000
124850  -42.038  -8.840  19.805 0.0000000000
60395  -46.841  -3.305  12.592 0.0000000000
60396  -47.527  -3.050  12.998 0.0000000000
128058  -50.856  -2.518  16.284 0.0000000000
59516  -44.269  -4.429  8.540 0.0000000000
61430  -48.161  -2.224  7.233 0.0000000000
61444  -48.369  -1.982  6.566 0.0000000000
38183  -8.706  -26.793  40.611 0.0000000000
37297  -8.148  -27.442  40.486 0.0000000000
37286  -7.612  -27.779  41.095 0.0000000000
37287  -8.103  -27.099  41.224 0.0000000000
42004  -9.115  -22.473  44.870 0.0000000000
42001  -8.919  -22.038  45.660 0.0000000000
38141  -5.121  -26.259  46.557 0.0000000000
38134  -5.193  -26.623  47.122 0.0000000000
48831  -38.076  -15.046  27.833 0.0000000000
50605  -38.121  -12.849  24.936 0.0000000000
51594  -38.801  -12.482  25.391 0.0000000000
51605  -38.531  -12.276  24.641 0.0000000000
51606  -39.123  -11.895  24.734 0.0000000000
123182  -36.441  -12.036  17.914 0.0000000000
110479  -36.744  -11.934  16.958 0.0000000000
51721  -35.847  -12.270  16.810 0.0000000000
44091  -21.954  -20.181  40.118 0.0000000000
44092  -22.769  -20.410  40.449 0.0000000000
42176  -25.382  -22.498  33.211 0.0000000000
42160  -30.052  -21.844  34.556 0.0000000000
128912  -29.616  -22.509  35.912 0.0000000000
109899  -29.315  -22.559  36.623 0.0000000000
42127  -30.341  -22.599  36.162 0.0000000000
47848  -34.161  -16.738  33.940 0.0000000000
45054  -14.086  -20.008  40.188 0.0000000000
57656  -37.972  -6.356  14.441 0.0000000000
118143  -37.771  -6.732  14.457 0.0000000000
59396  -40.075  -4.196  17.240 0.0000000000
110290  -39.702  -4.875  16.978 0.0000000000
125316  -40.761  -4.362  18.727 0.0000000000
61311  -46.231  -2.529  17.584 0.0000000000
60331  -45.119  -2.621  17.399 0.0000000000
121400  -51.819  -1.071  6.497 0.0000000000
64294  -54.850  0.102  3.667 0.0000000000
65289  -57.600  1.415  0.602 0.0000000000
109227  -57.642  1.970  2.310 0.0000000000
65280  -58.558  2.661  1.916 0.0000000000
126722  -32.006  -15.572  27.502 0.0000000000
120493  -32.789  -15.467  27.084 0.0000000000
113286  -32.015  -15.439  26.734 0.0000000000
115125  -30.948  -15.395  24.899 0.0000000000
48871  -31.494  -15.177  24.313 0.0000000000
47967  -27.351  -16.005  26.601 0.0000000000
47969  -28.897  -15.756  26.927 0.0000000000
47959  -28.453  -15.971  27.501 0.0000000000
47947  -30.209  -16.076  28.918 0.0000000000
130330  -31.403  -15.547  27.115 0.0000000000
48825  -31.202  -15.679  27.779 0.0000000000
53620  -39.326  -10.546  19.812 0.0000000000
53635  -39.689  -10.479  17.419 0.0000000000
53648  -40.320  -9.995  16.846 0.0000000000
129927  -49.294  -2.483  12.058 0.0000000000
61355  -51.547  -2.302  13.869 0.0000000000
108714  -51.563  -2.376  15.075 0.0000000000
129483  -52.251  -2.238  14.852 0.0000000000
62331  -54.285  -1.054  10.246 0.0000000000
63272  -55.322  -0.581  9.957 0.0000000000
63271  -54.440  -0.910  9.452 0.0000000000
39134  -10.335  -25.325  39.646 0.0000000000
38188  -10.074  -25.886  39.226 0.0000000000
39133  -9.767  -25.925  39.882 0.0000000000
39114  -9.651  -25.229  41.141 0.0000000000
49725  -35.635  -14.100  24.152 0.0000000000
50612  -35.982  -13.305  23.079 0.0000000000
50613  -36.632  -13.049  23.395 0.0000000000
50623  -36.409  -12.718  22.636 0.0000000000
50624  -37.146  -12.291  22.895 0.0000000000
50635  -36.098  -12.524  21.877 0.0000000000
51638  -35.656  -12.366  20.264 0.0000000000
112042  -35.845  -12.257  19.046 0.0000000000
43111  -23.904  -21.382  39.400 0.0000000000
43094  -24.151  -21.099  40.237 0.0000000000
128422  -26.619  -21.110  40.718 0.0000000000
43116  -28.652  -21.629  40.061 0.0000000000
43117  -28.987  -21.949  40.250 0.0000000000
109141  -24.790  -22.659  30.171 0.0000000000
42207  -25.352  -22.599  30.861 0.0000000000
44153  -31.162  -20.040  34.301 0.0000000000
44165  -30.658  -20.580  33.604 0.0000000000
43173  -31.533  -21.308  35.210 0.0000000000
43174  -32.079  -21.068  35.902 0.0000000000
44144  -16.278  -19.542  35.450 0.0000000000
44135  -16.117  -19.402  36.397 0.0000000000
45063  -16.648  -18.449  38.408 0.0000000000
45056  -16.282  -18.706  39.935 0.0000000000
45945  -17.508  -18.075  41.234 0.0000000000
58510  -38.991  -5.591  14.497 0.0000000000
58511  -40.121  -5.565  14.044 0.0000000000
59444  -40.966  -4.632  15.118 0.0000000000
59427  -40.088  -4.298  16.040 0.0000000000
119916  -56.849  1.180  -0.970 0.0000000000
121889  -57.637  1.431  -0.729 0.0000000000
65310  -57.243  1.458  -1.377 0.0000000000
43072  -11.516  -21.458  41.763 0.0000000000
44024  -10.307  -20.239  45.732 0.0000000000
47914  -37.245  -16.127  30.595 0.0000000000
47933  -36.683  -16.091  29.894 0.0000000000
108819  -35.897  -15.540  28.094 0.0000000000
118093  -36.276  -15.207  27.324 0.0000000000
111250  -33.491  -15.374  26.614 0.0000000000
129653  -34.481  -14.969  25.633 0.0000000000
49712  -34.662  -14.710  25.163 0.0000000000
45093  -19.355  -19.344  36.520 0.0000000000
45082  -20.097  -19.802  37.734 0.0000000000
126637  -20.471  -20.099  38.038 0.0000000000
44125  -20.653  -20.482  37.588 0.0000000000
117179  -19.604  -20.332  35.088 0.0000000000
118645  -20.308  -20.925  35.653 0.0000000000
43158  -21.669  -21.664  36.631 0.0000000000
44126  -21.365  -20.929  37.911 0.0000000000
43125  -22.103  -21.289  38.193 0.0000000000
43126  -22.840  -21.551  38.481 0.0000000000
43146  -22.719  -21.823  37.700 0.0000000000
111849  -23.626  -22.281  36.820 0.0000000000
42106  -23.528  -22.111  37.526 0.0000000000
42107  -24.389  -22.173  37.243 0.0000000000
42087  -24.898  -21.907  38.017 0.0000000000
45193  -27.733  -20.039  27.976 0.0000000000
45194  -28.181  -19.310  28.533 0.0000000000
46081  -28.657  -17.956  29.803 0.0000000000
45177  -28.645  -18.878  29.909 0.0000000000
45161  -28.933  -19.037  30.613 0.0000000000
46054  -29.116  -18.196  31.004 0.0000000000
47007  -29.835  -17.423  32.203 0.0000000000
121691  -29.518  -18.154  31.658 0.0000000000
47877  -31.968  -16.628  32.319 0.0000000000
115898  -32.685  -16.675  32.642 0.0000000000
47894  -32.711  -16.554  31.787 0.0000000000
47928  -31.310  -16.302  29.748 0.0000000000
47929  -32.086  -16.280  29.611 0.0000000000
47911  -33.464  -16.524  30.535 0.0000000000
108327  -33.501  -16.595  31.331 0.0000000000
125435  -34.832  -16.803  31.924 0.0000000000
47912  -35.637  -16.681  31.007 0.0000000000
47913  -36.447  -16.459  30.756 0.0000000000
45992  -17.675  -17.794  36.083 0.0000000000
53552  -41.669  -10.566  25.701 0.0000000000
53587  -41.552  -10.356  23.869 0.0000000000
54643  -42.557  -9.602  24.757 0.0000000000
113582  -42.686  -9.288  24.150 0.0000000000
53621  -39.961  -10.140  19.606 0.0000000000
53607  -40.654  -10.222  21.707 0.0000000000
53614  -40.670  -9.861  20.814 0.0000000000
54670  -42.395  -9.164  22.643 0.0000000000
54657  -43.070  -8.693  23.812 0.0000000000
55827  -43.102  -8.374  22.815 0.0000000000
130665  -43.362  -7.542  21.953 0.0000000000
59457  -44.593  -4.341  13.035 0.0000000000
59458  -45.434  -3.955  13.126 0.0000000000
60373  -46.545  -3.434  14.136 0.0000000000
109823  -46.396  -3.233  15.842 0.0000000000
124205  -47.218  -3.138  15.684 0.0000000000
128728  -48.555  -2.817  13.628 0.0000000000
61328  -49.134  -2.799  16.177 0.0000000000
111519  -4.551  -30.084  45.183 0.0000000000
34669  -4.701  -31.149  44.849 0.0000000000
116773  -37.287  -7.378  12.503 0.0000000000
56874  -39.030  -7.408  11.670 0.0000000000
56864  -39.690  -7.302  12.164 0.0000000000
57685  -42.077  -6.356  10.860 0.0000000000
59477  -44.030  -5.033  10.927 0.0000000000
59466  -43.999  -4.903  11.799 0.0000000000
59506  -45.145  -4.230  9.829 0.0000000000
59491  -45.179  -4.247  10.811 0.0000000000
122201  -45.757  -3.745  10.328 0.0000000000
60448  -46.314  -3.255  8.752 0.0000000000
61405  -47.086  -2.900  9.051 0.0000000000
60420  -47.061  -3.067  10.468 0.0000000000
60435  -47.259  -2.879  9.773 0.0000000000
61390  -47.906  -2.679  10.185 0.0000000000
128787  -49.172  -2.182  8.674 0.0000000000
61408  -49.229  -2.226  9.289 0.0000000000
62342  -50.105  -2.022  9.359 0.0000000000
62351  -50.547  -1.743  8.702 0.0000000000
62377  -49.099  -1.702  6.424 0.0000000000
35546  -7.202  -28.541  40.979 0.0000000000
118349  -10.383  -22.790  41.927 0.0000000000
127648  -10.007  -22.875  42.452 0.0000000000
114326  -9.098  -23.598  43.690 0.0000000000
40191  -9.403  -23.951  42.902 0.0000000000
40190  -8.780  -24.553  43.507 0.0000000000
41114  -7.843  -22.990  46.378 0.0000000000
39083  -6.759  -25.128  45.356 0.0000000000
39084  -7.657  -24.588  45.074 0.0000000000
39091  -6.925  -25.635  44.620 0.0000000000
38149  -7.467  -25.682  43.973 0.0000000000
38155  -7.176  -26.466  43.493 0.0000000000
37255  -5.055  -27.253  45.258 0.0000000000
37263  -5.313  -27.853  44.446 0.0000000000
36358  -4.827  -28.559  44.698 0.0000000000
118298  -4.484  -29.245  45.078 0.0000000000
36357  -4.412  -28.540  45.533 0.0000000000
36336  -5.296  -27.839  47.082 0.0000000000
114438  -41.857  -11.372  29.519 0.0000000000
48799  -38.101  -15.634  29.646 0.0000000000
107814  -38.746  -15.410  30.050 0.0000000000
120920  -38.646  -15.294  29.238 0.0000000000
48817  -39.104  -14.874  28.777 0.0000000000
49680  -39.411  -14.332  28.263 0.0000000000
49707  -37.914  -13.945  25.999 0.0000000000
50586  -39.129  -13.560  26.937 0.0000000000
50567  -39.961  -13.689  28.495 0.0000000000
50576  -40.024  -13.026  27.904 0.0000000000
51566  -40.523  -12.970  28.570 0.0000000000
51596  -39.896  -11.862  26.016 0.0000000000
52587  -40.569  -11.781  27.262 0.0000000000
52588  -41.222  -11.273  27.539 0.0000000000
52600  -41.189  -11.064  26.223 0.0000000000
52618  -40.251  -11.509  25.483 0.0000000000
120223  -39.542  -11.532  24.057 0.0000000000
52663  -38.729  -11.438  22.412 0.0000000000
51630  -37.498  -11.745  21.333 0.0000000000
52704  -37.745  -11.445  19.776 0.0000000000
52687  -37.949  -11.457  20.569 0.0000000000
129859  -38.406  -11.247  20.705 0.0000000000
117965  -38.190  -11.103  19.268 0.0000000000
52758  -37.586  -11.489  15.343 0.0000000000
52757  -36.907  -11.731  14.876 0.0000000000
110269  -32.758  -12.882  17.291 0.0000000000
51719  -33.869  -12.893  15.989 0.0000000000
123611  -34.328  -12.639  16.735 0.0000000000
51737  -34.458  -12.753  15.345 0.0000000000
51759  -34.545  -12.529  14.610 0.0000000000
52766  -34.918  -12.120  14.148 0.0000000000
51760  -35.428  -12.219  14.599 0.0000000000
52782  -36.108  -10.691  13.795 0.0000000000
45966  -20.040  -18.534  39.865 0.0000000000
45957  -20.172  -18.344  40.756 0.0000000000
44094  -24.472  -20.686  41.074 0.0000000000
44084  -24.008  -20.167  41.708 0.0000000000
42174  -23.635  -22.570  33.276 0.0000000000
129551  -23.495  -22.569  32.711 0.0000000000
108539  -23.679  -22.499  34.798 0.0000000000
108542  -25.173  -22.337  35.405 0.0000000000
108541  -25.855  -22.072  35.933 0.0000000000
43255  -26.937  -21.898  29.219 0.0000000000
43238  -27.622  -21.637  31.013 0.0000000000
42219  -26.900  -22.141  30.675 0.0000000000
42208  -26.215  -22.451  31.192 0.0000000000
43217  -29.347  -21.097  32.583 0.0000000000
43201  -28.886  -21.604  33.066 0.0000000000
114674  -26.723  -22.258  33.009 0.0000000000
42157  -26.549  -22.259  34.332 0.0000000000
42158  -27.486  -22.102  34.554 0.0000000000
42143  -27.516  -22.041  35.441 0.0000000000
108675  -27.835  -21.738  37.300 0.0000000000
42090  -28.133  -21.549  38.321 0.0000000000
42111  -28.680  -22.051  37.692 0.0000000000
42091  -29.244  -22.278  38.392 0.0000000000
123034  -29.807  -22.573  38.956 0.0000000000
42128  -31.003  -22.853  36.800 0.0000000000
109203  -31.683  -22.877  37.503 0.0000000000
41202  -12.418  -23.513  37.560 0.0000000000
44143  -15.769  -20.711  35.265 0.0000000000
43169  -15.291  -21.434  35.025 0.0000000000
43155  -14.716  -21.806  35.593 0.0000000000
42120  -13.601  -22.829  35.734 0.0000000000
42101  -13.469  -22.602  36.709 0.0000000000
42081  -13.220  -22.376  37.706 0.0000000000
42080  -12.686  -22.576  38.570 0.0000000000
42051  -12.055  -22.163  40.185 0.0000000000
43104  -12.671  -21.727  39.759 0.0000000000
45944  -15.816  -18.614  41.735 0.0000000000
45935  -15.653  -18.440  42.686 0.0000000000
121319  -43.616  -8.171  27.961 0.0000000000
120263  -37.420  -8.412  14.417 0.0000000000
55927  -38.034  -8.235  14.764 0.0000000000
55916  -39.219  -8.171  15.456 0.0000000000
58500  -38.736  -5.380  15.168 0.0000000000
130267  -38.450  -5.669  15.219 0.0000000000
58487  -38.852  -5.415  15.559 0.0000000000
56826  -41.133  -7.968  16.789 0.0000000000
56817  -41.176  -6.658  17.972 0.0000000000
56809  -42.426  -7.360  19.317 0.0000000000
59430  -43.961  -4.115  15.027 0.0000000000
59429  -42.941  -4.316  14.957 0.0000000000
113461  -42.872  -2.771  17.215 0.0000000000
60328  -41.253  -3.225  17.158 0.0000000000
60329  -41.852  -2.400  17.787 0.0000000000
62366  -51.791  -1.354  7.936 0.0000000000
62367  -52.692  -1.142  7.912 0.0000000000
107818  -53.908  -0.595  6.905 0.0000000000
63326  -52.686  -0.572  4.790 0.0000000000
114060  -54.183  -0.243  5.210 0.0000000000
124990  -53.596  -0.435  5.644 0.0000000000
63303  -54.768  -0.331  6.642 0.0000000000
63304  -55.510  0.002  6.497 0.0000000000
65241  -58.096  1.865  6.289 0.0000000000
65250  -57.621  1.775  5.514 0.0000000000
64326  -55.917  0.561  1.756 0.0000000000
64325  -55.180  0.178  1.364 0.0000000000
64305  -55.488  0.497  3.167 0.0000000000
66241  -58.726  2.681  4.495 0.0000000000
66234  -58.886  2.573  5.242 0.0000000000
66237  -59.027  2.686  4.728 0.0000000000
66263  -59.886  3.216  0.746 0.0000000000
47978  -27.836  -15.760  26.210 0.0000000000
52747  -38.366  -11.210  16.595 0.0000000000
53646  -39.078  -10.879  16.996 0.0000000000
53660  -39.059  -10.761  15.932 0.0000000000
53661  -39.661  -10.038  15.619 0.0000000000
61393  -50.230  -2.172  10.750 0.0000000000
61380  -50.535  -2.225  11.467 0.0000000000
61381  -51.168  -2.119  11.765 0.0000000000
62301  -52.819  -1.664  12.493 0.0000000000
62315  -53.533  -1.386  11.900 0.0000000000
62316  -54.657  -1.115  11.702 0.0000000000
123576  -53.834  -1.287  10.987 0.0000000000
62330  -53.325  -1.327  10.267 0.0000000000
39161  -11.221  -25.086  37.543 0.0000000000
39160  -10.672  -25.715  37.990 0.0000000000
39149  -11.037  -25.103  38.478 0.0000000000
40225  -10.758  -24.762  39.634 0.0000000000
40210  -10.416  -24.723  40.217 0.0000000000
50621  -34.566  -13.475  22.409 0.0000000000
50634  -35.195  -12.967  21.796 0.0000000000
50649  -34.978  -12.668  20.832 0.0000000000
51653  -34.688  -12.515  19.574 0.0000000000
46910  -18.358  -17.914  41.252 0.0000000000
43112  -24.889  -21.323  39.629 0.0000000000
43113  -25.840  -21.267  39.456 0.0000000000
127828  -27.665  -21.256  40.423 0.0000000000
43132  -28.443  -21.487  39.276 0.0000000000
45131  -30.048  -18.980  33.139 0.0000000000
45121  -30.662  -19.539  33.683 0.0000000000
44146  -31.612  -20.397  35.211 0.0000000000
45962  -16.916  -18.278  39.172 0.0000000000
107715  -17.088  -18.202  39.847 0.0000000000
46919  -18.062  -17.957  40.447 0.0000000000
58512  -41.389  -5.522  13.528 0.0000000000
58503  -41.692  -4.951  14.285 0.0000000000
111217  -42.012  -4.504  14.959 0.0000000000
130442  -35.948  -16.145  29.489 0.0000000000
48828  -34.593  -15.508  27.448 0.0000000000
48872  -32.307  -15.017  24.566 0.0000000000
48856  -33.318  -15.147  25.642 0.0000000000
122163  -33.129  -14.903  24.856 0.0000000000
48873  -33.683  -14.547  24.268 0.0000000000
46004  -17.738  -17.793  35.185 0.0000000000
45080  -18.908  -18.619  36.905 0.0000000000
45092  -18.595  -18.494  36.264 0.0000000000
43184  -20.433  -21.293  34.737 0.0000000000
43170  -20.899  -21.465  35.442 0.0000000000
43159  -22.393  -21.946  36.912 0.0000000000
42121  -22.921  -22.287  36.340 0.0000000000
108209  -23.646  -22.399  36.182 0.0000000000
47058  -28.163  -17.418  28.303 0.0000000000
47008  -30.185  -16.859  32.356 0.0000000000
47892  -30.490  -16.680  31.534 0.0000000000
123273  -34.083  -16.495  30.285 0.0000000000
46012  -17.233  -17.741  34.601 0.0000000000
53576  -40.843  -10.916  24.053 0.0000000000
53598  -41.320  -10.191  22.955 0.0000000000
54692  -40.675  -9.777  19.303 0.0000000000
54693  -41.128  -9.547  19.963 0.0000000000
130651  -42.041  -9.114  21.148 0.0000000000
117933  -42.889  -8.388  21.930 0.0000000000
54694  -42.236  -8.780  20.585 0.0000000000
124186  -42.695  -8.041  20.324 0.0000000000
60374  -47.370  -3.134  14.254 0.0000000000
61341  -49.905  -2.596  14.641 0.0000000000
61340  -49.149  -2.809  15.014 0.0000000000
61329  -49.984  -2.651  15.657 0.0000000000
64272  -57.256  0.646  7.720 0.0000000000
57695  -40.397  -6.933  10.509 0.0000000000
59504  -43.771  -4.946  9.027 0.0000000000
59505  -44.465  -4.614  9.402 0.0000000000
61417  -47.721  -2.529  8.494 0.0000000000
61418  -48.361  -2.286  7.936 0.0000000000
125564  -49.101  -2.107  8.145 0.0000000000
62363  -49.693  -1.841  7.694 0.0000000000
36384  -7.059  -28.051  41.805 0.0000000000
42005  -9.780  -21.782  44.262 0.0000000000
41116  -8.764  -23.351  44.601 0.0000000000
109289  -6.573  -24.055  46.888 0.0000000000
39077  -6.206  -24.807  46.401 0.0000000000
39082  -5.729  -25.522  45.988 0.0000000000
38144  -5.222  -26.301  45.804 0.0000000000
38140  -4.807  -26.983  46.070 0.0000000000
36349  -4.494  -28.342  45.843 0.0000000000
37228  -4.961  -27.373  46.912 0.0000000000
37229  -5.409  -27.259  47.223 0.0000000000
48815  -37.535  -15.446  28.433 0.0000000000
50594  -38.307  -13.266  25.698 0.0000000000
124845  -39.389  -12.827  26.608 0.0000000000
120299  -40.100  -12.449  27.422 0.0000000000
51595  -39.372  -12.356  26.062 0.0000000000
51616  -38.766  -11.885  24.014 0.0000000000
117473  -36.747  -12.025  19.950 0.0000000000
51656  -37.027  -11.823  19.457 0.0000000000
52717  -37.112  -11.695  18.126 0.0000000000
45057  -20.763  -19.027  40.248 0.0000000000
45058  -21.483  -19.492  40.597 0.0000000000
44086  -25.957  -20.309  42.407 0.0000000000
44074  -25.543  -19.666  43.123 0.0000000000
42193  -24.109  -22.595  31.665 0.0000000000
109611  -24.930  -22.481  33.984 0.0000000000
44214  -27.745  -21.125  29.189 0.0000000000
43186  -29.101  -21.847  33.795 0.0000000000
117574  -28.360  -22.008  34.260 0.0000000000
108535  -28.312  -22.129  35.090 0.0000000000
43143  -15.126  -20.781  36.786 0.0000000000
44121  -14.421  -21.135  37.533 0.0000000000
43141  -13.902  -21.898  37.105 0.0000000000
43122  -13.680  -21.640  37.956 0.0000000000
113150  -13.480  -21.470  38.668 0.0000000000
43105  -13.268  -21.304  39.359 0.0000000000
43087  -13.053  -21.122  40.089 0.0000000000
45927  -16.340  -18.103  43.263 0.0000000000
56842  -37.837  -7.145  14.750 0.0000000000
56833  -38.810  -7.017  15.537 0.0000000000
58476  -39.210  -5.080  16.195 0.0000000000
57614  -40.340  -5.770  17.492 0.0000000000
128181  -40.810  -5.742  18.234 0.0000000000
60341  -44.572  -3.243  16.373 0.0000000000
109918  -43.942  -3.638  15.822 0.0000000000
60330  -43.847  -2.595  17.403 0.0000000000
61297  -43.426  -1.672  18.485 0.0000000000
63301  -52.562  -0.850  6.393 0.0000000000
64296  -56.396  1.107  4.332 0.0000000000
64341  -56.132  0.662  -0.021 0.0000000000
126341  -56.454  0.741  1.317 0.0000000000
65279  -56.692  1.105  2.102 0.0000000000
65270  -56.884  1.499  2.958 0.0000000000
66249  -59.256  2.929  3.164 0.0000000000
67210  -60.225  3.328  -0.498 0.0000000000
67201  -60.259  3.175  0.272 0.0000000000
66275  -60.466  3.047  -0.084 0.0000000000
48841  -32.787  -15.319  26.237 0.0000000000
48855  -32.545  -15.192  25.411 0.0000000000
43200  -21.031  -21.886  34.122 0.0000000000
121316  -27.250  -16.757  26.694 0.0000000000
47945  -28.335  -16.613  27.904 0.0000000000
124755  -30.290  -16.412  29.811 0.0000000000
48810  -31.041  -15.903  28.553 0.0000000000
114714  -39.206  -10.730  20.493 0.0000000000
117847  -39.586  -10.398  19.133 0.0000000000
53627  -40.185  -10.090  18.759 0.0000000000
54739  -41.420  -9.026  17.569 0.0000000000
61378  -48.009  -2.862  11.688 0.0000000000
61365  -47.692  -2.981  12.375 0.0000000000
125193  -48.342  -2.764  12.232 0.0000000000
108118  -49.216  -2.661  13.172 0.0000000000
61353  -49.906  -2.561  13.728 0.0000000000
109617  -49.952  -2.521  12.987 0.0000000000
117428  -9.585  -26.811  38.631 0.0000000000
37298  -9.234  -26.575  39.932 0.0000000000
110918  -35.936  -14.637  25.595 0.0000000000
48859  -36.745  -14.566  26.036 0.0000000000
114473  -36.629  -14.262  25.384 0.0000000000
49715  -37.004  -13.763  24.954 0.0000000000
49726  -36.131  -13.664  23.825 0.0000000000
51615  -37.718  -12.171  23.365 0.0000000000
51628  -35.816  -12.427  21.063 0.0000000000
51639  -36.401  -12.151  20.397 0.0000000000
51655  -36.255  -12.147  19.631 0.0000000000
51698  -35.355  -12.365  17.529 0.0000000000
43079  -25.410  -20.718  41.320 0.0000000000
44087  -26.558  -20.688  42.519 0.0000000000
43098  -28.238  -21.428  40.745 0.0000000000
128253  -24.286  -22.578  30.458 0.0000000000
115235  -24.985  -22.608  31.629 0.0000000000
44207  -28.937  -19.877  30.874 0.0000000000
44194  -28.707  -20.626  31.142 0.0000000000
114579  -29.606  -20.538  32.211 0.0000000000
42145  -30.987  -22.058  35.546 0.0000000000
43161  -32.224  -21.643  36.672 0.0000000000
111189  -15.680  -20.062  36.966 0.0000000000
44100  -15.073  -19.855  38.964 0.0000000000
45062  -14.837  -19.619  39.879 0.0000000000
45055  -15.374  -19.081  40.361 0.0000000000
45954  -16.662  -18.466  40.501 0.0000000000
113746  -16.626  -18.347  41.288 0.0000000000
57657  -38.561  -6.131  14.069 0.0000000000
126804  -40.102  -4.039  16.784 0.0000000000
59397  -40.490  -3.617  17.360 0.0000000000
62403  -50.384  -1.029  4.400 0.0000000000
63325  -51.123  -0.773  3.990 0.0000000000
63338  -51.823  -0.549  3.338 0.0000000000
65296  -56.946  0.949  -0.240 0.0000000000
65290  -58.490  2.406  0.974 0.0000000000
65297  -58.225  1.862  0.032 0.0000000000
65311  -57.977  1.715  -1.548 0.0000000000
116679  -59.635  3.218  -0.821 0.0000000000
42050  -11.422  -22.627  40.637 0.0000000000
42036  -11.096  -22.290  41.413 0.0000000000
42023  -10.814  -21.883  42.203 0.0000000000
43025  -10.066  -21.043  44.801 0.0000000000
48798  -37.411  -15.716  29.298 0.0000000000
125243  -36.532  -15.742  28.876 0.0000000000
48844  -36.151  -14.910  26.472 0.0000000000
117146  -33.957  -15.198  26.016 0.0000000000
119454  -34.999  -15.285  26.817 0.0000000000
48858  -35.418  -15.023  26.249 0.0000000000
49724  -34.234  -14.211  23.700 0.0000000000
50611  -34.766  -13.829  23.201 0.0000000000
50632  -33.616  -13.203  21.355 0.0000000000
45964  -18.346  -17.962  39.139 0.0000000000
45974  -18.983  -18.287  38.594 0.0000000000
45975  -19.960  -18.850  38.965 0.0000000000
45073  -19.607  -18.998  38.101 0.0000000000
45064  -20.682  -19.698  38.999 0.0000000000
44101  -21.216  -20.211  39.001 0.0000000000
44102  -21.782  -20.454  39.318 0.0000000000
45109  -18.826  -19.193  34.903 0.0000000000
44145  -19.773  -20.203  36.052 0.0000000000
111935  -20.600  -20.786  36.881 0.0000000000
44111  -21.607  -20.699  38.613 0.0000000000
43110  -23.061  -21.268  39.182 0.0000000000
43127  -23.605  -21.665  38.674 0.0000000000
44243  -26.765  -20.579  26.586 0.0000000000
44230  -27.203  -20.743  27.472 0.0000000000
44215  -28.278  -20.404  29.612 0.0000000000
46112  -27.551  -18.463  27.219 0.0000000000
46099  -28.134  -18.355  28.430 0.0000000000
45176  -28.397  -19.566  29.353 0.0000000000
46042  -29.792  -18.589  32.296 0.0000000000
46974  -31.038  -17.716  34.196 0.0000000000
46016  -31.378  -17.967  34.837 0.0000000000
117888  -31.146  -16.998  33.805 0.0000000000
129874  -31.603  -16.875  33.675 0.0000000000
47857  -31.492  -16.772  33.069 0.0000000000
47858  -32.235  -16.781  33.399 0.0000000000
44162  -16.401  -19.876  33.480 0.0000000000
45107  -16.579  -18.912  34.555 0.0000000000
116637  -16.671  -18.335  35.933 0.0000000000
45972  -17.664  -17.899  37.900 0.0000000000
53542  -42.178  -10.150  27.351 0.0000000000
54631  -42.342  -9.912  25.515 0.0000000000
125071  -42.606  -9.599  26.108 0.0000000000
54626  -43.040  -9.131  26.398 0.0000000000
116713  -43.358  -8.652  25.991 0.0000000000
114109  -40.105  -10.366  21.179 0.0000000000
54655  -41.993  -9.789  23.231 0.0000000000
54669  -41.739  -9.697  22.425 0.0000000000
55819  -43.528  -8.124  24.314 0.0000000000
118836  -43.889  -4.540  13.433 0.0000000000
59447  -44.346  -4.265  14.000 0.0000000000
60371  -45.013  -3.862  14.668 0.0000000000
60372  -45.719  -3.772  13.977 0.0000000000
111498  -45.379  -3.492  15.622 0.0000000000
60386  -47.833  -2.978  13.606 0.0000000000
60359  -47.691  -3.074  15.079 0.0000000000
60360  -48.453  -2.950  15.335 0.0000000000
60343  -47.196  -3.053  16.568 0.0000000000
35522  -5.304  -30.147  43.494 0.0000000000
53694  -36.666  -9.996  13.885 0.0000000000
54793  -37.197  -9.208  14.154 0.0000000000
55938  -36.829  -8.071  14.093 0.0000000000
56849  -36.990  -7.372  13.949 0.0000000000
56873  -38.165  -7.409  12.101 0.0000000000
57669  -39.233  -6.937  13.115 0.0000000000
57683  -40.658  -6.999  11.579 0.0000000000
129168  -41.033  -6.561  12.321 0.0000000000
57671  -41.635  -6.148  12.562 0.0000000000
58522  -42.916  -5.499  12.019 0.0000000000
58533  -42.875  -5.906  11.124 0.0000000000
58523  -43.462  -5.135  12.154 0.0000000000
59467  -44.534  -4.515  12.130 0.0000000000
59479  -45.159  -4.252  11.628 0.0000000000
60405  -45.650  -3.884  11.872 0.0000000000
60406  -46.327  -3.492  11.694 0.0000000000
121139  -46.887  -3.214  11.160 0.0000000000
60446  -44.809  -3.909  8.044 0.0000000000
112295  -48.404  -2.642  10.944 0.0000000000
115545  -49.292  -2.373  10.866 0.0000000000
61407  -48.471  -2.414  9.538 0.0000000000
62326  -50.365  -2.010  10.019 0.0000000000
62327  -50.820  -1.928  10.333 0.0000000000
110878  -51.794  -1.538  9.554 0.0000000000
116349  -50.928  -1.521  7.953 0.0000000000
62364  -50.386  -1.565  7.191 0.0000000000
62402  -49.552  -1.215  4.692 0.0000000000
41154  -10.481  -24.047  40.766 0.0000000000
40203  -9.896  -24.479  41.369 0.0000000000
41129  -9.844  -23.406  42.305 0.0000000000
40198  -9.617  -24.200  42.093 0.0000000000
39107  -9.366  -24.967  41.840 0.0000000000
113802  -9.097  -25.702  41.557 0.0000000000
39113  -8.618  -26.083  41.961 0.0000000000
42000  -8.392  -22.272  46.227 0.0000000000
123885  -8.257  -23.483  45.328 0.0000000000
40189  -8.262  -24.081  44.829 0.0000000000
39093  -8.167  -24.713  44.271 0.0000000000
39100  -8.177  -25.238  43.707 0.0000000000
38165  -8.315  -26.046  42.575 0.0000000000
37276  -8.031  -26.737  42.003 0.0000000000
37275  -7.296  -27.318  42.342 0.0000000000
108300  -5.849  -27.105  44.321 0.0000000000
37264  -6.119  -27.689  43.566 0.0000000000
35521  -4.690  -29.906  44.524 0.0000000000
121251  -4.589  -29.956  45.686 0.0000000000
35503  -4.760  -28.850  46.198 0.0000000000
52559  -42.457  -10.604  30.079 0.0000000000
48782  -39.453  -15.115  30.680 0.0000000000
49697  -37.482  -14.465  26.375 0.0000000000
49688  -38.455  -14.586  27.368 0.0000000000
49699  -38.701  -14.144  26.979 0.0000000000
49689  -39.054  -14.246  27.528 0.0000000000
111421  -41.047  -12.724  29.279 0.0000000000
51567  -40.900  -12.135  28.578 0.0000000000
52572  -41.421  -11.397  28.494 0.0000000000
53532  -41.770  -10.717  27.898 0.0000000000
52634  -40.600  -11.179  24.801 0.0000000000
52664  -39.655  -11.102  22.500 0.0000000000
51624  -37.918  -11.820  22.676 0.0000000000
125566  -38.637  -11.304  21.624 0.0000000000
52689  -38.830  -11.078  20.985 0.0000000000
52731  -38.364  -11.153  17.605 0.0000000000
114590  -37.796  -11.359  18.108 0.0000000000
129850  -38.085  -11.107  15.065 0.0000000000
50664  -33.131  -12.727  19.627 0.0000000000
50683  -33.561  -12.599  19.047 0.0000000000
51674  -34.308  -12.523  18.862 0.0000000000
128663  -34.334  -12.525  18.250 0.0000000000
50711  -33.554  -12.725  17.175 0.0000000000
51720  -35.060  -12.464  16.781 0.0000000000
121086  -35.560  -12.419  16.004 0.0000000000
51739  -36.097  -12.202  15.237 0.0000000000
51761  -36.143  -11.781  14.487 0.0000000000
53676  -36.779  -11.100  14.191 0.0000000000
45956  -19.340  -18.098  40.427 0.0000000000
45958  -20.971  -18.766  41.134 0.0000000000
44083  -23.109  -20.018  41.329 0.0000000000
42156  -22.696  -22.397  34.732 0.0000000000
108538  -24.577  -22.470  34.744 0.0000000000
42109  -26.233  -21.751  37.194 0.0000000000
42229  -26.777  -22.179  29.963 0.0000000000
42177  -26.040  -22.462  32.850 0.0000000000
43228  -28.285  -21.237  31.439 0.0000000000
43227  -27.751  -21.689  31.728 0.0000000000
42197  -28.073  -21.792  32.913 0.0000000000
42196  -27.377  -21.977  32.420 0.0000000000
124771  -26.232  -22.388  33.552 0.0000000000
108540  -26.691  -21.997  35.699 0.0000000000
42124  -26.498  -21.858  36.464 0.0000000000
42113  -30.925  -23.109  37.577 0.0000000000
126342  -11.660  -24.466  37.543 0.0000000000
41186  -11.751  -23.839  38.707 0.0000000000
41203  -12.885  -23.034  37.165 0.0000000000
41187  -12.287  -23.336  38.318 0.0000000000
41172  -12.089  -23.133  39.098 0.0000000000
42063  -11.749  -22.891  39.866 0.0000000000
53679  -39.131  -10.014  15.041 0.0000000000
54776  -39.517  -9.200  15.237 0.0000000000
55928  -38.820  -8.552  15.090 0.0000000000
53662  -40.204  -9.267  15.738 0.0000000000
54756  -40.659  -9.361  16.391 0.0000000000
54757  -41.155  -8.799  16.779 0.0000000000
56824  -39.256  -6.525  16.010 0.0000000000
57623  -38.971  -5.605  15.957 0.0000000000
123923  -41.499  -8.386  17.264 0.0000000000
55884  -41.807  -8.437  17.940 0.0000000000
55876  -42.543  -7.872  19.566 0.0000000000
56808  -41.942  -7.178  18.586 0.0000000000
124375  -42.259  -4.128  15.523 0.0000000000
59414  -41.802  -3.701  16.234 0.0000000000
129644  -40.773  -3.156  18.617 0.0000000000
62344  -52.693  -1.392  9.612 0.0000000000
62353  -53.177  -1.213  8.704 0.0000000000
63280  -54.071  -0.993  8.751 0.0000000000
63281  -54.511  -0.669  8.226 0.0000000000
108903  -55.447  -0.344  8.148 0.0000000000
63302  -53.358  -0.618  6.294 0.0000000000
127054  -56.179  0.044  7.681 0.0000000000
64279  -56.183  0.541  6.027 0.0000000000
121885  -56.975  0.825  6.792 0.0000000000
64281  -58.084  1.427  7.055 0.0000000000
64304  -54.826  0.051  2.792 0.0000000000
65264  -57.052  1.653  3.789 0.0000000000
65258  -57.267  1.714  4.632 0.0000000000
65259  -58.168  2.276  4.965 0.0000000000
66262  -59.339  3.001  1.368 0.0000000000
66257  -59.822  3.123  1.651 0.0000000000
34657  -4.823  -30.396  45.872 0.0000000000
37237  -4.788  -27.517  46.149 0.0000000000
37246  -4.507  -27.802  45.744 0.0000000000
37256  -6.495  -26.942  43.692 0.0000000000
38145  -6.104  -25.902  45.128 0.0000000000
38156  -7.942  -25.913  43.279 0.0000000000
39092  -7.515  -25.152  44.541 0.0000000000
39106  -8.866  -25.486  42.280 0.0000000000
39115  -10.075  -24.755  40.792 0.0000000000
39135  -10.816  -25.075  39.155 0.0000000000
40182  -7.252  -23.724  46.465 0.0000000000
42011  -9.995  -22.061  43.453 0.0000000000
43015  -8.698  -21.605  46.606 0.0000000000
111955  -34.894  -12.440  18.254 0.0000000000
123202  -48.917  -2.616  12.425 0.0000000000
128433  -9.455  -22.155  44.537 0.0000000000
128988  -5.268  -25.833  46.342 0.0000000000
129291  -25.385  -22.648  30.223 0.0000000000
