#!ascii label  , from subject sub-v2s15x29730_ses-1 vox2ras=TkReg
802
58364  15.275  -0.886  -41.096 0.2500000000
58363  15.678  -1.264  -41.419 0.2500000000
57457  15.901  -1.989  -41.127 0.7500000000
62046  14.533  1.800  -42.300 0.2500000000
60242  14.738  1.168  -42.138 0.1250000000
123759  14.608  1.798  -42.619 0.3750000000
60233  14.855  0.737  -41.536 0.2500000000
59310  15.233  -0.168  -41.190 0.2500000000
58380  16.072  -0.986  -42.102 0.7500000000
59309  15.511  -0.515  -41.633 0.3750000000
58362  16.304  -1.735  -41.841 0.8750000000
57476  16.919  -2.279  -42.295 0.8750000000
60241  15.374  0.556  -42.680 0.3750000000
59345  15.941  -0.027  -43.239 0.8750000000
59323  15.708  -0.271  -42.416 0.7500000000
58397  17.730  -1.313  -43.570 1.0000000000
58398  16.966  -1.145  -43.317 1.0000000000
59322  16.314  -0.759  -42.901 0.8750000000
58378  17.367  -1.878  -42.984 1.0000000000
58379  16.654  -1.493  -42.607 0.8750000000
57492  18.196  -2.071  -43.268 1.0000000000
112615  14.410  2.365  -42.826 0.2500000000
61177  15.015  1.362  -42.953 0.7500000000
60253  15.744  0.922  -43.542 0.8750000000
60252  16.433  0.302  -43.849 0.8750000000
59342  18.031  -0.674  -44.026 1.0000000000
59343  17.328  -0.616  -43.823 1.0000000000
59365  16.971  -0.076  -44.028 1.0000000000
58395  19.382  -1.083  -43.765 1.0000000000
58396  18.537  -1.300  -43.697 1.0000000000
62027  14.098  2.910  -41.607 0.1250000000
61187  14.788  2.046  -43.176 0.6250000000
61198  16.379  0.963  -44.116 1.0000000000
126036  15.316  1.684  -43.517 0.8750000000
59362  19.731  -0.344  -44.260 1.0000000000
59363  18.321  -0.048  -44.471 1.0000000000
59364  17.536  -0.065  -44.269 1.0000000000
60272  16.957  0.500  -44.312 1.0000000000
58406  18.834  -0.587  -44.150 1.0000000000
59340  21.013  -0.724  -43.775 1.0000000000
120736  19.914  -1.487  -43.514 1.0000000000
65925  13.759  7.094  -45.190 0.2500000000
62066  14.138  3.120  -43.196 0.2500000000
63031  14.274  3.463  -43.668 0.3750000000
62065  14.537  2.711  -43.409 0.5000000000
62081  15.553  2.674  -44.370 1.0000000000
62082  14.855  3.037  -44.072 0.6250000000
117504  15.924  1.764  -44.085 1.0000000000
61217  17.652  1.585  -44.973 1.0000000000
61197  16.841  1.406  -44.580 1.0000000000
128592  19.752  0.177  -44.602 1.0000000000
112809  19.174  0.033  -44.602 1.0000000000
60290  18.385  1.302  -45.041 1.0000000000
60287  20.490  1.091  -45.091 1.0000000000
59360  21.120  -0.068  -44.313 1.0000000000
60268  21.046  0.801  -44.791 1.0000000000
116104  21.853  0.256  -44.356 1.0000000000
64973  14.074  6.205  -45.351 0.5000000000
64963  13.485  6.338  -44.773 0.3750000000
64024  13.570  5.201  -44.463 0.3750000000
63045  13.944  4.269  -44.047 0.5000000000
64023  14.122  4.646  -44.790 0.5000000000
62106  15.920  3.203  -44.890 0.8750000000
63067  16.224  3.713  -45.521 1.0000000000
127991  18.135  1.730  -45.256 1.0000000000
125347  17.247  2.783  -45.531 1.0000000000
60288  20.146  1.436  -45.471 1.0000000000
60289  19.302  1.293  -45.253 1.0000000000
60286  21.269  1.434  -45.324 1.0000000000
127245  20.840  1.299  -45.231 1.0000000000
117635  21.748  0.890  -44.784 0.8750000000
65924  14.491  6.809  -45.678 0.5000000000
64037  14.498  5.145  -45.355 0.5000000000
64036  15.226  5.149  -45.726 0.6250000000
124341  16.243  4.915  -46.532 0.6250000000
63096  16.558  4.235  -46.209 1.0000000000
63068  15.491  3.911  -45.237 0.7500000000
62120  16.952  3.455  -45.855 1.0000000000
62116  21.111  3.119  -46.490 1.0000000000
62118  20.390  2.944  -46.521 1.0000000000
61228  19.461  2.494  -46.220 1.0000000000
62119  18.497  2.539  -45.980 1.0000000000
62101  21.326  2.573  -46.037 1.0000000000
128703  20.767  2.213  -45.983 1.0000000000
61216  19.839  1.855  -45.828 1.0000000000
62100  22.085  2.470  -45.764 0.8750000000
61214  21.007  2.070  -45.886 1.0000000000
61212  22.621  1.743  -45.468 0.8750000000
64987  15.694  5.552  -46.381 0.5000000000
64056  16.561  5.579  -46.950 0.8750000000
64072  19.332  4.692  -47.575 1.0000000000
124149  18.524  4.482  -47.323 1.0000000000
63091  21.077  3.701  -46.905 1.0000000000
63110  20.134  3.808  -47.044 1.0000000000
63094  18.702  3.083  -46.459 1.0000000000
64986  21.637  5.111  -46.882 1.0000000000
63066  22.517  3.018  -45.732 1.0000000000
62115  21.686  3.202  -46.189 1.0000000000
64054  21.426  4.425  -46.904 1.0000000000
125495  22.242  3.594  -46.010 1.0000000000
116308  15.364  6.497  -46.280 0.5000000000
65002  16.946  6.177  -47.445 0.8750000000
64074  17.235  5.541  -47.375 1.0000000000
65013  19.591  5.996  -48.427 1.0000000000
113657  18.346  5.233  -47.701 1.0000000000
124098  17.779  5.590  -47.646 1.0000000000
116980  21.775  6.143  -47.025 1.0000000000
108815  21.235  5.982  -47.632 1.0000000000
64995  22.416  5.997  -46.591 1.0000000000
64996  21.576  5.713  -47.055 1.0000000000
64997  21.305  5.290  -47.236 1.0000000000
64052  22.868  4.823  -46.006 1.0000000000
64985  22.256  5.335  -46.572 1.0000000000
63088  23.443  4.149  -45.746 0.8750000000
68649  18.070  9.513  -49.262 1.0000000000
67772  16.222  9.100  -48.264 0.3750000000
66917  19.649  7.345  -49.105 1.0000000000
116014  21.665  6.564  -47.402 1.0000000000
65959  21.180  6.561  -48.124 1.0000000000
69496  17.625  10.504  -49.670 0.8750000000
69495  18.569  10.118  -49.627 1.0000000000
68648  19.166  9.467  -49.491 1.0000000000
67769  18.979  8.726  -49.279 1.0000000000
66916  20.600  7.542  -49.147 1.0000000000
66904  21.421  7.302  -47.821 1.0000000000
67755  21.868  8.242  -47.542 1.0000000000
66903  22.229  7.368  -47.164 1.0000000000
70339  17.484  11.405  -50.038 0.7500000000
69494  19.512  10.225  -49.375 1.0000000000
68647  20.078  9.332  -49.361 1.0000000000
68635  22.497  9.168  -47.440 1.0000000000
68636  21.526  9.017  -48.225 1.0000000000
67756  21.243  8.015  -48.201 1.0000000000
115558  20.263  10.716  -49.018 1.0000000000
69493  20.622  9.977  -49.094 1.0000000000
122570  21.538  9.940  -48.837 1.0000000000
74591  17.491  17.430  -48.330 0.1250000000
75480  17.905  18.098  -48.529 0.1250000000
73706  17.738  16.187  -50.649 0.2500000000
74594  16.812  17.189  -50.008 0.1250000000
74601  18.273  16.350  -50.790 0.3750000000
75493  17.586  17.479  -51.012 0.2500000000
74600  19.899  16.226  -50.945 0.5000000000
75492  18.459  16.756  -51.220 0.2500000000
74607  19.943  16.759  -51.324 0.3750000000
75489  17.245  17.889  -49.965 0.2500000000
75501  18.717  17.445  -51.436 0.2500000000
76417  17.917  18.224  -51.022 0.2500000000
110893  18.594  18.913  -50.983 0.2500000000
76426  19.448  18.104  -52.043 0.2500000000
76427  18.601  18.301  -51.545 0.2500000000
75500  20.261  17.325  -51.854 0.3750000000
59297  14.817  -0.122  -39.952 0.1250000000
60232  15.266  0.290  -41.825 0.2500000000
57490  20.184  -2.093  -43.186 1.0000000000
64055  16.900  4.825  -46.883 0.8750000000
115148  20.631  5.111  -47.777 1.0000000000
58352  15.417  -1.714  -40.380 0.1250000000
57456  16.463  -2.526  -41.540 0.6250000000
57455  17.170  -2.990  -41.861 0.7500000000
61160  14.677  1.246  -41.872 0.1250000000
56532  17.833  -3.347  -41.996 1.0000000000
57474  18.722  -2.730  -42.762 1.0000000000
57489  21.132  -2.102  -43.113 1.0000000000
63017  13.368  3.818  -42.101 0.3750000000
64964  13.368  5.781  -44.232 0.2500000000
64012  13.525  4.770  -43.895 0.2500000000
59359  22.618  -0.173  -44.108 0.8750000000
62099  23.010  2.264  -45.595 0.8750000000
61196  23.144  1.057  -44.955 0.8750000000
109970  23.440  2.858  -45.511 0.8750000000
68637  15.836  9.191  -47.732 0.1250000000
65962  16.666  6.824  -47.462 0.3750000000
65961  17.291  6.602  -47.864 0.6250000000
64984  23.373  5.695  -45.960 1.0000000000
119140  22.969  3.556  -45.708 0.8750000000
69497  16.788  9.943  -48.916 0.5000000000
68650  17.284  9.070  -48.655 0.3750000000
109152  17.931  7.594  -48.704 0.8750000000
65957  22.641  6.645  -46.833 1.0000000000
125627  23.952  7.887  -46.465 1.0000000000
67753  23.660  8.396  -46.658 1.0000000000
114733  18.452  10.899  -49.799 1.0000000000
70349  18.464  11.885  -50.038 0.8750000000
127037  20.253  12.202  -48.842 1.0000000000
114676  21.165  10.698  -48.811 1.0000000000
116311  22.300  10.106  -48.003 1.0000000000
75465  18.511  18.067  -47.089 0.1250000000
74595  16.788  16.677  -49.460 0.1250000000
73697  18.352  15.282  -50.919 0.6250000000
73705  19.058  15.690  -50.884 0.6250000000
128833  20.687  16.120  -50.630 0.5000000000
74606  21.173  16.850  -51.278 0.5000000000
76409  17.903  18.584  -49.970 0.2500000000
115236  18.802  19.208  -51.623 0.2500000000
76433  19.858  18.755  -53.188 0.2500000000
75510  20.556  17.947  -52.611 0.3750000000
58353  15.171  -1.030  -40.757 0.1250000000
113871  15.433  -1.487  -40.798 0.3750000000
57475  17.792  -2.691  -42.506 1.0000000000
59344  16.646  -0.412  -43.552 1.0000000000
57491  19.182  -1.986  -43.343 1.0000000000
62064  15.146  2.304  -43.789 0.8750000000
59361  20.486  -0.340  -44.168 1.0000000000
110771  17.753  0.732  -44.635 1.0000000000
59341  20.193  -0.877  -43.784 1.0000000000
58394  20.669  -1.436  -43.474 1.0000000000
63032  13.868  3.896  -43.510 0.3750000000
63044  14.557  3.823  -44.377 0.5000000000
63043  15.182  3.448  -44.683 0.8750000000
62080  16.325  2.361  -44.678 1.0000000000
61218  17.088  2.222  -45.036 1.0000000000
60269  20.350  0.300  -44.615 1.0000000000
60270  19.732  0.705  -44.918 1.0000000000
60271  18.775  0.646  -44.803 1.0000000000
60285  22.167  1.269  -45.111 1.0000000000
115405  15.178  4.558  -45.415 0.6250000000
62105  16.617  2.946  -45.235 1.0000000000
63095  17.340  4.028  -46.536 1.0000000000
62103  18.786  1.906  -45.560 1.0000000000
62104  17.863  2.252  -45.479 1.0000000000
123294  20.723  1.681  -45.620 1.0000000000
61213  21.707  1.906  -45.660 0.8750000000
109531  22.671  0.496  -44.536 0.8750000000
63112  18.264  3.836  -46.798 1.0000000000
63090  21.829  3.930  -46.471 1.0000000000
61226  20.710  2.528  -46.205 1.0000000000
63093  19.475  3.266  -46.681 1.0000000000
63092  20.778  3.462  -46.812 1.0000000000
64999  19.907  5.224  -48.038 1.0000000000
64073  17.723  4.767  -47.248 1.0000000000
64071  20.380  4.560  -47.475 1.0000000000
63111  19.100  3.911  -47.076 1.0000000000
63109  20.818  3.955  -47.165 1.0000000000
125069  18.873  3.514  -46.750 1.0000000000
64070  21.000  4.646  -47.275 1.0000000000
64053  22.063  4.614  -46.528 1.0000000000
63089  22.524  4.139  -46.084 1.0000000000
65003  16.232  6.291  -46.916 0.6250000000
118686  18.113  5.965  -47.948 1.0000000000
65000  18.907  5.614  -48.066 1.0000000000
121420  18.428  6.402  -48.465 1.0000000000
65012  20.481  5.741  -48.165 1.0000000000
65978  19.515  6.660  -48.754 1.0000000000
65976  20.942  6.855  -48.773 1.0000000000
65960  20.982  6.271  -48.180 1.0000000000
65958  21.359  6.121  -47.525 1.0000000000
67770  18.081  8.512  -48.806 1.0000000000
115220  20.338  6.936  -48.961 1.0000000000
66918  18.651  7.081  -48.836 1.0000000000
109992  19.760  8.133  -49.347 1.0000000000
66905  21.076  7.268  -48.769 1.0000000000
109151  19.732  8.834  -49.455 1.0000000000
67767  20.896  8.184  -48.898 1.0000000000
67768  20.375  8.503  -49.315 1.0000000000
67754  22.753  8.370  -46.868 1.0000000000
68646  20.820  9.180  -48.963 1.0000000000
70337  20.424  11.652  -48.748 1.0000000000
70338  19.445  11.286  -49.308 1.0000000000
74592  17.348  16.648  -48.132 0.1250000000
115997  17.304  17.044  -50.849 0.2500000000
76434  19.121  19.015  -52.375 0.2500000000
58324  15.717  -1.585  -39.070 0.1250000000
57427  15.581  -2.473  -40.072 0.1250000000
57439  15.965  -2.795  -40.830 0.6250000000
56518  16.594  -3.303  -41.180 0.7500000000
56531  18.411  -3.369  -42.256 1.0000000000
67757  16.057  8.585  -47.798 0.5000000000
65014  17.767  6.391  -48.112 0.8750000000
66906  17.007  7.191  -47.961 0.7500000000
65979  17.576  6.784  -48.310 0.8750000000
67771  17.177  8.258  -48.453 0.7500000000
66919  17.328  7.371  -48.366 0.8750000000
107746  18.831  7.859  -49.056 1.0000000000
71192  19.623  12.098  -49.209 1.0000000000
71190  20.857  12.300  -48.687 1.0000000000
69492  21.981  10.762  -48.429 1.0000000000
73692  16.592  16.043  -49.202 0.3750000000
72875  19.762  14.861  -50.567 0.7500000000
73704  20.142  15.777  -50.637 0.7500000000
75520  20.339  18.178  -54.033 0.2500000000
75509  21.173  17.484  -53.349 0.3750000000
53713  19.392  -6.674  -39.837 0.7500000000
52757  20.923  -7.342  -40.140 0.7500000000
53714  18.606  -6.525  -39.345 0.7500000000
121469  18.222  -5.868  -39.609 0.7500000000
53729  20.280  -6.578  -40.378 0.7500000000
53730  19.384  -6.005  -40.290 0.7500000000
53731  18.627  -5.585  -40.214 0.7500000000
54650  20.904  -5.957  -40.902 0.7500000000
54651  20.005  -5.620  -40.710 0.7500000000
54652  19.190  -5.231  -40.639 0.7500000000
56503  17.014  -3.975  -40.761 0.7500000000
123611  19.049  -4.636  -40.990 0.7500000000
55609  18.587  -4.280  -41.378 0.8750000000
55610  17.857  -4.214  -41.104 0.8750000000
54663  21.442  -5.400  -41.379 0.7500000000
54664  20.531  -5.147  -41.186 0.7500000000
55608  20.095  -4.503  -41.592 0.7500000000
56515  18.830  -3.917  -41.963 0.8750000000
55607  21.030  -4.649  -41.646 0.7500000000
55620  19.603  -3.979  -42.035 0.8750000000
56530  19.165  -3.417  -42.399 0.8750000000
56528  21.055  -3.424  -42.391 0.7500000000
56529  20.062  -3.410  -42.385 0.8750000000
57472  20.611  -2.747  -42.729 0.8750000000
57470  22.531  -2.947  -42.781 0.8750000000
57471  21.596  -2.796  -42.702 0.8750000000
57488  22.156  -2.194  -43.085 0.8750000000
58393  21.608  -1.394  -43.414 0.8750000000
125631  24.510  -1.372  -43.911 0.3750000000
58391  23.818  -1.673  -43.570 0.6250000000
59338  23.100  -0.807  -43.742 0.7500000000
59339  21.998  -0.552  -43.772 0.7500000000
59336  25.299  -1.479  -44.102 0.5000000000
59357  24.506  -0.630  -44.231 0.7500000000
59358  23.454  -0.293  -44.169 0.7500000000
59355  26.309  -0.690  -44.436 0.1250000000
60265  25.707  0.076  -44.486 0.3750000000
60266  24.784  0.062  -44.596 0.6250000000
60267  23.798  0.249  -44.589 0.6250000000
61195  24.111  0.855  -44.911 0.6250000000
60263  27.489  0.289  -44.553 0.1250000000
60284  27.199  0.312  -44.786 0.1250000000
61193  25.893  0.790  -44.749 0.1250000000
61208  26.717  0.756  -45.029 0.1250000000
61209  25.242  1.463  -45.022 0.6250000000
124150  24.629  1.965  -45.267 0.6250000000
62098  23.893  2.080  -45.424 0.7500000000
117250  27.363  0.649  -45.400 0.1250000000
62095  27.881  1.615  -46.089 0.1250000000
62096  26.472  2.308  -45.283 0.1250000000
125416  25.886  3.023  -45.209 0.5000000000
117226  24.352  2.642  -45.336 0.6250000000
63065  23.940  3.414  -45.500 0.7500000000
60283  27.813  0.477  -45.315 0.1250000000
63063  26.819  3.271  -45.385 0.5000000000
115700  25.850  3.897  -45.430 0.5000000000
64035  24.563  4.030  -45.590 0.7500000000
70350  17.395  12.356  -50.178 0.6250000000
72032  17.201  13.322  -50.310 0.5000000000
119745  18.102  12.704  -50.339 0.7500000000
64971  26.046  5.447  -45.452 0.6250000000
64982  25.785  6.264  -45.675 0.6250000000
64981  26.768  6.010  -45.720 0.5000000000
65938  26.830  6.862  -45.922 0.6250000000
64983  24.538  6.466  -45.796 0.7500000000
65940  23.536  6.501  -46.356 0.8750000000
113297  23.475  9.108  -47.042 0.8750000000
114032  24.616  7.148  -46.147 0.7500000000
67743  24.526  8.418  -46.580 0.8750000000
115962  24.262  8.941  -46.843 0.8750000000
68633  24.371  9.753  -47.048 0.8750000000
68634  23.294  9.946  -47.321 0.8750000000
65937  27.506  6.101  -46.290 0.3750000000
66887  27.265  7.093  -46.678 0.5000000000
66889  25.584  7.765  -46.247 0.6250000000
65011  27.795  5.694  -48.250 0.2500000000
65955  27.630  6.461  -47.315 0.3750000000
66888  26.568  7.554  -46.384 0.5000000000
117238  18.416  13.360  -50.440 0.6250000000
71205  19.512  13.358  -50.161 0.7500000000
71206  19.046  12.640  -50.125 0.8750000000
71191  20.131  12.732  -49.366 0.8750000000
69481  22.678  10.885  -47.966 0.8750000000
70323  23.523  11.360  -47.718 0.7500000000
69480  23.986  10.673  -47.332 0.8750000000
67742  25.376  8.369  -46.571 0.6250000000
68621  25.870  8.915  -46.955 0.7500000000
66900  27.284  7.307  -47.636 0.3750000000
66901  26.840  7.801  -47.169 0.5000000000
69477  26.080  10.062  -47.880 0.7500000000
65975  27.518  6.562  -48.416 0.2500000000
72031  17.643  14.054  -50.477 0.6250000000
71189  21.903  12.482  -48.694 0.8750000000
72016  22.203  13.292  -48.873 0.7500000000
70335  23.247  12.115  -48.150 0.8750000000
70322  24.484  11.321  -47.584 0.7500000000
68631  26.154  9.295  -47.531 0.5000000000
67765  26.903  8.119  -49.084 0.2500000000
66915  26.925  8.175  -48.003 0.5000000000
72876  17.137  15.034  -50.386 0.5000000000
72030  18.823  14.226  -50.607 0.5000000000
72874  20.707  14.271  -49.930 0.7500000000
72029  21.463  13.784  -49.373 0.7500000000
72873  21.673  14.518  -49.684 0.7500000000
72028  22.605  14.086  -49.285 0.7500000000
72015  23.230  13.408  -48.864 0.7500000000
72872  22.522  14.726  -49.755 0.7500000000
71187  23.888  12.759  -48.492 0.7500000000
71186  24.840  12.295  -48.500 0.7500000000
71204  24.631  12.873  -49.155 0.7500000000
70347  26.149  10.962  -49.104 0.5000000000
70333  25.547  11.651  -48.579 0.6250000000
67780  26.610  8.699  -49.567 0.2500000000
68658  26.481  9.460  -49.085 0.3750000000
69504  26.300  10.151  -49.615 0.3750000000
73695  21.952  15.182  -50.063 0.7500000000
113278  23.346  14.556  -49.817 0.7500000000
127667  24.537  13.931  -50.175 0.7500000000
71216  25.033  12.908  -49.880 0.6250000000
111700  25.680  10.732  -50.902 0.3750000000
106762  25.595  12.351  -50.114 0.3750000000
67787  26.575  8.393  -50.634 0.1250000000
68675  25.925  9.288  -51.750 0.1250000000
69513  26.152  10.018  -50.753 0.2500000000
73696  20.928  15.042  -50.191 0.6250000000
72884  22.901  15.129  -50.230 0.6250000000
72871  24.163  14.233  -50.036 0.7500000000
71215  25.074  12.831  -50.656 0.3750000000
72041  24.760  13.507  -50.357 0.3750000000
72026  24.465  13.563  -49.706 0.7500000000
70367  25.335  11.139  -51.736 0.2500000000
70359  25.707  11.486  -50.525 0.3750000000
71203  25.398  12.357  -49.308 0.6250000000
67804  25.487  8.240  -52.789 0.1250000000
68676  25.306  9.336  -52.725 0.1250000000
67795  26.186  8.382  -51.672 0.1250000000
73703  21.277  15.822  -50.469 0.6250000000
73701  23.192  15.481  -50.931 0.3750000000
73702  22.331  15.677  -50.593 0.3750000000
72892  24.176  14.697  -51.295 0.3750000000
71224  24.469  12.717  -52.336 0.2500000000
72882  24.471  14.190  -50.730 0.3750000000
69530  24.971  10.199  -52.841 0.1250000000
109387  25.389  12.151  -51.044 0.3750000000
119045  24.892  7.509  -54.229 0.1250000000
75499  21.441  17.249  -52.103 0.3750000000
74599  20.899  16.411  -50.789 0.3750000000
73711  23.386  15.703  -51.823 0.3750000000
73712  22.640  16.058  -51.229 0.3750000000
72901  24.099  14.145  -52.511 0.3750000000
72893  24.027  14.937  -52.092 0.3750000000
117097  23.798  15.181  -51.343 0.3750000000
72066  23.865  13.234  -52.955 0.3750000000
114332  24.366  14.211  -51.646 0.3750000000
110918  22.683  9.692  -55.496 0.1250000000
70375  24.439  11.007  -52.972 0.1250000000
116315  24.249  11.783  -53.026 0.2500000000
68693  24.286  8.053  -54.770 0.1250000000
74619  22.328  16.312  -53.518 0.2500000000
74618  22.825  15.655  -53.418 0.2500000000
74610  22.885  16.023  -52.564 0.3750000000
74604  22.715  16.252  -51.849 0.3750000000
72909  22.777  14.030  -54.422 0.1250000000
72902  23.603  14.609  -53.121 0.3750000000
73720  23.419  15.376  -52.789 0.3750000000
72067  22.928  12.973  -54.309 0.1250000000
72908  23.551  13.826  -53.396 0.2500000000
70382  21.807  10.550  -55.880 0.1250000000
71237  23.610  12.235  -53.611 0.1250000000
74612  21.877  16.994  -53.007 0.3750000000
74611  22.299  16.643  -52.344 0.3750000000
73737  22.043  14.556  -55.319 0.1250000000
72074  21.954  13.187  -55.437 0.1250000000
70390  21.429  10.596  -57.034 0.1250000000
72075  21.555  12.733  -56.270 0.1250000000
74628  21.052  15.408  -56.192 0.1250000000
72918  21.887  13.526  -56.379 0.1250000000
73738  21.705  14.510  -56.580 0.1250000000
72080  22.325  12.590  -56.681 0.1250000000
70394  21.607  10.875  -57.293 0.1250000000
57487  23.281  -2.542  -43.192 0.6250000000
123009  26.352  4.752  -45.313 0.6250000000
66890  24.678  7.783  -46.343 0.8750000000
67752  26.424  8.536  -47.394 0.5000000000
72017  21.185  13.029  -49.095 0.8750000000
118818  20.476  13.511  -49.677 0.7500000000
71188  22.830  12.722  -48.532 0.7500000000
70334  24.200  12.000  -47.958 0.7500000000
68645  26.395  9.467  -48.219 0.5000000000
69490  26.344  10.204  -48.661 0.5000000000
69478  25.527  10.514  -47.663 0.7500000000
67766  26.580  8.788  -48.621 0.5000000000
73729  22.907  14.975  -53.866 0.2500000000
72917  21.696  13.684  -55.938 0.1250000000
71249  21.490  11.583  -57.038 0.1250000000
61194  25.019  0.775  -44.812 0.5000000000
61210  24.403  1.456  -45.136 0.6250000000
61211  23.541  1.580  -45.294 0.7500000000
64033  27.059  4.239  -45.406 0.3750000000
64970  27.255  5.209  -45.536 0.3750000000
119295  27.947  5.504  -47.168 0.2500000000
69479  24.854  10.601  -47.367 0.7500000000
71238  22.047  11.629  -54.967 0.1250000000
52723  20.064  -8.027  -39.259 0.7500000000
52742  19.149  -7.357  -39.209 0.7500000000
53715  17.791  -6.215  -38.985 0.7500000000
52740  20.683  -7.832  -39.748 0.7500000000
53712  21.753  -7.206  -40.086 0.7500000000
55594  16.630  -4.342  -39.982 0.6250000000
54653  18.371  -4.830  -40.683 0.7500000000
53741  21.838  -6.126  -41.066 0.6250000000
55606  21.962  -4.855  -41.881 0.6250000000
56527  22.024  -3.495  -42.461 0.6250000000
113940  23.209  -3.285  -42.948 0.5000000000
57486  24.231  -2.649  -43.446 0.3750000000
58389  25.280  -2.090  -43.735 0.1250000000
127295  26.549  -0.879  -44.341 0.1250000000
122275  26.857  -0.259  -44.279 0.1250000000
60282  28.398  0.435  -45.891 0.1250000000
61206  28.312  0.683  -46.468 0.1250000000
62113  28.186  1.698  -46.810 0.1250000000
62114  27.809  2.710  -46.134 0.1250000000
63087  27.817  3.596  -46.295 0.1250000000
64049  27.926  4.286  -46.499 0.2500000000
64980  27.888  5.083  -46.244 0.2500000000
72018  16.884  14.279  -49.684 0.5000000000
65021  27.597  5.445  -50.057 0.1250000000
110642  27.733  5.851  -49.127 0.2500000000
108771  27.161  6.843  -50.382 0.1250000000
66945  26.443  7.348  -51.604 0.1250000000
126904  25.839  7.486  -52.455 0.1250000000
121576  25.527  7.036  -53.693 0.1250000000
67810  24.672  7.457  -55.187 0.1250000000
121812  25.295  6.870  -55.051 0.1250000000
68697  23.215  8.555  -56.347 0.1250000000
70392  24.183  10.127  -55.984 0.1250000000
76397  18.464  18.830  -48.710 0.1250000000
74620  21.543  16.836  -54.163 0.2500000000
74629  20.710  16.465  -55.908 0.1250000000
75538  19.011  16.172  -57.881 0.1250000000
74634  21.010  15.246  -57.191 0.1250000000
72081  21.743  12.481  -56.529 0.1250000000
70393  22.808  10.523  -57.008 0.1250000000
64050  24.783  5.591  -45.505 0.7500000000
64051  24.006  4.911  -45.528 0.7500000000
111820  16.671  10.945  -49.402 0.3750000000
56517  17.463  -3.636  -41.458 0.7500000000
56516  18.178  -3.824  -41.739 0.8750000000
57473  19.662  -2.713  -42.751 0.8750000000
65956  23.804  7.202  -46.482 0.8750000000
70336  21.657  11.578  -48.565 0.8750000000
124138  23.173  10.625  -47.615 0.8750000000
127682  18.865  -6.123  -39.856 0.7500000000
52741  20.076  -7.342  -39.803 0.7500000000
53728  21.323  -6.683  -40.565 0.7500000000
54640  17.426  -5.579  -39.315 0.7500000000
54639  17.819  -5.304  -40.059 0.7500000000
54665  19.708  -4.843  -41.041 0.7500000000
55593  17.431  -4.647  -40.425 0.7500000000
109187  19.279  -4.352  -41.560 0.8750000000
55619  20.525  -4.048  -42.057 0.7500000000
55618  21.539  -4.118  -42.122 0.7500000000
122531  22.785  -3.599  -42.688 0.6250000000
58392  22.676  -1.476  -43.386 0.7500000000
58390  24.750  -2.055  -43.721 0.2500000000
59337  23.915  -0.915  -43.852 0.7500000000
59356  25.518  -0.755  -44.461 0.2500000000
59335  26.121  -1.212  -44.331 0.1250000000
60264  26.499  0.173  -44.485 0.2500000000
117344  26.126  1.503  -45.055 0.5000000000
108654  27.105  1.307  -45.573 0.1250000000
62097  25.367  2.300  -45.178 0.5000000000
61207  27.807  0.731  -45.882 0.1250000000
114316  27.411  2.529  -45.668 0.1250000000
63064  24.972  3.228  -45.299 0.6250000000
63062  27.473  3.528  -45.755 0.1250000000
64034  25.234  4.782  -45.391 0.6250000000
65939  25.724  7.130  -45.871 0.6250000000
68632  25.452  9.760  -47.298 0.7500000000
67741  26.156  8.140  -46.820 0.5000000000
107034  19.900  13.983  -50.306 0.6250000000
116181  22.444  12.058  -48.465 0.7500000000
69491  25.888  10.807  -48.231 0.6250000000
116770  24.908  11.761  -47.963 0.7500000000
123431  26.508  8.867  -47.896 0.5000000000
66936  26.865  7.490  -50.567 0.1250000000
66914  27.253  7.398  -48.707 0.2500000000
65988  27.397  6.511  -49.603 0.1250000000
72027  23.699  13.935  -49.392 0.7500000000
69505  26.046  10.868  -50.065 0.3750000000
70348  25.911  11.731  -49.576 0.3750000000
68667  26.402  9.319  -50.089 0.1250000000
72883  23.774  14.830  -50.590 0.3750000000
122320  26.421  9.168  -51.009 0.1250000000
69521  25.666  10.199  -51.795 0.1250000000
126696  24.993  12.656  -51.464 0.3750000000
72049  24.737  13.421  -51.292 0.3750000000
68684  24.861  8.457  -53.604 0.1250000000
74598  21.758  16.332  -50.873 0.3750000000
71223  24.945  11.963  -52.085 0.2500000000
68685  24.406  9.063  -53.900 0.1250000000
69531  23.880  9.960  -54.110 0.1250000000
74605  22.065  16.649  -51.515 0.3750000000
72057  24.406  13.576  -52.111 0.3750000000
69539  23.419  8.724  -55.353 0.1250000000
69546  22.161  9.736  -56.637 0.1250000000
68698  22.710  8.962  -56.988 0.1250000000
119639  23.243  10.977  -54.217 0.1250000000
67811  23.990  7.964  -55.830 0.1250000000
73730  22.133  15.443  -54.684 0.2500000000
122442  21.271  11.289  -56.458 0.1250000000
70391  21.199  11.177  -57.147 0.1250000000
107535  21.727  16.168  -54.784 0.1250000000
123930  21.454  14.890  -56.170 0.1250000000
69550  22.279  10.017  -56.917 0.1250000000
123500  21.574  12.254  -55.820 0.1250000000
74635  20.077  15.706  -57.429 0.1250000000
112400  19.282  -8.102  -38.913 0.7500000000
53696  18.100  -6.993  -38.655 0.7500000000
52724  18.561  -7.844  -38.618 0.7500000000
55617  22.563  -4.208  -42.325 0.6250000000
123571  27.959  2.803  -46.736 0.1250000000
107290  28.163  2.246  -47.515 0.1250000000
68699  23.421  8.649  -56.618 0.1250000000
69549  23.078  9.221  -57.106 0.1250000000
121206  17.845  -7.621  -38.225 0.7500000000
54626  16.992  -5.875  -38.602 0.5000000000
51733  20.327  -9.198  -38.372 0.6250000000
51751  20.649  -8.692  -38.989 0.6250000000
51750  21.582  -8.241  -38.970 0.3750000000
52739  21.333  -7.819  -39.720 0.6250000000
53711  22.579  -6.988  -39.900 0.2500000000
57469  23.806  -3.250  -43.119 0.3750000000
73698  17.267  15.942  -50.242 0.2500000000
51752  19.746  -8.770  -38.845 0.6250000000
53727  22.240  -6.657  -40.573 0.5000000000
54662  22.327  -5.505  -41.479 0.5000000000
55605  22.802  -4.890  -41.870 0.3750000000
51749  22.160  -8.445  -38.122 0.5000000000
50679  20.007  -9.586  -37.685 0.6250000000
53683  17.201  -7.116  -38.043 0.3750000000
51734  19.454  -9.204  -38.203 0.6250000000
107448  21.869  -8.919  -37.326 0.3750000000
106586  21.276  -8.835  -38.247 0.5000000000
54627  16.355  -5.449  -38.230 0.2500000000
52710  22.812  -7.875  -37.807 0.3750000000
53710  23.364  -6.656  -39.612 0.2500000000
53695  22.913  -7.232  -39.146 0.2500000000
53726  23.077  -6.456  -40.396 0.2500000000
54661  23.140  -5.431  -41.401 0.3750000000
55604  23.516  -4.770  -41.709 0.2500000000
56526  23.392  -3.831  -42.673 0.2500000000
56525  24.045  -3.629  -42.757 0.2500000000
64935  12.585  5.705  -42.013 0.1250000000
57485  24.874  -2.580  -43.470 0.2500000000
66920  16.621  8.008  -48.065 0.3750000000
65941  15.899  7.022  -46.803 0.2500000000
72868  16.576  15.248  -48.870 0.2500000000
65908  13.341  6.536  -44.516 0.1250000000
63996  12.972  4.622  -42.266 0.2500000000
56505  15.716  -2.858  -40.209 0.2500000000
53697  17.251  -6.553  -38.450 0.5000000000
51764  20.886  -8.245  -39.443 0.6250000000
57468  24.424  -3.120  -43.084 0.2500000000
54641  16.684  -5.209  -38.952 0.3750000000
55581  17.038  -4.981  -39.696 0.3750000000
56504  16.182  -3.515  -40.263 0.2500000000
51753  18.935  -8.604  -38.491 0.6250000000
55582  16.523  -4.641  -39.287 0.3750000000
55616  23.258  -4.421  -42.223 0.2500000000
52738  22.113  -7.598  -39.467 0.2500000000
52722  22.466  -7.784  -38.630 0.2500000000
54649  22.706  -6.057  -41.004 0.3750000000
111712  22.532  -8.390  -37.410 0.3750000000
50678  20.903  -9.358  -37.618 0.5000000000
54648  23.472  -5.795  -40.773 0.2500000000
124653  13.429  5.209  -41.820 0.1250000000
50664  18.844  -9.895  -36.829 0.5000000000
50662  21.263  -9.470  -36.743 0.2500000000
50643  20.575  -9.994  -36.268 0.3750000000
117747  20.491  -9.690  -37.055 0.5000000000
50680  19.179  -9.522  -37.459 0.5000000000
50665  18.182  -9.504  -36.376 0.3750000000
51719  17.768  -8.449  -37.175 0.5000000000
51735  18.642  -8.890  -37.752 0.5000000000
50681  18.453  -9.170  -37.011 0.5000000000
52712  17.382  -7.727  -37.612 0.3750000000
52711  18.156  -8.234  -38.023 0.5000000000
125671  17.346  -10.022  -35.002 0.1250000000
50644  17.799  -9.924  -35.685 0.3750000000
125056  17.379  -11.341  -34.633 0.1250000000
49512  17.562  -10.672  -35.221 0.2500000000
49511  18.391  -10.688  -35.772 0.3750000000
50642  21.525  -9.661  -35.845 0.2500000000
49509  20.184  -10.558  -35.635 0.3750000000
49528  19.753  -10.399  -36.261 0.5000000000
49495  17.131  -10.493  -34.548 0.1250000000
49529  19.074  -10.375  -36.361 0.3750000000
50646  17.425  -8.781  -34.793 0.1250000000
51721  17.040  -7.582  -36.127 0.1250000000
64048  28.073  4.570  -47.213 0.1250000000
52713  16.741  -7.105  -37.267 0.2500000000
128767  16.615  -6.374  -37.817 0.2500000000
50661  22.095  -9.151  -36.331 0.2500000000
50663  19.699  -10.000  -36.920 0.5000000000
121511  17.878  -8.885  -36.523 0.5000000000
49530  18.453  -10.126  -36.244 0.3750000000
50666  17.687  -8.998  -35.858 0.2500000000
51720  17.368  -8.313  -36.279 0.1250000000
50630  17.279  -9.617  -34.421 0.1250000000
50645  17.427  -9.259  -35.143 0.1250000000
52700  17.010  -7.655  -36.813 0.1250000000
48557  16.863  -11.008  -34.021 0.1250000000
51706  17.381  -8.400  -35.471 0.1250000000
48573  18.009  -11.215  -35.223 0.2500000000
48571  19.736  -11.029  -35.084 0.2500000000
56492  16.220  -4.005  -39.292 0.2500000000
49508  21.024  -10.217  -35.363 0.2500000000
48556  18.285  -11.786  -34.685 0.1250000000
49510  19.333  -10.785  -35.794 0.2500000000
48572  18.829  -11.288  -35.306 0.2500000000
48555  19.322  -11.619  -34.619 0.1250000000
70340  16.576  11.984  -49.456 0.1250000000
71207  16.660  12.855  -49.871 0.1250000000
71193  16.359  12.942  -48.658 0.1250000000
72008  17.090  13.465  -46.790 0.1250000000
72011  16.548  13.685  -47.824 0.1250000000
70341  15.972  11.358  -48.483 0.1250000000
72865  16.642  14.435  -48.350 0.1250000000
72864  17.063  15.132  -47.596 0.1250000000
72860  17.778  14.800  -46.808 0.1250000000
119905  16.055  10.485  -48.485 0.1250000000
65923  15.038  7.073  -46.065 0.1250000000
55544  16.106  -5.067  -38.244 0.1250000000
66907  16.327  7.701  -47.519 0.1250000000
70325  15.786  10.795  -47.697 0.1250000000
124325  15.861  11.566  -47.517 0.1250000000
71179  16.111  12.055  -47.071 0.1250000000
72004  18.344  14.458  -46.541 0.1250000000
72859  18.723  15.043  -46.547 0.1250000000
73689  18.053  15.492  -46.980 0.1250000000
127261  16.087  9.871  -48.363 0.1250000000
57440  15.634  -2.191  -40.481 0.1250000000
72019  16.673  13.627  -49.211 0.1250000000
55566  16.250  -4.733  -38.664 0.1250000000
56493  15.862  -3.256  -39.700 0.1250000000
56485  16.200  -4.304  -38.695 0.1250000000
56461  15.959  -3.537  -38.216 0.1250000000
71194  15.959  12.223  -47.994 0.1250000000
71178  16.445  12.877  -47.362 0.1250000000
72861  17.060  14.320  -47.223 0.1250000000
123266  17.629  14.138  -46.673 0.1250000000
71175  17.373  12.900  -46.588 0.1250000000
73686  18.941  15.678  -46.275 0.1250000000
51718  22.626  -8.554  -36.678 0.1250000000
52699  23.111  -8.025  -37.051 0.1250000000
52721  23.191  -7.323  -38.266 0.1250000000
55580  24.795  -4.875  -39.980 0.1250000000
55591  24.505  -4.643  -40.815 0.1250000000
55592  23.828  -5.122  -41.122 0.1250000000
118678  25.017  -3.576  -41.433 0.1250000000
56514  23.946  -4.168  -42.153 0.1250000000
57454  25.438  -2.949  -41.749 0.1250000000
57467  25.079  -2.844  -42.790 0.1250000000
50629  21.789  -9.820  -34.977 0.1250000000
51717  23.389  -8.243  -36.267 0.1250000000
52709  23.491  -7.446  -37.457 0.1250000000
53682  23.865  -6.852  -37.867 0.1250000000
54625  24.018  -6.113  -39.150 0.1250000000
54637  24.441  -5.506  -39.602 0.1250000000
57438  25.523  -3.313  -40.823 0.1250000000
57466  25.761  -2.419  -42.442 0.1250000000
57453  26.100  -2.406  -41.645 0.1250000000
58377  25.459  -2.292  -43.290 0.1250000000
56513  24.636  -3.507  -42.248 0.1250000000
53694  23.612  -6.757  -38.734 0.1250000000
55603  24.077  -4.572  -41.474 0.1250000000
50641  22.321  -9.346  -35.472 0.1250000000
49494  20.561  -10.708  -34.820 0.1250000000
51705  22.825  -8.757  -35.839 0.1250000000
54638  23.803  -6.061  -40.054 0.1250000000
54647  24.146  -5.355  -40.406 0.1250000000
55590  25.087  -4.358  -40.275 0.1250000000
56502  24.519  -4.072  -41.491 0.1250000000
57437  26.088  -2.654  -40.896 0.1250000000
49493  21.363  -10.444  -34.569 0.1250000000
52708  24.253  -7.098  -37.117 0.1250000000
56501  25.012  -3.960  -40.814 0.1250000000
58342  15.418  -1.530  -39.487 0.1250000000
61215  20.529  2.014  -45.915 1.0000000000
61227  20.337  2.327  -46.167 1.0000000000
62047  13.801  3.042  -41.980 0.1250000000
62102  20.896  2.594  -46.221 1.0000000000
62117  20.867  3.047  -46.515 1.0000000000
63069  14.832  4.220  -44.995 0.5000000000
63983  12.760  5.528  -41.828 0.1250000000
63997  12.616  5.203  -41.907 0.1250000000
64032  27.632  4.402  -45.850 0.3750000000
64038  13.827  5.486  -45.017 0.5000000000
64057  15.784  4.545  -45.871 0.6250000000
64949  12.728  5.360  -42.477 0.1250000000
64972  14.832  5.936  -45.847 0.5000000000
64998  21.010  5.545  -47.683 1.0000000000
65001  17.544  6.110  -47.744 0.7500000000
65977  20.403  6.423  -48.606 1.0000000000
66840  13.404  7.503  -43.724 0.1250000000
66902  23.176  7.680  -46.630 1.0000000000
66927  27.109  7.429  -49.705 0.1250000000
66928  26.865  8.063  -49.924 0.1250000000
67814  23.652  8.393  -56.295 0.1250000000
68622  25.060  9.051  -46.817 0.7500000000
70321  25.258  11.200  -47.747 0.7500000000
70324  22.560  11.462  -48.210 0.8750000000
71243  21.319  11.788  -56.710 0.1250000000
72014  24.030  13.377  -49.049 0.7500000000
116493  21.343  3.643  -46.691 1.0000000000
120100  13.454  7.061  -44.854 0.1250000000
120268  17.808  3.117  -46.106 1.0000000000
122354  22.676  8.961  -56.368 0.1250000000
128886  17.854  6.941  -48.635 0.8750000000
