#!ascii label  , from subject sub-v2s15x29733_ses-1 vox2ras=TkReg
1604
1099  -18.642  -88.153  -6.079 0.5000000000
1415  -17.353  -87.826  -6.891 0.6000000238
2067  -26.545  -84.521  -2.861 0.3000000119
1750  -17.010  -87.366  -5.517 0.5000000000
129528  -24.823  -86.194  -4.318 0.4000000060
137047  -25.737  -85.771  -4.552 0.4000000060
2084  -27.161  -85.102  -4.747 0.4000000060
120905  -26.334  -85.284  -4.106 0.3000000119
1745  -25.527  -86.050  -5.041 0.4000000060
2110  -18.648  -85.683  -7.778 0.5000000000
128402  -18.300  -86.276  -8.092 0.5000000000
1103  -18.122  -87.921  -7.055 0.5000000000
121036  -18.030  -84.526  -6.928 0.6000000238
134216  -17.887  -85.653  -8.021 0.5000000000
1421  -17.594  -87.442  -7.539 0.6000000238
2430  -27.069  -84.619  -1.965 0.3000000119
135385  -16.488  -86.332  -7.760 0.5000000000
1752  -24.274  -86.520  -5.560 0.5000000000
1743  -23.605  -86.761  -4.829 0.5000000000
2443  -27.590  -84.374  -2.955 0.3000000119
118366  -17.154  -85.192  -8.069 0.6000000238
1414  -16.576  -87.468  -6.933 0.5000000000
1759  -25.586  -85.981  -5.944 0.5000000000
1753  -25.206  -86.216  -5.584 0.4000000060
138141  -27.059  -85.181  -5.097 0.4000000060
2077  -27.842  -84.678  -4.570 0.3000000119
2454  -28.059  -84.530  -3.849 0.3000000119
1766  -25.503  -85.880  -6.503 0.4000000060
2093  -25.954  -85.746  -5.507 0.4000000060
2095  -27.227  -85.040  -5.248 0.4000000060
2104  -26.132  -85.621  -5.959 0.4000000060
2473  -21.528  -84.555  -5.267 0.6999999881
141324  -21.017  -84.917  -5.651 0.6999999881
2101  -20.093  -85.468  -6.752 0.6999999881
1105  -19.418  -88.012  -6.459 0.5000000000
2834  -21.100  -83.564  -3.846 0.6999999881
2853  -20.534  -83.924  -4.400 0.6999999881
130147  -19.498  -84.546  -5.597 0.8000000119
2100  -19.378  -85.507  -7.200 0.5000000000
2472  -18.695  -84.403  -6.071 0.6999999881
1106  -20.647  -87.873  -5.808 0.5000000000
2852  -19.707  -83.751  -4.369 0.6999999881
1411  -21.398  -87.571  -5.988 0.4000000060
1413  -22.960  -86.949  -5.968 0.5000000000
2431  -28.117  -84.690  -2.077 0.3000000119
2869  -18.289  -83.715  -5.450 0.6000000238
1419  -23.070  -86.797  -7.041 0.5000000000
1757  -23.801  -86.632  -6.180 0.5000000000
2432  -28.636  -84.449  -2.994 0.3000000119
2471  -17.802  -83.942  -6.423 0.5000000000
119313  -24.114  -86.451  -7.015 0.5000000000
139544  -25.038  -85.306  -8.233 0.4000000060
2115  -25.178  -85.671  -7.515 0.4000000060
2490  -27.262  -84.672  -5.971 0.4000000060
127088  -28.209  -84.311  -5.307 0.4000000060
2086  -27.945  -84.600  -4.830 0.4000000060
2497  -26.346  -84.709  -7.566 0.3000000119
2116  -26.133  -85.374  -6.845 0.4000000060
3622  -23.976  -81.430  -2.767 0.5000000000
3202  -23.063  -82.289  -2.867 0.6000000238
3217  -24.144  -82.363  -3.817 0.6000000238
2855  -22.661  -83.686  -4.442 0.6000000238
2464  -22.103  -84.190  -4.826 0.6000000238
4478  -23.522  -79.478  -1.474 0.5000000000
4014  -23.182  -80.185  -1.588 0.5000000000
4032  -22.924  -80.916  -1.818 0.6000000238
3215  -22.661  -82.832  -3.337 0.6000000238
3214  -21.769  -83.071  -3.335 0.6999999881
2111  -19.460  -86.059  -7.866 0.6000000238
136982  -30.330  -86.045  0.047 0.3000000119
129953  -21.986  -77.714  -0.298 0.6999999881
123774  -22.769  -79.659  -1.130 0.6000000238
4013  -22.405  -80.446  -1.334 0.6000000238
3621  -22.695  -81.688  -2.284 0.6000000238
3201  -22.215  -82.420  -2.709 0.6999999881
3213  -20.824  -83.040  -3.162 0.6999999881
2118  -20.992  -86.385  -8.087 0.6000000238
1769  -20.473  -86.901  -8.292 0.6000000238
1416  -20.298  -87.656  -7.016 0.5000000000
5457  -22.445  -77.028  -0.517 0.6999999881
4461  -21.459  -79.330  -0.441 0.6000000238
3992  -21.070  -80.085  -0.621 0.6000000238
3603  -22.096  -81.206  -1.646 0.6000000238
3199  -20.449  -82.503  -2.550 0.6999999881
2832  -19.473  -83.264  -3.701 0.6999999881
123283  -21.557  -87.481  -6.869 0.5000000000
2056  -28.631  -85.312  -1.212 0.3000000119
5919  -21.461  -76.177  -0.257 0.6999999881
5455  -21.064  -76.976  0.201 0.6000000238
139820  -21.243  -77.921  0.011 0.6999999881
3601  -20.366  -81.426  -1.476 0.6000000238
3600  -19.472  -81.354  -1.560 0.6000000238
118792  -21.660  -86.257  -8.178 0.5000000000
117671  -22.887  -85.719  -8.449 0.5000000000
122174  -20.402  -78.581  0.017 0.6000000238
3990  -19.254  -80.114  -0.665 0.6000000238
3197  -18.636  -82.303  -2.904 0.6000000238
3232  -17.279  -82.505  -4.343 0.6000000238
3249  -16.897  -82.829  -5.337 0.6000000238
127317  -22.849  -84.872  -8.528 0.5000000000
127743  -28.549  -84.479  -4.072 0.3000000119
5440  -20.357  -76.873  0.375 0.6999999881
4939  -19.402  -78.215  0.259 0.6000000238
3991  -20.196  -80.115  -0.579 0.6000000238
4009  -18.937  -80.716  -1.188 0.6000000238
3599  -18.594  -81.180  -1.766 0.5000000000
3616  -18.061  -81.520  -2.427 0.5000000000
3231  -16.356  -82.210  -4.848 0.5000000000
2867  -16.546  -83.133  -6.323 0.5000000000
2121  -24.342  -85.396  -8.379 0.5000000000
3271  -27.376  -82.709  -8.626 0.3000000119
2889  -27.070  -83.488  -7.700 0.3000000119
127590  -27.716  -82.993  -6.025 0.4000000060
2884  -27.791  -83.955  -5.866 0.4000000060
3248  -15.959  -82.525  -5.779 0.5000000000
2892  -26.223  -83.457  -8.971 0.3000000119
2888  -26.521  -83.896  -8.177 0.3000000119
2883  -27.288  -84.101  -6.409 0.4000000060
4491  -24.999  -79.401  -2.403 0.5000000000
4015  -24.312  -80.216  -2.304 0.5000000000
4501  -25.656  -79.905  -3.224 0.5000000000
4044  -25.209  -80.890  -3.421 0.5000000000
5935  -24.036  -76.458  -1.730 0.5000000000
5465  -24.359  -77.259  -1.659 0.5000000000
135543  -23.896  -78.869  -1.471 0.5000000000
134645  -23.979  -80.859  -2.450 0.5000000000
3634  -24.529  -81.618  -3.417 0.5000000000
3234  -24.320  -82.684  -4.746 0.6000000238
2856  -23.564  -83.461  -4.911 0.6000000238
5464  -23.722  -77.159  -1.300 0.5000000000
2870  -22.884  -84.137  -5.373 0.6000000238
2486  -21.663  -85.125  -6.221 0.8000000119
2419  -30.670  -84.705  -0.069 0.3000000119
6489  -22.810  -75.580  -1.923 0.6000000238
5933  -22.763  -76.196  -1.042 0.6000000238
4976  -23.323  -77.860  -1.008 0.6000000238
2871  -23.508  -83.875  -6.370 0.4000000060
2420  -31.064  -85.018  -0.329 0.3000000119
6472  -21.731  -75.536  -0.877 0.6999999881
2114  -22.381  -85.118  -8.152 0.5000000000
119820  -20.736  -85.820  -7.565 0.6000000238
2058  -30.305  -85.384  -1.258 0.3000000119
2069  -30.594  -84.924  -1.966 0.3000000119
140782  -20.819  -74.671  -1.391 0.6999999881
2496  -23.085  -84.350  -8.493 0.4000000060
2444  -30.157  -84.537  -2.984 0.3000000119
123701  -20.980  -75.375  -0.456 0.6000000238
5918  -20.758  -76.181  0.118 0.6999999881
2499  -22.827  -84.726  -8.452 0.4000000060
2466  -29.401  -84.204  -4.605 0.3000000119
7042  -19.946  -74.143  -0.623 0.6000000238
6456  -19.638  -75.323  0.387 0.6999999881
4459  -19.619  -79.261  -0.225 0.6000000238
4476  -18.310  -80.085  -0.897 0.5000000000
121708  -18.090  -80.571  -1.459 0.5000000000
3209  -16.641  -81.911  -4.178 0.6000000238
2501  -23.981  -83.875  -8.944 0.4000000060
117043  -23.819  -84.607  -8.763 0.4000000060
3276  -27.678  -81.770  -9.489 0.3000000119
3272  -27.837  -82.132  -9.167 0.3000000119
3677  -28.374  -81.862  -8.850 0.3000000119
3268  -27.825  -82.364  -8.281 0.3000000119
3262  -27.677  -82.557  -7.093 0.4000000060
2873  -29.434  -83.987  -4.961 0.3000000119
133537  -18.695  -77.626  0.526 0.6000000238
4958  -17.909  -78.808  -0.140 0.5000000000
4457  -17.473  -79.389  -0.742 0.5000000000
4031  -17.373  -80.935  -2.349 0.5000000000
3632  -16.444  -81.425  -3.695 0.5000000000
3640  -15.951  -81.595  -4.374 0.6000000238
3230  -15.495  -81.973  -5.087 0.5000000000
2503  -24.845  -83.817  -9.072 0.3000000119
2895  -26.371  -82.804  -9.337 0.3000000119
4938  -18.326  -78.224  0.299 0.5000000000
4475  -16.760  -79.722  -1.319 0.5000000000
4029  -15.811  -80.486  -2.520 0.5000000000
4005  -14.805  -80.606  -1.617 0.5000000000
5477  -25.501  -76.372  -2.588 0.5000000000
5476  -25.067  -77.354  -2.094 0.5000000000
127693  -26.290  -79.231  -3.462 0.5000000000
134520  -26.552  -79.374  -3.859 0.5000000000
125088  -25.849  -80.541  -3.945 0.5000000000
3635  -25.489  -81.140  -4.079 0.5000000000
6506  -23.474  -75.648  -2.709 0.5000000000
4990  -25.267  -78.389  -2.298 0.5000000000
3654  -25.350  -81.643  -5.511 0.4000000060
5934  -23.446  -76.140  -1.566 0.5000000000
141177  -24.992  -82.127  -5.591 0.4000000060
2407  -29.950  -85.140  0.606 0.3000000119
2804  -31.974  -84.027  -0.416 0.3000000119
120863  -22.446  -75.567  -2.505 0.6000000238
2857  -24.176  -83.161  -5.779 0.4000000060
6527  -22.148  -75.684  -2.998 0.6000000238
6505  -21.342  -75.226  -2.346 0.6000000238
2042  -30.658  -85.502  -0.512 0.3000000119
2059  -30.964  -85.223  -1.212 0.3000000119
6504  -20.521  -74.953  -2.653 0.6000000238
2881  -23.474  -83.794  -7.868 0.4000000060
7077  -20.050  -74.276  -2.284 0.6000000238
3266  -24.436  -82.540  -8.508 0.4000000060
2890  -24.027  -83.292  -9.055 0.4000000060
126737  -29.321  -84.451  -3.508 0.3000000119
7059  -20.248  -74.174  -1.433 0.6999999881
3273  -25.057  -82.767  -9.277 0.3000000119
3275  -26.484  -82.082  -9.487 0.3000000119
134978  -26.297  -77.557  -2.938 0.5000000000
5003  -26.417  -78.290  -3.202 0.5000000000
5018  -26.870  -78.837  -3.879 0.5000000000
4512  -26.679  -79.498  -4.303 0.4000000060
6507  -24.320  -75.666  -2.753 0.5000000000
4057  -26.327  -80.198  -4.572 0.4000000060
4056  -25.793  -80.956  -4.838 0.4000000060
3664  -25.514  -81.413  -6.619 0.4000000060
3251  -24.962  -82.160  -6.369 0.4000000060
2433  -32.179  -84.630  -1.259 0.3000000119
2421  -31.728  -84.696  -0.684 0.3000000119
6526  -21.109  -75.562  -3.066 0.6000000238
3260  -24.486  -82.761  -6.367 0.4000000060
2882  -24.077  -83.287  -6.961 0.4000000060
3670  -25.009  -81.866  -7.759 0.4000000060
3676  -25.386  -81.732  -9.165 0.4000000060
3270  -25.170  -82.244  -9.258 0.3000000119
3680  -26.504  -81.433  -9.510 0.3000000119
7594  -19.606  -73.781  -1.875 0.6000000238
5478  -26.216  -76.777  -2.901 0.5000000000
5004  -27.030  -78.031  -3.637 0.5000000000
5019  -27.474  -78.083  -4.317 0.4000000060
123467  -27.558  -78.498  -5.142 0.4000000060
6508  -25.222  -75.663  -2.952 0.5000000000
6531  -26.427  -75.667  -3.855 0.5000000000
4527  -27.229  -79.151  -5.662 0.4000000060
6528  -23.352  -75.808  -3.256 0.6000000238
122261  -24.445  -75.805  -3.689 0.6000000238
6546  -25.538  -75.659  -4.761 0.6000000238
4539  -26.713  -79.882  -6.325 0.4000000060
5972  -23.032  -76.480  -3.726 0.6000000238
5973  -24.029  -76.664  -4.560 0.6000000238
141379  -26.496  -80.208  -7.092 0.4000000060
4085  -25.680  -81.103  -7.713 0.4000000060
5971  -21.858  -76.403  -3.542 0.6000000238
4093  -26.296  -80.548  -8.996 0.4000000060
3671  -25.402  -81.448  -8.670 0.4000000060
4100  -27.160  -80.613  -9.619 0.4000000060
2821  -32.771  -83.683  -2.749 0.3000000119
5988  -21.428  -77.321  -4.050 0.6000000238
4099  -26.590  -80.852  -9.492 0.4000000060
2859  -31.006  -83.486  -4.477 0.3000000119
2458  -31.536  -84.266  -3.143 0.3000000119
6525  -20.188  -75.510  -3.312 0.6000000238
7094  -19.669  -74.733  -2.998 0.6000000238
128328  -19.982  -77.680  -4.439 0.6999999881
5028  -21.362  -79.397  -5.484 0.6999999881
5969  -19.788  -76.245  -3.821 0.6000000238
120035  -20.410  -79.236  -5.433 0.6999999881
4537  -20.719  -80.067  -6.673 0.6999999881
5502  -19.309  -77.813  -4.774 0.6000000238
4553  -21.327  -79.569  -7.539 0.6999999881
5062  -21.610  -78.933  -7.998 0.6000000238
5027  -19.454  -79.322  -6.033 0.6999999881
4552  -20.841  -80.050  -7.764 0.6999999881
5974  -27.433  -76.269  -4.104 0.5000000000
5507  -27.818  -77.017  -4.416 0.5000000000
6547  -26.094  -75.477  -4.777 0.5000000000
127510  -26.504  -75.339  -5.330 0.5000000000
6532  -27.010  -75.795  -4.024 0.5000000000
5523  -28.435  -76.873  -5.606 0.5000000000
5031  -28.261  -77.680  -5.946 0.4000000060
5030  -27.786  -78.453  -6.029 0.4000000060
5989  -24.519  -76.340  -5.152 0.6000000238
6565  -24.890  -75.865  -5.323 0.6000000238
6566  -25.370  -75.402  -5.493 0.6000000238
6567  -25.700  -75.140  -5.785 0.6000000238
4540  -27.291  -79.230  -6.744 0.4000000060
118377  -23.389  -77.286  -4.608 0.6000000238
7120  -24.445  -75.730  -5.510 0.6000000238
7121  -24.850  -75.284  -5.539 0.6000000238
120513  -26.810  -79.813  -7.493 0.4000000060
137878  -22.562  -77.381  -4.263 0.6000000238
5505  -23.065  -77.932  -4.903 0.6000000238
139743  -23.749  -76.754  -5.657 0.6000000238
120091  -23.334  -75.172  -5.272 0.6000000238
7104  -23.873  -74.657  -5.056 0.6000000238
129323  -26.780  -79.950  -8.576 0.4000000060
126606  -28.783  -79.272  -10.361 0.4000000060
5017  -22.614  -78.574  -5.419 0.6000000238
5521  -23.166  -77.781  -5.474 0.6000000238
6563  -22.861  -76.642  -6.027 0.6000000238
7119  -22.429  -74.530  -5.229 0.6000000238
8132  -23.100  -73.029  -4.613 0.6000000238
4588  -27.451  -79.959  -9.625 0.4000000060
5504  -22.051  -78.307  -4.650 0.6000000238
135403  -22.696  -78.111  -6.100 0.5000000000
6023  -22.712  -77.431  -6.212 0.6000000238
6562  -21.915  -74.931  -5.725 0.6000000238
7632  -22.334  -73.501  -5.040 0.6000000238
8711  -23.256  -71.630  -5.001 0.6999999881
5987  -20.348  -77.117  -4.091 0.6999999881
5016  -21.937  -79.014  -5.133 0.6000000238
5535  -22.077  -77.869  -7.142 0.6000000238
6590  -22.098  -76.498  -6.612 0.6000000238
8170  -21.816  -73.015  -5.889 0.6000000238
9323  -23.493  -70.949  -5.679 0.6000000238
9943  -24.611  -69.870  -6.524 0.6000000238
7151  -21.697  -74.982  -7.942 0.6000000238
7647  -21.548  -73.587  -6.815 0.6000000238
8726  -23.058  -71.061  -6.629 0.6000000238
9337  -23.558  -70.584  -6.578 0.6000000238
5553  -21.819  -78.125  -8.444 0.6000000238
6022  -22.023  -76.926  -7.435 0.6000000238
7660  -21.616  -74.118  -8.180 0.5000000000
8189  -22.063  -71.968  -7.474 0.6000000238
9346  -23.232  -70.507  -7.529 0.6000000238
122725  -21.938  -75.541  -8.649 0.5000000000
129094  -20.273  -80.321  -7.451 0.6999999881
4587  -21.118  -79.277  -9.760 0.6999999881
5567  -21.943  -77.659  -9.908 0.5000000000
6623  -22.168  -75.765  -10.118 0.6000000238
140247  -21.668  -73.648  -8.940 0.5000000000
140909  -21.748  -72.524  -7.801 0.5000000000
7170  -21.893  -74.915  -10.309 0.6000000238
9920  -14.036  -69.831  -4.961 0.6000000238
9320  -15.404  -70.176  -5.107 0.6000000238
8129  -15.097  -72.107  -4.429 0.6000000238
6004  -27.727  -75.720  -5.304 0.5000000000
6568  -27.030  -75.244  -5.823 0.5000000000
6005  -28.197  -76.073  -5.419 0.5000000000
5554  -28.548  -77.471  -7.308 0.5000000000
5043  -27.796  -78.668  -7.027 0.4000000060
7614  -24.579  -74.047  -5.006 0.5000000000
7122  -25.312  -74.819  -5.655 0.5000000000
133481  -26.192  -73.471  -5.643 0.5000000000
5063  -28.274  -78.358  -7.799 0.4000000060
117302  -28.565  -78.076  -9.941 0.4000000060
7633  -25.458  -73.864  -5.431 0.5000000000
7616  -25.875  -72.824  -4.824 0.5000000000
4573  -27.287  -79.556  -9.088 0.4000000060
121055  -28.959  -78.317  -10.739 0.4000000060
8133  -23.842  -72.414  -4.345 0.5000000000
125447  -25.125  -71.537  -4.003 0.5000000000
7615  -25.066  -73.028  -4.537 0.5000000000
5092  -28.099  -79.201  -9.521 0.4000000060
8695  -23.714  -71.757  -4.525 0.6000000238
8697  -25.233  -70.984  -3.953 0.6000000238
9324  -24.166  -70.620  -5.297 0.6000000238
9923  -25.705  -69.897  -5.067 0.5000000000
117937  -25.199  -69.541  -7.022 0.4000000060
117447  -25.986  -69.461  -6.664 0.4000000060
9962  -26.655  -69.342  -7.187 0.4000000060
9959  -23.743  -69.858  -7.949 0.6000000238
9960  -24.443  -69.704  -7.404 0.6000000238
9982  -25.672  -69.427  -8.841 0.5000000000
9961  -25.869  -69.417  -7.645 0.4000000060
9983  -26.674  -69.391  -8.368 0.4000000060
119218  -27.102  -69.482  -9.519 0.4000000060
4535  -18.966  -79.603  -6.768 0.6999999881
8737  -22.625  -71.234  -7.500 0.6000000238
9981  -24.682  -69.468  -8.919 0.5000000000
130163  -26.388  -69.470  -9.465 0.4000000060
119269  -21.663  -77.927  -10.525 0.6000000238
118945  -21.565  -73.345  -9.433 0.5000000000
8208  -22.100  -71.543  -8.390 0.5000000000
9980  -23.726  -69.619  -9.049 0.5000000000
120967  -25.131  -69.400  -10.676 0.5000000000
120415  -25.832  -69.485  -10.110 0.4000000060
10007  -26.930  -69.593  -11.330 0.4000000060
6080  -22.190  -76.373  -10.960 0.6000000238
9367  -22.330  -70.586  -9.402 0.5000000000
9953  -13.498  -68.979  -8.347 0.6999999881
9940  -13.926  -69.406  -7.254 0.6000000238
9973  -14.087  -68.797  -8.925 0.6999999881
9941  -14.916  -69.558  -7.463 0.6000000238
131158  -15.677  -67.966  -8.946 0.6000000238
9297  -15.900  -70.772  -4.640 0.6000000238
9942  -15.894  -69.688  -7.742 0.6000000238
9975  -15.772  -69.012  -9.872 0.6000000238
11180  -16.520  -67.787  -8.660 0.6000000238
133506  -17.839  -67.757  -7.838 0.6000000238
8150  -15.539  -72.754  -4.889 0.5000000000
9322  -17.003  -70.673  -5.578 0.6000000238
9342  -16.856  -69.799  -7.858 0.6000000238
9976  -16.432  -69.019  -10.060 0.6000000238
11181  -17.425  -67.782  -8.616 0.6000000238
121457  -28.546  -76.485  -7.111 0.5000000000
7628  -15.924  -73.432  -5.434 0.5000000000
8131  -16.854  -72.050  -4.655 0.5000000000
9957  -17.096  -69.266  -9.091 0.5000000000
11198  -17.642  -67.894  -8.892 0.5000000000
136743  -26.052  -75.010  -6.149 0.4000000060
7124  -26.399  -74.476  -6.732 0.5000000000
129502  -28.608  -76.826  -7.862 0.5000000000
131388  -28.619  -77.545  -8.281 0.4000000060
8152  -17.316  -72.790  -5.019 0.5000000000
8709  -17.081  -71.280  -4.996 0.5000000000
9343  -17.788  -70.050  -7.657 0.5000000000
10582  -17.989  -68.240  -8.858 0.5000000000
7139  -26.403  -73.946  -6.627 0.5000000000
5568  -28.539  -77.331  -9.360 0.4000000060
6081  -28.474  -76.320  -10.462 0.4000000060
6099  -30.352  -76.397  -11.054 0.4000000060
7117  -17.217  -74.130  -5.721 0.5000000000
8724  -18.312  -71.878  -6.061 0.5000000000
9336  -18.173  -70.813  -6.826 0.6000000238
126528  -18.411  -70.382  -7.594 0.6000000238
5581  -28.787  -77.459  -10.590 0.4000000060
7136  -18.492  -74.386  -6.316 0.6000000238
8169  -18.674  -72.764  -6.356 0.6000000238
8735  -18.554  -71.422  -6.825 0.6999999881
131592  -26.724  -71.137  -3.967 0.4000000060
9301  -26.242  -70.620  -3.978 0.5000000000
4596  -17.842  -79.385  -10.648 0.6000000238
9902  -26.500  -70.013  -4.496 0.5000000000
9945  -27.628  -69.267  -5.977 0.4000000060
4584  -18.183  -79.899  -10.319 0.6000000238
140195  -26.135  -69.548  -5.837 0.4000000060
4568  -19.246  -80.526  -8.967 0.6000000238
4569  -20.045  -80.119  -9.738 0.6000000238
9963  -27.425  -69.235  -7.548 0.4000000060
6079  -21.070  -77.246  -10.880 0.6000000238
4570  -20.721  -79.865  -9.157 0.6999999881
7188  -21.660  -74.934  -10.611 0.6000000238
7195  -21.230  -73.951  -10.321 0.6000000238
136696  -21.313  -73.379  -10.032 0.5000000000
8748  -21.654  -71.830  -9.296 0.5000000000
10577  -13.368  -68.364  -8.704 0.6999999881
11195  -14.746  -68.100  -8.851 0.6999999881
11157  -16.286  -67.737  -7.252 0.6000000238
10560  -16.987  -67.986  -6.292 0.6000000238
10561  -17.783  -68.019  -6.800 0.6000000238
10546  -19.357  -68.280  -5.441 0.6999999881
10563  -19.941  -68.078  -6.149 0.6000000238
11159  -18.479  -67.837  -7.332 0.6000000238
7140  -26.531  -74.039  -7.648 0.5000000000
6591  -26.733  -74.611  -7.592 0.5000000000
6592  -27.943  -75.565  -7.188 0.5000000000
6043  -28.153  -75.962  -8.108 0.5000000000
11160  -19.082  -67.595  -7.935 0.6000000238
11140  -20.757  -67.842  -6.269 0.5000000000
6607  -27.088  -74.964  -8.520 0.5000000000
6059  -27.941  -76.018  -9.956 0.5000000000
6658  -28.664  -75.928  -10.773 0.4000000060
126040  -18.947  -69.023  -8.367 0.6000000238
9958  -18.228  -69.598  -8.242 0.6000000238
11161  -19.924  -67.670  -7.125 0.5000000000
7634  -26.991  -73.159  -5.994 0.5000000000
5576  -17.819  -78.523  -10.397 0.6000000238
6055  -17.933  -76.982  -8.571 0.4000000060
6602  -17.897  -75.780  -7.118 0.6000000238
8186  -18.776  -72.111  -6.870 0.6000000238
9344  -18.750  -70.892  -7.439 0.6000000238
10583  -19.309  -68.050  -8.605 0.6000000238
8137  -27.190  -71.697  -4.476 0.4000000060
8157  -27.756  -72.233  -5.182 0.4000000060
5565  -18.438  -77.742  -9.445 0.5000000000
6041  -19.159  -76.303  -8.040 0.5000000000
131387  -18.830  -75.135  -6.995 0.6000000238
7646  -18.932  -73.589  -6.695 0.6999999881
8187  -19.141  -72.819  -7.513 0.6000000238
9345  -19.389  -70.902  -8.115 0.6000000238
9978  -19.989  -69.196  -8.631 0.6000000238
127146  -27.061  -70.389  -4.180 0.5000000000
5088  -18.292  -79.175  -10.732 0.6000000238
6604  -19.330  -75.536  -7.872 0.6000000238
7150  -19.452  -74.521  -7.935 0.6000000238
8747  -19.678  -71.795  -8.787 0.6000000238
9358  -20.273  -70.190  -9.116 0.6000000238
10584  -20.220  -68.377  -9.010 0.6000000238
9903  -27.453  -69.802  -4.648 0.4000000060
5566  -19.434  -77.728  -9.602 0.5000000000
6057  -19.636  -76.917  -8.979 0.6000000238
129044  -19.842  -74.141  -9.373 0.6000000238
8755  -20.286  -71.808  -9.633 0.6000000238
131314  -20.690  -70.239  -10.052 0.6000000238
4585  -19.167  -80.027  -10.275 0.6000000238
5578  -20.375  -78.405  -10.417 0.6000000238
121733  -20.253  -77.540  -10.145 0.6000000238
123470  -20.401  -74.489  -10.238 0.6000000238
7692  -20.221  -73.628  -9.981 0.6000000238
7187  -21.018  -75.172  -10.841 0.6000000238
5588  -21.811  -76.885  -11.068 0.6000000238
8221  -21.204  -72.043  -9.993 0.5000000000
9374  -21.896  -70.264  -10.343 0.5000000000
10576  -12.985  -67.957  -8.546 0.6999999881
11178  -14.076  -67.682  -8.283 0.6999999881
11153  -12.053  -67.102  -6.810 0.6999999881
11136  -13.704  -67.394  -5.946 0.6999999881
11155  -14.355  -67.491  -7.200 0.6999999881
11139  -16.089  -67.822  -5.639 0.6999999881
10543  -16.901  -68.065  -5.214 0.6000000238
10529  -18.093  -68.303  -4.404 0.6000000238
10523  -20.239  -68.105  -3.507 0.5000000000
140793  -18.546  -68.330  -5.152 0.6999999881
10532  -20.750  -68.173  -4.350 0.5000000000
10547  -20.334  -68.205  -5.287 0.5000000000
10533  -21.253  -68.012  -5.228 0.5000000000
7678  -26.889  -73.785  -8.550 0.4000000060
7189  -27.592  -74.242  -9.544 0.5000000000
7190  -28.630  -74.533  -9.993 0.5000000000
6647  -28.542  -75.187  -10.537 0.5000000000
6648  -29.494  -75.126  -10.364 0.4000000060
8172  -27.887  -72.903  -6.193 0.4000000060
7680  -28.230  -73.721  -8.767 0.4000000060
11162  -20.640  -67.388  -7.409 0.6000000238
117124  -19.942  -67.376  -8.886 0.6000000238
129405  -20.551  -66.939  -8.260 0.6000000238
10587  -20.585  -68.707  -9.571 0.6000000238
119822  -20.908  -66.627  -8.682 0.6000000238
8756  -20.763  -71.643  -10.082 0.6000000238
131505  -20.954  -70.042  -10.519 0.6000000238
11777  -21.304  -66.432  -9.340 0.6000000238
119213  -20.727  -73.246  -10.162 0.6000000238
10590  -20.866  -68.491  -10.225 0.5000000000
8222  -20.967  -72.104  -10.155 0.6000000238
9372  -20.922  -70.768  -10.291 0.5000000000
9373  -21.232  -70.740  -10.266 0.5000000000
11760  -11.398  -66.833  -6.588 0.6999999881
11135  -12.781  -67.087  -5.653 0.6999999881
120946  -14.486  -67.471  -4.700 0.6999999881
11138  -15.180  -67.657  -5.410 0.6999999881
117096  -16.063  -67.549  -3.772 0.6000000238
11123  -16.439  -67.903  -4.463 0.6999999881
10520  -17.635  -68.055  -3.652 0.4000000060
11749  -11.118  -66.376  -5.931 0.6999999881
11120  -12.819  -66.727  -4.776 0.6999999881
11121  -14.212  -67.030  -3.951 0.6000000238
116937  -15.873  -67.139  -3.400 0.6000000238
11109  -19.699  -67.723  -2.843 0.5000000000
129385  -9.602  -65.444  -6.324 0.6999999881
137698  -10.850  -65.784  -5.811 0.6999999881
11111  -21.428  -67.397  -3.005 0.5000000000
12953  -9.299  -64.545  -6.049 0.6999999881
123650  -21.791  -67.611  -3.603 0.5000000000
13572  -9.774  -63.834  -5.668 0.6000000238
13573  -10.273  -63.512  -5.457 0.6000000238
13574  -10.964  -63.273  -5.075 0.6000000238
13555  -12.473  -63.451  -3.566 0.5000000000
14206  -13.619  -62.676  -4.006 0.5000000000
7172  -28.540  -74.049  -9.275 0.4000000060
139350  -29.804  -74.767  -9.586 0.4000000060
11790  -21.832  -66.572  -10.468 0.6000000238
11092  -17.384  -67.228  -2.823 0.5000000000
136945  -17.282  -67.665  -3.216 0.5000000000
12341  -12.276  -66.050  -4.790 0.6000000238
11726  -13.909  -66.533  -3.920 0.6000000238
11727  -15.061  -66.819  -3.542 0.6000000238
12314  -17.184  -66.502  -2.715 0.6000000238
11093  -18.320  -67.274  -2.665 0.5000000000
11108  -18.808  -67.767  -2.918 0.5000000000
11096  -21.037  -66.961  -2.517 0.5000000000
12945  -11.060  -64.905  -5.735 0.6999999881
12946  -12.062  -64.834  -5.415 0.6000000238
12343  -14.439  -65.328  -4.013 0.6000000238
12330  -15.244  -65.719  -3.507 0.6000000238
12920  -16.773  -64.854  -3.495 0.6000000238
11719  -22.319  -66.560  -2.598 0.5000000000
12955  -10.866  -63.961  -6.214 0.6999999881
12947  -13.178  -64.546  -5.415 0.6000000238
12957  -13.732  -63.849  -6.295 0.6000000238
12949  -15.318  -64.162  -5.159 0.6000000238
132334  -16.571  -64.391  -4.190 0.6000000238
118933  -11.674  -63.208  -6.500 0.6000000238
128114  -12.686  -63.620  -6.651 0.6000000238
13601  -14.594  -63.484  -6.868 0.6000000238
13589  -15.275  -63.724  -6.059 0.6000000238
13588  -11.189  -62.980  -6.026 0.6000000238
13610  -12.966  -62.827  -7.398 0.6000000238
13612  -14.204  -63.082  -7.568 0.6000000238
13602  -15.655  -63.400  -6.871 0.6000000238
13575  -11.713  -62.915  -5.318 0.5000000000
14223  -12.315  -62.611  -5.583 0.5000000000
14237  -12.685  -62.435  -6.490 0.5000000000
14255  -14.393  -62.467  -7.724 0.6000000238
13614  -15.965  -62.962  -7.356 0.6000000238
7173  -29.603  -74.371  -8.961 0.4000000060
13539  -13.737  -63.598  -2.522 0.5000000000
14238  -13.605  -61.976  -5.905 0.5000000000
14917  -14.532  -61.717  -7.318 0.6000000238
14257  -16.085  -62.466  -7.482 0.6000000238
14191  -14.933  -62.649  -2.816 0.5000000000
14226  -14.911  -61.556  -4.546 0.5000000000
14225  -14.200  -62.100  -4.599 0.4000000060
14910  -14.888  -61.291  -6.324 0.5000000000
14918  -15.518  -61.515  -7.041 0.6000000238
11714  -17.998  -66.650  -2.552 0.6000000238
125538  -20.017  -66.227  -2.167 0.5000000000
11717  -20.746  -66.294  -2.177 0.5000000000
12315  -17.806  -65.768  -2.644 0.6000000238
137310  -19.671  -65.120  -2.178 0.5000000000
137824  -22.337  -65.719  -2.127 0.5000000000
12938  -18.166  -64.181  -3.592 0.6999999881
12922  -18.744  -64.285  -3.054 0.6999999881
12936  -16.765  -63.899  -4.991 0.6000000238
12937  -17.383  -64.143  -4.150 0.6999999881
119766  -16.901  -63.569  -5.896 0.6000000238
13578  -18.285  -63.730  -4.455 0.6999999881
13604  -17.368  -63.254  -6.431 0.6000000238
13591  -18.693  -63.451  -5.454 0.6999999881
14247  -16.804  -62.794  -7.052 0.6000000238
13605  -18.287  -63.236  -6.211 0.6999999881
127703  -16.138  -61.520  -2.144 0.5000000000
14881  -15.544  -61.188  -4.069 0.5000000000
14898  -15.214  -60.931  -5.198 0.4000000060
15582  -16.281  -61.031  -6.359 0.6000000238
123459  -17.403  -62.117  -6.821 0.6000000238
14882  -16.177  -60.660  -3.552 0.5000000000
15558  -15.787  -60.402  -5.307 0.4000000060
15570  -16.305  -60.251  -5.534 0.5000000000
12319  -21.337  -65.597  -1.945 0.5000000000
12308  -21.020  -64.775  -1.801 0.5000000000
12923  -19.265  -64.629  -2.518 0.6000000238
13543  -20.427  -63.565  -2.455 0.5000000000
13545  -21.808  -63.468  -1.924 0.5000000000
13558  -18.903  -63.771  -3.717 0.6999999881
13579  -19.669  -63.315  -3.968 0.6999999881
140275  -19.661  -63.316  -4.787 0.6000000238
122425  -18.802  -62.997  -6.448 0.6999999881
13592  -19.596  -63.254  -5.523 0.6000000238
135213  -16.973  -61.258  -6.572 0.6000000238
14920  -18.542  -61.812  -6.519 0.6000000238
119969  -16.710  -59.432  -4.208 0.5000000000
126543  -16.947  -59.822  -5.534 0.4000000060
125754  -17.764  -61.043  -6.372 0.6000000238
16282  -17.285  -58.718  -4.361 0.4000000060
16291  -16.705  -59.501  -5.024 0.4000000060
16292  -17.422  -59.272  -5.176 0.5000000000
15571  -17.846  -59.982  -5.827 0.5000000000
14193  -20.855  -62.842  -2.629 0.6000000238
14194  -21.661  -62.686  -2.299 0.5000000000
14209  -20.745  -62.510  -3.247 0.6000000238
124373  -21.289  -62.164  -2.829 0.5000000000
13580  -20.353  -62.850  -3.969 0.6000000238
14227  -20.724  -62.634  -4.870 0.6000000238
14900  -21.508  -61.408  -4.162 0.5000000000
14228  -21.202  -62.286  -5.682 0.6000000238
14921  -20.111  -62.305  -6.455 0.6999999881
14911  -21.510  -61.861  -6.294 0.5000000000
15584  -18.791  -60.819  -6.215 0.5000000000
16283  -17.984  -58.612  -4.912 0.4000000060
15572  -19.015  -59.942  -5.822 0.5000000000
18964  -14.559  -56.164  -8.906 0.4000000060
19777  -15.520  -55.114  -9.573 0.3000000119
18980  -15.917  -56.089  -9.878 0.4000000060
14884  -22.268  -61.019  -2.861 0.5000000000
18948  -15.194  -55.971  -8.570 0.3000000119
18245  -15.739  -56.287  -9.527 0.4000000060
15560  -21.843  -60.917  -4.965 0.5000000000
15547  -22.606  -60.269  -3.197 0.5000000000
18931  -16.819  -55.092  -7.144 0.3000000119
18246  -16.143  -56.540  -9.639 0.4000000060
15574  -22.047  -60.254  -5.295 0.5000000000
19737  -17.247  -54.894  -6.148 0.3000000119
14923  -21.250  -61.969  -6.708 0.6000000238
128517  -20.804  -61.381  -6.943 0.6999999881
131710  -21.129  -61.742  -6.844 0.6000000238
16294  -19.362  -59.131  -5.678 0.5000000000
124923  -20.418  -60.613  -6.741 0.5000000000
134611  -19.709  -59.961  -6.180 0.4000000060
16312  -21.006  -60.392  -8.068 0.4000000060
20613  -15.346  -53.236  -8.885 0.3000000119
20632  -15.806  -53.988  -9.443 0.3000000119
20633  -16.585  -53.911  -9.556 0.3000000119
19779  -16.997  -54.820  -10.033 0.3000000119
18981  -16.561  -55.830  -10.186 0.4000000060
15561  -22.280  -59.959  -4.209 0.5000000000
18967  -16.364  -56.422  -8.924 0.4000000060
18280  -16.456  -56.484  -10.035 0.4000000060
16284  -22.335  -59.452  -4.989 0.5000000000
18950  -17.262  -55.782  -7.917 0.4000000060
18266  -17.480  -57.394  -9.984 0.4000000060
15573  -21.756  -61.062  -6.119 0.5000000000
18951  -18.203  -55.724  -7.264 0.4000000060
16295  -21.464  -60.694  -6.895 0.5000000000
15593  -21.147  -60.887  -7.173 0.5000000000
16305  -21.833  -59.769  -6.856 0.5000000000
17517  -19.550  -57.475  -5.976 0.3000000119
16958  -19.897  -58.541  -6.248 0.4000000060
123667  -20.964  -60.325  -8.256 0.4000000060
16313  -21.277  -60.348  -7.699 0.4000000060
21404  -15.593  -52.318  -8.447 0.3000000119
19780  -17.997  -54.780  -10.081 0.4000000060
16920  -24.208  -58.891  -2.821 0.4000000060
19798  -18.311  -55.668  -10.570 0.4000000060
138555  -23.825  -58.505  -3.263 0.4000000060
18265  -16.611  -56.713  -9.926 0.4000000060
19001  -17.645  -56.566  -10.492 0.4000000060
135630  -22.683  -59.189  -4.209 0.4000000060
18282  -18.085  -57.510  -10.683 0.4000000060
16959  -22.288  -58.876  -5.640 0.5000000000
139633  -17.860  -57.097  -9.039 0.4000000060
18249  -19.204  -57.667  -8.470 0.3000000119
16969  -22.032  -58.567  -6.537 0.5000000000
16977  -20.770  -59.741  -8.727 0.3000000119
20615  -16.973  -53.155  -9.026 0.3000000119
20616  -18.078  -53.320  -8.880 0.3000000119
20634  -17.511  -53.949  -9.583 0.3000000119
20636  -19.516  -53.665  -9.596 0.4000000060
19781  -19.070  -54.636  -10.266 0.4000000060
19800  -20.218  -54.386  -11.571 0.3000000119
140952  -19.692  -54.807  -11.036 0.4000000060
17473  -25.222  -57.996  -2.873 0.4000000060
127316  -26.358  -57.195  -3.438 0.4000000060
19799  -19.223  -55.667  -11.022 0.4000000060
16934  -23.805  -57.824  -3.684 0.4000000060
16947  -22.717  -58.652  -4.647 0.4000000060
135738  -17.991  -57.669  -10.422 0.3000000119
17503  -22.702  -58.064  -4.984 0.4000000060
124427  -18.806  -56.881  -8.157 0.3000000119
17555  -18.368  -58.135  -10.352 0.3000000119
17556  -19.303  -58.569  -9.624 0.3000000119
16978  -21.190  -60.076  -8.402 0.4000000060
21386  -18.064  -52.069  -7.789 0.3000000119
21424  -19.931  -52.987  -9.074 0.4000000060
20637  -20.188  -53.221  -9.905 0.4000000060
20650  -20.310  -53.431  -10.906 0.4000000060
18194  -27.352  -56.662  -4.207 0.4000000060
18177  -26.631  -56.531  -3.743 0.4000000060
18175  -24.897  -56.667  -3.610 0.4000000060
19017  -19.654  -56.705  -11.630 0.4000000060
17504  -23.525  -57.309  -4.250 0.4000000060
18192  -24.093  -56.966  -3.880 0.4000000060
18283  -19.065  -57.871  -11.353 0.3000000119
17519  -23.010  -57.268  -4.880 0.4000000060
17583  -19.376  -58.735  -11.173 0.3000000119
17518  -22.453  -57.802  -5.566 0.5000000000
17571  -19.191  -58.820  -10.701 0.3000000119
17012  -19.932  -59.180  -10.870 0.3000000119
17533  -22.190  -57.342  -6.154 0.5000000000
17557  -21.301  -59.078  -9.343 0.3000000119
17532  -21.803  -58.031  -7.305 0.4000000060
16967  -20.447  -59.382  -7.490 0.4000000060
22128  -19.866  -51.792  -8.080 0.3000000119
21447  -20.574  -52.900  -11.439 0.3000000119
20662  -20.594  -53.756  -12.120 0.3000000119
18899  -27.518  -55.814  -4.477 0.4000000060
19819  -20.186  -55.610  -11.975 0.3000000119
18882  -26.157  -55.823  -3.860 0.4000000060
18898  -26.752  -55.076  -4.228 0.3000000119
19018  -20.719  -56.673  -12.433 0.3000000119
18191  -23.589  -56.636  -4.496 0.4000000060
18881  -25.231  -55.878  -3.848 0.4000000060
17594  -20.786  -58.061  -11.851 0.3000000119
17585  -21.088  -58.079  -11.561 0.3000000119
18204  -22.432  -56.374  -5.805 0.4000000060
17001  -20.573  -59.321  -10.260 0.3000000119
18250  -21.455  -57.586  -9.061 0.3000000119
126529  -21.601  -57.964  -8.314 0.3000000119
18220  -21.700  -56.787  -7.507 0.3000000119
19820  -20.929  -55.024  -12.951 0.3000000119
21457  -21.734  -53.359  -13.708 0.3000000119
130359  -21.903  -55.093  -13.814 0.3000000119
18897  -24.707  -55.288  -4.337 0.4000000060
19716  -25.748  -54.258  -4.405 0.4000000060
19019  -22.077  -56.702  -12.442 0.3000000119
18915  -23.656  -55.968  -4.717 0.4000000060
19714  -24.313  -54.686  -4.752 0.4000000060
17014  -20.914  -58.666  -11.045 0.3000000119
18267  -21.395  -57.244  -9.884 0.3000000119
18935  -22.233  -55.676  -6.195 0.3000000119
18236  -21.539  -56.851  -8.292 0.3000000119
19822  -22.892  -55.658  -13.359 0.3000000119
18284  -21.493  -57.156  -11.191 0.3000000119
139585  -23.728  -54.867  -5.066 0.3000000119
20574  -24.765  -53.893  -4.784 0.3000000119
18982  -21.550  -56.177  -9.836 0.3000000119
138642  -22.547  -54.999  -5.971 0.3000000119
18968  -21.472  -56.434  -8.905 0.3000000119
18934  -21.789  -55.757  -6.934 0.3000000119
19802  -22.660  -54.719  -12.028 0.3000000119
21436  -22.826  -52.886  -11.734 0.3000000119
19801  -22.157  -54.959  -10.803 0.3000000119
19728  -23.151  -54.728  -5.552 0.3000000119
20651  -22.332  -54.101  -10.588 0.3000000119
20652  -22.572  -53.554  -11.101 0.3000000119
16319  -21.130  -59.983  -8.647 0.4000000060
16986  -20.283  -59.202  -9.403 0.3000000119
129350  -20.978  -59.599  -9.720 0.3000000119
140614  -19.952  -85.835  -7.515 0.6000000238
1427  -19.319  -87.201  -7.927 0.5000000000
1422  -18.754  -87.340  -7.742 0.5000000000
2109  -17.589  -86.079  -8.113 0.5000000000
1423  -19.304  -87.536  -7.523 0.5000000000
1403  -22.729  -87.272  -4.686 0.5000000000
2463  -19.987  -84.301  -4.988 0.6999999881
2474  -22.280  -84.639  -5.776 0.6999999881
2833  -20.281  -83.449  -3.733 0.6999999881
2462  -19.162  -84.027  -5.120 0.6999999881
1102  -21.245  -87.829  -5.106 0.4000000060
2851  -18.753  -83.436  -4.426 0.6999999881
2467  -30.368  -84.079  -4.272 0.3000000119
1765  -24.329  -86.090  -7.727 0.5000000000
2122  -24.760  -84.650  -8.700 0.3000000119
2836  -23.109  -83.201  -3.959 0.6000000238
3642  -25.267  -81.593  -4.550 0.5000000000
4477  -23.212  -78.756  -1.048 0.6000000238
3200  -21.314  -82.509  -2.610 0.6999999881
2041  -30.030  -85.925  -0.485 0.3000000119
4011  -20.707  -80.767  -1.006 0.6000000238
3619  -20.862  -82.021  -1.964 0.6000000238
3212  -20.003  -82.952  -3.119 0.6999999881
2113  -21.672  -85.718  -7.998 0.5000000000
1430  -21.633  -86.893  -8.246 0.6000000238
123115  -20.357  -87.410  -7.710 0.5000000000
3617  -19.054  -81.851  -2.144 0.6000000238
122977  -17.958  -82.443  -3.582 0.6999999881
4458  -18.553  -79.424  -0.427 0.5000000000
3196  -17.795  -81.924  -3.080 0.5000000000
2858  -30.113  -83.917  -4.660 0.3000000119
5909  -19.975  -76.244  0.409 0.6000000238
3615  -17.097  -81.294  -2.990 0.5000000000
3672  -28.175  -81.926  -7.685 0.3000000119
2488  -22.969  -84.379  -7.589 0.5000000000
2874  -30.214  -83.536  -4.828 0.3000000119
4007  -16.299  -80.138  -1.891 0.5000000000
4069  -25.835  -81.023  -5.813 0.4000000060
2434  -32.502  -84.290  -2.002 0.3000000119
6003  -24.005  -76.885  -5.341 0.6000000238
5015  -21.185  -78.838  -4.861 0.6999999881
5536  -22.304  -78.689  -6.338 0.6000000238
6042  -21.990  -77.306  -8.717 0.6000000238
6564  -24.195  -76.354  -5.488 0.6000000238
137961  -25.975  -73.994  -5.966 0.5000000000
5076  -27.958  -78.898  -8.688 0.4000000060
7103  -23.011  -74.060  -4.724 0.6000000238
128844  -24.346  -73.015  -4.394 0.5000000000
7631  -21.754  -74.030  -5.730 0.6000000238
9944  -25.380  -69.703  -6.103 0.4000000060
140421  -19.713  -80.379  -7.861 0.6000000238
4586  -20.624  -79.448  -10.176 0.6999999881
9333  -15.633  -69.890  -6.256 0.6000000238
139706  -26.752  -74.911  -6.654 0.4000000060
8156  -26.750  -72.592  -5.047 0.4000000060
135523  -27.294  -69.246  -6.730 0.4000000060
9360  -23.094  -70.175  -8.672 0.4000000060
4534  -18.165  -79.385  -7.082 0.6000000238
9955  -15.217  -69.302  -9.015 0.6000000238
9335  -17.425  -70.472  -6.666 0.6000000238
125699  -27.492  -75.002  -9.875 0.5000000000
7118  -17.948  -74.115  -5.750 0.5000000000
135636  -19.361  -67.622  -8.449 0.6000000238
7135  -17.622  -74.649  -6.137 0.4000000060
6643  -20.398  -76.686  -10.184 0.5000000000
8712  -27.899  -71.415  -4.547 0.5000000000
7676  -19.590  -73.387  -8.760 0.6000000238
6622  -19.761  -76.102  -8.834 0.5000000000
12340  -8.749  -64.506  -5.084 0.6000000238
14207  -14.447  -62.510  -3.592 0.5000000000
12332  -17.001  -65.630  -2.931 0.5000000000
12935  -14.564  -64.575  -4.736 0.6000000238
12344  -15.222  -64.767  -4.173 0.6000000238
12904  -18.458  -64.991  -2.670 0.6000000238
136558  -12.981  -63.061  -7.414 0.6000000238
14192  -15.602  -62.145  -2.545 0.5000000000
135604  -20.833  -64.042  -2.001 0.5000000000
14239  -19.700  -62.853  -6.259 0.6000000238
14899  -15.844  -60.450  -4.591 0.5000000000
123510  -20.456  -61.790  -6.682 0.6000000238
18965  -15.135  -56.212  -9.160 0.3000000119
14883  -21.661  -61.460  -3.157 0.5000000000
16957  -19.254  -58.139  -5.436 0.3000000119
16272  -23.580  -59.136  -3.098 0.4000000060
16271  -22.953  -59.488  -3.516 0.4000000060
16303  -20.210  -59.729  -6.529 0.4000000060
17531  -19.871  -57.968  -7.081 0.3000000119
17488  -25.515  -57.281  -3.264 0.4000000060
21407  -18.548  -52.685  -8.321 0.3000000119
17593  -19.921  -58.334  -11.579 0.3000000119
18205  -23.074  -56.311  -5.152 0.4000000060
18303  -21.279  -57.183  -12.468 0.3000000119
129805  -21.983  -56.606  -6.591 0.4000000060
22129  -20.429  -51.244  -8.639 0.3000000119
19033  -22.062  -56.571  -13.059 0.3000000119
135507  -23.398  -55.467  -5.133 0.4000000060
19821  -22.441  -55.816  -12.208 0.3000000119
3555  -14.315  -81.421  2.172 0.5000000000
3972  -14.375  -80.749  1.479 0.5000000000
130588  -14.101  -80.878  0.684 0.5000000000
3988  -14.427  -80.786  -0.812 0.4000000060
125018  -15.208  -80.430  3.913 0.5000000000
3541  -15.019  -80.530  3.066 0.5000000000
3973  -14.940  -80.088  1.615 0.5000000000
3981  -14.747  -80.195  0.767 0.5000000000
136305  -15.282  -79.754  0.000 0.5000000000
3989  -15.177  -80.038  -0.942 0.4000000060
4403  -15.473  -79.658  4.193 0.4000000060
3953  -15.446  -79.872  3.298 0.5000000000
4444  -15.456  -79.496  0.966 0.5000000000
4455  -15.787  -79.521  -0.623 0.4000000060
4900  -16.066  -78.381  3.971 0.5000000000
141210  -16.132  -78.814  3.159 0.5000000000
4422  -15.786  -79.365  2.633 0.5000000000
5407  -16.661  -77.535  2.750 0.5000000000
4434  -15.925  -79.105  1.700 0.5000000000
5418  -16.833  -77.720  1.839 0.5000000000
4921  -17.032  -77.960  1.005 0.5000000000
4937  -17.420  -78.325  0.372 0.4000000060
5397  -16.330  -77.394  3.778 0.5000000000
5408  -17.030  -76.851  2.294 0.5000000000
5419  -17.308  -77.252  1.390 0.5000000000
5437  -17.820  -77.564  0.723 0.5000000000
132204  -15.764  -72.782  0.031 0.5000000000
6428  -16.179  -75.611  3.720 0.5000000000
6438  -16.539  -75.019  3.120 0.5000000000
6439  -17.194  -75.171  2.499 0.5000000000
7500  -17.215  -73.744  1.945 0.5000000000
5889  -17.404  -76.026  2.165 0.5000000000
7015  -17.505  -74.493  1.966 0.5000000000
5900  -17.859  -76.122  1.501 0.5000000000
5438  -18.535  -76.937  0.769 0.5000000000
7539  -16.551  -72.765  0.250 0.5000000000
7561  -16.459  -72.837  -0.561 0.5000000000
7074  -16.378  -74.645  -2.466 0.5000000000
7519  -17.541  -73.343  1.221 0.5000000000
7578  -17.324  -72.969  -1.112 0.5000000000
131541  -17.230  -74.408  -2.497 0.5000000000
7520  -18.242  -73.754  0.940 0.5000000000
7540  -17.983  -73.103  0.370 0.5000000000
7579  -18.288  -73.110  -1.108 0.5000000000
7029  -18.819  -74.406  0.687 0.5000000000
7541  -18.783  -73.642  0.245 0.5000000000
6445  -18.211  -75.576  1.310 0.5000000000
5901  -18.401  -76.200  1.042 0.5000000000
5439  -19.499  -77.156  0.525 0.5000000000
5040  -17.538  -78.734  -6.556 0.5000000000
5025  -17.854  -78.227  -5.775 0.6000000238
121405  -17.135  -75.786  -3.577 0.5000000000
7075  -18.186  -73.975  -2.467 0.5000000000
5501  -18.474  -77.247  -4.763 0.5000000000
7593  -18.852  -73.419  -1.760 0.5000000000
6503  -18.644  -74.754  -3.145 0.5000000000
7030  -19.482  -74.307  0.112 0.5000000000
7580  -19.519  -73.620  -1.190 0.5000000000
6455  -18.803  -75.353  0.861 0.5000000000
4548  -17.117  -79.792  -8.658 0.5000000000
4549  -17.941  -79.731  -7.959 0.5000000000
5026  -18.741  -78.581  -5.704 0.6000000238
8689  -12.031  -70.725  -4.720 0.5000000000
9294  -13.346  -70.534  -4.579 0.6000000238
9318  -11.222  -70.534  -4.887 0.5000000000
9899  -12.497  -69.700  -4.998 0.5000000000
123788  -13.612  -69.487  -5.825 0.6000000238
9919  -12.720  -69.367  -5.720 0.6000000238
9917  -11.046  -69.542  -5.237 0.5000000000
9938  -12.022  -68.840  -6.868 0.6000000238
10558  -11.100  -68.380  -7.309 0.5000000000
9952  -12.656  -68.535  -8.147 0.6000000238
10559  -11.799  -68.166  -8.095 0.6000000238
133652  -9.847  -67.811  -7.358 0.5000000000
122275  -11.742  -67.921  -8.174 0.6000000238
11176  -12.361  -67.701  -8.148 0.6000000238
11768  -9.740  -67.386  -7.244 0.5000000000
11769  -10.655  -67.473  -7.489 0.5000000000
121803  -8.432  -65.970  -6.642 0.5000000000
12943  -8.586  -64.676  -6.008 0.6000000238
12325  -8.937  -65.710  -3.955 0.6000000238
11737  -7.988  -65.732  -4.639 0.5000000000
11748  -10.325  -66.114  -6.276 0.6000000238
11759  -10.786  -66.831  -6.975 0.5000000000
12930  -8.665  -64.549  -5.711 0.5000000000
12328  -10.836  -64.468  -3.420 0.6000000238
12916  -10.134  -64.170  -3.978 0.6000000238
13554  -11.764  -63.338  -4.169 0.6000000238
3252  -29.229  -83.402  -5.098 0.3000000119
4514  -29.525  -79.965  -5.137 0.3000000119
5046  -31.035  -78.518  -6.392 0.3000000119
3655  -28.024  -81.989  -6.315 0.3000000119
122702  -28.339  -82.669  -5.460 0.3000000119
2872  -28.540  -83.872  -5.393 0.3000000119
4936  -16.959  -78.792  -0.203 0.4000000060
137143  -18.943  -73.279  -0.994 0.5000000000
5968  -18.870  -76.090  -4.020 0.5000000000
9295  -14.159  -70.571  -4.509 0.5000000000
4445  -16.069  -79.121  0.070 0.4000000060
119204  -16.067  -78.905  0.921 0.5000000000
5888  -16.838  -75.951  3.073 0.5000000000
7517  -15.883  -73.210  1.906 0.5000000000
7499  -16.463  -73.656  2.324 0.5000000000
7560  -15.499  -73.041  -0.900 0.5000000000
7577  -16.295  -73.269  -1.397 0.5000000000
120280  -17.265  -72.805  -0.101 0.5000000000
6524  -17.795  -75.347  -3.404 0.5000000000
135275  -28.872  -82.356  -5.015 0.3000000119
4079  -28.939  -80.703  -6.571 0.3000000119
4528  -29.856  -79.346  -5.607 0.3000000119
4072  -28.975  -80.784  -5.472 0.3000000119
4541  -29.381  -80.061  -6.002 0.3000000119
4542  -30.075  -79.622  -6.605 0.3000000119
19715  -24.981  -54.637  -4.461 0.3000000119
1098  -18.134  -87.997  -6.573 0.5000000000
1104  -18.786  -88.022  -6.632 0.5000000000
1107  -18.745  -87.779  -7.213 0.5000000000
1108  -19.281  -87.833  -6.968 0.5000000000
1109  -19.798  -87.855  -6.672 0.5000000000
1408  -16.965  -87.598  -6.343 0.6000000238
1412  -22.179  -87.390  -5.393 0.4000000060
1417  -20.808  -87.647  -6.567 0.5000000000
1418  -22.253  -87.293  -6.510 0.5000000000
1420  -16.757  -87.279  -7.454 0.6000000238
1424  -19.796  -87.610  -7.317 0.5000000000
1425  -21.089  -87.423  -7.606 0.5000000000
1426  -22.091  -87.200  -7.569 0.5000000000
1428  -19.963  -87.238  -7.979 0.5000000000
1429  -20.760  -87.107  -8.220 0.6000000238
1710  -29.687  -86.232  0.187 0.3000000119
1744  -24.573  -86.407  -4.944 0.4000000060
1749  -16.174  -86.997  -6.153 0.5000000000
1751  -23.395  -86.810  -5.438 0.5000000000
1756  -16.001  -86.941  -7.219 0.5000000000
1758  -24.814  -86.343  -6.237 0.5000000000
1761  -17.221  -86.669  -7.952 0.5000000000
1762  -18.062  -86.894  -7.969 0.5000000000
1763  -22.560  -86.587  -8.038 0.5000000000
1764  -23.498  -86.356  -7.886 0.5000000000
1767  -18.838  -86.847  -8.037 0.5000000000
1768  -19.613  -86.766  -8.143 0.6000000238
1770  -21.091  -86.827  -8.302 0.6000000238
1771  -22.186  -86.158  -8.298 0.5000000000
1772  -23.697  -85.807  -8.337 0.5000000000
2030  -30.517  -85.422  0.149 0.3000000119
2043  -31.205  -85.132  -0.753 0.3000000119
2057  -28.950  -84.849  -1.943 0.3000000119
2060  -31.554  -84.971  -1.250 0.3000000119
2068  -29.666  -84.762  -2.271 0.3000000119
2070  -31.226  -84.934  -1.757 0.3000000119
2076  -27.313  -84.750  -3.942 0.3000000119
2083  -26.452  -85.536  -4.996 0.4000000060
2085  -27.511  -84.913  -4.951 0.4000000060
2092  -20.240  -84.920  -5.740 0.8000000119
2094  -26.637  -85.369  -5.411 0.4000000060
2096  -27.658  -84.792  -5.013 0.4000000060
2102  -20.873  -85.370  -6.503 0.6999999881
2103  -21.642  -85.453  -7.419 0.6000000238
2105  -26.738  -85.233  -5.882 0.4000000060
2106  -27.164  -84.953  -5.676 0.4000000060
2112  -20.211  -86.350  -7.950 0.6000000238
2117  -18.968  -86.354  -8.033 0.5000000000
2119  -22.404  -85.340  -8.263 0.5000000000
2120  -23.369  -85.075  -8.636 0.5000000000
2422  -32.650  -84.210  -1.221 0.3000000119
2445  -30.989  -84.623  -2.598 0.3000000119
2446  -31.812  -84.683  -2.122 0.3000000119
2455  -28.949  -84.378  -4.300 0.3000000119
2456  -29.787  -84.358  -3.936 0.3000000119
2465  -28.518  -84.399  -4.727 0.3000000119
2475  -22.843  -84.458  -6.425 0.4000000060
2476  -27.535  -84.783  -5.305 0.4000000060
2477  -28.037  -84.543  -5.038 0.4000000060
2478  -28.704  -84.246  -5.040 0.3000000119
2484  -18.669  -85.031  -6.959 0.6000000238
2485  -19.419  -85.039  -6.325 0.5000000000
2487  -22.438  -84.978  -7.128 0.5000000000
2489  -26.797  -84.915  -6.439 0.4000000060
2491  -27.700  -84.466  -5.541 0.4000000060
2494  -17.909  -85.037  -7.679 0.6000000238
2495  -22.735  -84.711  -8.264 0.5000000000
2498  -26.849  -84.313  -6.995 0.3000000119
2500  -23.254  -84.369  -8.614 0.4000000060
2502  -25.737  -84.183  -8.661 0.3000000119
2835  -21.880  -83.662  -4.099 0.6999999881
2850  -17.787  -83.175  -4.889 0.6000000238
2854  -21.315  -84.067  -4.536 0.6999999881
2868  -17.410  -83.397  -5.850 0.6000000238
2880  -17.062  -83.642  -6.699 0.5000000000
2886  -23.584  -83.819  -8.766 0.4000000060
2887  -23.927  -83.137  -8.384 0.4000000060
2891  -25.497  -83.247  -9.243 0.3000000119
2893  -26.825  -83.125  -8.839 0.3000000119
2894  -24.584  -83.273  -9.137 0.3000000119
2896  -27.172  -82.342  -9.345 0.3000000119
3198  -19.591  -82.432  -2.611 0.6999999881
3210  -17.209  -81.916  -3.637 0.6000000238
3211  -18.717  -82.907  -3.618 0.6999999881
3216  -23.427  -82.619  -3.517 0.6000000238
3233  -23.742  -82.897  -4.151 0.6000000238
3235  -29.906  -82.744  -4.851 0.3000000119
3250  -24.653  -82.511  -5.606 0.4000000060
3261  -27.412  -83.338  -6.780 0.4000000060
3267  -27.456  -82.883  -7.738 0.3000000119
3269  -24.538  -82.732  -9.135 0.4000000060
3274  -25.721  -82.483  -9.390 0.3000000119
3598  -17.878  -80.928  -1.960 0.5000000000
3602  -21.224  -81.380  -1.508 0.6000000238
3618  -19.989  -81.989  -1.991 0.6000000238
3620  -21.732  -81.898  -2.096 0.6000000238
3623  -24.537  -80.919  -2.828 0.5000000000
3630  -15.221  -81.481  -4.390 0.5000000000
3631  -15.650  -81.196  -3.757 0.6000000238
3633  -23.794  -82.059  -3.122 0.6000000238
3641  -24.765  -82.026  -4.201 0.5000000000
3643  -29.305  -81.545  -4.816 0.3000000119
3653  -24.931  -82.134  -4.999 0.4000000060
3656  -28.554  -81.726  -5.422 0.3000000119
3673  -28.817  -81.398  -8.342 0.3000000119
3675  -24.861  -82.009  -8.920 0.4000000060
3679  -25.834  -81.839  -9.368 0.3000000119
3682  -28.276  -81.560  -9.410 0.3000000119
3965  -14.700  -80.649  2.269 0.5000000000
3966  -15.209  -80.017  2.441 0.5000000000
3993  -21.919  -79.918  -0.805 0.6000000238
4006  -15.518  -80.207  -1.804 0.5000000000
4008  -17.214  -80.371  -1.838 0.5000000000
4010  -19.832  -80.781  -1.027 0.6000000238
4012  -21.553  -80.662  -1.105 0.6000000238
4028  -15.062  -80.618  -2.425 0.5000000000
4030  -16.635  -80.635  -2.484 0.5000000000
4033  -23.439  -81.202  -2.323 0.5000000000
4034  -24.994  -80.320  -2.795 0.5000000000
4043  -16.147  -80.878  -3.152 0.5000000000
4045  -26.296  -79.846  -3.852 0.5000000000
4070  -26.308  -80.433  -5.535 0.4000000060
4071  -28.493  -81.262  -6.103 0.3000000119
4078  -26.130  -80.647  -6.694 0.4000000060
4080  -29.710  -80.277  -7.161 0.3000000119
4086  -26.303  -80.459  -7.923 0.4000000060
4092  -25.923  -81.213  -9.213 0.4000000060
4412  -15.810  -79.199  3.616 0.5000000000
4423  -16.232  -78.713  2.390 0.5000000000
4433  -15.459  -79.615  1.862 0.5000000000
4456  -16.501  -79.308  -0.728 0.4000000060
4460  -20.638  -79.395  -0.311 0.6000000238
4462  -22.318  -79.070  -0.650 0.6000000238
4474  -15.974  -79.700  -1.281 0.4000000060
4479  -24.215  -79.419  -1.829 0.5000000000
4513  -27.146  -78.991  -4.706 0.4000000060
4523  -20.325  -79.791  -6.164 0.6999999881
4524  -20.879  -79.781  -5.923 0.6999999881
4525  -21.375  -79.711  -6.183 0.6999999881
4526  -26.737  -79.693  -5.168 0.4000000060
4536  -19.820  -80.087  -6.904 0.6999999881
4538  -21.235  -79.843  -6.904 0.6999999881
4550  -18.882  -80.101  -7.741 0.6000000238
4551  -20.168  -80.344  -8.464 0.6999999881
4554  -27.433  -79.226  -7.967 0.4000000060
4567  -17.650  -80.079  -9.609 0.6000000238
4571  -21.235  -79.439  -8.632 0.6999999881
4572  -26.874  -80.250  -9.292 0.4000000060
4583  -17.368  -79.616  -10.349 0.6000000238
4589  -28.132  -79.699  -9.981 0.4000000060
4595  -17.177  -79.237  -10.613 0.6000000238
4597  -18.559  -79.531  -10.607 0.6000000238
4899  -15.644  -78.956  4.367 0.4000000060
4909  -16.403  -78.198  3.089 0.5000000000
4920  -16.457  -78.455  1.500 0.5000000000
4940  -20.346  -77.664  0.296 0.6999999881
4959  -18.773  -78.796  -0.039 0.5000000000
4960  -21.788  -78.505  -0.332 0.6000000238
4961  -22.618  -78.023  -0.626 0.6999999881
4977  -23.861  -78.102  -1.350 0.5000000000
4989  -24.568  -78.436  -1.795 0.5000000000
4991  -25.822  -77.669  -2.604 0.5000000000
5002  -25.779  -78.875  -2.821 0.5000000000
5014  -20.181  -78.409  -4.780 0.6999999881
5029  -22.023  -79.239  -5.798 0.6000000238
5041  -18.451  -78.940  -6.297 0.6000000238
5042  -21.724  -79.292  -6.762 0.6999999881
5044  -28.265  -78.024  -6.716 0.5000000000
5045  -30.379  -78.972  -6.204 0.3000000119
5075  -21.535  -78.613  -9.587 0.6999999881
5077  -28.466  -78.297  -8.891 0.4000000060
5087  -17.394  -79.010  -10.727 0.6000000238
5089  -19.378  -79.310  -10.549 0.6000000238
5090  -20.536  -78.984  -10.475 0.6000000238
5091  -21.180  -78.704  -10.381 0.6999999881
5093  -28.621  -78.774  -10.213 0.4000000060
5420  -17.879  -76.798  1.123 0.5000000000
5456  -21.777  -77.000  -0.157 0.6000000238
5463  -23.112  -77.060  -0.893 0.5000000000
5488  -26.689  -77.400  -3.276 0.5000000000
5489  -27.308  -77.226  -3.779 0.5000000000
5503  -20.863  -78.008  -4.392 0.6999999881
5506  -23.711  -77.435  -5.117 0.6000000238
5508  -28.179  -76.729  -4.981 0.5000000000
5519  -18.571  -77.967  -5.230 0.6000000238
5520  -19.424  -78.560  -5.283 0.6000000238
5522  -27.988  -77.656  -5.149 0.4000000060
5537  -28.552  -77.149  -6.419 0.4000000060
5538  -31.729  -77.831  -6.154 0.3000000119
5577  -18.947  -78.725  -10.390 0.6000000238
5579  -21.420  -77.827  -10.650 0.6000000238
5580  -22.068  -77.095  -10.968 0.6000000238
5875  -16.302  -76.407  3.839 0.5000000000
5908  -19.127  -76.234  0.677 0.6000000238
5920  -22.135  -76.207  -0.615 0.6999999881
5949  -23.962  -75.841  -2.141 0.5000000000
5950  -24.639  -76.159  -2.217 0.5000000000
5951  -25.987  -75.861  -3.155 0.5000000000
5952  -26.775  -76.344  -3.483 0.5000000000
5967  -17.871  -76.066  -3.970 0.5000000000
5970  -20.779  -76.366  -3.634 0.6000000238
5985  -18.410  -76.614  -4.356 0.5000000000
5986  -19.299  -76.944  -4.347 0.5000000000
5990  -27.857  -76.151  -4.758 0.5000000000
6002  -23.571  -77.191  -5.556 0.6000000238
6024  -28.444  -76.136  -6.217 0.5000000000
6040  -18.303  -76.420  -7.787 0.6000000238
6056  -18.841  -77.032  -8.487 0.5000000000
6058  -22.198  -76.788  -10.263 0.6000000238
6097  -22.057  -76.302  -11.101 0.6000000238
6098  -29.386  -76.629  -11.106 0.4000000060
6444  -17.731  -75.352  1.792 0.5000000000
6457  -20.376  -75.556  0.071 0.6999999881
6471  -20.220  -74.846  -0.230 0.6999999881
6473  -22.278  -75.657  -1.247 0.6000000238
6487  -21.228  -75.058  -1.139 0.6999999881
6488  -21.853  -75.337  -1.685 0.6000000238
6490  -23.565  -75.694  -2.286 0.5000000000
6501  -16.903  -75.210  -3.009 0.5000000000
6502  -17.739  -74.749  -2.917 0.5000000000
6529  -25.187  -75.666  -3.547 0.6000000238
6530  -25.805  -75.635  -3.697 0.5000000000
6548  -27.286  -75.690  -4.725 0.5000000000
6569  -27.704  -75.469  -6.208 0.4000000060
6588  -17.266  -75.182  -6.718 0.4000000060
6589  -18.048  -75.134  -6.503 0.4000000060
6603  -18.741  -75.882  -7.405 0.5000000000
6605  -22.046  -76.384  -8.752 0.5000000000
6606  -26.790  -74.359  -8.602 0.5000000000
6624  -27.107  -74.577  -9.206 0.5000000000
6644  -21.407  -76.159  -11.021 0.6000000238
6645  -22.021  -75.684  -10.867 0.6000000238
6646  -28.017  -75.412  -10.317 0.4000000060
6657  -21.698  -75.513  -10.935 0.6000000238
7005  -16.866  -74.336  2.539 0.5000000000
7016  -18.187  -74.694  1.317 0.5000000000
7043  -20.624  -74.660  -0.841 0.6999999881
7058  -16.912  -73.731  -1.977 0.5000000000
7060  -21.186  -74.951  -1.694 0.6000000238
7076  -19.200  -74.015  -2.504 0.6000000238
7078  -20.737  -74.609  -1.969 0.6000000238
7123  -25.934  -74.526  -6.064 0.5000000000
7134  -16.767  -74.599  -6.360 0.5000000000
7137  -19.092  -74.295  -6.982 0.6999999881
7138  -21.616  -74.721  -6.694 0.6000000238
7152  -26.569  -74.040  -8.358 0.4000000060
7169  -19.831  -75.141  -8.974 0.6000000238
7171  -26.883  -74.042  -8.903 0.4000000060
7186  -20.436  -75.577  -10.276 0.6000000238
7194  -21.328  -74.810  -10.693 0.6000000238
7518  -16.744  -73.185  1.567 0.5000000000
7538  -16.070  -72.827  0.992 0.5000000000
7542  -19.260  -73.622  -0.444 0.5000000000
7562  -17.943  -72.915  -0.464 0.5000000000
7563  -18.576  -73.219  -0.384 0.5000000000
7592  -17.893  -73.383  -1.807 0.5000000000
7613  -23.699  -73.503  -4.563 0.5000000000
7629  -17.676  -73.512  -5.439 0.5000000000
7630  -18.390  -73.537  -5.899 0.5000000000
7659  -19.263  -73.736  -7.524 0.6000000238
7661  -26.767  -73.798  -8.147 0.5000000000
7677  -21.694  -74.145  -9.540 0.5000000000
7679  -27.347  -73.743  -8.765 0.4000000060
7693  -20.847  -74.216  -10.450 0.6000000238
7694  -21.567  -74.065  -10.046 0.5000000000
7696  -21.076  -72.794  -10.151 0.6000000238
8130  -15.989  -72.096  -4.451 0.5000000000
8134  -24.696  -72.240  -4.166 0.5000000000
8135  -25.494  -72.131  -4.184 0.5000000000
8136  -26.336  -71.943  -4.311 0.5000000000
8151  -16.420  -72.813  -4.846 0.5000000000
8153  -18.109  -72.734  -5.543 0.5000000000
8154  -22.599  -72.396  -5.216 0.6000000238
8155  -23.292  -72.222  -4.652 0.6000000238
8171  -22.210  -72.182  -6.291 0.6000000238
8188  -21.634  -73.154  -8.115 0.5000000000
8206  -19.486  -72.498  -8.547 0.6000000238
8207  -21.715  -72.386  -8.641 0.5000000000
8219  -20.052  -72.670  -9.603 0.6000000238
8220  -20.681  -72.367  -10.030 0.6000000238
8684  -25.710  -70.801  -3.913 0.5000000000
8690  -12.743  -71.068  -4.570 0.5000000000
8692  -14.619  -71.402  -4.367 0.6000000238
8693  -15.517  -71.414  -4.395 0.6000000238
8694  -16.332  -71.392  -4.580 0.6000000238
8696  -24.460  -71.502  -4.259 0.5000000000
8698  -25.817  -71.248  -3.886 0.4000000060
8699  -27.523  -70.938  -4.189 0.4000000060
8710  -17.629  -71.955  -5.253 0.5000000000
8713  -28.560  -71.402  -4.783 0.5000000000
8723  -17.764  -71.136  -5.847 0.5000000000
8725  -22.562  -71.581  -6.726 0.6000000238
8736  -19.075  -71.784  -7.742 0.6000000238
8749  -22.034  -71.189  -9.080 0.5000000000
8757  -21.512  -71.166  -9.866 0.5000000000
8761  -21.033  -71.484  -10.198 0.6000000238
9292  -11.906  -69.926  -4.860 0.5000000000
9293  -12.631  -70.240  -4.716 0.5000000000
9296  -15.072  -70.716  -4.493 0.6000000238
9298  -23.909  -71.144  -4.771 0.6000000238
9299  -24.783  -70.627  -4.590 0.5000000000
9300  -25.676  -70.480  -4.256 0.6000000238
9319  -14.687  -70.120  -4.837 0.6000000238
9321  -16.223  -70.390  -5.372 0.6000000238
9334  -16.552  -70.156  -6.538 0.6000000238
9338  -24.075  -70.363  -6.111 0.6000000238
9347  -23.934  -70.112  -6.999 0.6000000238
9356  -18.968  -70.153  -8.000 0.6000000238
9357  -19.724  -70.082  -8.415 0.6000000238
9359  -22.573  -70.835  -8.406 0.5000000000
9365  -19.997  -70.994  -8.952 0.6000000238
9366  -20.482  -71.030  -9.832 0.6000000238
9368  -22.823  -69.893  -9.740 0.5000000000
9900  -13.241  -69.793  -4.918 0.6000000238
9901  -13.702  -70.170  -4.676 0.6000000238
9918  -11.913  -69.397  -5.474 0.5000000000
9921  -14.628  -69.686  -5.831 0.6000000238
9922  -24.764  -70.146  -5.595 0.6000000238
9924  -26.905  -69.522  -5.255 0.4000000060
9937  -11.315  -68.932  -6.054 0.6000000238
9939  -12.996  -69.164  -7.084 0.6999999881
9954  -14.321  -69.199  -8.639 0.6999999881
9956  -16.158  -69.351  -9.208 0.6000000238
9974  -14.850  -68.986  -9.423 0.6000000238
9977  -17.331  -68.953  -9.326 0.5000000000
9979  -20.462  -69.390  -9.308 0.6000000238
9989  -16.243  -68.967  -10.077 0.6000000238
9990  -16.506  -69.021  -9.953 0.6000000238
9991  -20.812  -69.464  -10.207 0.5000000000
9994  -24.366  -69.402  -9.928 0.5000000000
9995  -26.619  -69.564  -10.443 0.4000000060
10017  -27.239  -69.517  -11.634 0.4000000060
10519  -16.865  -67.847  -3.687 0.5000000000
10521  -18.456  -68.167  -3.574 0.4000000060
10522  -19.336  -68.203  -3.508 0.5000000000
10528  -17.264  -68.143  -4.421 0.6000000238
10530  -18.947  -68.392  -4.376 0.6999999881
10531  -19.846  -68.347  -4.372 0.5000000000
10544  -17.733  -68.203  -5.467 0.6000000238
10545  -18.538  -68.172  -6.141 0.6999999881
10562  -19.230  -67.920  -6.698 0.6000000238
10568  -10.534  -67.849  -7.631 0.5000000000
10569  -11.106  -67.971  -7.913 0.6000000238
10570  -12.443  -68.040  -8.529 0.6000000238
10578  -14.397  -68.519  -9.019 0.6999999881
10579  -15.645  -68.663  -9.585 0.6000000238
10580  -16.405  -68.528  -9.749 0.6000000238
10581  -16.968  -68.376  -9.394 0.5000000000
11094  -19.147  -67.226  -2.534 0.5000000000
11095  -20.085  -66.976  -2.416 0.5000000000
11097  -21.730  -66.920  -2.684 0.5000000000
11105  -15.142  -67.330  -3.843 0.6000000238
11106  -16.664  -67.390  -3.241 0.5000000000
11107  -17.965  -67.710  -3.060 0.5000000000
11110  -20.604  -67.567  -2.888 0.5000000000
11112  -22.266  -67.188  -3.171 0.5000000000
11122  -15.526  -67.675  -4.508 0.6999999881
11124  -21.088  -67.854  -3.566 0.5000000000
11137  -14.585  -67.543  -5.931 0.6999999881
11152  -11.416  -67.490  -7.649 0.5000000000
11154  -12.907  -67.284  -7.154 0.6000000238
11156  -15.304  -67.603  -6.851 0.6999999881
11158  -17.147  -67.768  -7.647 0.6000000238
11174  -9.034  -67.584  -7.080 0.5000000000
11175  -11.153  -67.876  -7.867 0.6000000238
11177  -13.265  -67.679  -8.249 0.6999999881
11179  -14.958  -67.679  -8.213 0.6999999881
11182  -18.215  -67.723  -8.340 0.6000000238
11183  -19.954  -67.303  -8.260 0.6000000238
11184  -21.262  -67.050  -7.823 0.6000000238
11194  -13.774  -67.995  -8.680 0.6999999881
11196  -16.290  -68.127  -9.358 0.6000000238
11197  -16.858  -68.015  -9.205 0.6000000238
11199  -18.554  -67.782  -8.558 0.6000000238
11200  -20.284  -66.807  -8.939 0.6000000238
11211  -20.519  -66.854  -9.553 0.6000000238
11212  -21.063  -66.568  -10.006 0.6000000238
11219  -20.867  -67.356  -10.219 0.6000000238
11713  -16.553  -66.942  -2.948 0.6000000238
11715  -18.689  -66.771  -2.428 0.5000000000
11716  -19.354  -66.510  -2.303 0.5000000000
11718  -21.589  -66.359  -2.305 0.5000000000
11720  -23.074  -66.224  -2.600 0.5000000000
11728  -15.883  -66.497  -3.188 0.6000000238
11738  -13.527  -66.660  -4.259 0.6000000238
11750  -11.956  -66.633  -5.536 0.6999999881
11757  -9.183  -66.317  -6.751 0.6000000238
11758  -10.017  -66.695  -6.876 0.5000000000
11776  -20.720  -66.590  -9.347 0.6000000238
11778  -22.128  -66.487  -9.347 0.6000000238
12309  -21.888  -64.864  -1.756 0.5000000000
12316  -18.682  -65.958  -2.376 0.6000000238
12317  -19.534  -65.765  -2.208 0.5000000000
12318  -20.360  -65.489  -1.989 0.5000000000
12326  -9.599  -64.991  -3.846 0.6000000238
12329  -14.359  -66.264  -3.706 0.6000000238
12331  -16.215  -65.616  -3.230 0.5000000000
12339  -8.077  -64.928  -5.524 0.5000000000
12342  -13.664  -65.869  -4.063 0.6000000238
12352  -8.062  -64.847  -5.944 0.6000000238
12353  -10.254  -65.017  -6.047 0.6999999881
12354  -11.508  -65.917  -5.371 0.6999999881
12358  -7.922  -65.264  -6.259 0.6000000238
12359  -8.775  -65.290  -6.347 0.6999999881
12905  -20.131  -64.456  -2.153 0.6000000238
12906  -21.496  -64.103  -1.816 0.5000000000
12915  -9.369  -64.307  -4.574 0.6000000238
12917  -11.000  -63.780  -3.824 0.6000000238
12918  -11.947  -63.927  -3.200 0.5000000000
12919  -15.971  -64.890  -3.772 0.6000000238
12921  -17.643  -64.806  -3.146 0.6000000238
12931  -9.227  -64.115  -5.367 0.6000000238
12932  -9.768  -63.769  -4.929 0.6000000238
12933  -12.984  -65.443  -4.666 0.6000000238
12934  -13.776  -64.982  -4.551 0.6000000238
12944  -9.243  -64.251  -5.819 0.5000000000
12948  -14.604  -64.016  -5.719 0.6000000238
12950  -15.997  -64.287  -4.659 0.6000000238
12954  -10.034  -64.328  -6.054 0.6999999881
12956  -11.666  -63.700  -6.378 0.6999999881
13542  -19.548  -63.777  -2.902 0.6999999881
13544  -21.147  -63.419  -2.142 0.5000000000
13557  -14.171  -63.049  -3.067 0.5000000000
13559  -20.210  -63.087  -3.098 0.6000000238
13576  -12.599  -62.919  -4.426 0.5000000000
13577  -17.665  -63.590  -5.393 0.6000000238
13586  -10.269  -63.590  -5.926 0.6000000238
13587  -10.740  -63.283  -6.005 0.6000000238
13590  -16.083  -63.730  -5.765 0.6000000238
13593  -20.128  -63.114  -4.882 0.6000000238
13597  -9.874  -63.939  -5.945 0.6000000238
13598  -10.724  -63.531  -6.059 0.6000000238
13599  -12.407  -63.076  -7.067 0.6000000238
13600  -13.562  -63.266  -7.305 0.6000000238
13603  -16.505  -63.300  -6.703 0.6000000238
13606  -19.050  -63.202  -6.140 0.6999999881
13611  -13.558  -62.870  -7.630 0.6000000238
13613  -15.068  -63.042  -7.478 0.6000000238
14208  -15.149  -62.005  -3.595 0.5000000000
14210  -21.180  -61.975  -3.585 0.6000000238
14224  -13.136  -62.396  -5.148 0.5000000000
14235  -11.414  -63.093  -6.356 0.6000000238
14236  -11.787  -62.799  -6.328 0.5000000000
14240  -20.476  -62.753  -5.808 0.6000000238
14241  -21.087  -62.230  -6.417 0.5000000000
14245  -12.245  -62.876  -6.967 0.6000000238
14246  -13.034  -62.421  -7.262 0.6000000238
14248  -17.861  -62.882  -6.632 0.6000000238
14249  -20.516  -62.400  -6.337 0.6999999881
14254  -13.597  -62.414  -7.514 0.6000000238
14256  -15.392  -62.403  -7.671 0.6000000238
14258  -15.779  -62.004  -7.589 0.6000000238
14866  -15.922  -61.437  -3.057 0.5000000000
14868  -21.970  -61.806  -2.618 0.5000000000
14897  -14.447  -61.531  -5.508 0.4000000060
14908  -13.329  -62.008  -6.900 0.5000000000
14909  -14.041  -61.660  -6.637 0.6000000238
14916  -13.739  -61.961  -7.341 0.6000000238
14919  -16.407  -61.766  -7.053 0.6000000238
14922  -20.927  -62.128  -6.691 0.6000000238
14928  -14.212  -62.017  -7.619 0.6000000238
14929  -14.968  -61.913  -7.701 0.6000000238
15530  -22.923  -60.712  -2.692 0.5000000000
15546  -21.965  -60.748  -3.656 0.5000000000
15559  -16.173  -59.865  -4.909 0.5000000000
15569  -15.648  -60.903  -5.981 0.4000000060
15583  -16.955  -60.469  -6.066 0.6000000238
15585  -19.791  -60.838  -6.402 0.6999999881
15586  -21.285  -61.556  -6.751 0.6000000238
16293  -18.380  -59.229  -5.370 0.5000000000
16296  -22.029  -60.043  -6.035 0.5000000000
16304  -20.905  -60.596  -7.672 0.4000000060
16933  -23.240  -58.643  -3.811 0.4000000060
16935  -24.420  -58.193  -3.044 0.4000000060
16948  -23.174  -57.943  -4.381 0.4000000060
16968  -21.605  -59.504  -7.639 0.4000000060
16987  -20.897  -59.626  -9.571 0.3000000119
16988  -21.105  -59.822  -9.108 0.3000000119
17000  -20.066  -59.277  -10.247 0.3000000119
17002  -21.016  -59.071  -10.319 0.3000000119
17013  -20.567  -59.049  -10.919 0.3000000119
17022  -20.726  -58.603  -11.378 0.3000000119
17487  -24.639  -57.462  -3.356 0.4000000060
17544  -19.887  -58.447  -8.326 0.3000000119
17545  -21.435  -59.341  -8.466 0.3000000119
17570  -18.589  -58.249  -10.828 0.3000000119
17572  -21.208  -58.181  -10.719 0.3000000119
17584  -20.213  -58.793  -11.333 0.3000000119
18176  -25.791  -56.533  -3.560 0.4000000060
18178  -27.008  -57.153  -3.776 0.4000000060
18193  -26.933  -55.947  -3.995 0.4000000060
18233  -18.091  -56.320  -8.072 0.4000000060
18247  -17.024  -56.689  -9.200 0.4000000060
18248  -18.435  -57.690  -9.319 0.3000000119
18264  -16.129  -56.460  -9.790 0.4000000060
18281  -17.257  -56.986  -10.160 0.4000000060
18294  -20.285  -57.540  -11.924 0.3000000119
18295  -21.426  -57.296  -12.284 0.3000000119
18896  -23.996  -55.384  -4.682 0.4000000060
18914  -22.777  -55.575  -5.613 0.3000000119
18932  -17.730  -55.267  -6.807 0.3000000119
18966  -15.674  -56.372  -9.227 0.4000000060
18979  -15.315  -56.056  -9.367 0.4000000060
19002  -18.589  -56.683  -10.998 0.4000000060
19003  -21.883  -56.022  -10.996 0.3000000119
19020  -22.517  -56.220  -13.180 0.3000000119
19736  -16.474  -54.792  -6.483 0.3000000119
19778  -16.232  -54.965  -9.827 0.3000000119
19797  -17.318  -55.679  -10.338 0.4000000060
20614  -16.104  -53.100  -8.930 0.3000000119
20617  -19.079  -53.265  -8.858 0.4000000060
20631  -15.181  -54.206  -9.289 0.3000000119
20635  -18.590  -53.906  -9.522 0.3000000119
20649  -19.884  -53.990  -10.466 0.4000000060
20674  -21.336  -54.088  -13.289 0.3000000119
21387  -19.045  -52.046  -7.830 0.3000000119
21406  -17.498  -52.616  -8.387 0.3000000119
117207  -21.754  -75.806  -7.332 0.6000000238
117227  -18.193  -80.331  -8.769 0.5000000000
117498  -28.397  -76.564  -8.792 0.5000000000
117589  -25.579  -55.139  -4.168 0.4000000060
118109  -29.528  -85.394  -1.227 0.3000000119
118744  -24.296  -56.092  -4.191 0.4000000060
118881  -24.287  -69.597  -8.224 0.6000000238
119183  -14.377  -56.222  -8.808 0.4000000060
120665  -27.459  -75.365  -9.325 0.5000000000
120803  -19.283  -75.432  -3.544 0.6000000238
120833  -19.136  -63.504  -4.641 0.6000000238
121119  -23.866  -54.120  -5.263 0.3000000119
121153  -19.218  -62.491  -6.499 0.6000000238
121156  -12.203  -71.522  -4.913 0.5000000000
121366  -22.810  -71.585  -5.850 0.6000000238
122192  -27.078  -81.111  -9.716 0.4000000060
122283  -27.149  -81.653  -9.610 0.3000000119
122366  -13.636  -67.438  -7.478 0.6999999881
122582  -22.617  -56.979  -5.470 0.5000000000
122626  -15.732  -67.686  -8.130 0.6999999881
122709  -24.473  -82.626  -7.366 0.4000000060
122773  -13.010  -66.168  -4.384 0.6000000238
122821  -28.533  -77.003  -10.176 0.4000000060
123279  -16.650  -76.805  3.189 0.5000000000
123984  -21.562  -61.710  -5.398 0.6000000238
124164  -25.033  -69.483  -7.969 0.5000000000
124299  -13.534  -67.182  -4.720 0.6999999881
124937  -21.089  -56.029  -12.924 0.3000000119
125272  -24.112  -82.919  -8.956 0.4000000060
125383  -16.361  -60.037  -4.083 0.5000000000
125429  -21.921  -74.863  -9.274 0.5000000000
126571  -19.306  -82.787  -3.177 0.6999999881
126699  -17.080  -72.883  0.767 0.5000000000
126913  -21.919  -78.585  -7.269 0.6000000238
127190  -19.504  -61.675  -6.481 0.6000000238
127519  -21.661  -66.371  -9.913 0.6000000238
128713  -21.408  -72.635  -9.686 0.5000000000
129365  -19.117  -65.284  -2.368 0.5000000000
129760  -15.727  -73.652  2.519 0.5000000000
129829  -14.001  -64.415  -5.321 0.6000000238
130926  -20.771  -84.436  -5.040 0.6999999881
131089  -14.599  -80.434  -0.068 0.4000000060
131210  -10.250  -68.112  -7.350 0.5000000000
131277  -26.745  -75.584  -4.441 0.5000000000
131396  -19.987  -88.137  -5.968 0.5000000000
131503  -22.782  -75.701  -5.633 0.6000000238
131669  -18.709  -58.603  -5.203 0.3000000119
131869  -20.436  -67.639  -9.511 0.6000000238
132045  -16.813  -73.519  -5.308 0.5000000000
132057  -19.970  -79.606  -10.419 0.6000000238
132312  -21.186  -62.086  -4.656 0.6000000238
133097  -28.328  -84.476  -4.580 0.3000000119
133113  -16.636  -78.559  0.564 0.5000000000
133230  -25.640  -85.109  -8.012 0.4000000060
133257  -21.714  -72.711  -6.978 0.6000000238
133341  -18.096  -82.920  -4.125 0.6000000238
133377  -8.516  -65.085  -4.688 0.5000000000
133691  -16.980  -85.864  -8.105 0.6000000238
133777  -25.871  -80.921  -8.595 0.4000000060
134339  -23.408  -81.760  -2.650 0.6000000238
134436  -16.928  -56.356  -10.266 0.4000000060
134444  -21.313  -58.263  -9.858 0.3000000119
134523  -28.832  -76.698  -10.861 0.4000000060
134524  -25.081  -75.882  -4.730 0.6000000238
134960  -17.773  -73.958  1.520 0.5000000000
134977  -27.893  -74.797  -10.212 0.5000000000
135075  -21.926  -75.720  -6.208 0.6000000238
135373  -22.409  -83.312  -3.804 0.6999999881
135521  -16.403  -62.227  -7.267 0.6000000238
135758  -17.486  -76.627  1.659 0.5000000000
136148  -18.477  -80.308  -9.618 0.6000000238
136503  -25.116  -81.506  -3.883 0.5000000000
136525  -17.545  -80.029  -1.231 0.5000000000
136667  -20.247  -87.843  -6.369 0.5000000000
136678  -31.375  -84.532  -0.479 0.3000000119
136699  -10.395  -63.642  -4.596 0.6000000238
136960  -23.607  -80.555  -2.044 0.5000000000
137258  -18.254  -87.538  -7.513 0.5000000000
137562  -18.503  -75.526  -3.643 0.5000000000
137820  -16.553  -70.849  -4.902 0.6000000238
137855  -24.847  -86.163  -6.973 0.5000000000
138183  -17.575  -73.816  -2.212 0.5000000000
138204  -23.787  -79.982  -1.823 0.5000000000
138457  -26.758  -69.352  -6.248 0.4000000060
138746  -19.214  -74.830  0.530 0.5000000000
138942  -16.544  -78.159  2.297 0.5000000000
139059  -21.102  -78.788  -0.166 0.6999999881
139204  -14.911  -81.027  3.618 0.5000000000
139305  -20.254  -58.882  -7.872 0.3000000119
139497  -16.545  -66.295  -2.923 0.5000000000
139532  -27.426  -80.859  -9.712 0.4000000060
139612  -20.807  -62.384  -4.018 0.6000000238
139926  -22.864  -87.108  -5.369 0.5000000000
140242  -18.210  -71.287  -6.335 0.6999999881
140246  -21.694  -61.465  -5.822 0.5000000000
140276  -16.742  -69.040  -9.861 0.5000000000
140459  -20.224  -67.039  -9.205 0.6000000238
140671  -18.232  -64.556  -3.105 0.6999999881
140709  -9.009  -64.882  -4.376 0.6000000238
140762  -18.388  -62.546  -6.616 0.6999999881
141316  -25.131  -69.438  -9.693 0.4000000060
