#!ascii label  , from subject sub-v2s15x29733_ses-1 vox2ras=TkReg
866
137042  35.284  -48.122  -9.265 0.6000000238
18296  33.598  -50.385  -2.325 0.6999999881
138516  33.612  -50.444  -3.296 0.6999999881
124585  32.104  -51.354  -7.090 0.8999999762
18371  32.535  -50.255  -8.392 0.8000000119
19063  32.918  -49.494  -9.066 0.8000000119
20540  34.949  -47.261  -9.771 0.6000000238
21289  36.205  -46.984  -9.980 0.6999999881
21292  38.543  -46.379  -10.160 0.6999999881
138193  33.605  -49.705  -2.030 0.6999999881
18289  33.342  -50.244  -1.433 0.6999999881
18988  33.753  -49.685  -3.717 0.6999999881
128886  33.844  -48.821  -5.019 0.6000000238
19010  33.549  -49.584  -4.724 0.6999999881
139187  33.086  -50.169  -5.370 0.6999999881
18342  32.763  -50.237  -6.077 0.8000000119
19042  32.752  -49.389  -7.065 0.8000000119
19043  32.417  -50.135  -7.619 0.8000000119
19831  32.942  -48.600  -9.132 0.8000000119
139603  34.012  -47.449  -9.631 0.6000000238
21294  36.383  -46.297  -10.287 0.6000000238
21293  37.512  -46.151  -10.348 0.6999999881
19728  34.020  -48.260  -2.574 0.5000000000
122935  33.012  -49.665  -0.817 0.6000000238
19743  34.126  -48.212  -3.486 0.4000000060
19744  33.934  -48.965  -3.140 0.6000000238
19766  34.164  -48.155  -4.422 0.5000000000
19785  33.684  -48.666  -5.799 0.6000000238
19026  33.263  -49.460  -5.866 0.8000000119
20507  33.454  -47.926  -7.517 0.6999999881
20522  33.436  -47.440  -8.350 0.6999999881
21278  33.874  -46.339  -9.413 0.6999999881
131471  36.598  -45.475  -10.564 0.5000000000
22077  37.508  -45.244  -10.813 0.6000000238
22084  38.156  -45.020  -11.064 0.6000000238
22076  38.304  -45.712  -10.645 0.6000000238
120414  40.016  -46.208  -10.305 0.5000000000
20437  34.230  -47.113  -2.151 0.5000000000
18957  33.088  -48.777  -0.754 0.6000000238
18958  32.472  -49.231  -0.254 0.6000000238
19729  33.764  -48.483  -1.894 0.5000000000
20489  34.366  -47.413  -5.882 0.5000000000
22019  34.608  -45.944  -7.501 0.6000000238
22038  34.466  -45.439  -8.319 0.6000000238
22062  34.170  -45.638  -9.624 0.6000000238
130982  34.984  -44.762  -10.078 0.5000000000
22885  35.863  -44.873  -10.434 0.5000000000
121410  36.731  -44.510  -10.617 0.6000000238
22884  37.722  -44.431  -11.021 0.6000000238
23719  39.547  -44.406  -11.529 0.5000000000
22891  40.382  -45.230  -11.304 0.5000000000
22889  42.344  -45.189  -11.561 0.5000000000
22890  41.291  -44.992  -11.500 0.5000000000
19708  33.076  -48.047  -0.613 0.5000000000
19709  32.566  -48.354  -0.240 0.5000000000
122508  34.283  -47.587  -2.922 0.5000000000
21215  34.747  -46.758  -4.198 0.4000000060
21214  35.135  -46.078  -4.568 0.3000000119
21231  35.164  -45.946  -5.499 0.4000000060
22018  35.099  -45.615  -6.497 0.3000000119
22002  35.386  -45.241  -5.678 0.3000000119
21252  34.653  -46.551  -6.467 0.5000000000
22850  34.551  -44.587  -8.649 0.5000000000
22861  34.404  -44.775  -9.506 0.5000000000
22871  35.745  -44.259  -10.075 0.5000000000
23713  37.405  -43.876  -10.605 0.6000000238
125035  38.171  -43.630  -10.727 0.6000000238
22892  38.598  -44.525  -11.320 0.5000000000
131366  41.777  -44.113  -11.756 0.5000000000
20418  33.283  -47.385  -0.682 0.5000000000
20438  33.787  -47.246  -1.317 0.5000000000
21981  34.808  -45.773  -2.843 0.5000000000
21201  34.999  -46.050  -3.714 0.4000000060
138925  35.517  -44.759  -4.582 0.4000000060
129877  35.566  -44.524  -5.252 0.3000000119
122653  35.451  -43.806  -7.166 0.3000000119
22849  35.025  -43.712  -8.275 0.4000000060
23695  35.052  -43.406  -9.139 0.5000000000
23694  35.779  -43.494  -9.544 0.4000000060
23712  38.838  -43.637  -11.155 0.5000000000
24546  39.435  -42.929  -10.597 0.5000000000
23711  39.838  -43.454  -11.335 0.5000000000
23717  42.186  -43.353  -11.860 0.4000000060
23718  41.073  -43.907  -11.673 0.5000000000
21155  32.819  -46.767  -0.312 0.5000000000
21945  34.225  -45.735  -1.464 0.5000000000
21963  34.985  -44.939  -2.622 0.5000000000
21980  35.185  -45.308  -3.449 0.4000000060
22804  35.578  -44.164  -4.255 0.4000000060
23638  35.713  -43.533  -5.025 0.3000000119
23654  35.668  -43.166  -6.753 0.3000000119
23669  35.443  -42.895  -7.773 0.4000000060
122355  35.172  -43.153  -8.692 0.4000000060
23681  35.528  -42.884  -8.888 0.4000000060
24531  36.393  -42.805  -9.127 0.4000000060
24530  37.500  -42.825  -9.315 0.5000000000
24529  38.311  -42.826  -9.567 0.5000000000
23692  37.868  -43.357  -9.982 0.6000000238
24545  40.354  -42.633  -10.750 0.4000000060
23710  40.690  -43.296  -11.467 0.5000000000
129641  34.168  -45.007  -1.226 0.4000000060
22794  35.370  -44.440  -3.306 0.4000000060
121505  34.570  -45.351  -1.990 0.4000000060
23630  35.746  -43.248  -4.066 0.4000000060
24486  35.912  -42.648  -4.731 0.4000000060
24500  35.848  -42.788  -5.919 0.4000000060
24508  35.756  -42.498  -6.973 0.4000000060
130119  35.622  -42.485  -8.288 0.4000000060
24525  36.048  -42.272  -8.481 0.4000000060
24523  38.263  -42.243  -8.809 0.5000000000
24527  39.861  -42.359  -10.019 0.5000000000
25375  40.008  -41.794  -9.229 0.4000000060
25374  40.405  -42.012  -9.966 0.4000000060
22749  33.530  -44.659  -0.747 0.4000000060
23587  35.387  -43.608  -2.785 0.4000000060
22769  34.645  -44.408  -1.764 0.4000000060
23613  35.658  -42.978  -3.194 0.4000000060
24519  35.754  -42.031  -7.646 0.4000000060
25361  35.958  -41.791  -7.916 0.4000000060
24524  37.067  -42.246  -8.647 0.4000000060
24528  39.125  -42.462  -9.561 0.6000000238
23573  34.355  -43.471  -1.287 0.4000000060
24440  35.375  -42.779  -2.306 0.4000000060
118718  35.818  -42.168  -2.829 0.4000000060
24499  36.134  -41.977  -5.397 0.4000000060
25334  36.283  -41.230  -5.874 0.4000000060
25343  36.179  -40.915  -6.867 0.5000000000
133236  36.045  -41.502  -7.368 0.4000000060
25360  36.406  -41.109  -7.452 0.3000000119
25359  37.169  -41.005  -7.698 0.3000000119
25370  36.559  -41.631  -8.064 0.4000000060
119053  38.584  -41.532  -8.219 0.4000000060
25357  39.284  -40.995  -7.984 0.4000000060
25368  39.226  -41.744  -8.659 0.5000000000
23574  33.450  -43.675  -0.795 0.4000000060
24485  36.176  -41.842  -4.360 0.4000000060
125672  36.367  -41.370  -4.955 0.4000000060
118678  36.387  -40.523  -6.135 0.3000000119
26241  36.393  -40.070  -6.742 0.3000000119
26258  36.425  -40.424  -7.127 0.3000000119
26257  36.791  -40.330  -7.380 0.3000000119
27146  39.661  -40.109  -7.910 0.4000000060
24424  34.983  -42.254  -1.739 0.3000000119
24460  36.109  -41.587  -3.414 0.3000000119
25324  36.406  -40.948  -4.110 0.3000000119
26231  36.559  -39.782  -5.639 0.3000000119
27121  36.603  -39.111  -6.584 0.3000000119
27132  36.597  -39.728  -7.124 0.4000000060
126891  36.842  -38.938  -7.177 0.4000000060
27131  37.151  -39.545  -7.394 0.3000000119
26255  38.718  -40.242  -7.697 0.3000000119
121633  39.813  -39.336  -8.155 0.4000000060
28005  37.143  -38.157  -7.317 0.4000000060
129387  37.542  -38.773  -7.519 0.4000000060
28003  38.425  -38.663  -7.857 0.4000000060
28015  39.345  -38.544  -8.324 0.4000000060
27130  39.052  -39.395  -7.856 0.4000000060
28004  37.827  -38.032  -7.796 0.4000000060
126477  38.532  -37.903  -8.264 0.4000000060
28014  40.311  -38.853  -8.539 0.3000000119
28949  39.150  -37.712  -8.780 0.3000000119
19830  34.062  -48.818  -9.282 0.6999999881
18343  32.334  -50.613  -6.876 0.8000000119
21290  35.179  -46.276  -10.149 0.6000000238
20534  32.942  -47.975  -9.007 0.6999999881
128643  33.837  -46.990  -9.579 0.6999999881
22082  39.544  -45.475  -11.055 0.6000000238
20474  34.450  -47.440  -4.809 0.4000000060
21232  34.773  -46.704  -5.206 0.4000000060
20506  34.066  -47.397  -7.057 0.6999999881
126538  34.127  -46.098  -8.566 0.6999999881
21291  34.202  -46.225  -9.790 0.6999999881
21202  34.588  -46.720  -3.115 0.5000000000
22048  34.130  -45.421  -9.188 0.5000000000
133225  35.122  -44.411  -7.621 0.4000000060
23693  36.938  -43.430  -9.769 0.6000000238
24547  38.624  -43.142  -10.262 0.5000000000
25344  35.972  -41.797  -6.653 0.3000000119
25369  37.662  -41.630  -8.162 0.4000000060
24425  34.329  -42.579  -1.356 0.4000000060
26256  37.663  -40.257  -7.577 0.3000000119
134711  38.094  -39.459  -7.634 0.3000000119
13308  32.461  -58.801  -4.040 0.6000000238
12740  31.587  -60.694  -4.027 0.6000000238
12094  33.131  -61.279  -5.643 0.6000000238
13332  33.851  -59.055  -6.030 0.6000000238
12041  30.276  -61.412  -1.714 0.5000000000
12730  31.264  -60.037  -2.914 0.6000000238
13813  33.264  -57.043  -4.154 0.6999999881
13814  32.887  -57.810  -3.814 0.6999999881
12059  30.881  -61.296  -3.204 0.6000000238
124534  32.873  -58.496  -5.281 0.6000000238
13317  32.623  -59.211  -5.030 0.6000000238
120074  32.479  -56.388  -6.626 0.6000000238
14397  33.034  -57.206  -6.347 0.6000000238
13333  33.269  -58.724  -5.914 0.6000000238
15040  34.786  -55.173  -5.996 0.6000000238
16333  36.599  -53.170  -4.758 0.6999999881
12724  30.860  -59.618  -1.489 0.6000000238
14360  33.006  -56.730  -2.201 0.6999999881
12731  30.692  -60.562  -2.213 0.5000000000
13803  32.663  -57.543  -2.684 0.6999999881
13300  31.697  -59.046  -2.520 0.6999999881
14380  33.098  -56.778  -4.913 0.6999999881
13819  33.012  -57.740  -4.999 0.6999999881
15065  31.787  -55.183  -7.633 0.5000000000
15700  34.440  -54.401  -5.956 0.6000000238
17027  35.387  -52.691  -4.997 0.6000000238
16345  35.837  -53.408  -4.905 0.6999999881
18327  36.565  -50.988  -4.580 0.6999999881
17018  37.327  -52.174  -4.591 0.6999999881
19007  38.340  -49.481  -4.625 0.6999999881
21244  47.322  -46.750  -6.409 0.4000000060
21245  44.755  -45.717  -6.359 0.5000000000
21247  43.038  -46.413  -6.197 0.6000000238
19780  41.140  -47.919  -5.565 0.6000000238
19762  39.054  -48.833  -4.806 0.6999999881
12669  30.150  -58.987  1.319 0.5000000000
13780  31.222  -57.995  -0.117 0.5000000000
14332  32.589  -56.555  -1.198 0.6000000238
13274  30.920  -58.702  -0.261 0.5000000000
15003  33.216  -55.951  -1.763 0.6999999881
13792  31.816  -57.882  -1.293 0.5000000000
13289  31.030  -59.009  -0.956 0.6000000238
15016  33.427  -55.228  -3.255 0.6999999881
14379  33.373  -56.178  -3.832 0.6999999881
15027  32.892  -55.809  -4.832 0.6999999881
118749  32.265  -56.174  -6.542 0.6999999881
16361  33.967  -53.564  -6.349 0.6000000238
17689  35.015  -51.880  -5.427 0.6000000238
18340  36.282  -50.167  -4.932 0.6999999881
130797  37.702  -49.217  -4.620 0.6999999881
20472  38.655  -47.968  -4.836 0.6999999881
20484  40.660  -47.049  -5.479 0.6000000238
21227  40.204  -46.232  -5.557 0.6000000238
14320  31.134  -55.697  0.706 0.5000000000
13223  29.224  -58.841  2.248 0.4000000060
14319  31.639  -56.420  0.214 0.5000000000
121236  30.826  -56.566  0.844 0.5000000000
140486  31.671  -57.007  -0.058 0.5000000000
15654  33.061  -54.795  -0.790 0.6000000238
14990  32.890  -55.678  -0.963 0.6000000238
16317  33.241  -53.360  -3.457 0.6999999881
15663  33.447  -54.571  -2.579 0.6000000238
134813  33.061  -53.735  -3.912 0.6999999881
16334  32.283  -54.163  -5.331 0.6999999881
15041  31.492  -55.475  -7.035 0.6999999881
15720  32.323  -54.458  -7.719 0.6999999881
130683  32.646  -55.212  -7.326 0.6999999881
17699  34.779  -51.248  -6.120 0.6999999881
19025  35.638  -50.159  -5.748 0.6999999881
19783  36.791  -48.648  -5.401 0.8000000119
21228  38.862  -46.530  -5.429 0.6999999881
128246  44.066  -44.818  -6.454 0.5000000000
21249  41.437  -45.703  -5.907 0.6000000238
132133  39.455  -46.140  -5.546 0.6000000238
13754  29.227  -56.949  1.787 0.4000000060
15643  32.436  -54.678  -0.038 0.6000000238
14978  31.935  -55.414  0.210 0.6000000238
16285  33.304  -53.894  -1.173 0.6000000238
16988  33.422  -52.679  -2.865 0.6000000238
17676  33.041  -51.950  -4.306 0.6000000238
130927  32.603  -52.611  -4.799 0.6999999881
123472  32.242  -53.319  -5.480 0.6999999881
16347  31.705  -54.096  -6.355 0.6999999881
15702  31.195  -54.921  -7.382 0.6999999881
17720  32.222  -52.148  -8.085 0.8000000119
17057  31.974  -52.920  -8.199 0.8000000119
17701  33.169  -52.156  -7.912 0.6000000238
18352  35.022  -50.567  -6.389 0.6000000238
21230  37.710  -46.940  -5.807 0.8000000119
20486  38.213  -47.185  -5.283 0.6999999881
140422  45.325  -44.098  -6.688 0.5000000000
22827  43.229  -44.078  -6.560 0.6000000238
22015  40.266  -45.066  -6.263 0.6999999881
23649  45.149  -43.606  -7.088 0.6000000238
15629  31.178  -54.192  0.688 0.5000000000
15620  29.844  -54.835  1.303 0.4000000060
120809  28.519  -55.588  1.573 0.4000000060
16271  32.595  -53.248  -0.112 0.5000000000
14964  31.359  -54.978  0.610 0.5000000000
16270  33.051  -53.210  -0.690 0.6000000238
17643  33.554  -51.876  -2.332 0.6000000238
137884  33.368  -51.233  -3.819 0.6000000238
18329  32.534  -50.966  -5.779 0.6999999881
17040  31.637  -52.771  -7.063 0.8000000119
17702  31.853  -52.240  -7.697 0.8000000119
18370  32.993  -50.952  -8.580 0.6000000238
19056  35.018  -49.631  -7.843 0.6000000238
20505  36.636  -47.897  -6.913 0.6999999881
21251  37.684  -46.692  -6.441 0.6999999881
22035  39.345  -45.128  -7.093 0.6999999881
22828  42.294  -44.212  -6.557 0.6000000238
23653  41.133  -44.017  -6.937 0.6000000238
23680  42.581  -43.608  -8.322 0.6000000238
23650  44.349  -43.448  -7.103 0.6000000238
23679  43.402  -43.419  -8.393 0.6000000238
120213  32.263  -51.987  0.041 0.5000000000
16256  31.326  -53.314  0.600 0.5000000000
16248  29.446  -54.002  1.286 0.5000000000
15622  27.909  -54.668  1.356 0.5000000000
128436  33.192  -51.163  -1.040 0.5000000000
16963  32.714  -52.420  -0.343 0.5000000000
134142  33.565  -51.153  -2.791 0.6000000238
137937  32.945  -50.574  -8.679 0.6999999881
19829  34.984  -48.677  -8.985 0.6000000238
20521  36.440  -47.948  -8.034 0.6000000238
21277  37.537  -47.009  -8.284 0.6000000238
22036  38.719  -45.659  -7.389 0.6999999881
22047  38.667  -46.096  -8.489 0.6000000238
120458  39.290  -45.466  -8.028 0.6000000238
22846  41.290  -43.962  -7.457 0.6999999881
23677  45.715  -43.431  -8.629 0.5000000000
23690  43.727  -43.835  -9.298 0.4000000060
17607  32.051  -51.342  0.135 0.5000000000
17608  31.333  -51.313  0.451 0.5000000000
16952  30.381  -52.305  0.866 0.5000000000
16953  29.459  -52.406  1.019 0.5000000000
16260  27.150  -53.384  0.849 0.5000000000
16261  26.306  -53.773  0.565 0.5000000000
128662  37.158  -47.149  -9.449 0.6000000238
21276  38.002  -46.675  -8.978 0.6000000238
21275  39.348  -46.020  -9.139 0.4000000060
22045  40.745  -45.173  -9.010 0.5000000000
22870  41.573  -44.917  -9.200 0.4000000060
22867  44.107  -44.599  -10.173 0.4000000060
22869  42.404  -44.492  -9.182 0.5000000000
128656  32.547  -50.006  -0.376 0.6000000238
18267  31.703  -50.668  0.264 0.5000000000
120438  29.795  -51.743  0.878 0.5000000000
17610  29.057  -51.649  0.796 0.5000000000
17611  28.329  -51.497  0.554 0.5000000000
16964  26.896  -52.119  0.046 0.5000000000
16965  26.424  -52.526  -0.264 0.4000000060
16288  25.495  -53.958  -1.462 0.5000000000
16305  25.848  -54.133  -2.368 0.4000000060
15677  25.943  -55.267  -3.262 0.4000000060
14372  25.773  -56.740  -3.583 0.4000000060
21286  39.398  -46.399  -9.891 0.6000000238
22074  40.909  -46.150  -10.280 0.4000000060
22059  41.333  -45.913  -9.872 0.4000000060
22868  43.318  -45.096  -9.898 0.4000000060
18941  31.321  -49.488  0.396 0.5000000000
18269  30.177  -50.448  0.616 0.4000000060
18270  29.295  -50.169  0.459 0.4000000060
18271  27.895  -50.881  0.130 0.5000000000
18283  27.589  -50.493  -0.664 0.4000000060
16978  26.156  -52.576  -0.982 0.5000000000
17635  27.060  -51.236  -1.199 0.4000000060
17645  26.950  -51.701  -2.006 0.5000000000
16287  26.059  -53.248  -1.887 0.5000000000
16989  26.981  -52.247  -2.693 0.3000000119
15664  26.225  -54.504  -3.164 0.3000000119
15676  26.524  -54.963  -3.940 0.3000000119
22081  41.182  -45.888  -10.873 0.4000000060
19693  31.288  -48.648  0.375 0.5000000000
18943  29.999  -49.647  0.519 0.5000000000
141056  29.402  -49.427  0.319 0.4000000060
20419  32.629  -47.539  -0.230 0.4000000060
20409  30.797  -47.820  0.328 0.4000000060
19695  29.837  -48.832  0.372 0.4000000060
20422  29.426  -47.608  -0.411 0.4000000060
125409  32.034  -46.883  0.067 0.4000000060
117372  31.101  -46.975  0.254 0.4000000060
20421  30.193  -47.173  0.086 0.4000000060
21934  32.168  -45.581  -0.222 0.4000000060
21158  29.775  -46.661  -0.534 0.4000000060
20440  28.896  -47.806  -1.061 0.4000000060
121042  28.666  -47.671  -1.790 0.4000000060
21157  30.516  -46.370  -0.084 0.4000000060
124398  32.916  -45.990  -0.394 0.3000000119
21174  30.124  -45.883  -0.701 0.4000000060
20439  29.162  -46.999  -1.329 0.4000000060
20448  28.841  -47.020  -2.370 0.4000000060
21933  32.870  -45.147  -0.448 0.4000000060
127468  28.391  -48.030  -3.070 0.4000000060
20460  28.665  -47.244  -3.323 0.4000000060
22741  32.758  -44.289  -0.566 0.3000000119
22743  31.195  -44.514  -0.776 0.4000000060
21936  30.550  -45.165  -0.824 0.4000000060
21947  29.897  -45.428  -1.605 0.4000000060
20447  29.340  -46.203  -2.187 0.4000000060
21188  29.045  -46.481  -3.170 0.4000000060
21965  29.660  -45.436  -2.667 0.3000000119
20532  36.014  -47.891  -9.059 0.6000000238
17622  33.046  -51.861  -0.812 0.5000000000
21288  37.862  -46.663  -9.820 0.6000000238
22073  41.846  -46.033  -10.466 0.4000000060
12102  32.985  -60.214  -5.695 0.6000000238
17674  36.711  -51.772  -4.502 0.6999999881
19764  37.461  -48.667  -4.841 0.6999999881
121739  44.551  -46.727  -6.342 0.5000000000
22825  45.816  -44.552  -6.582 0.5000000000
139750  43.028  -47.043  -6.150 0.5000000000
21246  43.837  -46.029  -6.302 0.4000000060
21248  42.262  -45.959  -6.024 0.6000000238
13241  30.307  -58.270  1.163 0.5000000000
16379  31.979  -53.647  -8.163 0.6999999881
22014  41.054  -45.012  -6.239 0.6000000238
15653  33.396  -54.575  -1.742 0.6000000238
17700  34.075  -51.891  -6.784 0.6999999881
20488  36.888  -47.962  -5.920 0.8000000119
14306  29.351  -56.138  1.551 0.4000000060
18369  33.759  -50.694  -8.242 0.6000000238
19803  35.639  -49.096  -7.087 0.6000000238
21250  38.263  -46.000  -6.619 0.6999999881
21229  38.201  -46.376  -5.807 0.6999999881
23665  45.736  -43.537  -7.603 0.5000000000
23664  46.359  -43.783  -7.325 0.5000000000
22831  39.993  -44.704  -6.842 0.6999999881
22829  41.447  -44.319  -6.622 0.6000000238
19057  34.176  -50.011  -8.478 0.6999999881
19818  36.043  -48.485  -7.558 0.6999999881
20520  37.152  -47.304  -7.404 0.6999999881
120653  40.554  -44.537  -7.964 0.6000000238
128005  43.891  -43.256  -7.697 0.6000000238
23678  44.216  -43.341  -8.556 0.6000000238
16951  31.196  -52.546  0.595 0.5000000000
16258  30.020  -53.217  1.122 0.5000000000
16944  28.987  -53.176  1.197 0.4000000060
20531  36.796  -47.534  -8.672 0.6000000238
22046  39.976  -45.320  -8.582 0.6000000238
131768  25.168  -56.399  -2.704 0.3000000119
22057  43.258  -45.950  -10.587 0.4000000060
17624  27.222  -51.371  -0.323 0.5000000000
128612  26.591  -52.860  -2.548 0.4000000060
15017  26.275  -55.871  -4.056 0.4000000060
21935  31.350  -45.279  -0.316 0.4000000060
136148  30.758  -45.716  -0.288 0.4000000060
9027  42.360  -65.337  3.121 0.3000000119
9040  43.594  -65.199  2.096 0.3000000119
13826  40.632  -57.011  -5.807 0.4000000060
14377  40.797  -55.747  -4.866 0.4000000060
13811  40.832  -57.895  -4.800 0.4000000060
13812  40.750  -58.134  -3.767 0.4000000060
16357  40.871  -53.704  -6.760 0.4000000060
126523  39.946  -55.940  -6.425 0.4000000060
15050  39.665  -55.003  -6.626 0.4000000060
121874  39.127  -55.778  -6.543 0.5000000000
14393  38.659  -56.454  -6.515 0.5000000000
121602  38.285  -55.725  -6.596 0.5000000000
16356  42.767  -53.277  -6.629 0.4000000060
15712  41.732  -53.665  -6.480 0.5000000000
134281  40.364  -56.064  -6.213 0.5000000000
13329  37.301  -58.396  -6.202 0.5000000000
15695  42.517  -53.864  -5.911 0.5000000000
15696  41.630  -54.267  -5.698 0.5000000000
16341  43.350  -53.688  -6.123 0.5000000000
15026  41.114  -55.033  -4.159 0.4000000060
15015  40.988  -55.574  -3.487 0.4000000060
14358  40.569  -57.105  -3.153 0.4000000060
140871  41.310  -59.557  -3.030 0.4000000060
12053  42.302  -61.419  -2.287 0.3000000119
10199  43.277  -64.036  -2.640 0.4000000060
19055  44.315  -50.070  -7.241 0.4000000060
18349  41.864  -50.920  -7.061 0.4000000060
17695  41.275  -51.296  -6.934 0.4000000060
18365  44.485  -50.843  -7.469 0.4000000060
132864  42.519  -52.113  -7.381 0.4000000060
17717  41.984  -51.648  -7.272 0.4000000060
17056  40.618  -52.796  -7.074 0.4000000060
17035  40.256  -52.314  -6.891 0.5000000000
15051  38.727  -55.032  -6.708 0.5000000000
131239  42.639  -52.642  -7.145 0.4000000060
15713  41.140  -54.208  -6.291 0.4000000060
17036  39.433  -52.551  -6.607 0.5000000000
16359  38.628  -53.736  -6.655 0.5000000000
15052  37.924  -55.123  -6.600 0.5000000000
15718  37.077  -55.141  -6.299 0.6000000238
15697  37.101  -54.324  -5.775 0.6000000238
133099  36.434  -57.050  -6.406 0.6000000238
17672  38.080  -51.130  -4.620 0.6000000238
17688  37.884  -51.823  -4.714 0.6000000238
124126  35.991  -56.326  -6.372 0.5000000000
15001  41.342  -55.870  -2.921 0.4000000060
15054  35.157  -55.983  -6.262 0.5000000000
124822  41.109  -59.062  -1.925 0.4000000060
12718  41.563  -59.746  -1.341 0.4000000060
10760  42.701  -62.245  -2.433 0.4000000060
19038  42.766  -49.553  -6.640 0.4000000060
19800  42.878  -48.553  -6.363 0.5000000000
19023  41.180  -49.733  -6.165 0.5000000000
19022  41.421  -48.900  -5.868 0.5000000000
16342  38.193  -53.220  -5.966 0.5000000000
19781  40.664  -48.533  -5.533 0.5000000000
17687  38.508  -51.699  -5.271 0.6000000238
123765  39.935  -48.621  -5.293 0.6000000238
122727  38.731  -50.778  -5.076 0.6000000238
9016  41.633  -65.790  4.409 0.3000000119
132148  44.690  -65.281  1.681 0.3000000119
10155  45.298  -63.488  -0.007 0.3000000119
19817  46.222  -48.967  -6.949 0.4000000060
19797  45.372  -48.840  -6.864 0.4000000060
129662  45.073  -48.140  -6.599 0.4000000060
19037  43.587  -49.040  -6.634 0.4000000060
19799  43.655  -48.106  -6.415 0.4000000060
118813  42.951  -47.643  -6.203 0.5000000000
121738  43.645  -47.098  -6.275 0.4000000060
19801  42.121  -48.028  -5.885 0.5000000000
15698  36.318  -54.738  -5.693 0.6000000238
14395  35.378  -56.882  -6.357 0.5000000000
20501  45.209  -47.371  -6.438 0.4000000060
16378  40.377  -53.321  -6.945 0.4000000060
13330  36.626  -58.611  -6.091 0.5000000000
10156  44.289  -63.203  -0.108 0.3000000119
134139  44.166  -49.439  -6.909 0.4000000060
123020  41.411  -50.448  -6.607 0.5000000000
18351  39.991  -50.868  -6.202 0.5000000000
17686  39.214  -51.228  -5.824 0.6000000238
25358  38.249  -40.990  -7.776 0.3000000119
10170  44.824  -64.092  -0.627 0.3000000119
10759  43.101  -63.183  -2.452 0.4000000060
11412  33.316  -62.481  -5.176 0.6000000238
11424  33.102  -62.258  -5.450 0.6000000238
11425  32.612  -62.237  -5.429 0.6000000238
12036  41.851  -60.607  -1.845 0.4000000060
12095  32.593  -61.058  -5.459 0.6000000238
12101  33.409  -60.339  -5.771 0.6000000238
12670  29.727  -59.321  1.767 0.5000000000
12694  30.488  -59.109  0.484 0.5000000000
12723  31.164  -59.574  -2.130 0.6999999881
12739  32.152  -59.769  -4.421 0.6000000238
12750  32.388  -60.271  -5.188 0.6000000238
12758  36.832  -59.126  -5.468 0.5000000000
12768  37.125  -58.869  -5.872 0.5000000000
12772  33.290  -59.521  -5.836 0.6000000238
12773  33.013  -59.481  -5.680 0.6000000238
13242  29.733  -58.451  1.760 0.5000000000
13256  30.809  -58.127  0.468 0.5000000000
13273  31.354  -58.313  -0.780 0.5000000000
13288  31.424  -58.789  -1.603 0.6000000238
13294  40.864  -58.707  -2.862 0.4000000060
13299  32.310  -58.447  -3.074 0.6999999881
13309  31.917  -59.417  -3.464 0.6000000238
13310  26.166  -58.061  -4.295 0.4000000060
13334  33.098  -59.036  -5.721 0.6000000238
13753  30.532  -57.426  1.006 0.5000000000
13770  31.248  -57.302  0.328 0.5000000000
13791  32.378  -57.352  -1.738 0.5000000000
13802  40.682  -57.720  -2.623 0.4000000060
13804  32.048  -58.168  -2.129 0.6999999881
13815  26.112  -57.328  -4.172 0.4000000060
13823  33.023  -58.089  -5.700 0.6000000238
13828  37.342  -57.580  -6.395 0.5000000000
13829  36.541  -58.051  -6.299 0.6000000238
13830  35.637  -57.741  -6.332 0.5000000000
13831  33.869  -57.694  -6.285 0.6000000238
13832  33.180  -57.958  -6.038 0.6000000238
13833  33.113  -58.413  -5.729 0.6000000238
14305  30.188  -55.767  1.197 0.5000000000
14333  32.012  -56.793  -0.470 0.5000000000
14344  32.118  -57.228  -1.016 0.6000000238
14359  33.398  -56.031  -2.750 0.6999999881
14368  40.743  -56.189  -3.205 0.4000000060
14369  40.601  -56.943  -3.951 0.4000000060
14370  33.220  -56.844  -3.258 0.6999999881
14371  26.409  -56.726  -4.528 0.4000000060
14378  40.670  -55.882  -3.960 0.4000000060
14385  32.769  -57.148  -5.910 0.6000000238
14390  40.591  -56.066  -6.001 0.5000000000
14394  37.331  -56.647  -6.517 0.5000000000
14396  34.159  -56.857  -6.367 0.6000000238
14398  32.840  -57.332  -6.078 0.6000000238
14952  30.673  -54.945  0.948 0.5000000000
14953  29.382  -55.417  1.453 0.4000000060
14977  32.560  -55.336  -0.354 0.6000000238
14989  33.256  -55.272  -1.469 0.6000000238
15002  33.416  -55.274  -2.243 0.6000000238
15004  25.288  -55.477  -2.489 0.3000000119
15014  41.666  -55.299  -3.492 0.4000000060
15018  25.672  -55.948  -3.224 0.4000000060
15028  32.044  -55.746  -6.109 0.6999999881
15030  26.813  -55.336  -4.748 0.3000000119
15038  41.045  -54.870  -5.120 0.5000000000
15039  35.586  -55.103  -5.852 0.6999999881
15042  31.218  -55.072  -7.649 0.6999999881
15048  40.826  -54.987  -5.943 0.4000000060
15049  40.385  -55.457  -6.276 0.5000000000
15053  36.226  -55.595  -6.233 0.5000000000
15055  33.912  -56.061  -6.481 0.6000000238
15056  32.538  -55.956  -7.097 0.6000000238
15057  31.670  -55.507  -7.256 0.6999999881
15058  31.080  -54.968  -7.791 0.6999999881
15619  30.321  -54.120  1.092 0.4000000060
15621  28.941  -54.734  1.426 0.4000000060
15628  32.074  -53.827  0.264 0.5000000000
15644  31.824  -54.632  0.369 0.5000000000
15665  25.695  -54.808  -2.667 0.4000000060
15674  33.304  -54.194  -3.410 0.6999999881
15675  32.823  -54.174  -4.374 0.6999999881
15686  41.620  -54.572  -4.768 0.5000000000
15687  33.175  -54.941  -4.159 0.6999999881
15688  32.450  -54.980  -5.186 0.6999999881
15699  35.521  -54.330  -5.412 0.6999999881
15701  31.678  -55.042  -6.303 0.6999999881
15714  40.491  -54.569  -6.480 0.4000000060
15715  39.139  -54.288  -6.847 0.5000000000
15716  38.331  -54.459  -6.641 0.5000000000
15717  37.662  -54.616  -6.360 0.6000000238
15719  33.354  -54.455  -6.924 0.6000000238
15730  39.985  -54.055  -6.835 0.4000000060
15731  31.496  -54.430  -7.998 0.6999999881
15732  31.089  -54.529  -7.909 0.6999999881
15733  31.045  -54.580  -7.935 0.6999999881
16249  28.515  -53.945  1.273 0.4000000060
16257  30.709  -53.565  0.881 0.5000000000
16286  32.844  -53.956  -0.336 0.6000000238
16303  33.438  -53.629  -2.318 0.6000000238
16304  26.485  -53.621  -2.963 0.4000000060
16318  32.741  -53.399  -4.413 0.6999999881
16332  37.208  -52.809  -4.753 0.6999999881
16343  37.346  -53.454  -5.258 0.6000000238
16344  36.466  -53.924  -5.173 0.6000000238
16346  34.937  -53.524  -5.376 0.6000000238
16355  43.915  -53.325  -6.543 0.5000000000
16358  39.515  -53.455  -6.839 0.5000000000
16360  37.857  -53.963  -6.211 0.5000000000
16362  32.922  -53.609  -7.516 0.6999999881
16363  31.354  -53.824  -7.405 0.6999999881
16375  43.528  -52.756  -7.031 0.5000000000
16376  41.918  -53.085  -7.033 0.4000000060
16377  41.172  -53.014  -7.139 0.4000000060
16380  31.530  -53.798  -8.022 0.8000000119
16381  31.371  -53.927  -7.933 0.6999999881
16950  32.046  -52.762  0.274 0.5000000000
16954  27.407  -52.586  0.599 0.5000000000
16955  26.624  -52.892  0.307 0.5000000000
16962  33.223  -52.507  -1.045 0.6000000238
16977  33.464  -52.627  -1.902 0.6000000238
16990  26.533  -52.393  -1.890 0.5000000000
17001  33.130  -52.658  -3.861 0.6999999881
17003  26.955  -52.891  -3.262 0.3000000119
17019  36.609  -52.434  -4.560 0.6999999881
17020  36.054  -52.726  -4.653 0.6999999881
17026  37.889  -52.557  -5.088 0.6000000238
17028  34.484  -52.704  -5.831 0.6000000238
17029  32.170  -52.587  -5.894 0.6999999881
17037  38.607  -52.467  -6.008 0.5000000000
17038  33.536  -52.789  -7.074 0.6999999881
17039  32.502  -52.773  -8.038 0.6999999881
17041  31.529  -53.198  -7.781 0.6999999881
17053  43.227  -52.163  -7.408 0.4000000060
17054  41.885  -52.458  -7.238 0.4000000060
17055  41.106  -52.198  -7.178 0.4000000060
17058  31.684  -53.135  -8.035 0.8000000119
17609  30.471  -51.336  0.712 0.5000000000
17612  27.634  -51.765  0.343 0.5000000000
17623  32.653  -51.424  -0.390 0.5000000000
17625  26.678  -51.936  -0.644 0.5000000000
17634  33.374  -51.843  -1.454 0.5000000000
17636  26.629  -51.932  -1.298 0.5000000000
17653  33.394  -51.933  -3.329 0.6000000238
17673  37.356  -51.423  -4.511 0.6999999881
17675  35.936  -51.918  -4.654 0.6999999881
17677  32.535  -51.865  -5.283 0.6999999881
17690  32.071  -51.918  -6.521 0.8999999762
17696  40.522  -51.560  -6.741 0.5000000000
17697  39.742  -51.737  -6.435 0.5000000000
17698  39.053  -51.900  -6.121 0.5000000000
17715  43.751  -51.461  -7.484 0.4000000060
17716  42.853  -51.567  -7.427 0.4000000060
17718  33.405  -51.428  -8.057 0.6000000238
17719  32.581  -51.878  -8.237 0.8000000119
17724  32.735  -50.932  -8.379 0.6999999881
18268  30.984  -50.633  0.532 0.5000000000
18281  32.871  -50.532  -0.690 0.5000000000
18282  32.341  -50.654  -0.134 0.5000000000
18325  38.232  -50.305  -4.612 0.6000000238
18326  37.468  -50.643  -4.516 0.6999999881
18328  33.317  -50.495  -4.475 0.6999999881
18338  39.878  -50.029  -5.632 0.6000000238
18339  39.060  -49.889  -4.941 0.6000000238
18341  35.570  -50.970  -5.191 0.6999999881
18347  43.584  -49.852  -6.975 0.4000000060
18348  42.991  -50.395  -7.055 0.4000000060
18350  40.634  -50.226  -6.163 0.5000000000
18353  34.319  -51.050  -7.251 0.6000000238
18354  32.271  -51.115  -7.912 0.8000000119
18366  43.707  -50.600  -7.302 0.4000000060
18367  42.500  -50.969  -7.223 0.4000000060
18368  34.632  -50.313  -7.544 0.6000000238
18376  33.209  -50.254  -8.811 0.6999999881
18377  32.815  -50.185  -8.732 0.6999999881
18940  31.985  -49.913  0.111 0.6000000238
18942  30.609  -49.158  0.496 0.5000000000
18944  28.800  -49.586  0.079 0.4000000060
18959  31.850  -49.186  0.208 0.5000000000
18968  33.448  -49.147  -1.485 0.6000000238
18977  33.736  -49.695  -2.770 0.6999999881
19008  37.607  -49.871  -4.535 0.6999999881
19009  36.940  -50.189  -4.566 0.6999999881
19024  39.684  -49.341  -5.268 0.6000000238
19027  32.636  -49.959  -6.689 0.8000000119
19036  44.856  -49.487  -7.089 0.4000000060
19039  41.876  -49.664  -6.406 0.5000000000
19040  36.071  -49.370  -5.835 0.8000000119
19041  35.313  -49.824  -6.725 0.6000000238
19058  32.576  -49.420  -8.185 0.8000000119
19061  34.594  -49.310  -8.699 0.6999999881
19062  33.657  -49.485  -9.034 0.6999999881
19064  32.664  -49.735  -8.752 0.8000000119
19067  33.284  -48.813  -9.283 0.8000000119
19694  30.503  -48.479  0.408 0.4000000060
19710  32.029  -48.644  0.128 0.5000000000
19712  28.849  -48.447  -0.552 0.4000000060
19722  33.503  -48.128  -1.227 0.6000000238
19763  38.190  -48.688  -4.661 0.6999999881
19765  36.954  -49.420  -4.783 0.6999999881
19767  33.972  -48.913  -4.066 0.5000000000
19782  37.303  -48.157  -5.260 0.8000000119
19784  34.114  -48.127  -5.388 0.5000000000
19796  46.770  -48.309  -6.683 0.4000000060
19798  44.456  -48.685  -6.685 0.4000000060
19802  36.288  -48.537  -6.462 0.6999999881
19804  33.777  -48.152  -6.484 0.6999999881
19805  33.025  -48.639  -7.554 0.8000000119
19819  35.403  -48.974  -8.170 0.6000000238
19820  32.794  -48.655  -8.655 0.6999999881
19821  32.717  -49.200  -8.863 0.8000000119
19828  35.761  -48.392  -8.554 0.6000000238
19834  34.316  -48.056  -9.511 0.6999999881
19835  33.592  -48.316  -9.419 0.6000000238
19836  33.232  -48.245  -9.330 0.6000000238
20410  29.982  -48.003  0.210 0.4000000060
20420  31.790  -47.817  0.181 0.4000000060
20446  33.963  -47.833  -1.908 0.5000000000
20459  34.408  -47.482  -3.827 0.4000000060
20471  39.428  -47.898  -5.066 0.6999999881
20473  37.850  -47.987  -4.907 0.6999999881
20483  41.545  -47.125  -5.656 0.6000000238
20485  39.697  -46.964  -5.331 0.6999999881
20487  37.499  -47.561  -5.532 0.8000000119
20500  46.602  -47.458  -6.457 0.4000000060
20502  44.424  -47.677  -6.442 0.4000000060
20503  42.415  -46.976  -5.918 0.6000000238
20504  37.215  -47.341  -6.288 0.6999999881
20523  33.040  -48.120  -8.327 0.6999999881
20533  33.430  -47.307  -9.239 0.6999999881
20541  33.550  -47.714  -9.428 0.6000000238
20542  33.180  -47.964  -9.248 0.6999999881
21154  33.464  -46.576  -0.760 0.5000000000
21156  31.461  -46.113  0.026 0.4000000060
21172  34.455  -46.199  -2.137 0.5000000000
21173  34.034  -46.428  -1.382 0.5000000000
21175  29.637  -46.219  -1.227 0.4000000060
21226  41.039  -46.327  -5.659 0.6000000238
21243  48.114  -46.464  -6.532 0.4000000060
21264  38.133  -46.310  -7.806 0.6000000238
21265  37.741  -46.618  -7.249 0.6999999881
21266  34.149  -46.722  -7.799 0.6000000238
21287  38.656  -46.424  -9.504 0.6000000238
21295  35.512  -45.514  -10.364 0.5000000000
21946  33.648  -45.648  -0.846 0.4000000060
21989  35.415  -45.317  -4.799 0.3000000119
21999  40.616  -45.610  -5.839 0.6000000238
22000  39.779  -45.588  -5.814 0.6999999881
22001  38.905  -45.733  -5.857 0.6999999881
22012  45.039  -44.766  -6.474 0.4000000060
22013  42.953  -45.224  -6.317 0.6000000238
22016  39.500  -45.215  -6.377 0.6999999881
22017  38.907  -45.464  -6.583 0.6999999881
22037  34.945  -45.147  -7.509 0.5000000000
22058  42.419  -45.754  -10.063 0.4000000060
22060  40.254  -46.042  -9.685 0.4000000060
22061  34.519  -45.470  -10.002 0.5000000000
22075  39.144  -46.032  -10.475 0.6999999881
22083  38.741  -45.358  -10.996 0.6000000238
22742  32.048  -44.774  -0.400 0.3000000119
22748  34.098  -44.239  -1.045 0.4000000060
22768  35.118  -44.215  -2.468 0.4000000060
22826  44.669  -44.018  -6.643 0.6000000238
22830  40.707  -44.476  -6.700 0.6999999881
22832  35.417  -44.693  -6.526 0.3000000119
22847  40.588  -44.308  -7.156 0.6999999881
22848  39.917  -44.801  -7.548 0.6999999881
22858  41.776  -43.958  -8.327 0.6999999881
22859  41.134  -44.419  -8.370 0.6000000238
22860  34.678  -43.821  -9.061 0.5000000000
22872  34.945  -44.040  -9.544 0.5000000000
22883  38.112  -43.937  -11.085 0.6000000238
23588  35.030  -43.587  -1.983 0.4000000060
23648  45.852  -43.880  -6.938 0.5000000000
23651  42.627  -43.552  -6.912 0.6000000238
23652  41.781  -43.763  -6.922 0.6000000238
23667  43.007  -43.317  -7.566 0.6000000238
23668  42.155  -43.563  -7.483 0.6000000238
23675  47.300  -43.753  -8.343 0.5000000000
23676  46.477  -43.584  -8.033 0.5000000000
23689  44.492  -43.637  -9.467 0.4000000060
23691  43.047  -43.948  -9.050 0.6000000238
23714  36.492  -43.909  -10.164 0.6000000238
24441  34.862  -42.939  -1.674 0.3000000119
24461  35.926  -42.413  -3.733 0.4000000060
116725  42.220  -48.945  -6.245 0.5000000000
117224  45.101  -50.233  -7.399 0.4000000060
117272  45.887  -48.065  -6.598 0.4000000060
117595  30.718  -52.989  0.830 0.5000000000
117760  38.096  -57.072  -6.479 0.5000000000
117981  28.406  -52.319  0.855 0.5000000000
118300  37.444  -55.810  -6.589 0.5000000000
119156  42.239  -50.337  -6.829 0.4000000060
119582  33.003  -56.644  -6.663 0.6000000238
119740  41.905  -45.034  -6.226 0.6000000238
119857  29.995  -56.732  1.348 0.5000000000
119994  35.447  -44.952  -4.077 0.4000000060
120500  32.769  -58.386  -4.624 0.6000000238
120685  33.783  -58.381  -6.148 0.6000000238
121672  31.680  -51.981  0.357 0.5000000000
121825  33.317  -48.844  -6.492 0.8000000119
122671  31.011  -51.899  0.602 0.5000000000
123505  38.840  -53.067  -6.531 0.5000000000
123611  30.501  -60.356  -1.368 0.5000000000
123651  35.468  -41.981  -2.221 0.3000000119
124100  35.284  -45.558  -4.113 0.4000000060
124166  28.738  -50.891  0.515 0.4000000060
124413  31.648  -57.501  -0.474 0.6000000238
124666  43.156  -50.997  -7.343 0.4000000060
124762  40.764  -50.893  -6.552 0.5000000000
124970  40.500  -49.355  -5.683 0.5000000000
125026  29.585  -51.031  0.719 0.5000000000
125110  36.274  -47.465  -9.470 0.6000000238
125273  40.418  -44.202  -11.628 0.5000000000
125394  37.071  -46.756  -10.074 0.6999999881
126184  32.967  -51.311  -4.730 0.6999999881
126342  28.563  -47.652  -2.547 0.4000000060
126372  33.502  -51.100  -1.845 0.6999999881
126457  40.712  -56.768  -4.805 0.4000000060
126501  35.649  -43.774  -6.074 0.3000000119
127022  33.657  -46.750  -8.838 0.6999999881
127279  40.268  -47.817  -5.351 0.6000000238
127456  30.743  -49.919  0.501 0.4000000060
127766  31.366  -50.127  0.371 0.5000000000
127768  33.761  -49.036  -2.305 0.5000000000
128078  33.669  -55.306  -6.659 0.6000000238
128445  40.438  -45.935  -10.723 0.5000000000
128702  31.793  -53.261  -6.420 0.8000000119
128921  41.439  -43.286  -11.624 0.4000000060
129455  33.330  -53.179  -1.420 0.6000000238
130132  28.452  -50.248  0.135 0.5000000000
130594  36.501  -40.679  -5.163 0.4000000060
130702  36.721  -56.164  -6.534 0.6000000238
130900  32.295  -56.042  -0.396 0.5000000000
131518  32.487  -56.410  -5.835 0.6999999881
131679  44.715  -62.726  0.333 0.3000000119
131897  39.370  -50.538  -5.538 0.6000000238
132646  35.560  -43.688  -3.526 0.4000000060
132886  33.733  -42.901  -1.013 0.4000000060
133306  30.965  -54.940  -7.897 0.6999999881
133774  38.984  -47.285  -5.101 0.6999999881
134689  34.775  -57.473  -6.331 0.5000000000
135062  29.370  -45.897  -3.112 0.3000000119
135709  41.101  -58.881  -4.780 0.4000000060
135845  25.698  -53.334  -0.986 0.5000000000
136481  41.753  -46.415  -5.790 0.6000000238
136517  29.806  -57.594  1.572 0.5000000000
137193  37.951  -56.321  -6.575 0.5000000000
137439  43.505  -43.418  -6.977 0.6000000238
137519  36.878  -55.680  -6.476 0.6000000238
137868  41.402  -53.340  -6.909 0.4000000060
137877  43.973  -43.866  -6.651 0.6000000238
138549  32.047  -60.438  -4.680 0.6000000238
138667  34.148  -47.703  -2.389 0.5000000000
140164  32.293  -46.254  -0.134 0.4000000060
140336  40.058  -52.925  -6.957 0.5000000000
140379  41.577  -60.073  -2.500 0.4000000060
140722  33.337  -55.517  -3.965 0.6999999881
