#!ascii label  , from subject sub-v2s15x29751_ses-1 vox2ras=TkReg
884
46673  24.445  -4.413  38.216 0.0000000000
52103  35.509  2.186  42.013 0.0000000000
58848  42.622  8.942  16.839 0.0000000000
55142  33.304  4.423  26.742 0.0000000000
53117  38.020  3.385  34.947 0.0000000000
63482  53.151  15.052  7.100 0.0000000000
57133  42.236  7.108  21.070 0.0000000000
56175  38.566  5.248  20.473 0.0000000000
92200  22.148  -9.481  39.295 0.0000000000
50411  28.092  0.414  38.970 0.0000000000
50440  32.129  -0.414  37.621 0.0000000000
47761  24.702  -3.080  34.450 0.0000000000
61201  47.188  12.197  11.840 0.0000000000
50384  25.524  -0.438  41.534 0.0000000000
92895  24.264  -5.320  42.748 0.0000000000
59622  47.083  10.010  15.838 0.0000000000
43575  20.775  -7.760  44.296 0.0000000000
41593  15.802  -9.561  45.754 0.0000000000
57067  36.756  6.602  25.132 0.0000000000
55094  35.827  4.451  31.281 0.0000000000
94856  35.727  -0.403  30.868 0.0000000000
50486  34.021  -0.736  34.099 0.0000000000
57093  42.784  6.972  22.736 0.0000000000
93560  40.656  6.487  20.340 0.0000000000
57095  40.317  6.898  22.987 0.0000000000
91292  44.870  7.329  22.119 0.0000000000
43636  24.568  -7.507  37.218 0.0000000000
40772  23.362  -10.359  37.967 0.0000000000
43621  24.290  -7.556  39.479 0.0000000000
49500  24.873  -1.067  38.103 0.0000000000
50446  26.520  -0.226  37.170 0.0000000000
47746  24.775  -3.772  36.858 0.0000000000
100076  24.562  -7.080  35.089 0.0000000000
58868  42.876  8.669  14.266 0.0000000000
58834  44.545  8.497  18.552 0.0000000000
59618  45.043  9.306  16.126 0.0000000000
95751  44.983  9.940  13.842 0.0000000000
45507  24.485  -5.388  44.545 0.0000000000
43586  23.300  -7.218  43.261 0.0000000000
43559  22.703  -7.452  45.614 0.0000000000
42445  17.629  -8.357  50.261 0.0000000000
91849  17.809  -8.599  47.759 0.0000000000
42488  15.419  -8.659  48.226 0.0000000000
42466  13.360  -8.568  49.285 0.0000000000
43490  13.127  -6.928  51.165 0.0000000000
56972  35.650  6.614  33.492 0.0000000000
54101  36.915  3.834  32.963 0.0000000000
100029  36.330  1.926  31.344 0.0000000000
94354  36.858  1.234  32.950 0.0000000000
49551  29.041  -1.128  34.114 0.0000000000
100759  32.848  -1.035  35.553 0.0000000000
49562  31.109  -1.300  33.266 0.0000000000
49592  32.247  -1.356  31.245 0.0000000000
57070  34.681  5.910  25.904 0.0000000000
55216  35.491  4.736  22.739 0.0000000000
54242  33.320  3.281  23.828 0.0000000000
64205  56.172  15.554  5.093 0.0000000000
63490  53.943  14.187  5.291 0.0000000000
58028  42.842  8.189  18.698 0.0000000000
57159  40.346  6.541  18.491 0.0000000000
101425  44.676  7.912  19.891 0.0000000000
51247  32.253  0.881  41.096 0.0000000000
51273  33.674  0.408  39.738 0.0000000000
109046  30.355  -0.120  38.051 0.0000000000
50477  28.437  -0.676  35.779 0.0000000000
48672  25.636  -2.886  32.947 0.0000000000
61890  49.440  12.115  13.157 0.0000000000
61905  49.504  12.990  11.416 0.0000000000
62701  49.552  13.474  9.526 0.0000000000
62707  50.483  13.562  7.232 0.0000000000
91275  24.193  -2.688  39.928 0.0000000000
46636  24.399  -5.045  40.922 0.0000000000
47698  23.635  -3.109  41.747 0.0000000000
50397  26.487  -0.150  40.238 0.0000000000
61177  46.912  11.514  14.265 0.0000000000
93278  23.911  -7.564  41.794 0.0000000000
42594  20.273  -8.680  41.733 0.0000000000
41628  17.798  -9.464  41.960 0.0000000000
42526  20.356  -8.574  46.642 0.0000000000
42541  17.381  -8.971  45.216 0.0000000000
45420  10.517  -5.087  53.483 0.0000000000
57929  39.300  7.636  25.361 0.0000000000
57028  34.467  6.606  28.597 0.0000000000
57831  34.677  7.109  30.853 0.0000000000
55117  34.386  4.465  29.477 0.0000000000
53167  35.067  2.148  29.737 0.0000000000
51348  36.236  -0.070  29.830 0.0000000000
49631  34.880  -1.768  29.065 0.0000000000
50421  34.847  -0.423  37.937 0.0000000000
50457  36.365  -0.247  36.862 0.0000000000
51315  36.440  0.000  34.595 0.0000000000
50503  34.577  -0.589  32.788 0.0000000000
49606  33.537  -1.451  30.304 0.0000000000
57113  38.064  6.170  23.044 0.0000000000
55246  36.480  4.127  20.342 0.0000000000
57962  42.398  7.242  23.404 0.0000000000
100641  41.255  7.048  22.679 0.0000000000
104827  40.806  7.246  23.357 0.0000000000
57961  43.262  7.173  23.492 0.0000000000
91478  24.645  -6.104  37.972 0.0000000000
43629  24.171  -7.963  38.743 0.0000000000
44589  24.515  -6.679  39.143 0.0000000000
48630  24.832  -2.984  38.017 0.0000000000
47736  24.954  -2.944  37.339 0.0000000000
46681  24.572  -4.513  37.319 0.0000000000
92537  24.529  -6.152  36.631 0.0000000000
58856  42.474  8.794  15.838 0.0000000000
106919  43.355  8.775  17.453 0.0000000000
91199  44.595  8.936  16.811 0.0000000000
58847  43.099  9.164  16.154 0.0000000000
58854  43.754  9.276  14.816 0.0000000000
42446  16.751  -8.233  50.252 0.0000000000
92709  17.046  -8.388  49.335 0.0000000000
94617  15.381  -8.335  49.173 0.0000000000
42489  14.582  -8.811  48.446 0.0000000000
42465  14.338  -8.413  49.209 0.0000000000
43513  12.967  -8.033  49.906 0.0000000000
55066  36.952  4.538  34.234 0.0000000000
54100  37.544  3.310  33.501 0.0000000000
53140  37.350  2.872  32.874 0.0000000000
53128  37.645  2.756  33.624 0.0000000000
52117  36.244  2.375  41.137 0.0000000000
49580  28.538  -1.529  32.498 0.0000000000
107719  30.608  -1.136  33.557 0.0000000000
49596  28.741  -1.615  31.647 0.0000000000
49595  29.601  -1.522  31.515 0.0000000000
56101  33.415  4.944  26.048 0.0000000000
55185  33.558  4.526  24.570 0.0000000000
63474  52.425  14.882  8.559 0.0000000000
64193  53.684  15.410  8.340 0.0000000000
64198  53.778  15.461  7.530 0.0000000000
64202  54.048  15.300  6.571 0.0000000000
63481  53.357  14.621  6.347 0.0000000000
108950  42.300  7.402  19.738 0.0000000000
58030  41.354  7.653  18.670 0.0000000000
57145  41.899  7.145  20.244 0.0000000000
56174  39.336  5.530  20.158 0.0000000000
56173  40.025  5.865  19.815 0.0000000000
56195  38.684  5.105  18.830 0.0000000000
57119  43.347  6.925  21.857 0.0000000000
99328  43.740  7.429  20.687 0.0000000000
58013  43.947  7.661  19.903 0.0000000000
40765  22.242  -10.237  38.745 0.0000000000
41657  20.630  -10.018  39.718 0.0000000000
51262  30.651  0.334  40.529 0.0000000000
50392  30.947  -0.015  39.775 0.0000000000
50410  29.411  -0.245  38.993 0.0000000000
49536  25.308  -1.576  35.672 0.0000000000
50464  27.346  -0.388  36.585 0.0000000000
49535  26.146  -1.194  35.374 0.0000000000
49554  26.571  -1.461  34.423 0.0000000000
48661  25.342  -2.449  33.967 0.0000000000
45629  24.846  -4.919  33.834 0.0000000000
52222  35.427  0.706  28.120 0.0000000000
109449  48.124  12.339  12.785 0.0000000000
61898  49.787  12.392  12.274 0.0000000000
61907  47.809  12.558  11.303 0.0000000000
61908  48.804  13.025  9.780 0.0000000000
61911  48.901  13.013  8.769 0.0000000000
62703  50.413  13.658  8.151 0.0000000000
50399  24.742  -0.823  40.612 0.0000000000
103761  23.673  -2.765  40.874 0.0000000000
49475  23.806  -1.144  42.150 0.0000000000
50383  26.363  -0.265  41.258 0.0000000000
49488  24.861  -0.499  39.658 0.0000000000
61176  47.831  11.421  14.503 0.0000000000
60424  47.117  11.147  15.022 0.0000000000
59640  44.794  10.190  12.963 0.0000000000
46621  24.206  -4.877  41.865 0.0000000000
100821  24.354  -6.787  41.487 0.0000000000
44570  24.330  -6.636  42.611 0.0000000000
43588  21.426  -7.687  43.718 0.0000000000
43600  22.159  -7.695  43.013 0.0000000000
42577  20.328  -8.271  42.741 0.0000000000
42578  19.369  -8.584  42.238 0.0000000000
42563  19.304  -8.255  43.255 0.0000000000
91677  20.242  -8.590  47.547 0.0000000000
42530  16.428  -8.981  46.346 0.0000000000
42529  17.508  -8.852  46.228 0.0000000000
42542  16.604  -9.205  45.525 0.0000000000
42566  16.457  -8.979  43.974 0.0000000000
94424  35.924  7.336  28.125 0.0000000000
55085  35.666  4.998  31.993 0.0000000000
56996  35.044  6.712  31.681 0.0000000000
56040  35.202  5.174  31.277 0.0000000000
56050  34.354  5.658  29.643 0.0000000000
54152  34.889  4.022  30.237 0.0000000000
54168  34.606  3.548  29.665 0.0000000000
54167  35.359  3.026  30.129 0.0000000000
51339  36.287  0.707  31.078 0.0000000000
97220  36.087  0.509  30.403 0.0000000000
92634  36.149  -0.219  30.377 0.0000000000
50527  36.221  -0.826  30.024 0.0000000000
49604  35.571  -0.918  30.467 0.0000000000
50424  32.813  -0.350  38.459 0.0000000000
51272  35.059  0.647  39.594 0.0000000000
97875  33.177  -0.583  37.856 0.0000000000
49531  33.606  -1.270  35.247 0.0000000000
49513  34.263  -1.320  35.991 0.0000000000
49529  35.741  -1.252  34.940 0.0000000000
51311  36.973  -0.155  35.324 0.0000000000
50484  36.004  -0.872  34.444 0.0000000000
51316  35.857  0.215  34.159 0.0000000000
50494  34.596  -0.479  33.686 0.0000000000
49621  30.927  -1.906  29.931 0.0000000000
49607  32.531  -1.528  30.395 0.0000000000
91524  38.435  7.409  25.586 0.0000000000
57083  38.193  6.850  24.038 0.0000000000
57084  37.301  6.612  24.442 0.0000000000
54277  34.635  3.578  21.954 0.0000000000
96568  35.381  4.269  21.767 0.0000000000
64217  55.831  15.077  3.910 0.0000000000
57120  42.632  7.021  21.819 0.0000000000
57134  41.408  6.915  20.788 0.0000000000
57109  41.490  6.915  22.074 0.0000000000
57110  40.577  6.687  22.201 0.0000000000
56166  39.217  5.667  21.012 0.0000000000
57960  45.180  7.619  23.561 0.0000000000
57107  43.638  6.891  22.699 0.0000000000
93307  24.263  -9.247  37.349 0.0000000000
41666  23.930  -9.012  39.055 0.0000000000
42622  23.624  -8.592  39.533 0.0000000000
93563  25.958  0.273  38.583 0.0000000000
92528  27.542  0.586  37.790 0.0000000000
49499  25.655  -0.458  37.857 0.0000000000
48635  24.726  -1.953  36.966 0.0000000000
47752  24.705  -2.893  35.448 0.0000000000
45630  24.688  -5.329  34.560 0.0000000000
45602  24.424  -5.416  36.070 0.0000000000
43642  24.633  -7.579  36.292 0.0000000000
60443  45.778  11.081  10.719 0.0000000000
50375  24.193  -0.579  42.810 0.0000000000
94979  46.072  8.876  17.692 0.0000000000
58844  46.422  9.176  16.962 0.0000000000
59617  45.928  9.453  16.286 0.0000000000
59634  45.972  10.303  15.058 0.0000000000
59625  44.685  9.488  15.243 0.0000000000
58867  43.579  9.165  13.822 0.0000000000
45516  24.496  -5.332  43.764 0.0000000000
44564  24.089  -6.635  43.278 0.0000000000
44554  23.392  -6.702  44.139 0.0000000000
43573  22.470  -7.169  44.729 0.0000000000
43560  21.882  -7.653  45.244 0.0000000000
42484  19.394  -8.640  48.009 0.0000000000
105207  17.543  -8.499  48.555 0.0000000000
42486  16.969  -8.542  47.851 0.0000000000
42510  15.475  -8.899  47.369 0.0000000000
42511  14.713  -9.160  47.614 0.0000000000
56018  36.284  4.943  32.801 0.0000000000
55084  36.440  4.268  31.986 0.0000000000
54150  36.008  3.193  30.867 0.0000000000
54117  36.783  3.275  32.149 0.0000000000
52196  36.945  1.626  32.259 0.0000000000
106974  36.298  0.706  31.729 0.0000000000
98982  30.751  -0.300  35.575 0.0000000000
49515  32.375  -0.690  36.184 0.0000000000
50487  31.391  -0.611  35.030 0.0000000000
49548  31.991  -0.901  34.550 0.0000000000
92110  32.599  -1.021  33.963 0.0000000000
49560  32.941  -1.140  32.921 0.0000000000
49577  31.004  -1.380  32.059 0.0000000000
49609  30.691  -1.650  30.721 0.0000000000
57069  35.475  6.205  25.562 0.0000000000
56133  35.905  5.626  23.975 0.0000000000
56134  34.969  5.457  24.227 0.0000000000
55201  34.316  4.711  23.697 0.0000000000
64201  55.204  15.427  6.400 0.0000000000
64213  54.928  14.857  4.922 0.0000000000
58034  42.650  8.610  17.827 0.0000000000
58045  41.195  7.809  16.755 0.0000000000
58036  41.048  8.035  17.796 0.0000000000
57147  40.506  6.438  19.418 0.0000000000
56183  39.822  5.978  18.847 0.0000000000
57986  46.087  8.000  21.969 0.0000000000
91502  46.042  7.995  21.164 0.0000000000
58011  45.995  8.244  19.916 0.0000000000
58026  45.237  8.376  19.403 0.0000000000
58838  43.553  8.491  18.201 0.0000000000
52119  34.030  1.497  41.584 0.0000000000
51244  35.205  1.570  40.794 0.0000000000
51259  33.562  0.710  40.352 0.0000000000
50407  32.316  -0.146  39.102 0.0000000000
50425  31.045  -0.196  37.826 0.0000000000
50444  28.269  0.280  37.246 0.0000000000
50443  28.889  0.083  36.762 0.0000000000
50462  29.324  -0.104  36.318 0.0000000000
50490  28.765  -0.911  35.000 0.0000000000
49566  27.341  -1.535  33.668 0.0000000000
48670  27.027  -2.038  32.087 0.0000000000
62690  50.154  13.361  11.091 0.0000000000
93617  48.549  12.897  10.741 0.0000000000
62696  49.455  13.349  10.524 0.0000000000
62695  50.387  13.746  10.274 0.0000000000
96323  51.106  14.194  9.651 0.0000000000
62699  51.052  14.155  8.699 0.0000000000
63479  51.699  14.191  7.238 0.0000000000
63483  52.449  14.328  6.666 0.0000000000
109234  24.476  -2.916  39.177 0.0000000000
97388  24.498  -4.978  39.553 0.0000000000
47717  23.889  -3.459  40.256 0.0000000000
95470  23.915  -3.927  41.064 0.0000000000
107460  24.041  -4.468  42.493 0.0000000000
49476  23.516  -1.190  42.906 0.0000000000
46606  24.057  -4.487  43.206 0.0000000000
46592  24.691  -4.847  44.624 0.0000000000
92972  34.731  1.749  42.596 0.0000000000
52105  33.641  1.727  42.356 0.0000000000
91317  31.274  0.738  41.194 0.0000000000
51263  29.697  0.161  40.611 0.0000000000
104736  28.523  0.232  41.303 0.0000000000
50395  28.148  -0.213  39.803 0.0000000000
50414  25.583  0.187  39.489 0.0000000000
103595  24.789  -1.249  39.202 0.0000000000
61175  49.751  11.420  14.381 0.0000000000
61188  47.612  11.826  13.725 0.0000000000
61189  46.758  11.680  13.333 0.0000000000
60426  45.683  10.439  14.155 0.0000000000
60436  46.027  11.225  12.850 0.0000000000
60438  45.874  11.205  11.831 0.0000000000
97780  24.246  -6.849  40.021 0.0000000000
43614  24.208  -7.834  40.432 0.0000000000
104308  22.542  -8.518  40.753 0.0000000000
43599  23.224  -7.620  42.400 0.0000000000
42575  22.301  -8.184  42.082 0.0000000000
42611  21.568  -8.910  40.603 0.0000000000
41636  19.738  -9.407  40.966 0.0000000000
40751  18.117  -10.102  41.191 0.0000000000
43548  22.149  -8.149  45.976 0.0000000000
42538  20.486  -8.364  45.659 0.0000000000
42527  19.469  -8.657  46.118 0.0000000000
42539  19.282  -8.153  45.064 0.0000000000
42551  17.660  -8.454  43.986 0.0000000000
45432  11.768  -5.593  52.584 0.0000000000
57928  40.399  7.721  24.634 0.0000000000
57908  36.650  7.015  26.495 0.0000000000
57909  36.012  6.876  26.945 0.0000000000
57054  34.650  6.134  26.713 0.0000000000
56082  33.668  5.165  27.016 0.0000000000
57861  34.670  7.235  29.960 0.0000000000
56064  34.040  6.079  28.775 0.0000000000
55131  33.657  4.525  27.584 0.0000000000
105127  33.950  2.960  28.551 0.0000000000
53175  34.185  2.253  28.446 0.0000000000
52216  35.436  0.759  29.189 0.0000000000
53160  35.408  1.996  30.367 0.0000000000
107827  35.896  0.560  29.877 0.0000000000
50533  36.553  -0.748  29.369 0.0000000000
49630  36.265  -1.352  29.268 0.0000000000
48705  35.494  -2.061  28.411 0.0000000000
53104  37.848  3.065  36.004 0.0000000000
51257  35.573  1.279  40.189 0.0000000000
51270  36.133  1.306  39.939 0.0000000000
51291  36.687  1.172  38.983 0.0000000000
50460  33.893  -1.170  36.713 0.0000000000
50438  35.620  -0.452  37.392 0.0000000000
103698  36.895  0.895  38.092 0.0000000000
52170  37.601  1.136  36.554 0.0000000000
51310  37.284  0.874  35.676 0.0000000000
52180  37.284  1.942  35.007 0.0000000000
51322  36.476  0.732  33.793 0.0000000000
94571  36.401  0.703  32.972 0.0000000000
50512  35.273  -0.261  32.241 0.0000000000
50504  33.832  -0.964  32.364 0.0000000000
50514  33.918  -1.098  31.530 0.0000000000
50521  34.843  -0.920  31.094 0.0000000000
49618  34.159  -1.626  29.667 0.0000000000
57964  40.064  7.347  23.804 0.0000000000
57112  38.851  6.210  22.537 0.0000000000
56167  38.333  5.405  21.297 0.0000000000
56149  36.300  5.341  23.092 0.0000000000
107378  37.268  5.111  21.522 0.0000000000
91170  37.097  4.327  19.972 0.0000000000
62715  52.923  14.039  5.938 0.0000000000
57945  41.877  7.673  24.070 0.0000000000
57963  41.566  7.298  23.346 0.0000000000
57944  42.805  7.620  24.194 0.0000000000
45592  24.563  -5.332  37.892 0.0000000000
44599  24.614  -6.658  38.360 0.0000000000
95727  24.632  -5.956  38.633 0.0000000000
47737  24.642  -3.712  37.698 0.0000000000
58054  41.934  7.976  15.263 0.0000000000
58044  41.825  8.370  16.298 0.0000000000
95421  43.643  8.995  16.789 0.0000000000
42447  15.885  -8.060  50.122 0.0000000000
98770  16.264  -8.280  49.544 0.0000000000
43511  14.944  -7.969  49.958 0.0000000000
43512  13.962  -7.935  49.884 0.0000000000
55064  38.083  3.907  35.026 0.0000000000
55065  37.784  4.026  34.505 0.0000000000
54082  37.866  3.443  34.221 0.0000000000
53118  37.782  2.769  34.406 0.0000000000
52084  36.293  1.951  42.324 0.0000000000
52102  36.133  2.441  41.726 0.0000000000
49597  27.883  -1.833  31.856 0.0000000000
55167  33.190  4.336  25.384 0.0000000000
63478  52.419  14.664  7.620 0.0000000000
63477  53.058  15.237  8.004 0.0000000000
58002  42.650  7.303  20.369 0.0000000000
56185  38.636  5.135  19.620 0.0000000000
55253  38.083  4.585  18.989 0.0000000000
107400  37.852  4.722  19.983 0.0000000000
57132  43.097  7.186  21.132 0.0000000000
57131  43.891  7.205  21.332 0.0000000000
58001  43.302  7.422  20.326 0.0000000000
40766  21.375  -10.331  39.293 0.0000000000
40767  20.571  -10.719  39.615 0.0000000000
41656  21.392  -9.491  39.739 0.0000000000
50394  28.949  -0.197  39.620 0.0000000000
50393  30.017  -0.124  39.822 0.0000000000
97559  28.548  0.421  38.581 0.0000000000
48652  24.969  -2.240  35.042 0.0000000000
49555  25.641  -1.747  34.728 0.0000000000
47769  24.921  -3.379  33.473 0.0000000000
46714  24.583  -3.980  34.016 0.0000000000
61198  47.470  12.159  12.836 0.0000000000
61900  47.970  12.458  12.224 0.0000000000
61915  49.150  12.792  7.771 0.0000000000
106944  25.147  -0.637  41.033 0.0000000000
49484  23.982  -1.624  41.156 0.0000000000
50385  24.587  -0.764  41.671 0.0000000000
50398  25.535  -0.334  40.468 0.0000000000
60414  47.357  10.522  15.468 0.0000000000
60415  46.657  10.568  15.323 0.0000000000
109343  24.264  -5.547  42.190 0.0000000000
97859  24.391  -6.570  42.105 0.0000000000
45524  24.399  -6.097  42.454 0.0000000000
43589  20.474  -7.948  43.572 0.0000000000
43576  19.795  -7.923  44.203 0.0000000000
92473  20.124  -8.572  48.503 0.0000000000
41606  16.288  -9.673  45.078 0.0000000000
55105  35.194  4.624  30.717 0.0000000000
54151  35.689  3.857  30.721 0.0000000000
51340  35.858  0.131  31.494 0.0000000000
51344  36.088  0.165  30.804 0.0000000000
108065  36.011  -0.614  30.420 0.0000000000
49546  34.152  -1.146  34.658 0.0000000000
49530  34.683  -1.364  35.106 0.0000000000
50485  34.973  -0.967  34.406 0.0000000000
57930  37.529  7.000  25.331 0.0000000000
57949  38.052  7.023  24.843 0.0000000000
57108  42.290  7.042  22.211 0.0000000000
57121  41.817  7.003  21.642 0.0000000000
57123  39.818  6.241  21.650 0.0000000000
109690  39.358  6.163  22.118 0.0000000000
99808  43.009  6.858  22.262 0.0000000000
42629  24.135  -8.970  38.506 0.0000000000
42621  24.020  -8.363  39.509 0.0000000000
47745  24.888  -2.943  36.486 0.0000000000
48644  24.704  -2.011  36.003 0.0000000000
47753  24.719  -3.807  35.937 0.0000000000
46697  24.568  -4.747  35.390 0.0000000000
46689  24.544  -4.587  36.412 0.0000000000
96863  24.584  -6.935  36.723 0.0000000000
58833  45.621  8.691  18.520 0.0000000000
58836  45.097  8.740  17.648 0.0000000000
58845  45.534  9.012  16.907 0.0000000000
59624  45.558  9.667  15.518 0.0000000000
44563  24.356  -6.019  43.923 0.0000000000
44553  23.770  -5.965  44.783 0.0000000000
44544  23.156  -6.683  45.153 0.0000000000
42464  18.131  -8.488  49.409 0.0000000000
107640  18.741  -8.531  49.148 0.0000000000
95236  16.189  -8.423  48.799 0.0000000000
109859  16.793  -8.468  48.509 0.0000000000
42487  16.190  -8.606  47.994 0.0000000000
42509  16.281  -8.752  47.185 0.0000000000
42490  13.717  -9.105  48.647 0.0000000000
41565  13.955  -9.491  47.869 0.0000000000
43504  13.539  -7.441  50.560 0.0000000000
99563  12.568  -7.511  50.522 0.0000000000
105559  12.152  -6.949  51.058 0.0000000000
55076  36.759  4.459  33.517 0.0000000000
56008  36.408  5.236  33.709 0.0000000000
52190  37.368  1.990  33.012 0.0000000000
53141  37.076  2.342  32.232 0.0000000000
51331  36.581  0.962  32.278 0.0000000000
50475  30.017  -0.379  35.384 0.0000000000
49516  31.601  -0.341  35.829 0.0000000000
50488  30.502  -0.635  34.799 0.0000000000
49563  30.209  -1.194  32.964 0.0000000000
49549  31.071  -0.979  34.154 0.0000000000
106439  31.754  -1.168  33.831 0.0000000000
49561  31.955  -1.328  33.133 0.0000000000
104910  31.363  -1.366  32.634 0.0000000000
49610  29.831  -1.637  30.776 0.0000000000
57086  35.626  5.855  24.769 0.0000000000
56116  34.805  5.717  25.089 0.0000000000
110071  33.454  4.091  23.906 0.0000000000
54241  33.882  3.798  23.241 0.0000000000
63485  54.003  14.669  5.856 0.0000000000
64207  54.670  15.062  5.750 0.0000000000
96266  54.392  14.589  5.279 0.0000000000
58029  41.906  8.251  18.274 0.0000000000
58035  41.790  8.495  17.331 0.0000000000
57158  40.953  7.009  19.026 0.0000000000
57171  40.710  7.243  18.153 0.0000000000
56184  39.261  5.523  19.252 0.0000000000
56194  39.094  5.438  18.161 0.0000000000
56206  39.559  5.255  17.180 0.0000000000
57975  45.499  7.607  22.591 0.0000000000
107137  46.097  8.064  22.651 0.0000000000
58000  44.470  7.669  20.637 0.0000000000
57999  45.257  7.863  20.955 0.0000000000
58012  45.246  8.011  20.209 0.0000000000
98885  45.857  8.066  20.537 0.0000000000
58014  43.026  7.632  19.579 0.0000000000
94385  43.726  8.138  19.072 0.0000000000
51246  33.325  1.117  40.984 0.0000000000
51260  32.586  0.595  40.460 0.0000000000
50409  30.255  -0.334  38.983 0.0000000000
51275  31.837  0.089  39.700 0.0000000000
50408  31.295  -0.238  38.926 0.0000000000
50426  30.178  0.287  37.549 0.0000000000
50445  27.421  0.044  37.136 0.0000000000
50478  27.673  -0.719  35.895 0.0000000000
50463  28.141  -0.200  36.717 0.0000000000
92507  28.689  -0.345  36.302 0.0000000000
50442  29.947  0.288  36.767 0.0000000000
50476  29.263  -0.480  35.698 0.0000000000
104327  26.571  -1.804  33.638 0.0000000000
49582  26.813  -1.919  32.949 0.0000000000
48671  26.364  -2.476  32.489 0.0000000000
44639  24.639  -6.278  34.555 0.0000000000
61186  50.147  11.674  13.727 0.0000000000
61904  50.651  12.708  11.739 0.0000000000
94303  47.140  11.817  9.801 0.0000000000
61909  47.717  12.428  10.351 0.0000000000
62700  50.319  13.865  9.159 0.0000000000
62702  51.093  13.931  7.749 0.0000000000
62706  51.053  13.846  6.973 0.0000000000
47723  24.159  -3.556  39.501 0.0000000000
48604  23.521  -2.309  41.654 0.0000000000
103664  24.038  -3.993  41.952 0.0000000000
48582  23.880  -1.911  43.267 0.0000000000
100114  23.927  -3.792  43.452 0.0000000000
92156  24.212  -4.383  43.984 0.0000000000
98502  34.016  2.017  42.898 0.0000000000
97779  30.325  0.605  41.330 0.0000000000
50382  27.203  -0.138  40.967 0.0000000000
50381  28.011  -0.124  40.729 0.0000000000
51264  28.821  -0.018  40.651 0.0000000000
50396  27.336  -0.224  39.985 0.0000000000
50413  26.544  0.474  39.371 0.0000000000
49489  24.542  -1.608  40.030 0.0000000000
48617  24.673  -2.144  39.259 0.0000000000
59635  45.254  9.849  14.690 0.0000000000
60434  45.545  10.679  13.301 0.0000000000
60437  45.307  10.707  12.357 0.0000000000
60439  45.145  10.634  11.265 0.0000000000
99399  24.481  -5.255  40.164 0.0000000000
45554  24.538  -5.834  39.574 0.0000000000
45539  24.326  -6.106  40.668 0.0000000000
43608  24.156  -7.454  41.299 0.0000000000
93564  24.234  -7.078  40.825 0.0000000000
42608  24.027  -8.032  40.982 0.0000000000
42592  23.184  -8.142  41.434 0.0000000000
42576  21.276  -8.243  42.434 0.0000000000
42593  21.354  -8.568  41.521 0.0000000000
95546  22.233  -8.453  41.304 0.0000000000
106714  20.616  -9.146  40.856 0.0000000000
42579  18.391  -8.730  42.496 0.0000000000
42595  18.643  -9.151  41.736 0.0000000000
41629  17.028  -9.843  42.209 0.0000000000
42506  20.938  -8.502  47.156 0.0000000000
42525  21.336  -8.427  46.402 0.0000000000
105252  21.417  -8.195  45.640 0.0000000000
91676  18.644  -8.647  47.509 0.0000000000
42540  18.409  -8.736  45.692 0.0000000000
94845  18.051  -8.529  44.744 0.0000000000
42550  18.671  -8.151  44.115 0.0000000000
45441  12.364  -5.825  52.012 0.0000000000
45431  12.750  -5.510  52.745 0.0000000000
45433  10.772  -5.642  52.830 0.0000000000
57906  38.560  7.724  26.494 0.0000000000
92877  37.252  7.425  27.012 0.0000000000
57889  36.521  7.316  27.481 0.0000000000
57027  35.140  7.068  28.308 0.0000000000
57038  34.716  6.514  27.646 0.0000000000
56081  34.149  5.836  27.342 0.0000000000
97650  34.120  6.149  28.117 0.0000000000
100688  34.167  5.263  28.862 0.0000000000
55130  34.047  4.497  28.486 0.0000000000
54181  33.814  3.657  28.107 0.0000000000
54180  34.171  3.608  28.965 0.0000000000
53168  34.514  2.733  29.258 0.0000000000
53174  34.820  1.757  29.121 0.0000000000
53159  35.854  2.362  30.891 0.0000000000
49617  35.391  -1.305  29.844 0.0000000000
48706  34.238  -2.345  28.283 0.0000000000
51258  34.587  0.870  40.134 0.0000000000
50422  34.955  0.174  38.880 0.0000000000
51271  35.670  0.723  39.416 0.0000000000
51282  36.207  0.899  39.235 0.0000000000
51283  35.708  0.216  38.457 0.0000000000
49504  32.929  -0.951  37.042 0.0000000000
50458  35.813  -0.855  36.402 0.0000000000
50437  36.131  0.082  37.703 0.0000000000
51292  36.700  0.417  37.401 0.0000000000
51303  37.309  0.918  37.282 0.0000000000
51304  37.072  0.290  36.365 0.0000000000
52187  36.798  1.061  34.659 0.0000000000
52186  37.349  2.033  34.012 0.0000000000
50502  35.194  -0.033  33.279 0.0000000000
51323  35.856  0.347  33.496 0.0000000000
93598  31.961  -1.268  32.162 0.0000000000
49576  33.007  -1.143  31.865 0.0000000000
49591  33.181  -1.260  31.028 0.0000000000
50522  34.005  -1.240  30.874 0.0000000000
49605  34.595  -1.258  30.377 0.0000000000
109779  39.954  7.819  25.194 0.0000000000
57947  39.589  7.511  24.604 0.0000000000
107468  38.099  6.546  23.505 0.0000000000
97309  38.722  6.659  23.309 0.0000000000
56160  37.960  5.664  22.245 0.0000000000
55247  35.836  3.818  20.889 0.0000000000
55232  36.388  4.512  21.224 0.0000000000
55245  37.171  4.653  20.631 0.0000000000
64216  56.487  15.257  3.486 0.0000000000
64215  57.253  15.735  3.288 0.0000000000
62710  52.198  13.638  6.112 0.0000000000
57094  42.070  7.132  22.703 0.0000000000
44608  24.614  -6.657  37.484 0.0000000000
42633  24.239  -8.219  37.809 0.0000000000
104643  24.450  -7.367  38.067 0.0000000000
96587  24.448  -7.242  38.778 0.0000000000
48616  24.782  -1.592  38.629 0.0000000000
48629  24.724  -1.985  37.890 0.0000000000
100291  24.507  -5.312  36.947 0.0000000000
104101  24.579  -5.907  37.386 0.0000000000
58869  42.476  8.491  14.979 0.0000000000
58837  44.164  8.670  17.552 0.0000000000
58846  43.968  9.266  15.910 0.0000000000
58855  43.049  9.110  15.343 0.0000000000
45496  24.233  -5.482  45.371 0.0000000000
44543  23.672  -6.201  45.746 0.0000000000
55051  37.322  4.730  35.027 0.0000000000
55075  37.406  3.851  33.820 0.0000000000
49565  28.323  -1.395  33.391 0.0000000000
49550  30.051  -0.934  33.920 0.0000000000
49564  29.273  -1.231  33.172 0.0000000000
49579  29.431  -1.401  32.307 0.0000000000
49578  30.241  -1.396  32.142 0.0000000000
49611  28.985  -1.680  30.849 0.0000000000
56117  34.080  5.415  25.546 0.0000000000
56118  33.648  4.884  25.242 0.0000000000
63470  52.573  14.754  9.421 0.0000000000
63486  53.515  14.262  5.771 0.0000000000
103614  42.190  7.726  19.085 0.0000000000
58015  41.643  7.313  19.455 0.0000000000
57135  40.025  6.031  20.714 0.0000000000
57106  44.097  6.941  22.052 0.0000000000
41668  22.967  -10.013  38.426 0.0000000000
40759  19.943  -10.422  39.947 0.0000000000
51261  31.655  0.433  40.416 0.0000000000
50427  29.439  0.356  38.112 0.0000000000
49518  25.883  -1.004  36.255 0.0000000000
50465  26.452  -0.538  36.655 0.0000000000
49517  26.760  -0.732  36.008 0.0000000000
49534  27.085  -1.015  35.226 0.0000000000
49533  27.964  -1.015  35.144 0.0000000000
49567  26.025  -1.894  33.970 0.0000000000
47780  25.324  -3.772  32.562 0.0000000000
46713  24.849  -4.327  33.131 0.0000000000
52223  34.569  1.465  27.429 0.0000000000
61197  48.403  12.122  13.328 0.0000000000
61899  48.736  12.390  12.608 0.0000000000
61906  48.705  12.659  11.785 0.0000000000
108116  48.200  12.635  9.896 0.0000000000
61912  48.260  12.551  9.079 0.0000000000
62704  49.661  13.382  8.487 0.0000000000
62708  49.808  13.224  7.485 0.0000000000
109646  24.124  -2.208  40.494 0.0000000000
60413  48.108  10.772  15.280 0.0000000000
45531  24.255  -5.877  41.680 0.0000000000
43597  24.346  -7.114  42.045 0.0000000000
43587  22.395  -7.376  43.884 0.0000000000
43601  21.139  -7.934  43.120 0.0000000000
42508  17.168  -8.686  47.074 0.0000000000
92795  17.956  -8.678  47.051 0.0000000000
42552  17.025  -8.767  44.282 0.0000000000
42553  16.682  -9.244  44.653 0.0000000000
57875  35.640  7.528  28.812 0.0000000000
57018  34.840  7.184  29.123 0.0000000000
56019  35.572  5.579  32.529 0.0000000000
56983  35.367  6.384  32.585 0.0000000000
56029  35.227  5.784  31.881 0.0000000000
56030  34.918  6.092  31.067 0.0000000000
57007  34.529  6.454  30.244 0.0000000000
56041  34.807  5.457  30.534 0.0000000000
55106  34.700  4.829  30.161 0.0000000000
52202  36.529  1.320  31.576 0.0000000000
52207  36.025  1.399  30.831 0.0000000000
50406  33.281  -0.029  39.162 0.0000000000
50405  34.257  0.267  39.317 0.0000000000
50423  33.907  -0.326  38.467 0.0000000000
49512  35.243  -1.263  35.765 0.0000000000
106672  36.076  -1.119  35.523 0.0000000000
50474  36.564  -0.583  35.878 0.0000000000
50483  36.542  -1.008  34.977 0.0000000000
50493  35.210  0.017  34.074 0.0000000000
49608  31.584  -1.610  30.575 0.0000000000
49620  31.841  -1.869  29.732 0.0000000000
49619  32.914  -1.837  29.509 0.0000000000
48695  31.995  -2.227  28.891 0.0000000000
57948  38.779  7.296  24.725 0.0000000000
57097  37.576  6.382  23.624 0.0000000000
55217  34.646  4.211  22.702 0.0000000000
64212  55.617  15.176  4.589 0.0000000000
57122  40.816  6.663  21.348 0.0000000000
57976  44.619  7.180  22.762 0.0000000000
94790  44.198  7.279  23.518 0.0000000000
109076  43.504  6.830  22.218 0.0000000000
41675  23.994  -9.801  37.743 0.0000000000
41667  23.562  -9.477  38.348 0.0000000000
105098  23.083  -9.360  38.950 0.0000000000
42623  22.954  -8.980  39.653 0.0000000000
50412  27.421  0.543  39.154 0.0000000000
50428  27.812  0.769  38.519 0.0000000000
96405  26.896  0.731  38.517 0.0000000000
92194  26.619  0.242  37.787 0.0000000000
49506  25.722  -0.757  37.043 0.0000000000
49507  24.990  -1.211  37.430 0.0000000000
49519  25.129  -1.408  36.586 0.0000000000
47762  24.690  -3.857  34.973 0.0000000000
104371  24.494  -6.383  35.327 0.0000000000
44627  24.482  -6.084  35.847 0.0000000000
61202  46.470  11.677  11.324 0.0000000000
61205  46.461  11.455  10.203 0.0000000000
50374  25.143  -0.226  42.516 0.0000000000
58832  46.625  8.563  18.425 0.0000000000
59616  46.738  9.553  16.344 0.0000000000
59623  46.328  9.892  15.709 0.0000000000
59636  44.429  9.541  14.303 0.0000000000
92264  24.506  -6.091  43.151 0.0000000000
43574  21.645  -7.535  44.460 0.0000000000
105007  19.307  -8.546  48.903 0.0000000000
42485  18.518  -8.572  48.469 0.0000000000
42531  15.560  -9.209  46.530 0.0000000000
41577  14.844  -9.456  46.817 0.0000000000
56009  35.735  5.801  33.249 0.0000000000
54133  36.317  3.686  31.334 0.0000000000
53153  36.449  2.673  31.519 0.0000000000
93841  36.785  1.944  31.754 0.0000000000
91589  30.879  0.007  36.308 0.0000000000
49505  32.018  -0.422  36.836 0.0000000000
50461  31.634  -0.214  36.467 0.0000000000
49532  32.218  -0.720  35.335 0.0000000000
91725  32.791  -0.973  34.885 0.0000000000
49547  33.409  -0.959  34.463 0.0000000000
95698  33.354  -0.896  33.777 0.0000000000
49594  30.438  -1.503  31.435 0.0000000000
49593  31.311  -1.455  31.379 0.0000000000
57068  36.286  6.601  25.711 0.0000000000
57085  36.413  6.130  24.522 0.0000000000
92033  36.122  6.234  25.146 0.0000000000
56150  35.312  5.118  23.469 0.0000000000
55184  34.205  5.169  24.696 0.0000000000
109059  34.961  4.677  23.166 0.0000000000
64206  55.443  15.310  5.454 0.0000000000
63489  54.496  14.211  4.609 0.0000000000
98307  40.728  7.176  17.205 0.0000000000
57146  41.150  6.931  19.902 0.0000000000
56193  39.820  6.006  17.858 0.0000000000
57987  45.409  7.687  21.710 0.0000000000
58025  46.207  8.491  19.208 0.0000000000
58027  44.421  8.156  19.387 0.0000000000
52104  34.720  2.010  42.051 0.0000000000
51229  35.391  2.035  41.371 0.0000000000
52118  34.886  1.724  41.350 0.0000000000
51245  34.332  1.297  40.864 0.0000000000
109645  32.186  0.344  40.113 0.0000000000
51274  32.748  0.295  39.787 0.0000000000
107158  31.968  -0.296  38.397 0.0000000000
50441  31.131  0.064  37.025 0.0000000000
101463  28.449  0.696  37.926 0.0000000000
92819  29.185  0.434  37.412 0.0000000000
92389  30.020  -0.049  36.005 0.0000000000
50489  29.618  -0.732  34.824 0.0000000000
49553  27.423  -1.262  34.512 0.0000000000
49552  28.148  -1.229  34.290 0.0000000000
49581  27.631  -1.707  32.716 0.0000000000
46704  24.674  -4.568  34.559 0.0000000000
45645  24.892  -5.815  33.810 0.0000000000
54192  33.444  3.681  27.283 0.0000000000
62689  50.961  13.406  11.166 0.0000000000
62694  51.403  13.906  10.556 0.0000000000
63471  51.759  14.573  9.109 0.0000000000
63475  51.761  14.358  8.177 0.0000000000
62711  51.541  13.840  6.577 0.0000000000
46666  24.267  -4.327  39.100 0.0000000000
45573  24.525  -5.134  38.822 0.0000000000
46650  24.172  -4.349  40.063 0.0000000000
49485  23.508  -1.668  42.071 0.0000000000
48594  23.564  -2.310  42.455 0.0000000000
47697  23.885  -3.582  42.648 0.0000000000
46582  24.886  -4.406  45.370 0.0000000000
92413  24.760  -4.968  45.074 0.0000000000
52120  32.944  1.391  41.701 0.0000000000
52121  31.880  1.295  41.775 0.0000000000
50429  25.060  -0.498  38.720 0.0000000000
48624  24.704  -2.558  38.603 0.0000000000
47730  24.468  -3.514  38.610 0.0000000000
58055  41.292  7.470  15.705 0.0000000000
61187  49.148  11.783  13.904 0.0000000000
61167  48.873  11.351  14.715 0.0000000000
99981  48.374  11.724  14.036 0.0000000000
61199  46.606  11.725  12.353 0.0000000000
60425  46.343  11.039  14.725 0.0000000000
60433  46.165  11.189  13.824 0.0000000000
106079  45.279  10.292  13.576 0.0000000000
95768  23.943  -8.213  40.184 0.0000000000
42609  23.283  -8.387  40.342 0.0000000000
42610  22.330  -8.973  40.074 0.0000000000
43598  24.002  -7.163  42.589 0.0000000000
41635  20.785  -9.456  40.139 0.0000000000
41645  20.076  -9.744  40.207 0.0000000000
41646  19.278  -10.058  40.454 0.0000000000
106829  19.379  -9.042  41.540 0.0000000000
41637  18.897  -9.580  41.068 0.0000000000
40761  18.882  -10.401  40.754 0.0000000000
43561  21.049  -7.781  45.021 0.0000000000
43562  20.264  -7.892  44.847 0.0000000000
42528  18.592  -8.701  46.618 0.0000000000
42564  18.049  -8.529  43.342 0.0000000000
42580  17.392  -9.072  42.674 0.0000000000
42565  16.947  -8.845  43.500 0.0000000000
41621  16.847  -9.430  42.870 0.0000000000
44493  12.667  -6.272  51.550 0.0000000000
44476  11.661  -6.276  51.580 0.0000000000
58803  41.265  8.034  24.719 0.0000000000
57907  37.633  7.338  26.254 0.0000000000
57931  36.961  6.924  25.767 0.0000000000
57052  35.806  6.610  26.277 0.0000000000
95448  35.165  6.304  26.232 0.0000000000
57890  35.604  6.969  27.555 0.0000000000
57053  35.307  6.580  26.866 0.0000000000
56100  34.059  5.585  26.417 0.0000000000
57019  34.364  6.629  29.403 0.0000000000
56065  33.914  5.452  28.015 0.0000000000
53176  33.619  2.772  27.757 0.0000000000
52217  34.702  1.513  28.292 0.0000000000
51354  36.157  0.005  29.070 0.0000000000
52210  35.370  1.225  29.982 0.0000000000
49642  36.594  -1.630  28.338 0.0000000000
48719  35.816  -2.474  27.574 0.0000000000
51228  35.791  2.253  41.276 0.0000000000
51243  35.672  1.893  40.791 0.0000000000
51256  36.067  1.727  40.457 0.0000000000
51269  36.485  1.779  40.293 0.0000000000
50439  33.959  -0.793  37.506 0.0000000000
50459  34.828  -1.055  36.870 0.0000000000
99391  36.393  0.568  38.370 0.0000000000
52159  37.412  1.427  38.311 0.0000000000
53105  37.340  2.042  35.931 0.0000000000
109915  37.723  2.672  35.213 0.0000000000
52191  37.004  1.426  33.656 0.0000000000
51332  35.931  0.377  32.480 0.0000000000
100238  35.298  -0.477  31.514 0.0000000000
50495  33.894  -0.854  33.291 0.0000000000
50513  34.616  -0.724  31.901 0.0000000000
49633  32.769  -2.204  28.690 0.0000000000
49632  33.671  -2.090  28.914 0.0000000000
57946  40.971  7.558  24.004 0.0000000000
57096  39.516  6.861  23.248 0.0000000000
57965  39.118  7.172  23.926 0.0000000000
57111  39.672  6.526  22.504 0.0000000000
57124  38.949  5.826  21.813 0.0000000000
57098  36.772  6.006  23.758 0.0000000000
56148  37.275  5.790  23.040 0.0000000000
55215  36.275  4.920  22.127 0.0000000000
104667  36.994  5.381  22.410 0.0000000000
107362  37.862  5.033  20.776 0.0000000000
62714  53.480  13.726  5.492 0.0000000000
41638  18.163  -9.758  41.351 0.0000000000
41647  18.553  -10.016  40.835 0.0000000000
44619  24.528  -6.795  35.942 0.0000000000
45614  24.509  -5.691  35.278 0.0000000000
48660  26.116  -2.213  33.302 0.0000000000
49514  33.312  -1.172  36.111 0.0000000000
51242  35.875  2.167  40.877 0.0000000000
92758  30.781  -1.357  32.606 0.0000000000
105420  28.109  -0.496  36.306 0.0000000000
106222  41.850  7.082  22.344 0.0000000000
108429  39.208  6.554  22.905 0.0000000000
