#!ascii label  , from subject sub-v2s15x29751_ses-1 vox2ras=TkReg
627
35526  24.439  -16.721  -26.749 0.1428571492
93454  24.353  -16.725  -25.949 0.1428571492
36591  23.530  -16.708  -28.446 0.1428571492
35525  25.863  -16.703  -26.548 0.1428571492
36590  24.593  -16.646  -28.227 0.2857142985
35527  23.599  -16.589  -26.678 0.1428571492
35540  25.917  -16.287  -27.119 0.1428571492
36608  24.291  -16.415  -29.237 0.5714285970
36607  25.228  -16.168  -28.765 0.1428571492
37499  26.510  -14.943  -28.616 0.2857142985
38406  26.999  -14.231  -29.001 0.1428571492
39485  27.321  -12.391  -30.470 0.2857142985
39486  26.628  -12.954  -30.965 0.1428571492
39468  26.934  -13.162  -30.128 0.2857142985
40506  27.746  -11.342  -31.780 0.2857142985
39503  28.452  -11.406  -30.713 0.2857142985
41425  28.424  -10.472  -33.203 0.2857142985
40520  27.808  -10.862  -32.734 0.2857142985
88069  28.534  -10.157  -34.029 0.2857142985
43406  28.852  -9.331  -36.053 0.8571428657
88071  29.071  -9.522  -35.182 0.4285714328
88072  29.382  -9.980  -33.331 0.2857142985
44435  29.301  -7.740  -37.685 0.7142857313
43416  28.882  -8.522  -37.109 0.7142857313
108411  28.877  -8.906  -36.529 0.7142857313
108804  28.219  -9.688  -36.298 0.7142857313
45378  29.592  -6.986  -38.136 0.8571428657
43426  28.414  -8.277  -38.104 0.8571428657
43417  28.226  -9.295  -36.780 0.7142857313
46471  29.808  -5.995  -39.284 0.4285714328
45388  29.238  -6.837  -38.888 0.7142857313
44445  28.845  -7.585  -38.569 0.8571428657
47519  30.900  -4.786  -39.893 0.2857142985
108376  29.771  -4.782  -40.395 0.5714285970
45398  28.884  -6.568  -39.490 0.8571428657
48502  30.638  -3.680  -40.687 0.1428571492
46487  30.288  -4.380  -40.402 0.4285714328
46488  29.292  -5.223  -40.510 0.5714285970
46481  29.306  -5.876  -40.004 0.8571428657
49374  30.066  -2.771  -41.444 0.1428571492
49367  30.184  -3.391  -41.151 0.1428571492
48503  29.884  -3.903  -41.076 0.4285714328
50259  29.491  -1.043  -42.768 0.1428571492
50245  29.891  -1.842  -42.042 0.1428571492
48511  29.415  -3.357  -41.618 0.1428571492
49375  28.745  -2.901  -42.232 0.4285714328
48504  29.122  -4.156  -41.525 0.5714285970
47525  27.908  -5.250  -41.367 0.8571428657
51118  29.198  -0.506  -43.074 0.1428571492
50246  29.036  -2.024  -42.420 0.1428571492
48512  28.566  -3.728  -42.051 0.8571428657
47524  28.770  -4.836  -41.138 0.8571428657
47531  28.214  -4.468  -41.761 0.8571428657
51974  28.539  -0.132  -42.794 0.2857142985
50260  28.622  -1.362  -42.642 0.1428571492
51119  28.075  -0.775  -42.554 0.8571428657
99269  27.234  -2.694  -42.533 0.8571428657
94014  26.320  0.640  -41.353 0.1428571492
100559  27.052  1.616  -41.305 0.1428571492
51111  27.443  -0.347  -42.457 0.4285714328
51975  26.837  -0.564  -42.595 0.8571428657
51120  27.147  -0.914  -42.575 0.8571428657
49386  26.878  -2.019  -42.554 0.8571428657
51121  26.515  -1.063  -43.222 0.8571428657
50262  26.678  -1.517  -42.707 0.8571428657
53850  25.582  1.781  -40.366 0.2857142985
53851  25.011  0.952  -40.973 0.8571428657
52881  25.831  0.198  -41.946 0.8571428657
100265  26.495  -0.263  -43.086 0.8571428657
52882  25.840  0.422  -43.470 0.8571428657
51976  26.198  -0.640  -44.003 0.8571428657
54854  24.816  2.843  -40.455 0.2857142985
54872  24.130  2.081  -40.490 0.7142857313
52892  25.060  1.378  -43.244 0.8571428657
52900  24.284  1.367  -43.802 0.8571428657
51982  25.454  -0.106  -44.230 0.8571428657
54873  23.450  2.759  -41.243 0.8571428657
54874  23.416  3.502  -42.337 0.8571428657
53862  24.457  1.988  -43.162 0.8571428657
53863  23.209  2.730  -43.561 0.7142857313
53871  23.717  2.116  -43.560 0.7142857313
90571  23.741  3.677  -41.506 0.8571428657
92696  24.280  4.163  -43.319 0.8571428657
105511  23.600  2.481  -42.502 0.8571428657
102358  23.498  3.834  -43.345 0.8571428657
102924  23.858  4.574  -43.589 0.8571428657
90638  22.768  3.461  -43.762 0.7142857313
103245  25.459  5.862  -43.729 0.7142857313
89236  24.449  4.919  -43.709 0.8571428657
89836  24.649  5.704  -44.008 0.8571428657
88459  23.554  6.250  -44.141 0.8571428657
88822  22.721  7.378  -44.564 0.7142857313
89999  23.659  3.121  -43.147 0.8571428657
102251  23.537  5.312  -43.803 0.8571428657
101816  26.610  8.453  -44.013 0.1428571492
88440  24.306  6.603  -44.235 0.8571428657
88834  24.524  7.374  -44.483 0.7142857313
101704  23.510  7.845  -44.736 0.7142857313
102610  22.851  6.711  -44.343 0.8571428657
92214  26.086  10.050  -43.489 0.1428571492
103244  24.410  8.213  -45.008 0.5714285970
101815  24.439  8.994  -45.212 0.5714285970
103235  23.760  9.393  -45.285 0.5714285970
103037  25.129  9.456  -45.140 0.1428571492
61572  26.602  11.356  -43.313 0.1428571492
60879  23.638  10.211  -45.320 0.5714285970
61580  26.021  11.823  -43.760 0.1428571492
62265  26.599  12.412  -44.250 0.1428571492
61582  24.836  11.117  -44.767 0.1428571492
60871  24.516  10.458  -45.077 0.5714285970
62266  25.982  12.405  -44.323 0.1428571492
62267  25.341  12.465  -44.586 0.1428571492
63068  26.526  12.978  -44.581 0.1428571492
63070  25.133  13.281  -44.730 0.1428571492
105189  24.723  -17.193  -25.344 0.1428571492
36589  25.528  -16.222  -27.858 0.1428571492
37474  26.946  -15.336  -27.799 0.2857142985
36606  26.023  -15.647  -28.274 0.2857142985
39467  27.832  -12.788  -29.799 0.2857142985
38421  27.417  -13.501  -29.401 0.1428571492
105350  27.893  -10.508  -33.953 0.2857142985
88066  28.489  -10.092  -34.882 0.5714285970
45377  30.375  -6.375  -37.782 0.2857142985
93585  30.508  -5.294  -39.407 0.1428571492
104476  28.239  -7.129  -39.728 0.8571428657
49385  28.041  -2.273  -42.532 0.8571428657
54855  24.127  3.273  -40.963 0.8571428657
88455  25.032  4.945  -43.598 0.8571428657
101591  25.187  6.532  -44.169 0.8571428657
103233  25.223  7.903  -44.791 0.7142857313
101792  25.340  8.715  -44.958 0.2857142985
90369  25.284  10.232  -44.978 0.1428571492
61573  25.853  11.032  -43.569 0.1428571492
62264  27.874  12.714  -44.542 0.1428571492
34525  23.917  -16.932  -25.088 0.1428571492
37508  26.115  -14.724  -29.500 0.2857142985
37500  25.675  -15.449  -29.133 0.4285714328
36617  25.078  -16.021  -29.563 0.2857142985
38422  26.572  -13.983  -29.846 0.1428571492
39484  28.233  -12.077  -30.223 0.2857142985
100255  27.676  -11.754  -30.808 0.2857142985
39504  27.006  -12.114  -31.289 0.2857142985
91562  28.221  -9.974  -35.786 0.7142857313
49366  30.777  -3.056  -40.901 0.1428571492
51110  30.019  -0.862  -42.762 0.1428571492
52879  29.035  0.430  -43.108 0.1428571492
52880  27.617  0.180  -42.244 0.2857142985
98461  27.966  0.955  -41.978 0.1428571492
48513  27.631  -4.017  -42.192 0.8571428657
54871  27.244  2.695  -41.220 0.1428571492
54853  26.043  3.262  -40.640 0.1428571492
55780  25.333  4.350  -41.001 0.2857142985
52901  23.501  1.257  -44.060 0.8571428657
55781  24.775  4.705  -41.609 0.5714285970
90845  25.310  5.290  -42.974 0.5714285970
101817  25.832  6.333  -43.059 0.5714285970
103036  25.984  8.099  -44.541 0.4285714328
88962  26.462  7.522  -44.085 0.2857142985
103236  25.947  9.064  -44.211 0.1428571492
88453  25.793  9.717  -43.841 0.1428571492
60862  25.554  10.323  -43.864 0.1428571492
61588  24.075  11.849  -44.944 0.2857142985
60861  26.268  10.612  -43.336 0.1428571492
98785  25.414  11.763  -44.395 0.1428571492
100259  24.898  11.896  -44.703 0.1428571492
62273  24.585  12.605  -44.829 0.1428571492
63819  26.346  13.651  -44.843 0.1428571492
63820  25.692  13.763  -44.784 0.1428571492
63074  27.019  13.566  -44.977 0.1428571492
56776  25.433  6.031  -41.425 0.4285714328
103932  25.008  6.229  -41.809 0.4285714328
102942  26.537  7.306  -43.058 0.4285714328
103234  26.034  6.713  -43.873 0.5714285970
101820  25.629  7.321  -44.351 0.5714285970
35541  25.044  -16.583  -27.197 0.1428571492
35542  23.993  -16.839  -27.530 0.1428571492
35500  23.291  -16.467  -25.794 0.1428571492
35543  22.840  -16.530  -27.542 0.2857142985
36588  26.395  -15.905  -27.477 0.1428571492
97800  27.822  -8.839  -37.610 0.7142857313
45387  29.974  -6.423  -38.588 0.8571428657
45389  28.509  -7.442  -39.251 0.8571428657
46480  29.983  -5.145  -39.927 0.5714285970
47523  29.521  -4.503  -40.839 0.5714285970
106743  29.399  -2.574  -41.906 0.2857142985
49376  27.931  -3.214  -42.452 0.8571428657
50261  27.526  -1.441  -42.551 0.8571428657
94913  26.682  -0.037  -42.205 0.8571428657
53852  24.080  1.599  -41.527 0.8571428657
94121  25.074  0.752  -42.180 0.8571428657
51998  24.866  0.661  -43.985 0.8571428657
88434  24.591  4.386  -42.750 0.8571428657
90916  26.552  9.417  -43.660 0.1428571492
60106  24.503  9.771  -45.231 0.5714285970
61571  27.536  11.528  -43.210 0.1428571492
101106  23.926  11.051  -45.006 0.4285714328
61581  25.417  11.031  -44.190 0.1428571492
61579  27.111  12.076  -43.936 0.1428571492
63069  25.853  13.065  -44.607 0.1428571492
39466  28.792  -12.432  -29.511 0.1428571492
37509  25.360  -15.415  -30.132 0.4285714328
39516  26.701  -11.977  -32.306 0.5714285970
62274  23.876  12.715  -45.551 0.1428571492
40507  26.112  -12.697  -32.712 0.5714285970
39517  25.333  -13.144  -32.902 0.5714285970
105477  23.581  -12.814  -32.818 0.2857142985
40533  25.866  -12.491  -34.031 0.5714285970
39525  25.176  -12.882  -33.960 0.5714285970
37527  24.268  -14.050  -31.758 0.4285714328
40523  25.797  -12.695  -33.420 0.5714285970
39527  23.665  -12.800  -33.873 0.4285714328
88065  27.276  -10.856  -34.368 0.4285714328
89473  25.718  -12.171  -35.234 0.5714285970
39538  25.027  -12.646  -34.755 0.5714285970
101988  23.577  -12.069  -34.561 0.4285714328
88067  26.583  -11.209  -35.294 0.5714285970
88970  26.128  -11.502  -35.400 0.5714285970
88070  26.516  -10.729  -35.508 0.7142857313
88068  26.088  -10.795  -35.523 0.4285714328
90111  26.983  -10.242  -36.036 0.4285714328
39526  24.512  -12.958  -34.177 0.4285714328
39519  22.726  -12.413  -33.167 0.2857142985
88064  24.720  -12.083  -35.267 0.4285714328
90853  27.016  -10.620  -35.530 0.7142857313
42366  27.032  -9.714  -36.662 0.7142857313
43419  25.567  -8.940  -37.107 0.4285714328
43428  26.664  -8.868  -38.413 0.7142857313
43429  25.877  -8.715  -38.090 0.5714285970
43440  26.087  -8.703  -38.982 0.7142857313
43441  25.198  -8.384  -38.757 0.2857142985
42365  27.580  -9.855  -36.443 0.5714285970
43418  27.327  -9.307  -37.177 0.5714285970
42374  26.919  -9.101  -37.568 0.7142857313
43438  27.051  -8.994  -38.762 0.7142857313
43443  26.324  -8.525  -39.517 0.7142857313
44457  25.720  -7.778  -40.163 0.7142857313
44458  24.973  -7.430  -40.004 0.4285714328
45401  24.925  -7.170  -40.789 0.4285714328
44446  28.167  -8.212  -39.055 0.5714285970
100802  27.457  -8.587  -39.925 0.5714285970
44460  26.353  -7.600  -40.606 0.7142857313
45406  26.053  -6.824  -41.202 0.7142857313
46491  26.330  -6.074  -41.546 0.7142857313
45407  25.022  -6.782  -41.247 0.7142857313
97981  24.711  -6.001  -41.514 0.5714285970
109960  24.417  -5.494  -41.913 0.5714285970
45399  27.812  -7.180  -40.338 0.5714285970
45400  27.294  -7.894  -40.313 0.5714285970
45404  27.731  -6.296  -41.022 0.7142857313
45405  27.097  -7.145  -40.970 0.7142857313
46495  26.224  -5.419  -42.045 0.8571428657
45408  24.656  -6.504  -41.077 0.4285714328
47533  25.826  -4.758  -42.352 0.7142857313
48506  24.577  -4.578  -42.276 0.7142857313
48505  25.778  -3.572  -42.378 0.7142857313
49368  24.959  -3.429  -42.511 0.7142857313
46482  28.467  -6.324  -40.201 0.5714285970
105938  26.885  -6.427  -41.311 0.7142857313
47532  27.221  -4.915  -42.151 0.8571428657
48514  26.686  -4.248  -42.298 0.8571428657
49379  24.911  -3.114  -42.693 0.5714285970
50265  23.997  -2.799  -43.519 0.2857142985
51146  24.148  -0.857  -44.768 0.7142857313
94005  26.952  -3.396  -42.438 0.7142857313
49378  25.587  -2.851  -42.639 0.8571428657
51132  25.285  -1.143  -44.407 0.8571428657
50248  25.420  -2.399  -43.045 0.8571428657
100855  24.555  -1.983  -44.217 0.5714285970
51983  24.518  -0.104  -44.543 0.8571428657
51147  23.287  -0.581  -44.726 0.7142857313
50247  26.120  -2.175  -42.675 0.8571428657
51122  26.033  -1.723  -44.070 0.8571428657
51999  23.578  0.171  -44.582 0.8571428657
101333  23.899  0.675  -44.340 0.8571428657
100168  23.343  0.777  -44.179 0.7142857313
89223  23.048  4.461  -43.596 0.7142857313
88428  22.243  4.162  -43.921 0.7142857313
101578  22.438  5.085  -43.827 0.5714285970
90110  20.947  4.530  -44.518 0.7142857313
88439  21.671  4.771  -44.166 0.7142857313
101663  22.492  6.016  -44.040 0.7142857313
88456  21.166  6.521  -44.361 0.7142857313
90401  20.862  5.905  -44.962 0.7142857313
88852  20.167  7.707  -44.024 0.7142857313
88452  20.251  8.488  -44.421 0.7142857313
102030  21.856  7.555  -44.491 0.7142857313
88874  21.132  8.208  -44.553 0.7142857313
103343  19.026  8.234  -44.107 0.5714285970
108748  21.528  8.801  -44.955 0.4285714328
102917  20.873  9.097  -45.295 0.5714285970
88437  19.770  9.060  -45.034 0.5714285970
101819  22.667  8.161  -44.834 0.5714285970
101920  18.766  9.106  -45.008 0.5714285970
101619  21.313  9.829  -45.989 0.5714285970
89263  20.537  9.681  -45.971 0.5714285970
88436  19.824  9.928  -45.974 0.5714285970
88850  18.363  9.821  -45.310 0.5714285970
101623  18.056  8.497  -45.151 0.4285714328
88995  19.426  10.735  -45.846 0.5714285970
102799  18.947  10.221  -45.656 0.5714285970
101748  17.326  10.889  -45.541 0.4285714328
101617  16.287  8.639  -45.183 0.4285714328
89026  18.204  10.949  -45.809 0.5714285970
103087  18.050  10.403  -45.505 0.5714285970
89005  16.747  13.944  -46.190 0.4285714328
43405  29.636  -8.765  -35.416 0.2857142985
44455  28.102  -8.186  -39.946 0.5714285970
89075  17.688  13.398  -46.346 0.2857142985
101886  16.701  11.923  -46.086 0.4285714328
89337  16.481  12.835  -45.958 0.2857142985
98397  25.370  -13.601  -32.166 0.5714285970
38441  25.122  -14.194  -31.630 0.5714285970
41426  26.817  -11.373  -33.992 0.2857142985
40522  26.379  -12.109  -33.446 0.4285714328
38447  24.741  -13.636  -32.378 0.5714285970
91923  27.465  -10.781  -33.514 0.2857142985
38448  23.997  -13.480  -32.389 0.2857142985
105410  25.637  -11.731  -35.472 0.4285714328
101896  25.160  -11.098  -35.573 0.5714285970
102584  22.861  -12.161  -33.795 0.2857142985
42368  26.143  -9.548  -36.484 0.5714285970
44418  30.405  -7.889  -35.657 0.2857142985
43431  23.895  -8.305  -37.551 0.2857142985
44449  25.470  -8.177  -39.494 0.7142857313
49377  26.332  -2.681  -42.557 0.8571428657
50264  25.029  -2.752  -43.820 0.7142857313
53864  22.575  2.334  -43.999 0.7142857313
103795  22.096  3.168  -44.082 0.7142857313
54896  22.096  2.377  -44.016 0.7142857313
88462  20.980  6.930  -44.152 0.7142857313
109329  18.692  7.943  -44.510 0.5714285970
103284  17.238  10.274  -45.092 0.2857142985
88900  22.565  8.800  -45.160 0.5714285970
101577  21.899  9.183  -45.377 0.5714285970
89658  19.898  11.370  -46.196 0.2857142985
40521  27.017  -11.229  -32.921 0.2857142985
97177  27.137  -8.903  -37.933 0.5714285970
108455  28.921  -5.743  -40.368 0.7142857313
46490  27.056  -5.695  -41.553 0.7142857313
51112  26.019  -1.871  -43.286 0.7142857313
88821  22.055  6.779  -44.337 0.8571428657
104713  27.474  -10.260  -35.885 0.5714285970
52902  23.055  1.145  -44.087 0.7142857313
43427  27.601  -8.707  -38.539 0.5714285970
39518  24.441  -13.158  -33.283 0.5714285970
40532  26.263  -12.069  -34.583 0.5714285970
91106  25.610  -12.487  -34.594 0.5714285970
91389  24.321  -12.591  -34.565 0.4285714328
107881  26.293  -11.786  -35.216 0.5714285970
109955  23.925  -11.679  -35.031 0.4285714328
98215  26.394  -10.077  -35.977 0.5714285970
42356  25.642  -10.138  -35.767 0.4285714328
42355  26.667  -10.169  -35.954 0.5714285970
42367  26.740  -9.614  -36.659 0.7142857313
42375  26.441  -9.058  -37.378 0.5714285970
43420  24.536  -8.744  -36.850 0.4285714328
42357  25.150  -9.317  -36.152 0.4285714328
43430  24.898  -8.511  -37.813 0.2857142985
43439  26.689  -8.921  -39.103 0.7142857313
44447  27.557  -8.701  -39.425 0.7142857313
44448  27.013  -8.859  -39.510 0.7142857313
44461  25.456  -7.327  -40.878 0.7142857313
46492  25.476  -6.092  -41.600 0.7142857313
47526  25.076  -5.499  -42.108 0.7142857313
47527  24.294  -5.062  -41.981 0.2857142985
50250  24.305  -2.938  -43.231 0.5714285970
49387  23.061  -3.634  -43.042 0.2857142985
50263  25.609  -2.491  -43.891 0.8571428657
88458  21.805  5.509  -44.090 0.7142857313
102167  21.435  6.096  -44.254 0.7142857313
88435  20.470  10.463  -46.081 0.7142857313
101914  18.821  11.524  -46.192 0.5714285970
103210  17.149  11.332  -46.024 0.4285714328
102603  23.253  -11.254  -34.895 0.1428571492
42346  23.348  -10.357  -35.130 0.4285714328
41409  29.398  -10.365  -31.795 0.1428571492
41410  28.575  -10.700  -32.239 0.1428571492
98306  29.138  -10.267  -32.579 0.1428571492
88075  29.308  -9.651  -34.228 0.1428571492
90003  30.242  -9.370  -33.982 0.1428571492
105570  29.830  -9.625  -33.673 0.1428571492
41424  29.918  -9.984  -32.402 0.1428571492
89736  29.832  -9.066  -34.655 0.1428571492
44426  30.478  -7.296  -36.459 0.2857142985
44434  30.123  -7.139  -37.259 0.1428571492
53872  23.195  1.822  -43.916 0.5714285970
104462  26.177  15.474  -45.248 0.1428571492
52000  23.154  0.867  -44.041 0.4285714328
65500  25.768  16.223  -45.474 0.1428571492
63075  24.340  13.513  -45.139 0.1428571492
90454  21.478  2.892  -44.054 0.4285714328
88425  21.514  3.873  -44.161 0.5714285970
91585  20.122  4.332  -44.672 0.4285714328
63832  22.550  14.737  -46.843 0.2857142985
62284  21.136  12.288  -46.670 0.2857142985
60893  21.342  10.814  -46.074 0.2857142985
62283  22.149  12.351  -46.702 0.2857142985
88836  18.388  3.854  -44.149 0.1428571492
88422  20.530  5.188  -44.996 0.5714285970
108167  20.708  6.179  -44.762 0.5714285970
63091  20.706  13.750  -47.483 0.2857142985
103177  22.113  9.829  -45.692 0.4285714328
102324  18.530  5.310  -44.900 0.4285714328
88811  19.115  6.099  -45.015 0.5714285970
62297  20.538  12.959  -47.194 0.2857142985
88421  16.635  6.229  -45.022 0.4285714328
63084  18.699  13.393  -46.617 0.1428571492
102800  19.362  12.173  -46.486 0.1428571492
62285  19.616  12.972  -46.906 0.1428571492
88431  15.254  6.587  -45.044 0.1428571492
63085  17.831  14.202  -46.357 0.1428571492
63094  18.884  14.294  -46.862 0.1428571492
63841  20.036  14.676  -47.554 0.1428571492
101692  15.117  7.949  -45.130 0.2857142985
88444  16.599  14.809  -46.016 0.2857142985
89261  17.684  13.976  -44.399 0.1428571492
63834  18.246  14.867  -46.323 0.1428571492
63842  19.319  14.936  -47.101 0.1428571492
90540  16.924  15.458  -46.053 0.1428571492
104990  17.607  15.455  -45.967 0.1428571492
63833  18.751  15.065  -46.318 0.1428571492
64629  19.409  15.172  -45.033 0.1428571492
36609  23.156  -16.209  -29.215 0.4285714328
37520  22.670  -14.536  -30.276 0.2857142985
40505  28.899  -10.978  -31.373 0.1428571492
90027  30.417  -9.603  -33.168 0.1428571492
43404  30.318  -8.508  -34.930 0.1428571492
53874  21.902  1.976  -43.877 0.2857142985
88959  23.436  8.665  -45.173 0.4285714328
61590  22.493  11.034  -45.799 0.2857142985
63840  20.870  14.474  -47.496 0.2857142985
62295  22.103  13.149  -47.242 0.2857142985
64662  20.007  15.504  -47.231 0.2857142985
37512  21.995  -14.480  -29.483 0.2857142985
38420  28.424  -13.236  -29.208 0.1428571492
38405  28.029  -13.917  -28.730 0.1428571492
39483  29.198  -11.595  -29.889 0.1428571492
39502  29.232  -11.095  -30.581 0.1428571492
95823  29.446  -8.545  -36.238 0.1428571492
102202  15.324  5.613  -44.972 0.1428571492
52903  22.789  1.377  -43.949 0.4285714328
106071  17.858  4.699  -44.415 0.2857142985
101793  18.939  7.320  -44.126 0.5714285970
101590  22.859  9.456  -45.446 0.4285714328
64660  21.603  14.857  -47.237 0.2857142985
63083  22.293  13.834  -47.136 0.2857142985
61603  22.771  11.740  -46.179 0.2857142985
108771  23.021  12.414  -46.609 0.2857142985
63082  22.935  13.720  -46.640 0.2857142985
63831  23.165  14.650  -46.047 0.1428571492
64639  23.659  15.466  -45.912 0.1428571492
63825  24.989  14.359  -44.927 0.1428571492
64663  19.608  15.412  -46.670 0.2857142985
64661  20.635  15.327  -47.373 0.2857142985
63826  23.985  14.525  -45.463 0.1428571492
64638  24.484  15.364  -45.430 0.1428571492
61589  23.233  11.125  -45.581 0.4285714328
64649  22.176  15.810  -47.029 0.2857142985
62281  23.365  12.873  -46.491 0.2857142985
36619  23.756  -16.011  -29.796 0.4285714328
44427  29.783  -7.836  -36.716 0.4285714328
60880  22.697  10.344  -45.606 0.2857142985
100742  23.442  12.042  -45.893 0.2857142985
89312  20.801  3.650  -44.286 0.4285714328
92026  21.161  5.357  -44.566 0.5714285970
102730  20.228  5.839  -45.075 0.5714285970
101858  20.130  6.416  -44.469 0.5714285970
61591  21.965  10.508  -45.879 0.2857142985
89747  17.615  11.781  -46.165 0.4285714328
90346  16.414  13.755  -45.744 0.2857142985
107885  19.042  12.718  -46.617 0.2857142985
53873  22.432  1.806  -43.950 0.5714285970
104316  17.726  7.668  -45.158 0.5714285970
61605  20.794  11.378  -46.348 0.2857142985
94855  20.255  12.200  -46.581 0.2857142985
90451  30.718  -8.889  -34.354 0.1428571492
101935  20.190  2.653  -44.111 0.2857142985
63090  21.500  13.796  -47.360 0.2857142985
62296  21.405  13.005  -47.304 0.2857142985
99237  21.511  11.576  -46.411 0.2857142985
61604  22.049  11.311  -46.174 0.2857142985
88423  19.067  4.552  -44.594 0.2857142985
102659  19.661  5.192  -45.050 0.4285714328
63092  19.933  13.726  -47.432 0.1428571492
101689  17.929  5.924  -45.043 0.4285714328
101690  17.121  5.445  -44.796 0.2857142985
104849  17.869  6.734  -45.139 0.5714285970
106053  16.387  7.275  -45.110 0.4285714328
36610  22.226  -15.449  -28.975 0.2857142985
43403  31.059  -8.039  -34.620 0.1428571492
52893  21.589  1.738  -43.765 0.2857142985
63076  23.536  13.703  -45.753 0.2857142985
49380  24.067  -3.362  -42.728 0.2857142985
66328  21.685  17.454  -46.138 0.1428571492
66347  22.214  17.740  -46.248 0.1428571492
65491  20.584  16.123  -44.977 0.1428571492
67077  22.024  18.131  -45.625 0.1428571492
65521  21.058  16.649  -46.642 0.1428571492
65520  21.988  16.860  -46.739 0.1428571492
65504  20.701  16.447  -45.595 0.1428571492
65490  21.152  16.868  -45.179 0.1428571492
94494  20.716  16.468  -46.213 0.1428571492
67065  22.036  18.216  -45.255 0.1428571492
67063  22.794  19.076  -44.976 0.1428571492
65522  20.338  16.045  -46.735 0.1428571492
104911  21.745  17.767  -45.582 0.1428571492
67042  22.979  18.842  -44.616 0.1428571492
67064  22.334  18.627  -45.173 0.1428571492
49369  24.123  -3.811  -42.480 0.2857142985
67044  21.998  17.999  -44.945 0.1428571492
67052  22.672  18.885  -44.889 0.1428571492
67076  22.702  18.453  -45.784 0.1428571492
89703  27.727  -10.439  -35.330 0.2857142985
64650  21.265  16.001  -47.135 0.1428571492
94277  22.714  16.473  -46.800 0.1428571492
65519  23.012  17.380  -46.617 0.1428571492
67053  22.362  18.618  -45.029 0.1428571492
67043  22.533  18.190  -44.754 0.1428571492
89080  27.218  -10.920  -35.076 0.4285714328
38432  25.682  -14.284  -31.098 0.2857142985
38431  26.240  -13.757  -30.655 0.1428571492
39487  25.945  -13.630  -31.570 0.2857142985
39506  25.847  -13.225  -32.258 0.2857142985
37517  25.211  -14.827  -30.887 0.2857142985
37518  24.444  -14.645  -31.158 0.4285714328
38423  25.846  -14.539  -30.388 0.1428571492
39505  26.392  -12.798  -31.859 0.2857142985
37519  23.553  -14.897  -30.706 0.2857142985
37511  23.888  -15.622  -30.284 0.2857142985
38433  23.722  -14.288  -31.257 0.2857142985
43407  24.071  -9.095  -36.029 0.2857142985
44450  24.638  -7.849  -39.284 0.1428571492
44459  24.350  -7.093  -39.650 0.1428571492
46493  24.437  -5.841  -41.514 0.1428571492
49392  22.805  -3.151  -43.359 0.1428571492
50288  22.951  -1.438  -44.198 0.1428571492
51148  22.863  -0.430  -44.336 0.1428571492
51149  22.479  -0.300  -43.909 0.1428571492
88991  19.307  2.282  -44.087 0.1428571492
89030  20.123  3.408  -44.342 0.1428571492
101555  18.104  2.763  -44.002 0.1428571492
89296  19.302  3.119  -44.268 0.1428571492
102854  17.374  9.438  -45.083 0.1428571492
101749  16.569  10.502  -45.027 0.1428571492
101574  14.618  9.348  -45.324 0.1428571492
89250  16.881  10.969  -44.887 0.1428571492
102458  16.676  11.231  -45.406 0.1428571492
37510  24.566  -15.362  -30.640 0.1428571492
107429  23.311  0.641  -44.165 0.2857142985
51133  22.091  0.384  -43.714 0.1428571492
94775  22.514  -16.166  -28.385 0.2857142985
89066  24.118  -11.168  -35.332 0.2857142985
89645  24.474  -10.025  -35.495 0.2857142985
106662  24.244  -6.413  -39.925 0.1428571492
47528  24.432  -4.581  -41.354 0.1428571492
48508  23.791  -4.430  -42.224 0.1428571492
48507  23.706  -4.560  -42.215 0.1428571492
92487  21.904  -3.760  -42.898 0.1428571492
49388  22.033  -3.802  -43.144 0.1428571492
49393  21.855  -3.234  -43.370 0.1428571492
49398  21.721  -1.661  -43.551 0.1428571492
51984  22.352  1.040  -43.798 0.1428571492
103063  14.538  10.402  -45.037 0.1428571492
88926  15.449  10.186  -45.263 0.1428571492
42358  23.366  -9.417  -35.461 0.2857142985
45402  24.622  -6.836  -40.536 0.1428571492
50277  23.531  -2.206  -43.891 0.1428571492
101600  14.756  8.402  -44.447 0.1428571492
94003  22.909  0.345  -43.957 0.1428571492
53865  21.124  2.362  -43.894 0.1428571492
43408  23.233  -8.795  -35.962 0.1428571492
50289  22.393  -1.050  -44.034 0.1428571492
49389  21.563  -3.166  -43.119 0.1428571492
36611  21.657  -15.403  -28.058 0.1428571492
38407  20.813  -13.792  -28.175 0.1428571492
38425  21.356  -13.877  -28.840 0.1428571492
38434  22.910  -13.970  -30.951 0.1428571492
45376  31.116  -5.725  -37.544 0.1428571492
36592  21.968  -16.005  -27.689 0.1428571492
38424  21.562  -13.428  -29.426 0.1428571492
38442  23.531  -13.696  -31.638 0.1428571492
38435  22.151  -13.735  -30.182 0.1428571492
39507  23.318  -12.909  -32.022 0.1428571492
56775  26.474  5.729  -41.002 0.1428571492
101665  25.507  7.120  -41.737 0.1428571492
40508  22.930  -12.188  -32.222 0.1428571492
55779  26.712  4.506  -41.007 0.1428571492
46470  30.584  -5.637  -38.544 0.1428571492
89308  22.493  -11.321  -34.059 0.1428571492
96170  22.970  -15.397  -29.884 0.1428571492
37501  21.416  -14.606  -28.523 0.1428571492
39488  22.979  -13.181  -31.360 0.1428571492
36618  24.558  -15.919  -30.010 0.2857142985
44456  26.714  -8.354  -40.056 0.5714285970
46489  28.521  -5.586  -40.749 0.7142857313
49396  22.690  -2.430  -43.633 0.1428571492
49397  22.175  -2.093  -43.617 0.1428571492
50249  24.980  -2.837  -43.413 0.7142857313
50287  23.722  -1.403  -44.492 0.7142857313
51123  25.489  -2.205  -44.154 0.8571428657
62282  22.805  12.997  -47.060 0.2857142985
62286  18.329  12.491  -46.364 0.2857142985
63093  19.310  13.742  -47.176 0.1428571492
64630  18.243  15.126  -45.446 0.1428571492
64651  20.581  15.986  -47.101 0.1428571492
64652  18.712  15.188  -46.111 0.1428571492
64653  17.562  15.388  -46.100 0.1428571492
65503  21.263  17.091  -45.791 0.1428571492
66313  21.687  17.598  -45.284 0.1428571492
88446  23.546  7.049  -44.425 0.8571428657
89711  16.510  10.405  -44.774 0.1428571492
90019  19.343  9.556  -45.444 0.4285714328
90099  25.528  9.591  -44.663 0.1428571492
90246  26.785  -11.474  -34.873 0.4285714328
90570  16.442  12.073  -45.699 0.2857142985
97751  22.732  1.531  -43.990 0.7142857313
98242  19.486  14.325  -47.362 0.1428571492
99029  27.865  -10.510  -34.631 0.2857142985
99604  23.223  0.218  -44.261 0.2857142985
101887  16.979  15.076  -46.241 0.2857142985
102384  19.441  3.873  -44.366 0.1428571492
102412  20.737  2.974  -44.105 0.4285714328
103009  21.972  8.481  -44.871 0.5714285970
103275  17.069  12.667  -46.263 0.4285714328
106194  20.107  9.455  -45.547 0.5714285970
107994  26.572  -4.926  -42.400 0.7142857313
108774  23.661  11.518  -45.345 0.2857142985
