#!ascii label  , from subject sub-v2s15x29758_ses-1 vox2ras=TkReg
251
64409  21.661  -6.957  -48.588 0.0000000000
54232  20.602  -17.023  -46.319 0.0000000000
68810  19.384  -1.970  -50.074 0.0000000000
75972  17.024  7.781  -54.997 0.0000000000
53402  19.087  -17.879  -45.239 0.0000000000
70493  20.844  0.686  -49.389 0.0000000000
73504  19.412  3.718  -51.529 0.0000000000
61666  19.947  -9.795  -48.928 0.0000000000
58913  21.030  -12.359  -47.754 0.0000000000
61652  22.760  -9.752  -47.682 0.0000000000
65294  24.274  -5.188  -48.898 0.0000000000
63565  25.203  -7.876  -49.666 0.0000000000
66171  20.309  -4.574  -48.990 0.0000000000
67966  23.126  -2.282  -50.036 0.0000000000
74337  17.222  5.822  -54.257 0.0000000000
108356  19.984  6.216  -53.578 0.0000000000
56992  22.054  -15.056  -47.466 0.0000000000
105725  18.652  2.394  -50.772 0.0000000000
108870  18.266  3.401  -51.798 0.0000000000
62622  20.857  -8.538  -48.734 0.0000000000
61664  21.771  -9.398  -48.082 0.0000000000
62620  22.742  -8.292  -48.097 0.0000000000
54225  19.429  -17.459  -45.624 0.0000000000
107286  20.527  -2.791  -48.752 0.0000000000
108019  21.568  -2.781  -48.889 0.0000000000
67948  21.175  -2.023  -49.073 0.0000000000
71292  21.991  1.981  -50.826 0.0000000000
70491  22.776  0.271  -50.123 0.0000000000
75184  14.922  7.494  -55.835 0.0000000000
73547  15.615  4.447  -55.025 0.0000000000
75172  17.331  6.881  -54.609 0.0000000000
75999  19.833  7.955  -57.762 0.0000000000
76787  20.331  8.024  -56.535 0.0000000000
75969  19.787  7.504  -54.256 0.0000000000
108789  20.579  7.177  -54.597 0.0000000000
75158  20.576  6.103  -53.790 0.0000000000
58912  22.155  -12.431  -47.553 0.0000000000
115792  21.660  -13.397  -47.520 0.0000000000
53392  18.189  -18.475  -44.460 0.0000000000
69639  20.343  -0.272  -49.414 0.0000000000
69640  19.650  0.271  -49.764 0.0000000000
105655  20.039  2.386  -50.230 0.0000000000
72730  21.205  3.268  -51.865 0.0000000000
59866  19.661  -11.459  -48.511 0.0000000000
119098  20.278  -10.966  -48.411 0.0000000000
60770  21.752  -10.764  -47.747 0.0000000000
59865  23.675  -12.383  -48.930 0.0000000000
65284  22.729  -5.860  -48.453 0.0000000000
63554  24.189  -7.667  -48.519 0.0000000000
64418  24.899  -6.406  -49.183 0.0000000000
117877  20.407  -6.947  -49.222 0.0000000000
65296  19.597  -5.561  -49.850 0.0000000000
65285  21.755  -5.628  -48.570 0.0000000000
66170  22.615  -4.354  -48.561 0.0000000000
124296  23.937  -3.648  -49.350 0.0000000000
67965  23.844  -2.154  -49.805 0.0000000000
68809  21.920  -0.646  -49.267 0.0000000000
68807  23.397  -1.281  -50.019 0.0000000000
73537  17.261  4.154  -53.566 0.0000000000
76763  18.588  8.499  -54.649 0.0000000000
75171  18.327  7.223  -54.196 0.0000000000
74336  18.569  5.622  -53.295 0.0000000000
73524  18.383  4.368  -52.441 0.0000000000
74322  19.697  4.822  -52.784 0.0000000000
73522  20.520  4.487  -52.941 0.0000000000
56093  19.857  -15.173  -47.258 0.0000000000
58914  19.519  -12.997  -48.019 0.0000000000
62618  24.250  -8.599  -48.585 0.0000000000
60781  24.217  -10.553  -48.957 0.0000000000
105646  18.319  2.795  -51.482 0.0000000000
72732  17.754  2.962  -52.258 0.0000000000
63557  21.333  -7.720  -48.639 0.0000000000
62621  21.811  -8.479  -48.322 0.0000000000
63556  22.199  -7.619  -48.399 0.0000000000
52516  17.590  -19.138  -43.599 0.0000000000
54233  19.759  -16.923  -46.090 0.0000000000
67949  19.563  -2.870  -49.606 0.0000000000
122918  20.172  -2.099  -48.974 0.0000000000
71998  22.165  2.242  -51.810 0.0000000000
122776  22.430  1.643  -51.485 0.0000000000
75983  16.034  8.210  -55.372 0.0000000000
75173  15.230  6.369  -55.810 0.0000000000
74351  16.271  6.047  -55.045 0.0000000000
75981  20.748  7.362  -55.377 0.0000000000
75968  21.229  6.648  -55.068 0.0000000000
58911  23.556  -13.551  -49.042 0.0000000000
118205  22.908  -13.545  -47.927 0.0000000000
55119  18.191  -16.394  -46.295 0.0000000000
69641  18.679  -0.192  -50.530 0.0000000000
105571  18.781  1.007  -50.195 0.0000000000
105410  19.096  3.056  -51.033 0.0000000000
120115  19.111  2.050  -50.074 0.0000000000
105405  20.033  2.623  -50.715 0.0000000000
105534  20.517  2.623  -50.798 0.0000000000
72731  20.394  3.554  -51.642 0.0000000000
76778  16.110  9.288  -55.387 0.0000000000
111319  19.737  -10.597  -48.757 0.0000000000
61653  22.024  -10.115  -47.765 0.0000000000
60769  22.600  -10.645  -47.644 0.0000000000
111206  23.267  -11.394  -47.934 0.0000000000
60768  23.300  -10.524  -47.855 0.0000000000
54215  18.413  -17.857  -44.988 0.0000000000
65282  24.453  -5.886  -48.841 0.0000000000
65293  24.959  -5.533  -49.463 0.0000000000
63567  19.940  -7.678  -49.617 0.0000000000
66172  19.675  -4.771  -49.631 0.0000000000
65295  20.055  -5.258  -49.231 0.0000000000
64419  20.135  -6.074  -49.315 0.0000000000
65286  20.822  -5.312  -48.769 0.0000000000
66158  22.407  -5.148  -48.465 0.0000000000
67087  21.084  -4.481  -48.631 0.0000000000
110622  22.268  -3.028  -48.961 0.0000000000
67947  23.296  -2.878  -49.629 0.0000000000
67946  24.146  -2.978  -49.677 0.0000000000
122492  21.083  -0.640  -49.145 0.0000000000
119103  21.407  -0.049  -49.307 0.0000000000
70490  23.154  -0.066  -50.363 0.0000000000
68825  23.816  -1.281  -51.283 0.0000000000
74338  16.374  5.075  -54.761 0.0000000000
73538  16.518  4.248  -54.340 0.0000000000
72765  16.691  3.405  -54.093 0.0000000000
118958  17.255  4.935  -53.968 0.0000000000
76788  19.940  8.597  -56.028 0.0000000000
76799  19.765  8.580  -56.989 0.0000000000
76762  19.415  8.407  -54.731 0.0000000000
75970  18.899  7.838  -54.268 0.0000000000
121466  19.723  6.832  -53.806 0.0000000000
114856  19.203  6.312  -53.559 0.0000000000
74323  18.851  4.978  -52.764 0.0000000000
73523  19.146  4.379  -52.171 0.0000000000
74335  19.459  5.567  -53.214 0.0000000000
74333  21.090  5.536  -53.842 0.0000000000
73536  21.117  4.822  -53.467 0.0000000000
73521  21.277  4.097  -53.106 0.0000000000
56980  19.050  -15.215  -47.240 0.0000000000
58927  20.056  -12.288  -48.125 0.0000000000
58928  19.170  -12.260  -48.402 0.0000000000
57893  21.774  -14.341  -47.438 0.0000000000
117070  20.862  -13.941  -47.485 0.0000000000
56993  21.166  -14.758  -47.357 0.0000000000
56092  20.665  -15.171  -47.250 0.0000000000
62629  24.743  -8.187  -49.026 0.0000000000
120114  18.347  1.703  -50.666 0.0000000000
105409  17.974  2.190  -51.117 0.0000000000
105411  18.743  3.433  -51.441 0.0000000000
61679  20.249  -9.093  -49.034 0.0000000000
61665  20.825  -9.449  -48.552 0.0000000000
126094  21.304  -8.963  -48.432 0.0000000000
109690  22.485  -8.965  -47.933 0.0000000000
61663  23.229  -8.995  -47.877 0.0000000000
53401  19.812  -18.147  -45.355 0.0000000000
53400  20.649  -18.411  -45.534 0.0000000000
66168  24.688  -4.683  -49.527 0.0000000000
66167  25.163  -4.922  -50.022 0.0000000000
67098  19.813  -3.828  -49.367 0.0000000000
67097  20.809  -3.727  -48.672 0.0000000000
67967  22.536  -1.822  -50.046 0.0000000000
70512  21.561  1.519  -49.877 0.0000000000
70492  22.019  0.628  -49.626 0.0000000000
70511  22.519  1.123  -50.645 0.0000000000
121924  20.213  7.916  -57.181 0.0000000000
76774  20.370  8.028  -55.702 0.0000000000
75982  20.196  7.923  -54.914 0.0000000000
75170  20.307  6.768  -53.997 0.0000000000
75169  21.010  6.280  -54.349 0.0000000000
57892  22.599  -14.429  -47.813 0.0000000000
53375  17.501  -18.472  -44.013 0.0000000000
54216  17.515  -17.712  -44.590 0.0000000000
54226  18.706  -17.445  -45.439 0.0000000000
55118  18.724  -16.921  -45.907 0.0000000000
55128  19.086  -16.383  -46.517 0.0000000000
55127  20.138  -16.391  -46.555 0.0000000000
126769  18.843  -1.585  -50.527 0.0000000000
68792  20.392  -1.250  -49.118 0.0000000000
112871  19.361  -0.900  -50.110 0.0000000000
70513  20.106  1.622  -49.570 0.0000000000
71293  21.033  2.290  -50.380 0.0000000000
71999  21.465  2.611  -51.301 0.0000000000
76779  14.732  8.665  -55.599 0.0000000000
59856  20.556  -11.573  -48.109 0.0000000000
60783  21.299  -10.145  -48.157 0.0000000000
60771  20.957  -10.867  -48.102 0.0000000000
59855  21.451  -11.543  -47.729 0.0000000000
59854  22.428  -11.496  -47.602 0.0000000000
59853  23.144  -12.444  -47.937 0.0000000000
64408  22.615  -6.808  -48.422 0.0000000000
64407  23.513  -7.099  -48.389 0.0000000000
108448  23.372  -6.416  -48.425 0.0000000000
127927  24.209  -6.628  -48.597 0.0000000000
63566  24.821  -7.275  -49.045 0.0000000000
64417  25.341  -6.239  -49.820 0.0000000000
110168  25.328  -6.998  -49.704 0.0000000000
120755  25.459  -7.566  -50.312 0.0000000000
62630  20.124  -8.462  -49.383 0.0000000000
63558  20.591  -7.724  -49.052 0.0000000000
117244  20.977  -7.109  -48.788 0.0000000000
64410  21.058  -6.315  -48.749 0.0000000000
121272  21.940  -6.296  -48.547 0.0000000000
66157  23.381  -4.972  -48.540 0.0000000000
67096  21.979  -3.791  -48.526 0.0000000000
67095  22.940  -3.565  -48.858 0.0000000000
66169  24.132  -4.384  -49.047 0.0000000000
67094  24.497  -3.874  -49.629 0.0000000000
67112  24.643  -3.432  -50.361 0.0000000000
111359  21.645  -1.187  -49.194 0.0000000000
68808  22.669  -0.900  -49.778 0.0000000000
69638  22.391  -0.210  -49.498 0.0000000000
69637  23.073  -0.403  -49.820 0.0000000000
72753  17.381  3.339  -53.129 0.0000000000
76764  17.546  8.891  -54.994 0.0000000000
76776  18.816  9.145  -54.993 0.0000000000
75971  18.003  7.877  -54.588 0.0000000000
75960  19.054  7.071  -53.888 0.0000000000
75159  18.223  6.388  -53.841 0.0000000000
125879  17.847  5.570  -53.597 0.0000000000
124422  17.934  4.885  -53.071 0.0000000000
73525  17.735  4.119  -52.835 0.0000000000
72752  17.957  3.733  -52.290 0.0000000000
73505  18.633  3.942  -51.804 0.0000000000
74334  20.360  5.381  -53.372 0.0000000000
111333  19.981  4.163  -52.193 0.0000000000
72751  20.831  3.857  -52.388 0.0000000000
72750  21.556  3.472  -52.690 0.0000000000
56083  19.514  -15.783  -46.923 0.0000000000
57895  18.933  -13.683  -47.931 0.0000000000
114238  20.491  -13.101  -47.778 0.0000000000
57894  19.885  -13.781  -47.717 0.0000000000
56994  20.256  -14.546  -47.453 0.0000000000
56082  20.601  -15.814  -46.961 0.0000000000
127818  23.597  -7.636  -48.319 0.0000000000
118203  23.845  -9.044  -48.261 0.0000000000
61662  23.716  -9.898  -48.129 0.0000000000
116798  24.592  -9.057  -49.159 0.0000000000
61661  24.232  -9.497  -48.685 0.0000000000
60782  23.742  -11.042  -48.476 0.0000000000
56090  22.445  -15.543  -47.354 0.0000000000
60784  20.490  -10.292  -48.486 0.0000000000
62619  23.593  -8.248  -48.216 0.0000000000
63555  23.049  -7.586  -48.228 0.0000000000
65283  23.780  -5.801  -48.517 0.0000000000
66159  21.732  -4.821  -48.518 0.0000000000
71982  21.012  2.644  -50.924 0.0000000000
75991  21.239  6.589  -55.817 0.0000000000
75992  20.744  7.328  -56.202 0.0000000000
105400  19.467  2.586  -50.614 0.0000000000
105407  19.986  3.041  -51.046 0.0000000000
105617  20.822  3.009  -51.208 0.0000000000
122298  24.799  -9.541  -49.794 0.0000000000
125869  22.354  -14.831  -47.690 0.0000000000
127128  23.463  -4.156  -48.911 0.0000000000
127201  22.508  -3.909  -48.628 0.0000000000
