#!ascii label  , from subject sub-v2s15x29739_ses-1 vox2ras=TkReg
1559
65735  -34.942  -4.503  52.570 0.0000000000
55920  -27.114  -14.132  62.266 0.0000000000
68694  -41.778  -1.822  36.074 0.0000000000
63033  -31.387  -7.351  41.498 0.0000000000
68599  -40.620  -1.902  43.962 0.0000000000
64793  -30.306  -4.958  56.489 0.0000000000
52169  -26.350  -17.114  55.361 0.0000000000
57294  -27.233  -11.931  47.937 0.0000000000
57093  -19.568  -12.401  61.820 0.0000000000
113797  -51.905  0.372  33.095 0.0000000000
120369  -25.125  -19.432  52.098 0.0000000000
64901  -33.281  -5.566  47.001 0.0000000000
65842  -35.856  -4.771  42.940 0.0000000000
66652  -38.116  -3.555  47.975 0.0000000000
67510  -30.587  -1.977  53.162 0.0000000000
61917  -28.921  -8.484  52.881 0.0000000000
63966  -30.056  -5.904  48.779 0.0000000000
59773  -28.045  -9.773  44.096 0.0000000000
68815  -53.093  -0.989  28.232 0.0000000000
54740  -22.486  -14.605  62.876 0.0000000000
126685  -21.156  -16.581  55.019 0.0000000000
50743  -23.451  -18.183  58.730 0.0000000000
65874  -43.550  -5.171  40.079 0.0000000000
132334  -31.689  -10.378  59.645 0.0000000000
54779  -25.766  -15.051  58.969 0.0000000000
58421  -29.229  -11.758  55.840 0.0000000000
54865  -25.957  -14.049  51.938 0.0000000000
59529  -15.839  -10.205  61.564 0.0000000000
69595  -45.932  -0.642  45.026 0.0000000000
69671  -47.016  -0.194  40.228 0.0000000000
72769  -52.135  1.660  37.781 0.0000000000
113006  -47.110  -0.466  34.194 0.0000000000
126451  -47.073  -1.326  28.884 0.0000000000
54828  -17.364  -14.371  55.175 0.0000000000
48615  -27.640  -19.467  56.920 0.0000000000
64875  -34.295  -5.268  49.958 0.0000000000
65797  -36.088  -4.312  47.914 0.0000000000
65765  -36.777  -4.225  50.302 0.0000000000
66594  -33.184  -3.272  52.865 0.0000000000
66624  -30.199  -3.594  51.646 0.0000000000
65763  -32.356  -5.093  50.776 0.0000000000
63989  -31.761  -6.371  48.408 0.0000000000
66814  -39.749  -4.050  33.632 0.0000000000
68721  -41.920  -1.825  33.274 0.0000000000
119881  -24.116  -14.823  62.601 0.0000000000
52114  -22.915  -16.835  60.717 0.0000000000
50704  -26.026  -17.138  62.733 0.0000000000
126620  -32.405  -7.332  39.267 0.0000000000
66711  -38.443  -3.256  43.840 0.0000000000
65862  -37.134  -4.277  41.254 0.0000000000
67658  -39.604  -2.405  41.415 0.0000000000
66761  -40.684  -3.492  39.255 0.0000000000
67640  -42.501  -2.114  42.037 0.0000000000
62876  -31.785  -7.282  57.933 0.0000000000
58410  -31.231  -11.505  57.979 0.0000000000
61890  -31.541  -9.452  56.237 0.0000000000
129220  -28.305  -10.001  50.115 0.0000000000
57241  -28.336  -12.033  51.826 0.0000000000
56059  -26.880  -12.864  50.037 0.0000000000
61993  -29.417  -8.449  43.012 0.0000000000
69624  -47.932  -0.887  42.732 0.0000000000
70768  -49.492  0.221  36.344 0.0000000000
69756  -49.722  -0.000  33.636 0.0000000000
69784  -47.260  -0.549  31.555 0.0000000000
116344  -49.276  -0.387  31.208 0.0000000000
68838  -50.297  -1.586  26.154 0.0000000000
58339  -17.749  -10.923  61.470 0.0000000000
57144  -16.490  -12.353  58.337 0.0000000000
55976  -18.565  -13.607  57.663 0.0000000000
49703  -22.906  -18.405  53.361 0.0000000000
50855  -21.234  -17.856  51.506 0.0000000000
48733  -24.229  -19.825  49.704 0.0000000000
53534  -25.613  -15.356  56.665 0.0000000000
50753  -25.677  -17.735  58.069 0.0000000000
50755  -27.549  -18.532  57.294 0.0000000000
122900  -32.223  -6.349  44.717 0.0000000000
64021  -33.785  -5.905  42.113 0.0000000000
64921  -34.833  -4.878  45.032 0.0000000000
65816  -37.311  -3.854  45.271 0.0000000000
66673  -39.393  -2.863  46.364 0.0000000000
66583  -29.142  -3.086  54.413 0.0000000000
62901  -29.842  -7.244  55.254 0.0000000000
65722  -29.041  -5.005  52.920 0.0000000000
118680  -28.587  -6.562  50.644 0.0000000000
61950  -28.464  -8.396  48.693 0.0000000000
59717  -27.700  -10.704  46.433 0.0000000000
62992  -29.535  -7.799  46.830 0.0000000000
62994  -30.911  -7.155  46.231 0.0000000000
70849  -52.290  0.163  30.923 0.0000000000
70852  -55.387  1.429  30.634 0.0000000000
55907  -20.847  -13.530  63.016 0.0000000000
54789  -20.375  -14.554  58.513 0.0000000000
53499  -21.623  -15.542  59.527 0.0000000000
50770  -22.528  -17.680  56.530 0.0000000000
49698  -24.438  -18.986  54.883 0.0000000000
64976  -34.931  -5.815  40.254 0.0000000000
65011  -42.790  -6.909  38.016 0.0000000000
66788  -42.822  -4.198  38.156 0.0000000000
58361  -29.689  -12.421  61.186 0.0000000000
53489  -28.042  -15.661  62.287 0.0000000000
129924  -29.425  -13.467  60.295 0.0000000000
57162  -26.941  -12.906  57.770 0.0000000000
56000  -26.232  -13.464  55.107 0.0000000000
59626  -30.481  -10.415  53.975 0.0000000000
57214  -26.922  -12.719  53.650 0.0000000000
53580  -25.455  -15.653  53.469 0.0000000000
66598  -37.249  -3.190  53.689 0.0000000000
59550  -27.225  -10.174  59.577 0.0000000000
64766  -30.718  -5.348  58.900 0.0000000000
67452  -30.131  -2.401  58.093 0.0000000000
66628  -39.983  -3.096  51.470 0.0000000000
66655  -41.736  -2.800  49.129 0.0000000000
67602  -43.207  -2.052  47.369 0.0000000000
69586  -44.692  -0.848  47.292 0.0000000000
68588  -44.144  -1.525  45.292 0.0000000000
67642  -45.133  -2.675  42.738 0.0000000000
66752  -45.262  -3.379  40.885 0.0000000000
68671  -44.387  -0.683  38.460 0.0000000000
120832  -50.442  0.640  39.339 0.0000000000
69697  -47.144  -0.156  36.947 0.0000000000
69718  -44.537  -0.642  35.456 0.0000000000
68738  -44.384  -1.288  32.247 0.0000000000
69844  -50.204  -0.861  28.964 0.0000000000
57142  -14.745  -12.485  58.524 0.0000000000
50850  -16.753  -17.773  51.352 0.0000000000
53565  -19.367  -15.418  54.499 0.0000000000
134977  -18.671  -16.867  50.778 0.0000000000
50734  -24.900  -17.668  59.649 0.0000000000
49671  -25.282  -19.042  57.152 0.0000000000
48644  -26.717  -19.483  54.311 0.0000000000
48646  -28.708  -19.506  54.463 0.0000000000
64850  -34.602  -5.011  51.479 0.0000000000
64876  -35.085  -4.888  50.371 0.0000000000
65751  -35.767  -4.675  51.795 0.0000000000
66613  -34.519  -4.004  52.956 0.0000000000
65733  -33.201  -4.350  52.011 0.0000000000
65749  -33.651  -4.943  51.657 0.0000000000
64862  -33.640  -5.434  50.413 0.0000000000
67729  -40.892  -3.364  35.822 0.0000000000
67747  -40.431  -2.772  34.387 0.0000000000
67754  -40.393  -2.667  33.458 0.0000000000
68708  -41.826  -1.723  34.242 0.0000000000
55919  -25.605  -13.827  61.679 0.0000000000
125930  -25.577  -16.570  62.918 0.0000000000
54744  -27.508  -15.745  63.117 0.0000000000
122452  -30.273  -8.340  39.711 0.0000000000
63047  -31.593  -7.408  40.637 0.0000000000
113584  -39.818  -2.402  44.165 0.0000000000
67636  -38.723  -2.885  42.804 0.0000000000
67638  -40.543  -2.007  42.349 0.0000000000
67659  -41.009  -2.145  41.496 0.0000000000
68615  -42.078  -1.606  42.869 0.0000000000
64784  -31.422  -5.493  57.756 0.0000000000
62893  -32.136  -8.040  57.695 0.0000000000
116392  -31.008  -6.970  56.946 0.0000000000
58514  -27.980  -10.881  49.230 0.0000000000
123168  -27.878  -11.698  50.230 0.0000000000
57268  -26.887  -12.688  49.202 0.0000000000
54903  -25.938  -13.852  49.332 0.0000000000
62004  -29.863  -8.241  42.333 0.0000000000
120908  -28.837  -9.031  41.978 0.0000000000
62013  -29.503  -8.663  40.809 0.0000000000
70804  -51.351  0.330  35.161 0.0000000000
69757  -50.353  0.163  33.275 0.0000000000
69771  -49.447  -0.166  32.717 0.0000000000
69787  -50.377  -0.103  31.740 0.0000000000
58340  -18.469  -11.328  61.864 0.0000000000
114462  -18.391  -12.330  59.653 0.0000000000
57112  -19.097  -12.684  60.044 0.0000000000
48672  -24.030  -19.090  52.204 0.0000000000
49743  -23.144  -18.993  51.080 0.0000000000
48714  -24.545  -19.612  50.533 0.0000000000
47678  -25.403  -20.644  49.632 0.0000000000
48716  -26.189  -19.808  50.766 0.0000000000
53548  -25.590  -15.659  55.732 0.0000000000
52158  -26.364  -17.333  56.862 0.0000000000
50772  -26.934  -17.460  56.167 0.0000000000
64911  -32.884  -5.809  45.633 0.0000000000
64920  -33.231  -5.701  44.359 0.0000000000
122963  -34.162  -5.220  45.719 0.0000000000
65787  -36.846  -4.013  48.256 0.0000000000
129829  -36.559  -4.173  46.379 0.0000000000
66671  -37.703  -3.639  46.663 0.0000000000
66685  -38.475  -3.318  45.480 0.0000000000
113204  -39.193  -3.154  47.187 0.0000000000
67491  -29.104  -2.309  54.170 0.0000000000
113274  -29.158  -3.745  53.865 0.0000000000
131655  -29.600  -2.829  52.906 0.0000000000
116230  -30.186  -4.998  49.903 0.0000000000
64847  -29.225  -5.094  51.279 0.0000000000
63955  -28.985  -5.918  49.998 0.0000000000
62956  -28.467  -7.699  49.569 0.0000000000
63964  -28.835  -6.937  48.947 0.0000000000
62981  -28.712  -7.947  48.048 0.0000000000
62971  -29.803  -6.981  47.882 0.0000000000
64890  -32.629  -5.913  47.474 0.0000000000
63988  -31.439  -6.641  47.636 0.0000000000
63995  -31.972  -6.380  46.342 0.0000000000
64000  -31.639  -6.687  44.984 0.0000000000
54739  -21.895  -14.442  62.903 0.0000000000
54764  -21.399  -14.767  60.983 0.0000000000
53473  -22.057  -15.331  61.608 0.0000000000
50731  -23.058  -17.729  59.249 0.0000000000
52135  -22.464  -17.016  58.706 0.0000000000
50771  -23.020  -18.108  56.973 0.0000000000
49685  -23.189  -18.313  55.334 0.0000000000
112952  -23.714  -18.535  56.361 0.0000000000
64933  -34.613  -5.482  42.455 0.0000000000
64032  -34.400  -5.804  41.549 0.0000000000
64948  -35.518  -5.303  41.417 0.0000000000
66758  -37.755  -3.594  39.896 0.0000000000
65883  -36.604  -4.700  39.930 0.0000000000
65895  -37.281  -4.127  38.654 0.0000000000
66763  -42.846  -5.229  39.885 0.0000000000
65898  -42.272  -6.029  38.874 0.0000000000
64978  -42.960  -6.221  39.282 0.0000000000
65912  -43.180  -6.072  38.301 0.0000000000
66777  -43.695  -5.006  39.293 0.0000000000
59551  -30.710  -11.849  60.655 0.0000000000
55936  -29.886  -13.403  61.670 0.0000000000
57118  -30.956  -12.335  60.557 0.0000000000
58409  -30.185  -11.695  57.352 0.0000000000
123848  -29.519  -12.125  57.886 0.0000000000
57175  -27.757  -12.395  56.683 0.0000000000
57174  -26.551  -13.012  56.972 0.0000000000
57187  -27.746  -12.338  55.697 0.0000000000
62919  -29.198  -7.425  53.836 0.0000000000
61899  -29.966  -8.799  54.470 0.0000000000
60784  -30.050  -9.889  53.469 0.0000000000
56032  -27.048  -12.815  51.686 0.0000000000
57228  -28.334  -12.140  52.534 0.0000000000
57226  -26.972  -12.759  52.769 0.0000000000
56019  -25.848  -14.036  53.773 0.0000000000
59718  -27.893  -10.171  45.782 0.0000000000
65664  -30.770  -4.757  58.055 0.0000000000
68433  -28.813  -0.386  55.463 0.0000000000
66615  -38.394  -3.192  52.821 0.0000000000
67553  -42.043  -2.357  50.389 0.0000000000
67562  -43.183  -1.991  49.402 0.0000000000
67588  -42.585  -2.414  48.034 0.0000000000
67589  -43.532  -2.030  48.089 0.0000000000
69594  -45.412  -0.670  45.788 0.0000000000
68576  -44.636  -1.350  46.183 0.0000000000
68590  -45.706  -1.221  44.875 0.0000000000
67629  -44.850  -2.003  43.600 0.0000000000
68604  -46.075  -1.551  44.114 0.0000000000
69638  -48.055  -0.864  41.715 0.0000000000
68624  -46.785  -2.017  41.978 0.0000000000
68638  -46.039  -1.681  40.877 0.0000000000
68655  -44.790  -1.529  39.677 0.0000000000
69669  -45.662  -0.176  39.230 0.0000000000
70725  -51.804  1.265  38.735 0.0000000000
69720  -47.688  -0.360  35.484 0.0000000000
70767  -48.044  0.007  36.697 0.0000000000
69719  -46.704  -0.464  35.560 0.0000000000
126233  -45.321  -0.447  36.687 0.0000000000
113007  -45.830  -0.550  35.209 0.0000000000
69750  -44.131  -1.055  33.871 0.0000000000
69752  -45.367  -0.716  33.408 0.0000000000
69820  -47.074  -0.874  30.051 0.0000000000
68770  -45.728  -1.156  30.677 0.0000000000
134762  -46.042  -1.436  29.409 0.0000000000
69826  -52.520  -0.473  29.523 0.0000000000
69824  -50.726  -0.622  29.633 0.0000000000
125719  -51.819  -1.254  28.251 0.0000000000
112702  -17.112  -13.341  56.982 0.0000000000
55974  -16.368  -13.224  57.113 0.0000000000
54827  -16.390  -14.364  55.137 0.0000000000
53577  -15.652  -15.674  53.582 0.0000000000
53592  -16.912  -15.546  52.664 0.0000000000
117293  -20.642  -15.284  57.352 0.0000000000
53531  -19.798  -15.068  56.226 0.0000000000
117205  -20.177  -15.693  54.936 0.0000000000
52233  -19.978  -16.967  51.693 0.0000000000
45710  -22.080  -21.790  48.685 0.0000000000
54765  -27.596  -14.966  60.948 0.0000000000
53487  -25.918  -16.197  60.673 0.0000000000
53501  -25.577  -15.910  59.483 0.0000000000
49652  -26.937  -18.807  57.431 0.0000000000
129169  -25.547  -18.699  57.634 0.0000000000
133086  -26.541  -19.352  57.073 0.0000000000
48626  -25.961  -19.402  55.771 0.0000000000
48627  -26.685  -19.469  55.311 0.0000000000
48661  -28.811  -19.591  53.251 0.0000000000
64884  -33.823  -5.354  48.517 0.0000000000
65796  -34.741  -4.852  47.282 0.0000000000
65774  -34.848  -4.874  49.341 0.0000000000
65786  -36.249  -4.317  48.843 0.0000000000
132272  -37.862  -3.670  49.194 0.0000000000
67511  -31.642  -2.043  53.271 0.0000000000
66609  -30.676  -3.076  52.111 0.0000000000
66610  -31.681  -3.255  52.193 0.0000000000
65747  -31.779  -4.401  51.126 0.0000000000
64859  -31.060  -5.149  49.896 0.0000000000
63978  -31.185  -6.248  48.815 0.0000000000
118517  -32.434  -5.690  49.639 0.0000000000
114489  -32.786  -5.749  49.205 0.0000000000
67771  -41.850  -2.351  31.366 0.0000000000
117780  -23.748  -15.224  62.693 0.0000000000
53474  -22.826  -15.749  62.083 0.0000000000
52096  -24.475  -16.605  62.561 0.0000000000
50712  -24.334  -17.339  61.766 0.0000000000
49623  -24.108  -18.100  60.193 0.0000000000
65833  -37.091  -4.162  42.977 0.0000000000
65844  -37.106  -4.270  42.117 0.0000000000
66719  -37.663  -3.790  42.644 0.0000000000
66736  -38.281  -3.212  41.371 0.0000000000
67692  -39.124  -2.692  39.954 0.0000000000
131880  -39.920  -3.166  38.951 0.0000000000
125937  -40.542  -2.564  40.274 0.0000000000
67680  -41.371  -2.634  40.665 0.0000000000
66737  -43.449  -3.745  41.185 0.0000000000
61854  -32.348  -8.999  58.610 0.0000000000
58395  -32.012  -11.270  59.438 0.0000000000
59578  -32.651  -10.135  58.569 0.0000000000
59605  -32.116  -10.298  57.278 0.0000000000
123440  -30.650  -11.192  55.791 0.0000000000
112378  -28.503  -9.225  51.228 0.0000000000
59643  -29.340  -10.562  52.315 0.0000000000
59649  -28.627  -10.727  51.111 0.0000000000
57253  -27.539  -12.307  50.533 0.0000000000
54877  -25.995  -14.094  50.979 0.0000000000
53615  -25.429  -15.732  50.802 0.0000000000
125033  -25.489  -14.684  49.679 0.0000000000
60913  -28.904  -8.745  43.533 0.0000000000
60930  -28.335  -9.439  42.379 0.0000000000
71652  -46.703  1.057  43.938 0.0000000000
68591  -46.824  -0.932  43.809 0.0000000000
70656  -47.831  0.601  42.998 0.0000000000
125572  -48.789  0.397  42.058 0.0000000000
69640  -49.169  0.223  41.265 0.0000000000
70760  -52.559  1.122  37.362 0.0000000000
70758  -52.016  0.694  38.032 0.0000000000
70789  -51.162  0.337  35.860 0.0000000000
69722  -49.234  -0.071  35.027 0.0000000000
69754  -47.875  -0.361  33.847 0.0000000000
69769  -46.462  -0.581  32.748 0.0000000000
113234  -47.892  -0.393  32.946 0.0000000000
116481  -47.985  -0.469  31.390 0.0000000000
69821  -47.941  -0.677  29.970 0.0000000000
68833  -53.244  -1.100  27.642 0.0000000000
68831  -51.549  -1.467  27.533 0.0000000000
68840  -52.459  -1.342  26.559 0.0000000000
59543  -17.015  -10.650  61.125 0.0000000000
58355  -16.028  -10.998  60.063 0.0000000000
58374  -16.967  -11.441  59.798 0.0000000000
55958  -17.949  -12.978  58.052 0.0000000000
55989  -18.270  -13.809  56.985 0.0000000000
50805  -21.736  -17.461  54.202 0.0000000000
52203  -21.200  -17.165  53.811 0.0000000000
49711  -21.994  -18.211  52.088 0.0000000000
49742  -22.351  -18.678  50.791 0.0000000000
48748  -23.034  -19.918  48.872 0.0000000000
45711  -22.963  -21.767  48.733 0.0000000000
47689  -24.080  -20.902  48.816 0.0000000000
54791  -25.690  -14.857  58.041 0.0000000000
53513  -25.519  -15.713  58.402 0.0000000000
52143  -25.565  -16.024  57.509 0.0000000000
50754  -26.441  -18.059  57.465 0.0000000000
49653  -27.781  -19.017  57.540 0.0000000000
64015  -31.779  -6.745  42.992 0.0000000000
129129  -32.506  -6.701  41.702 0.0000000000
64010  -33.140  -5.855  43.541 0.0000000000
64927  -34.468  -5.296  43.462 0.0000000000
65820  -35.633  -4.593  44.539 0.0000000000
65806  -34.960  -4.760  46.220 0.0000000000
65814  -35.672  -4.527  45.438 0.0000000000
65821  -36.856  -4.104  44.727 0.0000000000
66697  -37.948  -3.607  44.982 0.0000000000
66686  -39.080  -2.864  45.369 0.0000000000
120290  -40.355  -2.344  45.377 0.0000000000
65708  -29.607  -3.951  55.597 0.0000000000
64801  -29.808  -5.376  55.712 0.0000000000
116627  -29.497  -4.697  55.134 0.0000000000
114937  -29.194  -6.004  54.095 0.0000000000
63926  -28.920  -6.881  53.257 0.0000000000
119994  -29.539  -3.827  52.094 0.0000000000
64835  -28.923  -5.517  52.319 0.0000000000
62928  -28.617  -7.739  52.246 0.0000000000
61933  -28.348  -8.418  50.415 0.0000000000
60819  -28.276  -9.640  49.518 0.0000000000
59684  -27.927  -10.410  47.977 0.0000000000
58547  -27.418  -11.441  47.326 0.0000000000
59702  -28.123  -9.973  47.266 0.0000000000
60861  -28.270  -9.600  46.527 0.0000000000
61979  -28.977  -8.601  45.827 0.0000000000
63987  -30.652  -6.894  47.719 0.0000000000
62993  -30.253  -7.506  46.542 0.0000000000
61980  -29.562  -8.174  45.259 0.0000000000
63006  -30.353  -7.623  44.828 0.0000000000
63014  -31.112  -7.172  43.496 0.0000000000
70835  -51.722  0.147  31.480 0.0000000000
70836  -53.226  0.525  31.479 0.0000000000
70850  -53.931  0.727  31.149 0.0000000000
69828  -54.279  -0.133  29.303 0.0000000000
69849  -54.561  -0.454  28.394 0.0000000000
69864  -55.175  -0.390  27.668 0.0000000000
57094  -20.224  -12.948  62.387 0.0000000000
55932  -19.726  -13.119  60.461 0.0000000000
54763  -20.723  -14.214  60.435 0.0000000000
54790  -21.025  -14.937  58.988 0.0000000000
53521  -21.301  -15.720  57.735 0.0000000000
53500  -22.280  -16.161  60.094 0.0000000000
52134  -21.886  -16.331  58.200 0.0000000000
50769  -21.955  -17.129  56.044 0.0000000000
50806  -22.398  -17.846  54.702 0.0000000000
49704  -23.639  -18.655  53.811 0.0000000000
49714  -24.333  -18.995  53.597 0.0000000000
64030  -32.965  -6.689  40.975 0.0000000000
64050  -33.663  -6.649  39.610 0.0000000000
64961  -36.078  -5.091  40.317 0.0000000000
66787  -42.466  -4.899  37.487 0.0000000000
67717  -42.035  -3.258  37.280 0.0000000000
57098  -28.987  -13.639  62.095 0.0000000000
55911  -28.620  -14.858  62.505 0.0000000000
55923  -29.679  -13.765  61.958 0.0000000000
55934  -28.986  -14.368  61.400 0.0000000000
55948  -27.764  -14.253  59.990 0.0000000000
57148  -30.047  -12.512  59.112 0.0000000000
55963  -28.607  -13.199  59.297 0.0000000000
55961  -26.662  -13.569  58.311 0.0000000000
55978  -26.377  -13.452  57.517 0.0000000000
130885  -25.711  -14.552  56.467 0.0000000000
54842  -25.448  -15.116  55.024 0.0000000000
61900  -30.269  -8.264  55.284 0.0000000000
131632  -30.857  -10.038  54.630 0.0000000000
58449  -29.924  -11.395  54.372 0.0000000000
58462  -29.645  -11.132  52.785 0.0000000000
58461  -29.505  -11.511  53.515 0.0000000000
57202  -28.084  -12.185  54.902 0.0000000000
57200  -26.859  -12.729  54.574 0.0000000000
116461  -25.568  -14.577  54.376 0.0000000000
57307  -26.579  -12.442  46.178 0.0000000000
65724  -35.483  -3.991  53.425 0.0000000000
65725  -36.252  -4.057  53.459 0.0000000000
59514  -17.294  -10.440  62.925 0.0000000000
115652  -19.763  -12.401  62.863 0.0000000000
57079  -20.456  -12.909  63.399 0.0000000000
55891  -21.161  -12.966  63.984 0.0000000000
132609  -23.660  -13.995  62.488 0.0000000000
57095  -24.738  -13.040  61.307 0.0000000000
57096  -25.770  -12.880  60.870 0.0000000000
58359  -26.745  -11.664  60.063 0.0000000000
59561  -27.948  -10.683  59.477 0.0000000000
60714  -29.191  -9.980  59.189 0.0000000000
60715  -30.696  -9.959  59.524 0.0000000000
62858  -30.511  -6.493  59.237 0.0000000000
61852  -31.561  -8.228  58.986 0.0000000000
63881  -31.811  -7.527  58.210 0.0000000000
64785  -31.358  -5.023  57.863 0.0000000000
117825  -30.823  -3.937  57.771 0.0000000000
66572  -29.710  -3.007  56.376 0.0000000000
112737  -29.081  -2.349  55.733 0.0000000000
120831  -28.937  -1.578  54.719 0.0000000000
67513  -34.170  -2.738  53.893 0.0000000000
65753  -37.457  -4.034  52.228 0.0000000000
65767  -38.121  -3.745  51.384 0.0000000000
66644  -38.625  -3.520  49.502 0.0000000000
67542  -40.933  -2.246  51.410 0.0000000000
66639  -40.449  -3.062  50.646 0.0000000000
114721  -40.333  -3.216  49.027 0.0000000000
66663  -40.734  -2.857  47.722 0.0000000000
117119  -41.325  -2.290  46.455 0.0000000000
67613  -41.185  -1.987  45.439 0.0000000000
68565  -44.089  -1.625  47.465 0.0000000000
68575  -43.835  -1.579  46.022 0.0000000000
68587  -42.479  -1.490  44.525 0.0000000000
68616  -43.170  -1.896  42.748 0.0000000000
67662  -43.654  -2.936  41.924 0.0000000000
66739  -44.752  -3.852  41.363 0.0000000000
67644  -46.313  -2.267  42.563 0.0000000000
66740  -45.242  -3.535  41.465 0.0000000000
66764  -44.581  -4.102  40.388 0.0000000000
67695  -44.210  -3.587  39.613 0.0000000000
68669  -43.137  -1.951  38.116 0.0000000000
68685  -42.774  -1.471  37.317 0.0000000000
70706  -50.501  1.119  39.989 0.0000000000
121499  -48.521  0.428  39.491 0.0000000000
70756  -49.692  0.434  37.641 0.0000000000
70742  -48.163  0.442  38.482 0.0000000000
70741  -46.982  0.321  38.445 0.0000000000
69695  -45.460  -0.318  37.520 0.0000000000
69694  -44.183  -0.567  37.013 0.0000000000
125475  -42.470  -1.351  35.598 0.0000000000
68722  -42.678  -1.503  33.759 0.0000000000
68736  -42.774  -1.651  32.694 0.0000000000
128079  -42.942  -2.110  30.785 0.0000000000
69782  -45.698  -0.856  31.893 0.0000000000
128662  -44.134  -1.590  31.032 0.0000000000
67792  -42.648  -2.574  29.642 0.0000000000
69788  -50.809  -0.165  31.228 0.0000000000
69823  -49.746  -0.638  29.626 0.0000000000
68792  -49.146  -0.891  29.077 0.0000000000
68830  -50.620  -1.460  27.608 0.0000000000
68828  -48.748  -1.500  27.523 0.0000000000
68827  -47.437  -1.606  27.871 0.0000000000
57143  -15.614  -12.364  58.367 0.0000000000
55960  -19.271  -13.853  58.140 0.0000000000
54800  -18.857  -14.124  57.146 0.0000000000
53564  -18.492  -14.940  54.567 0.0000000000
52202  -20.092  -16.375  53.286 0.0000000000
52220  -19.344  -16.133  52.651 0.0000000000
134471  -17.759  -15.611  52.473 0.0000000000
52231  -17.730  -16.563  51.362 0.0000000000
52108  -27.217  -16.810  62.846 0.0000000000
50723  -24.914  -17.400  60.798 0.0000000000
49630  -24.381  -18.215  59.499 0.0000000000
50744  -25.240  -17.661  58.791 0.0000000000
49631  -24.870  -18.095  58.971 0.0000000000
115930  -24.349  -18.690  57.187 0.0000000000
49687  -24.689  -19.079  55.596 0.0000000000
132830  -25.381  -19.343  54.270 0.0000000000
48674  -26.322  -19.523  52.700 0.0000000000
49654  -28.421  -18.860  57.574 0.0000000000
48616  -28.374  -19.376  57.255 0.0000000000
48629  -28.181  -19.524  56.426 0.0000000000
48645  -27.886  -19.521  54.018 0.0000000000
118664  -27.121  -19.525  53.326 0.0000000000
48691  -26.518  -19.639  51.676 0.0000000000
64837  -35.209  -4.776  52.070 0.0000000000
64864  -35.070  -4.916  51.311 0.0000000000
65734  -34.081  -4.529  52.285 0.0000000000
65750  -34.432  -4.891  51.863 0.0000000000
64849  -34.007  -5.243  51.259 0.0000000000
67730  -41.484  -2.687  36.416 0.0000000000
67739  -40.462  -3.358  35.069 0.0000000000
67740  -41.186  -2.302  35.582 0.0000000000
67748  -41.093  -2.121  34.727 0.0000000000
68700  -41.744  -1.691  35.165 0.0000000000
132603  -26.307  -13.492  61.428 0.0000000000
54754  -26.710  -14.914  62.814 0.0000000000
63046  -30.775  -7.757  40.986 0.0000000000
63057  -30.948  -7.830  39.995 0.0000000000
67628  -40.088  -2.181  43.273 0.0000000000
68614  -41.037  -1.710  43.070 0.0000000000
64794  -30.796  -5.223  57.163 0.0000000000
63903  -31.316  -6.149  57.561 0.0000000000
64802  -30.484  -5.986  56.531 0.0000000000
58530  -27.582  -11.439  48.621 0.0000000000
57283  -27.283  -12.061  48.872 0.0000000000
63032  -30.671  -7.672  41.975 0.0000000000
62014  -30.072  -8.242  41.377 0.0000000000
62024  -30.207  -8.283  40.468 0.0000000000
70816  -52.494  0.496  33.990 0.0000000000
70815  -51.309  0.319  33.665 0.0000000000
121312  -50.972  0.266  32.922 0.0000000000
69772  -50.312  0.052  32.435 0.0000000000
70824  -51.167  0.204  32.171 0.0000000000
57092  -18.936  -11.883  61.342 0.0000000000
57111  -18.660  -12.084  60.470 0.0000000000
113167  -19.350  -12.490  60.877 0.0000000000
129254  -24.509  -19.299  51.976 0.0000000000
48689  -24.853  -19.485  51.335 0.0000000000
48715  -25.375  -19.733  50.627 0.0000000000
48690  -25.638  -19.585  51.419 0.0000000000
52168  -25.836  -16.459  55.534 0.0000000000
120660  -26.205  -16.987  56.068 0.0000000000
119824  -33.415  -5.531  46.121 0.0000000000
64902  -34.055  -5.227  46.760 0.0000000000
66651  -37.599  -3.718  48.471 0.0000000000
66660  -37.445  -3.737  47.576 0.0000000000
66661  -38.311  -3.455  47.278 0.0000000000
115448  -38.873  -3.346  47.967 0.0000000000
67509  -29.651  -2.173  53.353 0.0000000000
66593  -29.276  -2.931  53.567 0.0000000000
64872  -29.712  -5.521  49.508 0.0000000000
64858  -29.455  -5.277  50.327 0.0000000000
63965  -29.246  -6.166  49.181 0.0000000000
63976  -29.529  -6.550  48.486 0.0000000000
62970  -29.061  -7.235  48.243 0.0000000000
64891  -33.307  -5.570  47.880 0.0000000000
64900  -32.621  -5.932  46.456 0.0000000000
54752  -21.632  -14.690  62.066 0.0000000000
53463  -22.346  -15.061  62.496 0.0000000000
50742  -22.826  -17.715  58.278 0.0000000000
50752  -23.221  -18.145  57.779 0.0000000000
130716  -23.321  -18.306  56.693 0.0000000000
49670  -23.591  -18.400  57.186 0.0000000000
64934  -35.519  -5.111  42.251 0.0000000000
66772  -37.938  -3.547  38.887 0.0000000000
65884  -37.207  -4.199  39.461 0.0000000000
65885  -43.260  -5.765  39.523 0.0000000000
64979  -43.330  -6.150  39.164 0.0000000000
122401  -43.619  -5.447  39.594 0.0000000000
59563  -31.343  -11.176  60.049 0.0000000000
58363  -31.035  -12.186  60.474 0.0000000000
58364  -31.747  -11.430  59.791 0.0000000000
58422  -30.009  -11.569  56.283 0.0000000000
57165  -29.262  -11.841  56.802 0.0000000000
57176  -28.498  -12.084  56.253 0.0000000000
62918  -28.901  -7.659  53.120 0.0000000000
61909  -29.348  -8.371  53.717 0.0000000000
61918  -29.377  -9.183  53.254 0.0000000000
56031  -26.565  -13.271  52.224 0.0000000000
130374  -27.025  -12.790  52.203 0.0000000000
132059  -26.153  -13.750  52.541 0.0000000000
54852  -25.767  -14.270  52.886 0.0000000000
54864  -25.478  -14.830  52.234 0.0000000000
59754  -28.231  -9.557  44.933 0.0000000000
119356  -27.594  -10.440  43.952 0.0000000000
67573  -43.149  -2.220  48.919 0.0000000000
70638  -46.172  -0.153  44.797 0.0000000000
70624  -45.725  -0.042  45.428 0.0000000000
68577  -45.418  -1.036  45.545 0.0000000000
68578  -45.745  -0.946  45.184 0.0000000000
125951  -46.228  -1.091  44.488 0.0000000000
69651  -47.760  -0.437  40.874 0.0000000000
68639  -47.010  -1.426  41.461 0.0000000000
69650  -46.556  -0.784  40.566 0.0000000000
68656  -45.547  -0.897  40.025 0.0000000000
69670  -46.302  -0.235  39.841 0.0000000000
71732  -51.311  2.052  37.451 0.0000000000
72768  -51.682  2.029  38.034 0.0000000000
132444  -51.780  1.610  38.692 0.0000000000
132224  -52.119  1.240  38.346 0.0000000000
130395  -47.148  -0.453  34.940 0.0000000000
69735  -46.455  -0.524  34.668 0.0000000000
69734  -45.634  -0.597  34.350 0.0000000000
69753  -46.292  -0.559  33.659 0.0000000000
68771  -46.257  -1.149  30.049 0.0000000000
68789  -46.722  -1.240  29.411 0.0000000000
68808  -46.403  -1.566  28.734 0.0000000000
69847  -52.887  -0.772  28.837 0.0000000000
69846  -52.089  -0.891  28.872 0.0000000000
68814  -52.480  -1.079  28.385 0.0000000000
59541  -15.484  -10.540  60.753 0.0000000000
55998  -16.987  -13.964  55.782 0.0000000000
54840  -16.936  -14.612  54.340 0.0000000000
53562  -16.192  -15.005  53.819 0.0000000000
53579  -16.949  -15.037  53.479 0.0000000000
52154  -20.952  -15.926  56.115 0.0000000000
113371  -20.296  -15.556  55.777 0.0000000000
53547  -20.772  -16.063  55.357 0.0000000000
46706  -20.603  -21.089  48.578 0.0000000000
54780  -26.598  -14.585  59.561 0.0000000000
53502  -26.195  -15.308  60.100 0.0000000000
48600  -27.150  -19.245  57.270 0.0000000000
48614  -26.758  -19.462  56.504 0.0000000000
48628  -27.428  -19.521  55.868 0.0000000000
120762  -34.211  -5.194  49.115 0.0000000000
65784  -34.626  -4.936  48.320 0.0000000000
65764  -35.965  -4.521  50.339 0.0000000000
65775  -35.651  -4.567  49.509 0.0000000000
65776  -36.343  -4.338  49.622 0.0000000000
65777  -37.046  -3.982  49.256 0.0000000000
67530  -32.315  -2.788  52.853 0.0000000000
65748  -32.780  -4.752  51.414 0.0000000000
66626  -32.212  -3.960  51.734 0.0000000000
65762  -31.414  -4.808  50.509 0.0000000000
64860  -31.978  -5.439  50.135 0.0000000000
63967  -31.618  -5.758  49.466 0.0000000000
64861  -32.803  -5.488  50.321 0.0000000000
64874  -33.066  -5.608  49.812 0.0000000000
117586  -33.567  -5.482  49.405 0.0000000000
64883  -33.188  -5.626  48.712 0.0000000000
66812  -40.155  -3.736  34.463 0.0000000000
67759  -41.156  -2.273  32.913 0.0000000000
67760  -41.922  -2.076  32.355 0.0000000000
53465  -23.978  -15.783  62.672 0.0000000000
54742  -24.845  -15.760  62.742 0.0000000000
52097  -25.363  -17.002  62.711 0.0000000000
52106  -24.690  -17.107  62.372 0.0000000000
50713  -25.088  -17.304  62.246 0.0000000000
50721  -23.951  -17.788  60.789 0.0000000000
50722  -24.476  -17.498  61.181 0.0000000000
63066  -31.870  -7.593  38.945 0.0000000000
66710  -37.742  -3.716  43.453 0.0000000000
122428  -38.231  -3.382  43.095 0.0000000000
67657  -38.843  -2.688  41.875 0.0000000000
67678  -38.943  -2.626  40.904 0.0000000000
67679  -39.750  -2.466  40.499 0.0000000000
67660  -41.928  -2.357  41.401 0.0000000000
67682  -42.475  -3.142  40.862 0.0000000000
67661  -42.780  -2.781  41.459 0.0000000000
61866  -32.283  -8.610  58.321 0.0000000000
116785  -32.622  -9.726  58.624 0.0000000000
60733  -32.453  -9.106  58.382 0.0000000000
61882  -31.928  -8.691  57.109 0.0000000000
60758  -32.242  -9.565  57.342 0.0000000000
60767  -31.717  -10.091  56.308 0.0000000000
58437  -31.367  -10.689  56.334 0.0000000000
59618  -31.234  -10.412  55.603 0.0000000000
60811  -28.476  -10.009  50.766 0.0000000000
130593  -28.790  -10.204  51.540 0.0000000000
59658  -28.357  -10.615  50.380 0.0000000000
57269  -27.401  -12.193  49.704 0.0000000000
56044  -27.014  -12.842  50.912 0.0000000000
56058  -26.460  -13.457  50.564 0.0000000000
54893  -25.897  -14.037  50.162 0.0000000000
116225  -26.346  -13.480  49.907 0.0000000000
60912  -28.332  -9.390  43.302 0.0000000000
60931  -28.811  -8.913  42.756 0.0000000000
71669  -46.881  2.076  43.535 0.0000000000
70655  -47.195  0.376  43.601 0.0000000000
119779  -49.136  2.207  41.951 0.0000000000
71682  -48.893  1.609  42.137 0.0000000000
70672  -49.194  1.048  41.780 0.0000000000
69626  -49.286  0.562  41.444 0.0000000000
70691  -49.783  1.175  41.128 0.0000000000
70792  -53.213  1.167  35.684 0.0000000000
71768  -53.004  1.528  35.821 0.0000000000
70773  -53.058  1.151  36.100 0.0000000000
70771  -52.810  0.968  36.659 0.0000000000
70770  -51.827  0.521  36.632 0.0000000000
70790  -52.180  0.561  35.931 0.0000000000
70803  -50.567  0.207  34.264 0.0000000000
70788  -50.201  0.175  35.245 0.0000000000
69738  -49.508  -0.029  34.367 0.0000000000
69737  -48.615  -0.239  34.459 0.0000000000
69755  -48.792  -0.235  33.504 0.0000000000
69786  -49.691  -0.243  31.830 0.0000000000
69785  -48.762  -0.379  31.796 0.0000000000
69803  -48.523  -0.490  30.775 0.0000000000
68841  -53.294  -1.121  26.940 0.0000000000
121287  -52.732  -1.304  27.243 0.0000000000
59531  -17.172  -10.510  61.978 0.0000000000
58356  -17.458  -11.174  60.630 0.0000000000
57145  -18.152  -12.624  58.846 0.0000000000
55975  -17.767  -13.388  57.310 0.0000000000
50822  -22.309  -17.954  53.803 0.0000000000
50821  -21.618  -17.579  53.400 0.0000000000
50838  -22.174  -18.058  52.946 0.0000000000
48713  -23.698  -19.410  50.411 0.0000000000
48712  -22.866  -19.180  50.200 0.0000000000
49767  -22.061  -18.873  49.912 0.0000000000
48732  -23.399  -19.627  49.528 0.0000000000
47676  -23.809  -20.170  49.055 0.0000000000
47679  -26.260  -20.803  49.993 0.0000000000
46696  -25.635  -21.228  49.585 0.0000000000
53522  -25.590  -15.309  57.540 0.0000000000
133826  -26.987  -17.868  57.006 0.0000000000
52144  -25.842  -17.047  57.594 0.0000000000
64008  -31.827  -6.618  44.008 0.0000000000
64016  -32.480  -6.326  43.302 0.0000000000
64009  -32.597  -6.130  44.135 0.0000000000
64913  -34.144  -5.291  44.974 0.0000000000
112695  -33.787  -5.512  43.877 0.0000000000
130412  -34.349  -5.224  44.325 0.0000000000
64922  -35.004  -4.840  43.995 0.0000000000
118394  -35.362  -4.599  47.750 0.0000000000
116639  -35.496  -4.556  47.002 0.0000000000
65808  -37.147  -3.890  46.094 0.0000000000
65815  -36.532  -4.209  45.588 0.0000000000
132905  -36.213  -4.361  44.902 0.0000000000
130337  -37.445  -3.823  44.600 0.0000000000
132183  -38.856  -3.059  45.868 0.0000000000
67620  -39.733  -2.517  44.985 0.0000000000
67611  -39.898  -2.574  45.798 0.0000000000
66578  -29.243  -3.145  55.274 0.0000000000
114331  -29.274  -3.902  54.749 0.0000000000
65723  -29.123  -4.398  53.395 0.0000000000
65716  -29.211  -4.607  54.276 0.0000000000
64825  -29.115  -5.272  53.795 0.0000000000
64824  -28.979  -5.992  53.297 0.0000000000
66608  -29.852  -3.166  52.317 0.0000000000
65745  -29.719  -4.226  51.358 0.0000000000
64846  -28.855  -5.829  50.863 0.0000000000
113374  -28.749  -6.010  51.755 0.0000000000
124496  -28.613  -6.833  52.026 0.0000000000
63945  -28.474  -7.199  51.382 0.0000000000
62936  -28.436  -8.139  51.346 0.0000000000
62945  -28.414  -7.450  50.533 0.0000000000
134959  -28.458  -8.114  49.132 0.0000000000
61940  -28.350  -8.681  49.485 0.0000000000
60829  -28.308  -9.219  48.756 0.0000000000
59685  -28.131  -10.173  48.818 0.0000000000
114094  -28.224  -9.626  48.011 0.0000000000
61960  -28.823  -8.289  47.203 0.0000000000
61971  -28.674  -8.854  46.508 0.0000000000
61972  -29.172  -8.302  46.418 0.0000000000
134433  -31.132  -6.600  48.208 0.0000000000
116400  -31.457  -6.721  46.729 0.0000000000
62983  -30.834  -7.083  47.049 0.0000000000
62998  -29.739  -7.977  46.130 0.0000000000
62999  -30.316  -7.614  45.727 0.0000000000
61987  -29.787  -8.057  44.244 0.0000000000
63007  -31.061  -7.131  44.436 0.0000000000
70851  -54.621  1.005  30.847 0.0000000000
70865  -53.995  0.284  30.178 0.0000000000
70866  -54.849  0.540  29.987 0.0000000000
70882  -55.179  0.204  29.147 0.0000000000
69850  -55.641  0.104  28.415 0.0000000000
69863  -54.123  -0.812  27.467 0.0000000000
55916  -20.616  -13.547  61.942 0.0000000000
55933  -20.376  -13.584  60.913 0.0000000000
54751  -20.968  -14.175  61.484 0.0000000000
54778  -21.201  -14.815  59.941 0.0000000000
53511  -20.828  -15.137  58.145 0.0000000000
53512  -21.451  -15.639  58.601 0.0000000000
52104  -23.268  -16.514  61.687 0.0000000000
53486  -22.498  -16.028  61.133 0.0000000000
50751  -22.647  -17.680  57.376 0.0000000000
52142  -22.296  -17.030  57.786 0.0000000000
52156  -22.119  -17.075  56.913 0.0000000000
52141  -21.722  -16.386  57.323 0.0000000000
50789  -22.461  -17.738  55.650 0.0000000000
49697  -23.754  -18.652  54.661 0.0000000000
49705  -24.201  -18.871  54.232 0.0000000000
114946  -33.098  -6.338  41.849 0.0000000000
64043  -34.340  -6.055  40.733 0.0000000000
64042  -33.687  -6.472  40.415 0.0000000000
113076  -34.299  -6.265  39.907 0.0000000000
65861  -36.545  -4.665  41.562 0.0000000000
65872  -36.592  -4.694  40.755 0.0000000000
65894  -36.562  -4.723  38.994 0.0000000000
117736  -40.391  -3.908  38.588 0.0000000000
64995  -42.862  -6.564  38.605 0.0000000000
66776  -43.469  -5.453  38.784 0.0000000000
57115  -29.162  -12.763  61.659 0.0000000000
55950  -30.242  -13.301  61.025 0.0000000000
55949  -29.851  -14.066  61.266 0.0000000000
121921  -28.701  -13.793  60.195 0.0000000000
58394  -31.538  -11.712  59.206 0.0000000000
57134  -31.063  -12.271  59.822 0.0000000000
58393  -30.599  -11.986  58.548 0.0000000000
57163  -27.755  -12.583  57.582 0.0000000000
57147  -28.759  -12.612  58.419 0.0000000000
57146  -27.727  -12.910  58.377 0.0000000000
55962  -27.589  -13.523  59.052 0.0000000000
133230  -27.179  -13.183  58.354 0.0000000000
54804  -26.028  -14.098  57.725 0.0000000000
55990  -26.377  -13.267  56.089 0.0000000000
55977  -26.022  -13.843  56.827 0.0000000000
55999  -25.853  -14.034  55.898 0.0000000000
54831  -25.573  -14.847  55.807 0.0000000000
126384  -25.709  -14.339  55.116 0.0000000000
63911  -29.783  -6.282  55.521 0.0000000000
63912  -30.302  -6.847  56.078 0.0000000000
117604  -30.417  -9.677  54.197 0.0000000000
59617  -30.855  -10.516  54.837 0.0000000000
58450  -30.483  -10.904  54.258 0.0000000000
58476  -29.227  -11.107  52.136 0.0000000000
58475  -28.951  -11.604  52.417 0.0000000000
57215  -27.734  -12.404  53.096 0.0000000000
126571  -28.699  -11.966  53.257 0.0000000000
129522  -27.801  -12.324  54.122 0.0000000000
58448  -28.848  -11.875  54.365 0.0000000000
57201  -27.451  -12.441  54.955 0.0000000000
54851  -25.481  -14.769  53.610 0.0000000000
56008  -25.908  -13.943  54.502 0.0000000000
124555  -25.437  -15.313  54.257 0.0000000000
53567  -25.561  -16.030  54.226 0.0000000000
58563  -27.423  -11.309  46.642 0.0000000000
57308  -27.022  -12.051  46.920 0.0000000000
58579  -27.058  -11.772  46.046 0.0000000000
59497  -16.644  -10.084  63.406 0.0000000000
57061  -20.196  -12.218  64.390 0.0000000000
57080  -23.057  -13.407  62.853 0.0000000000
58377  -27.435  -11.102  59.688 0.0000000000
61851  -30.617  -8.675  59.194 0.0000000000
130490  -30.461  -5.597  59.230 0.0000000000
63869  -30.066  -5.840  59.503 0.0000000000
63879  -30.886  -6.123  59.024 0.0000000000
62868  -31.168  -7.115  58.892 0.0000000000
62869  -31.827  -8.026  58.685 0.0000000000
121146  -31.100  -6.087  58.713 0.0000000000
66556  -30.458  -3.445  58.088 0.0000000000
65673  -31.002  -4.895  58.059 0.0000000000
65685  -30.795  -4.178  57.771 0.0000000000
65684  -31.057  -4.653  57.683 0.0000000000
66568  -30.503  -3.177  57.806 0.0000000000
67464  -29.252  -1.679  56.884 0.0000000000
67477  -28.841  -1.474  55.621 0.0000000000
68446  -29.363  -0.908  54.456 0.0000000000
66596  -34.814  -3.438  53.693 0.0000000000
65726  -37.077  -3.664  53.497 0.0000000000
65738  -37.130  -4.024  53.067 0.0000000000
113106  -39.286  -3.189  52.219 0.0000000000
65754  -38.395  -3.576  52.288 0.0000000000
66627  -39.104  -3.487  51.535 0.0000000000
66637  -38.824  -3.534  50.526 0.0000000000
66638  -39.633  -3.345  50.804 0.0000000000
66647  -41.686  -2.803  49.863 0.0000000000
66640  -41.312  -2.684  50.522 0.0000000000
66646  -40.836  -3.074  49.864 0.0000000000
121003  -41.143  -3.026  49.290 0.0000000000
66662  -39.949  -3.166  48.038 0.0000000000
66654  -40.943  -3.034  48.580 0.0000000000
67587  -41.473  -2.539  47.388 0.0000000000
67601  -42.247  -2.227  47.012 0.0000000000
67614  -42.108  -1.924  46.179 0.0000000000
70609  -44.572  0.064  46.832 0.0000000000
68558  -44.501  -1.191  47.623 0.0000000000
68559  -44.863  -1.028  47.060 0.0000000000
112629  -43.177  -1.526  45.258 0.0000000000
115133  -43.457  -1.506  44.448 0.0000000000
68601  -42.755  -1.503  43.643 0.0000000000
68602  -43.841  -1.721  43.601 0.0000000000
67641  -44.241  -2.399  42.758 0.0000000000
66721  -44.613  -3.327  42.014 0.0000000000
68606  -47.269  -1.196  43.271 0.0000000000
68617  -46.859  -1.668  43.049 0.0000000000
131243  -45.735  -2.567  41.087 0.0000000000
67683  -45.763  -2.982  41.547 0.0000000000
66751  -44.750  -4.145  40.900 0.0000000000
67696  -44.734  -2.800  40.082 0.0000000000
134220  -44.314  -1.138  39.049 0.0000000000
68654  -44.158  -2.043  39.311 0.0000000000
68670  -43.745  -1.335  38.505 0.0000000000
68686  -43.338  -1.164  37.791 0.0000000000
70724  -51.258  1.200  39.314 0.0000000000
71702  -51.016  1.645  39.625 0.0000000000
70723  -50.569  0.847  39.669 0.0000000000
113525  -49.672  0.501  40.442 0.0000000000
70722  -49.705  0.538  39.830 0.0000000000
113613  -51.402  0.486  37.276 0.0000000000
70757  -50.984  0.482  37.898 0.0000000000
113614  -50.190  0.387  37.014 0.0000000000
133356  -47.772  0.089  37.092 0.0000000000
70755  -48.461  0.319  37.443 0.0000000000
114890  -47.492  0.236  37.621 0.0000000000
70740  -46.087  0.078  38.475 0.0000000000
69696  -46.155  -0.300  37.160 0.0000000000
69707  -45.190  -0.547  35.732 0.0000000000
69706  -44.447  -0.600  36.166 0.0000000000
69705  -43.637  -0.748  36.469 0.0000000000
68701  -43.249  -1.033  35.163 0.0000000000
68709  -42.561  -1.381  34.700 0.0000000000
68710  -43.404  -1.206  34.282 0.0000000000
68724  -44.201  -1.187  33.039 0.0000000000
68723  -43.493  -1.354  33.370 0.0000000000
68737  -43.664  -1.454  32.473 0.0000000000
68753  -43.163  -1.709  31.830 0.0000000000
68754  -43.899  -1.532  31.680 0.0000000000
116431  -47.172  -0.504  32.403 0.0000000000
133077  -45.979  -0.685  32.396 0.0000000000
69783  -46.436  -0.657  31.865 0.0000000000
68788  -45.447  -1.463  29.892 0.0000000000
68769  -44.811  -1.472  30.622 0.0000000000
68786  -43.941  -1.833  30.336 0.0000000000
69806  -51.366  -0.295  30.482 0.0000000000
119724  -49.668  -0.851  29.034 0.0000000000
68811  -49.632  -1.108  28.569 0.0000000000
115155  -50.891  -1.546  26.895 0.0000000000
118418  -49.304  -1.545  27.091 0.0000000000
120572  -48.129  -1.457  27.914 0.0000000000
57129  -16.780  -11.889  58.958 0.0000000000
58373  -16.096  -11.546  59.317 0.0000000000
55986  -15.780  -13.670  56.603 0.0000000000
55973  -15.477  -13.279  57.277 0.0000000000
53544  -14.974  -15.447  54.842 0.0000000000
52200  -15.999  -16.074  52.815 0.0000000000
52216  -15.667  -16.839  52.830 0.0000000000
50835  -16.199  -17.588  51.933 0.0000000000
49719  -16.866  -18.573  51.177 0.0000000000
114102  -19.856  -13.740  59.335 0.0000000000
125663  -19.324  -13.533  58.941 0.0000000000
54788  -19.823  -14.325  58.134 0.0000000000
53546  -19.621  -15.258  55.424 0.0000000000
54817  -19.311  -14.547  56.679 0.0000000000
54830  -19.108  -14.725  55.851 0.0000000000
53545  -19.002  -14.964  55.139 0.0000000000
50820  -20.801  -17.121  53.092 0.0000000000
114449  -20.678  -16.642  53.894 0.0000000000
50836  -20.643  -17.316  52.099 0.0000000000
50853  -19.352  -16.982  50.877 0.0000000000
112462  -19.316  -16.548  51.822 0.0000000000
53594  -18.550  -15.625  52.902 0.0000000000
52219  -18.382  -16.032  51.981 0.0000000000
50852  -18.096  -16.972  50.782 0.0000000000
117042  -24.207  -22.209  49.252 0.0000000000
45702  -23.401  -22.351  49.180 0.0000000000
54755  -28.298  -15.334  62.618 0.0000000000
115496  -27.839  -16.108  62.920 0.0000000000
53476  -27.438  -16.304  62.418 0.0000000000
52127  -25.344  -16.915  60.171 0.0000000000
52116  -25.655  -16.965  61.382 0.0000000000
50733  -24.471  -17.857  60.257 0.0000000000
113150  -25.533  -16.761  58.321 0.0000000000
52136  -25.386  -16.764  59.151 0.0000000000
49641  -25.249  -18.253  58.219 0.0000000000
49651  -24.862  -18.607  57.847 0.0000000000
120314  -24.563  -18.927  56.346 0.0000000000
48612  -25.270  -19.234  56.147 0.0000000000
48643  -25.972  -19.425  54.728 0.0000000000
48660  -25.997  -19.458  53.689 0.0000000000
125457  -29.040  -19.048  57.795 0.0000000000
48602  -28.476  -19.109  57.569 0.0000000000
48617  -29.035  -19.239  57.609 0.0000000000
48647  -29.448  -19.509  54.881 0.0000000000
112653  -28.785  -19.536  55.706 0.0000000000
112654  -28.038  -19.521  55.197 0.0000000000
48676  -28.573  -19.755  52.312 0.0000000000
119032  -28.025  -19.577  53.054 0.0000000000
48675  -27.767  -19.645  52.340 0.0000000000
132257  -27.049  -19.584  52.331 0.0000000000
48692  -27.437  -19.781  51.571 0.0000000000
64863  -34.429  -5.208  50.849 0.0000000000
131918  -35.612  -4.710  51.057 0.0000000000
124473  -36.386  -4.461  51.281 0.0000000000
66595  -33.942  -3.377  53.226 0.0000000000
66611  -32.688  -3.592  52.365 0.0000000000
66612  -33.623  -3.877  52.593 0.0000000000
64848  -33.225  -5.289  51.036 0.0000000000
66798  -41.440  -4.814  36.217 0.0000000000
66815  -39.967  -3.277  33.842 0.0000000000
67753  -39.773  -3.226  33.155 0.0000000000
67755  -41.129  -2.147  33.809 0.0000000000
54753  -25.288  -14.916  62.504 0.0000000000
54743  -26.275  -16.065  63.105 0.0000000000
53467  -26.339  -17.036  63.096 0.0000000000
63058  -31.886  -7.457  39.754 0.0000000000
66712  -39.141  -2.699  43.509 0.0000000000
135017  -38.602  -3.053  43.350 0.0000000000
67637  -39.572  -2.426  42.442 0.0000000000
130084  -40.228  -2.223  41.737 0.0000000000
67639  -41.503  -1.836  42.139 0.0000000000
63896  -31.511  -6.307  57.942 0.0000000000
62884  -32.185  -7.954  57.931 0.0000000000
128033  -31.783  -7.212  57.781 0.0000000000
62892  -31.559  -7.844  57.010 0.0000000000
59670  -28.182  -10.429  49.664 0.0000000000
114069  -28.109  -11.089  49.934 0.0000000000
58500  -27.722  -11.499  49.374 0.0000000000
56075  -26.507  -13.219  49.447 0.0000000000
56088  -26.391  -13.255  48.781 0.0000000000
56087  -25.751  -13.885  48.428 0.0000000000
131066  -29.249  -8.651  42.352 0.0000000000
62003  -29.384  -8.639  41.671 0.0000000000
60940  -28.878  -9.045  41.153 0.0000000000
70805  -52.510  0.577  35.242 0.0000000000
113949  -51.805  0.405  34.488 0.0000000000
58357  -18.234  -11.464  60.938 0.0000000000
57110  -17.927  -11.699  60.091 0.0000000000
57131  -18.838  -12.977  59.278 0.0000000000
49713  -23.667  -18.790  52.881 0.0000000000
49712  -22.770  -18.492  52.483 0.0000000000
49722  -23.370  -18.841  51.946 0.0000000000
48688  -24.000  -19.282  51.380 0.0000000000
48734  -25.033  -20.052  49.924 0.0000000000
47663  -25.828  -20.215  50.151 0.0000000000
129551  -26.486  -20.294  50.407 0.0000000000
52157  -25.816  -16.393  56.553 0.0000000000
64919  -32.752  -5.935  44.918 0.0000000000
64912  -33.481  -5.556  45.180 0.0000000000
112744  -36.226  -4.291  47.054 0.0000000000
65798  -36.711  -4.065  47.530 0.0000000000
66659  -36.950  -3.935  46.879 0.0000000000
66684  -37.874  -3.619  45.796 0.0000000000
66672  -38.545  -3.319  46.361 0.0000000000
114253  -29.344  -3.544  52.920 0.0000000000
65746  -30.639  -4.174  50.932 0.0000000000
65761  -29.909  -4.607  50.592 0.0000000000
123439  -28.655  -6.729  49.779 0.0000000000
62969  -28.637  -7.693  48.758 0.0000000000
61959  -28.458  -8.765  47.986 0.0000000000
128170  -29.263  -7.547  47.534 0.0000000000
64882  -32.525  -5.966  48.431 0.0000000000
132870  -32.090  -6.316  47.877 0.0000000000
115352  -32.036  -6.323  47.109 0.0000000000
63994  -31.523  -6.709  45.862 0.0000000000
63000  -30.978  -7.150  45.349 0.0000000000
64001  -32.235  -6.264  45.550 0.0000000000
55917  -21.242  -14.089  62.530 0.0000000000
53485  -21.824  -15.450  60.540 0.0000000000
50720  -23.344  -17.578  60.264 0.0000000000
52126  -22.659  -16.974  59.686 0.0000000000
49669  -23.010  -18.156  56.255 0.0000000000
49686  -24.056  -18.764  55.520 0.0000000000
64031  -33.721  -6.226  41.260 0.0000000000
64947  -35.011  -5.494  41.745 0.0000000000
64959  -34.956  -5.662  41.056 0.0000000000
66748  -37.686  -3.680  40.843 0.0000000000
65873  -37.156  -4.256  40.371 0.0000000000
66762  -41.735  -4.137  39.573 0.0000000000
66775  -41.399  -4.607  38.963 0.0000000000
134541  -42.329  -5.397  39.369 0.0000000000
130376  -43.400  -6.140  38.836 0.0000000000
126079  -43.414  -4.361  38.755 0.0000000000
58379  -29.961  -11.693  60.709 0.0000000000
57116  -30.055  -13.182  61.537 0.0000000000
58362  -30.405  -12.521  61.053 0.0000000000
57117  -30.511  -12.824  61.137 0.0000000000
57133  -30.575  -12.711  60.460 0.0000000000
57164  -28.550  -12.248  57.255 0.0000000000
127844  -27.143  -12.653  57.070 0.0000000000
118620  -27.026  -12.683  56.320 0.0000000000
119432  -26.883  -12.729  55.455 0.0000000000
115677  -29.412  -7.145  54.447 0.0000000000
62910  -29.615  -7.879  54.515 0.0000000000
60775  -29.760  -9.189  53.845 0.0000000000
57227  -27.628  -12.493  52.187 0.0000000000
56020  -26.342  -13.423  53.132 0.0000000000
131219  -27.732  -8.382  60.119 0.0000000000
65653  -30.239  -4.523  58.957 0.0000000000
116105  -30.541  -4.752  58.652 0.0000000000
65663  -30.306  -3.938  58.350 0.0000000000
66599  -37.933  -3.005  53.290 0.0000000000
66614  -37.583  -3.456  53.251 0.0000000000
66600  -38.555  -2.830  52.930 0.0000000000
66616  -39.224  -2.820  52.498 0.0000000000
66617  -40.132  -2.649  51.886 0.0000000000
67554  -42.565  -2.061  50.149 0.0000000000
67561  -42.477  -2.420  49.607 0.0000000000
124759  -41.634  -2.727  48.295 0.0000000000
67572  -42.376  -2.562  48.858 0.0000000000
71628  -45.376  1.019  45.683 0.0000000000
70610  -45.209  0.021  46.182 0.0000000000
69587  -44.976  -0.709  46.624 0.0000000000
68567  -45.074  -1.054  46.311 0.0000000000
68589  -45.105  -1.342  45.356 0.0000000000
112183  -44.474  -1.624  44.468 0.0000000000
68603  -45.417  -1.620  44.368 0.0000000000
67630  -45.637  -2.034  43.486 0.0000000000
68619  -48.129  -0.942  42.279 0.0000000000
67645  -46.859  -1.882  42.402 0.0000000000
68625  -47.493  -1.510  42.127 0.0000000000
68637  -45.340  -2.113  40.446 0.0000000000
128141  -44.893  -0.661  39.188 0.0000000000
72737  -50.855  2.533  39.109 0.0000000000
71708  -51.530  1.630  39.061 0.0000000000
124442  -51.369  0.855  39.048 0.0000000000
69710  -48.504  -0.085  36.067 0.0000000000
123188  -49.048  0.229  36.800 0.0000000000
69709  -47.426  -0.306  36.199 0.0000000000
69708  -46.457  -0.396  36.410 0.0000000000
132443  -45.912  -0.489  35.922 0.0000000000
116432  -45.028  -0.604  34.950 0.0000000000
134797  -44.149  -0.823  34.790 0.0000000000
69733  -44.828  -0.743  34.152 0.0000000000
69751  -44.666  -0.925  33.471 0.0000000000
69767  -44.848  -1.004  32.789 0.0000000000
69801  -46.590  -0.784  30.878 0.0000000000
69807  -52.142  -0.234  30.160 0.0000000000
69825  -51.651  -0.586  29.558 0.0000000000
69845  -51.142  -0.993  28.798 0.0000000000
58388  -15.277  -11.863  58.981 0.0000000000
57159  -17.046  -12.818  57.662 0.0000000000
55987  -16.676  -13.603  56.446 0.0000000000
54814  -16.110  -14.027  55.923 0.0000000000
119759  -15.639  -14.445  55.508 0.0000000000
53561  -15.532  -15.229  54.262 0.0000000000
54839  -16.096  -14.690  54.443 0.0000000000
53578  -16.314  -15.437  53.240 0.0000000000
131736  -16.599  -16.196  52.220 0.0000000000
54802  -20.208  -14.732  57.761 0.0000000000
54818  -19.999  -14.882  57.007 0.0000000000
49741  -21.461  -18.333  50.559 0.0000000000
115571  -19.945  -17.647  50.248 0.0000000000
52244  -18.590  -17.264  50.403 0.0000000000
47675  -19.354  -20.495  49.064 0.0000000000
46692  -20.481  -21.747  49.008 0.0000000000
45699  -20.839  -22.328  49.372 0.0000000000
44760  -22.141  -23.029  49.748 0.0000000000
53488  -26.956  -15.816  61.368 0.0000000000
114103  -26.018  -18.474  57.678 0.0000000000
48599  -26.246  -19.087  57.378 0.0000000000
48613  -26.013  -19.346  56.781 0.0000000000
113698  -29.376  -19.537  53.858 0.0000000000
64892  -34.052  -5.240  47.674 0.0000000000
65785  -35.462  -4.576  48.604 0.0000000000
67528  -30.206  -2.561  52.659 0.0000000000
67529  -31.157  -2.550  52.624 0.0000000000
66625  -31.171  -3.661  51.554 0.0000000000
128583  -30.603  -4.701  50.339 0.0000000000
64873  -30.619  -5.564  49.355 0.0000000000
63979  -32.087  -6.100  49.050 0.0000000000
131650  -39.806  -3.278  32.366 0.0000000000
54741  -22.996  -14.833  62.827 0.0000000000
53464  -23.104  -15.326  62.643 0.0000000000
53475  -23.653  -16.157  62.411 0.0000000000
53466  -24.871  -16.391  62.732 0.0000000000
52105  -24.030  -16.939  62.158 0.0000000000
52115  -23.665  -17.287  61.308 0.0000000000
50732  -23.742  -18.156  59.738 0.0000000000
65832  -36.438  -4.461  43.346 0.0000000000
65843  -36.375  -4.641  42.413 0.0000000000
66735  -37.665  -3.777  41.783 0.0000000000
66720  -38.231  -3.327  42.302 0.0000000000
66749  -38.355  -3.137  40.407 0.0000000000
66759  -38.505  -3.145  39.489 0.0000000000
66760  -39.285  -2.922  39.128 0.0000000000
67693  -40.038  -2.713  39.613 0.0000000000
67694  -41.061  -3.005  39.860 0.0000000000
121830  -40.429  -2.331  40.983 0.0000000000
67681  -42.129  -3.665  40.209 0.0000000000
66750  -43.194  -4.456  40.549 0.0000000000
60717  -32.500  -9.630  59.031 0.0000000000
59565  -32.626  -10.202  58.949 0.0000000000
59577  -32.540  -10.690  58.944 0.0000000000
58411  -32.093  -11.157  58.608 0.0000000000
61872  -32.395  -8.721  57.919 0.0000000000
59594  -32.607  -10.026  57.980 0.0000000000
58424  -31.784  -10.935  57.512 0.0000000000
58423  -30.900  -11.297  56.803 0.0000000000
60793  -28.666  -8.755  52.106 0.0000000000
130147  -29.030  -9.204  52.640 0.0000000000
60802  -28.934  -9.689  52.100 0.0000000000
59650  -28.985  -10.817  51.739 0.0000000000
58488  -28.697  -11.377  51.574 0.0000000000
116731  -28.332  -11.267  50.716 0.0000000000
57254  -28.123  -11.864  51.050 0.0000000000
57240  -27.669  -12.392  51.341 0.0000000000
56043  -26.519  -13.418  51.369 0.0000000000
54876  -25.523  -14.798  51.367 0.0000000000
54892  -25.511  -14.781  50.479 0.0000000000
53625  -25.319  -15.557  49.917 0.0000000000
60896  -28.554  -9.092  44.182 0.0000000000
59790  -27.828  -9.901  42.769 0.0000000000
59789  -27.412  -10.503  42.365 0.0000000000
60939  -28.353  -9.486  41.533 0.0000000000
59803  -27.813  -9.919  41.933 0.0000000000
71629  -46.026  0.784  44.783 0.0000000000
70639  -46.617  0.118  44.233 0.0000000000
69602  -46.455  -0.587  44.368 0.0000000000
69603  -46.993  -0.371  43.758 0.0000000000
123277  -47.520  -0.104  43.281 0.0000000000
69612  -48.086  -0.071  42.658 0.0000000000
71671  -48.201  1.463  42.726 0.0000000000
70671  -48.546  0.830  42.418 0.0000000000
69625  -48.618  -0.243  42.018 0.0000000000
69639  -48.556  -0.357  41.770 0.0000000000
69652  -48.735  -0.152  41.082 0.0000000000
71734  -52.374  1.457  37.287 0.0000000000
70759  -52.414  0.973  37.922 0.0000000000
113974  -52.376  0.824  37.446 0.0000000000
70769  -50.499  0.314  36.300 0.0000000000
70787  -49.380  0.077  35.707 0.0000000000
69721  -48.541  -0.216  35.272 0.0000000000
69736  -47.819  -0.379  34.713 0.0000000000
113990  -47.124  -0.486  33.292 0.0000000000
69770  -48.554  -0.340  32.602 0.0000000000
113005  -47.924  -0.432  32.104 0.0000000000
69802  -47.544  -0.598  30.758 0.0000000000
68790  -47.476  -1.056  29.332 0.0000000000
68832  -52.458  -1.303  27.798 0.0000000000
117017  -52.183  -1.449  27.197 0.0000000000
112847  -51.110  -1.532  26.258 0.0000000000
59542  -16.289  -10.541  60.886 0.0000000000
134962  -16.766  -10.930  60.464 0.0000000000
57130  -17.606  -12.056  59.303 0.0000000000
123934  -17.354  -12.427  58.515 0.0000000000
55988  -17.591  -13.764  56.497 0.0000000000
54815  -17.746  -14.203  55.838 0.0000000000
52184  -21.196  -16.895  54.433 0.0000000000
50837  -21.422  -17.687  52.527 0.0000000000
49721  -22.590  -18.578  51.629 0.0000000000
49720  -21.919  -18.337  51.334 0.0000000000
47688  -23.269  -20.575  48.672 0.0000000000
47677  -24.590  -20.450  49.334 0.0000000000
46695  -24.916  -21.042  49.183 0.0000000000
54792  -26.175  -14.316  58.586 0.0000000000
48601  -27.920  -19.222  57.362 0.0000000000
126875  -31.277  -7.308  42.055 0.0000000000
63023  -31.828  -6.981  42.079 0.0000000000
64020  -32.461  -6.518  42.438 0.0000000000
114051  -33.121  -6.082  42.692 0.0000000000
64926  -33.804  -5.651  43.017 0.0000000000
64928  -35.205  -5.021  43.109 0.0000000000
65831  -35.746  -4.667  43.665 0.0000000000
65807  -35.911  -4.428  46.285 0.0000000000
124082  -36.351  -4.388  44.182 0.0000000000
65822  -37.134  -4.035  43.915 0.0000000000
126554  -37.889  -3.629  44.229 0.0000000000
66698  -38.486  -3.273  44.704 0.0000000000
66699  -39.060  -2.803  44.442 0.0000000000
67621  -40.427  -2.181  44.750 0.0000000000
65696  -30.109  -4.088  56.462 0.0000000000
114733  -29.846  -4.645  55.841 0.0000000000
64814  -29.365  -5.550  54.750 0.0000000000
63919  -29.416  -6.499  54.677 0.0000000000
63927  -29.151  -6.667  53.945 0.0000000000
65732  -29.223  -4.237  52.637 0.0000000000
64836  -29.220  -4.598  52.052 0.0000000000
63934  -28.785  -6.412  52.588 0.0000000000
124835  -28.734  -7.109  52.668 0.0000000000
122732  -28.335  -9.319  50.260 0.0000000000
131559  -27.847  -10.869  48.595 0.0000000000
121789  -27.623  -11.135  47.941 0.0000000000
59701  -27.751  -10.747  47.177 0.0000000000
129689  -27.956  -10.237  46.640 0.0000000000
116063  -28.427  -9.169  47.246 0.0000000000
60880  -28.453  -9.253  45.767 0.0000000000
61985  -28.774  -8.814  45.033 0.0000000000
63977  -30.384  -6.519  48.269 0.0000000000
62982  -30.076  -7.317  47.247 0.0000000000
133400  -29.397  -8.290  45.929 0.0000000000
61986  -29.149  -8.523  44.316 0.0000000000
118094  -29.424  -8.374  43.708 0.0000000000
61994  -29.876  -8.068  43.462 0.0000000000
63013  -30.421  -7.605  43.907 0.0000000000
133540  -29.874  -8.137  42.944 0.0000000000
63021  -30.399  -7.727  42.961 0.0000000000
63022  -31.178  -7.257  42.607 0.0000000000
70825  -52.333  0.387  32.408 0.0000000000
130606  -52.557  0.375  31.739 0.0000000000
69808  -53.022  0.130  30.385 0.0000000000
69827  -53.385  -0.309  29.465 0.0000000000
69848  -53.661  -0.624  28.697 0.0000000000
119148  -53.741  -0.849  28.081 0.0000000000
69871  -53.991  -0.809  26.546 0.0000000000
69872  -54.840  -0.592  26.903 0.0000000000
55915  -19.996  -12.985  61.367 0.0000000000
55946  -20.110  -13.679  60.008 0.0000000000
54777  -20.453  -14.259  59.398 0.0000000000
53533  -21.133  -15.815  56.912 0.0000000000
52125  -22.047  -16.279  59.121 0.0000000000
52155  -21.547  -16.458  56.481 0.0000000000
52167  -21.362  -16.542  55.658 0.0000000000
50788  -21.723  -17.215  55.090 0.0000000000
49696  -23.010  -18.326  54.260 0.0000000000
48673  -24.595  -19.216  52.782 0.0000000000
63034  -32.128  -7.026  41.209 0.0000000000
63048  -32.399  -7.114  40.393 0.0000000000
63059  -32.587  -7.171  39.742 0.0000000000
63060  -33.041  -7.038  39.233 0.0000000000
119014  -33.631  -6.764  38.949 0.0000000000
64935  -36.006  -4.965  41.740 0.0000000000
64949  -36.053  -5.040  41.073 0.0000000000
64960  -35.522  -5.415  40.657 0.0000000000
64052  -35.547  -5.467  39.854 0.0000000000
65897  -41.203  -5.312  38.383 0.0000000000
65911  -42.595  -6.449  37.509 0.0000000000
123370  -42.163  -5.332  36.921 0.0000000000
66799  -41.614  -3.906  36.704 0.0000000000
57097  -27.352  -13.368  61.569 0.0000000000
55910  -27.714  -14.949  62.814 0.0000000000
55921  -28.144  -13.986  62.354 0.0000000000
55922  -29.319  -14.298  62.408 0.0000000000
54767  -28.869  -14.545  62.431 0.0000000000
55935  -29.477  -14.106  62.177 0.0000000000
54766  -28.812  -14.929  62.123 0.0000000000
58380  -31.517  -11.934  60.075 0.0000000000
57132  -29.667  -13.015  59.757 0.0000000000
55947  -26.830  -13.953  59.104 0.0000000000
54803  -25.710  -14.669  57.192 0.0000000000
62902  -30.636  -7.650  56.132 0.0000000000
61889  -31.114  -8.571  56.153 0.0000000000
119372  -30.770  -9.322  55.176 0.0000000000
60766  -31.249  -10.014  55.378 0.0000000000
58436  -30.932  -10.783  55.445 0.0000000000
118080  -30.527  -11.092  54.944 0.0000000000
58435  -29.952  -11.477  55.347 0.0000000000
60794  -29.538  -9.916  52.787 0.0000000000
59635  -29.927  -10.557  53.163 0.0000000000
58463  -30.186  -11.010  53.564 0.0000000000
133996  -29.287  -11.555  52.947 0.0000000000
130891  -29.287  -11.697  55.054 0.0000000000
57188  -28.597  -11.979  55.348 0.0000000000
56009  -26.335  -13.359  54.129 0.0000000000
118353  -25.542  -15.870  54.907 0.0000000000
52185  -25.900  -16.698  54.658 0.0000000000
65736  -35.748  -4.408  52.849 0.0000000000
129856  -36.676  -3.542  53.798 0.0000000000
66586  -36.754  -2.941  54.150 0.0000000000
59513  -16.402  -10.146  62.419 0.0000000000
58325  -17.956  -10.788  62.408 0.0000000000
58326  -18.643  -11.301  62.897 0.0000000000
58341  -19.156  -11.799  62.315 0.0000000000
58327  -19.330  -11.817  63.365 0.0000000000
55898  -21.066  -13.288  63.687 0.0000000000
55908  -21.481  -13.805  63.243 0.0000000000
54732  -21.986  -14.043  63.252 0.0000000000
54733  -22.375  -14.223  63.054 0.0000000000
55900  -22.050  -13.634  63.397 0.0000000000
54734  -22.504  -14.140  63.047 0.0000000000
55909  -23.080  -14.377  62.843 0.0000000000
55918  -24.477  -13.971  61.959 0.0000000000
57113  -26.547  -12.435  60.587 0.0000000000
57114  -27.935  -12.718  61.103 0.0000000000
58360  -28.234  -12.017  60.557 0.0000000000
58378  -28.576  -11.407  60.053 0.0000000000
59562  -28.873  -10.735  59.594 0.0000000000
115495  -30.189  -10.907  59.949 0.0000000000
60716  -31.887  -9.479  59.350 0.0000000000
61853  -32.238  -8.885  58.896 0.0000000000
62870  -32.142  -8.363  58.415 0.0000000000
64767  -30.941  -5.399  58.527 0.0000000000
63888  -31.391  -6.276  58.063 0.0000000000
115093  -31.290  -5.665  57.932 0.0000000000
65697  -30.582  -4.283  57.094 0.0000000000
67465  -30.100  -2.484  57.733 0.0000000000
66573  -30.491  -3.460  57.425 0.0000000000
112782  -28.965  -2.345  54.953 0.0000000000
68463  -29.331  -1.665  54.019 0.0000000000
68464  -29.987  -1.370  53.728 0.0000000000
68447  -30.308  -0.521  54.455 0.0000000000
68465  -31.029  -1.309  53.753 0.0000000000
126562  -32.609  -2.197  53.541 0.0000000000
67512  -33.291  -2.716  53.409 0.0000000000
114158  -35.938  -4.538  52.456 0.0000000000
65752  -36.567  -4.396  52.320 0.0000000000
128848  -36.895  -4.297  51.794 0.0000000000
65739  -37.793  -3.664  52.829 0.0000000000
112984  -37.214  -4.102  51.223 0.0000000000
65766  -37.753  -3.776  50.210 0.0000000000
67532  -40.464  -2.285  51.788 0.0000000000
66629  -40.815  -2.635  51.171 0.0000000000
66630  -41.517  -2.241  50.938 0.0000000000
66645  -39.710  -3.328  49.847 0.0000000000
66653  -39.310  -3.366  48.797 0.0000000000
66674  -39.956  -2.901  47.213 0.0000000000
67600  -40.452  -2.611  46.724 0.0000000000
67612  -40.624  -2.376  45.955 0.0000000000
68585  -41.049  -1.784  44.568 0.0000000000
68545  -44.167  -1.269  48.093 0.0000000000
68557  -44.014  -1.544  48.165 0.0000000000
68566  -44.691  -1.243  46.985 0.0000000000
115643  -44.295  -1.510  46.746 0.0000000000
133699  -42.822  -1.941  46.661 0.0000000000
68573  -42.251  -1.639  45.363 0.0000000000
68586  -41.687  -1.627  44.754 0.0000000000
68600  -41.638  -1.557  43.893 0.0000000000
66738  -44.232  -3.947  41.333 0.0000000000
65875  -43.932  -4.588  40.761 0.0000000000
68605  -46.605  -1.364  43.696 0.0000000000
67631  -46.254  -1.881  43.292 0.0000000000
67643  -45.761  -2.555  42.676 0.0000000000
67663  -45.800  -2.993  42.065 0.0000000000
66722  -45.250  -3.296  42.030 0.0000000000
65863  -44.416  -4.359  40.897 0.0000000000
128087  -44.154  -4.764  40.358 0.0000000000
65886  -44.116  -4.749  39.824 0.0000000000
133919  -43.977  -4.384  39.499 0.0000000000
122976  -43.657  -3.803  39.087 0.0000000000
67705  -43.609  -2.556  38.866 0.0000000000
67704  -43.123  -3.154  38.476 0.0000000000
67718  -42.572  -2.591  37.741 0.0000000000
67731  -42.073  -2.103  36.934 0.0000000000
68695  -42.487  -1.403  36.463 0.0000000000
70705  -49.864  0.793  40.762 0.0000000000
70704  -48.798  0.252  40.399 0.0000000000
70721  -47.762  0.159  40.026 0.0000000000
70745  -52.087  0.974  38.411 0.0000000000
127747  -51.541  0.676  38.490 0.0000000000
70744  -50.444  0.532  38.586 0.0000000000
117578  -49.180  0.469  38.232 0.0000000000
70743  -49.394  0.513  39.005 0.0000000000
117653  -47.428  0.374  39.236 0.0000000000
121604  -46.949  0.135  39.714 0.0000000000
70720  -46.495  0.213  39.179 0.0000000000
69668  -45.246  -0.290  38.371 0.0000000000
122460  -44.702  -0.456  37.658 0.0000000000
69682  -43.867  -0.715  37.807 0.0000000000
69693  -43.417  -0.857  37.207 0.0000000000
67772  -42.501  -1.940  31.893 0.0000000000
68767  -42.724  -2.047  31.244 0.0000000000
126295  -45.900  -0.641  32.942 0.0000000000
69768  -45.464  -0.811  32.565 0.0000000000
68739  -45.048  -1.082  32.041 0.0000000000
69800  -45.949  -0.898  31.310 0.0000000000
68756  -45.313  -1.135  31.324 0.0000000000
68755  -44.599  -1.356  31.487 0.0000000000
68768  -43.423  -1.832  31.034 0.0000000000
67783  -43.171  -2.169  30.295 0.0000000000
116897  -49.986  -0.323  31.149 0.0000000000
69805  -50.337  -0.432  30.431 0.0000000000
69804  -49.438  -0.475  30.502 0.0000000000
69822  -48.833  -0.640  29.843 0.0000000000
68791  -48.311  -0.952  29.172 0.0000000000
68813  -51.120  -1.368  28.108 0.0000000000
68812  -50.398  -1.249  28.301 0.0000000000
117583  -50.032  -1.521  26.992 0.0000000000
68829  -49.648  -1.403  27.781 0.0000000000
68810  -48.768  -1.261  28.369 0.0000000000
68809  -47.750  -1.317  28.566 0.0000000000
129306  -15.436  -11.402  59.580 0.0000000000
57158  -16.031  -12.751  57.743 0.0000000000
50804  -14.877  -17.440  53.882 0.0000000000
120781  -14.955  -15.933  54.135 0.0000000000
52199  -15.238  -16.548  53.476 0.0000000000
55945  -19.486  -13.291  59.669 0.0000000000
55959  -18.678  -13.272  58.489 0.0000000000
54801  -19.501  -14.357  57.500 0.0000000000
133063  -19.057  -13.983  57.607 0.0000000000
54816  -18.466  -14.264  56.358 0.0000000000
54829  -18.306  -14.546  55.361 0.0000000000
54841  -17.781  -14.625  54.666 0.0000000000
52183  -20.671  -16.286  54.633 0.0000000000
53566  -20.110  -15.956  54.106 0.0000000000
52221  -20.079  -16.706  52.439 0.0000000000
52201  -19.390  -15.758  53.524 0.0000000000
118739  -18.576  -15.328  53.785 0.0000000000
53563  -17.759  -14.919  53.981 0.0000000000
52218  -17.311  -15.997  51.938 0.0000000000
52230  -16.805  -16.822  51.635 0.0000000000
50851  -17.356  -17.302  51.016 0.0000000000
52098  -27.453  -16.641  62.991 0.0000000000
118378  -26.901  -17.034  63.004 0.0000000000
52117  -26.618  -16.626  61.946 0.0000000000
52107  -26.346  -17.075  62.593 0.0000000000
50714  -25.386  -17.336  62.032 0.0000000000
129763  -24.020  -18.325  59.649 0.0000000000
49639  -23.985  -18.435  59.110 0.0000000000
49640  -24.561  -18.360  58.654 0.0000000000
49650  -23.989  -18.487  58.098 0.0000000000
48642  -25.187  -19.281  55.093 0.0000000000
48658  -24.762  -19.155  54.273 0.0000000000
48659  -25.078  -19.293  53.593 0.0000000000
119054  -25.475  -19.419  52.868 0.0000000000
125674  -25.789  -19.533  52.159 0.0000000000
50773  -27.559  -17.871  56.800 0.0000000000
129603  -28.934  -18.755  57.647 0.0000000000
48630  -28.903  -19.545  56.990 0.0000000000
112655  -27.327  -19.489  54.780 0.0000000000
132997  -27.252  -19.503  54.103 0.0000000000
48717  -26.978  -19.976  50.878 0.0000000000
45700  -21.674  -22.420  49.225 0.0000000000
46691  -19.809  -21.299  49.092 0.0000000000
46693  -21.193  -21.772  48.785 0.0000000000
46694  -23.764  -21.664  48.842 0.0000000000
46708  -23.345  -21.201  48.629 0.0000000000
48731  -22.576  -19.425  49.334 0.0000000000
50854  -20.332  -17.410  51.191 0.0000000000
50869  -18.544  -17.927  49.823 0.0000000000
52217  -16.123  -16.808  52.281 0.0000000000
52232  -18.603  -16.595  51.238 0.0000000000
53468  -27.225  -16.663  63.123 0.0000000000
53477  -27.776  -16.208  62.881 0.0000000000
53532  -20.457  -15.423  56.571 0.0000000000
53593  -17.742  -15.301  53.201 0.0000000000
54745  -28.120  -15.440  62.703 0.0000000000
54776  -19.859  -14.026  58.729 0.0000000000
58381  -32.314  -10.858  59.315 0.0000000000
59564  -32.183  -10.546  59.431 0.0000000000
59593  -32.438  -10.539  58.209 0.0000000000
60713  -28.081  -10.003  59.211 0.0000000000
60718  -32.550  -9.562  58.704 0.0000000000
60747  -32.587  -9.545  58.202 0.0000000000
61873  -32.330  -8.420  57.975 0.0000000000
62877  -32.141  -8.030  58.117 0.0000000000
63880  -31.357  -6.861  58.460 0.0000000000
64041  -33.073  -6.858  40.056 0.0000000000
64758  -30.134  -5.148  59.398 0.0000000000
64776  -31.135  -5.362  58.162 0.0000000000
64980  -43.532  -5.820  39.107 0.0000000000
64996  -43.153  -6.500  38.738 0.0000000000
65737  -36.428  -4.303  53.004 0.0000000000
66557  -30.646  -4.220  58.009 0.0000000000
67515  -37.614  -2.731  53.663 0.0000000000
67574  -43.572  -1.868  48.779 0.0000000000
67664  -46.339  -2.563  42.048 0.0000000000
67684  -46.245  -2.287  41.574 0.0000000000
68564  -43.588  -1.754  46.724 0.0000000000
68574  -42.963  -1.691  46.015 0.0000000000
68618  -47.516  -1.363  42.706 0.0000000000
68839  -51.660  -1.512  26.752 0.0000000000
69611  -47.470  -0.699  43.275 0.0000000000
69692  -43.031  -1.002  36.703 0.0000000000
69716  -43.097  -0.992  36.004 0.0000000000
69717  -43.844  -0.763  35.666 0.0000000000
70746  -52.327  1.252  37.940 0.0000000000
70753  -45.884  -0.137  37.821 0.0000000000
70754  -46.588  0.051  37.714 0.0000000000
72739  -51.539  2.013  38.722 0.0000000000
72750  -51.995  1.597  38.318 0.0000000000
119546  -17.190  -18.002  50.850 0.0000000000
125665  -22.620  -20.328  48.575 0.0000000000
125793  -47.059  -1.513  28.402 0.0000000000
128176  -36.743  -3.965  53.420 0.0000000000
129037  -38.389  -3.529  48.629 0.0000000000
129261  -33.686  -5.395  47.324 0.0000000000
130572  -40.675  -2.721  35.177 0.0000000000
131097  -32.142  -8.655  58.788 0.0000000000
132507  -16.063  -11.950  58.760 0.0000000000
132679  -33.800  -5.459  44.551 0.0000000000
133084  -28.604  -6.478  51.350 0.0000000000
133285  -35.798  -4.444  47.424 0.0000000000
134838  -27.786  -11.166  48.964 0.0000000000
