#!ascii label  , from subject sub-v2s15x29739_ses-1 vox2ras=TkReg
1349
69744  -36.401  0.200  33.845 0.0000000000
70918  -52.958  0.725  25.996 0.0000000000
70863  -44.305  0.551  29.709 0.0000000000
53509  -7.933  -15.074  58.265 0.0000000000
65871  -33.193  -3.972  39.846 0.0000000000
59546  -22.055  -10.462  60.547 0.0000000000
65707  -26.438  -4.858  55.068 0.0000000000
67606  -28.189  -2.696  45.791 0.0000000000
130918  -32.370  -2.608  45.973 0.0000000000
58455  -15.656  -10.936  53.278 0.0000000000
60708  -18.540  -8.942  59.287 0.0000000000
114655  -19.330  -11.729  53.315 0.0000000000
61932  -25.600  -8.426  50.816 0.0000000000
113592  -26.328  -4.847  47.849 0.0000000000
121282  -38.640  -0.215  40.023 0.0000000000
71742  -41.143  2.123  36.702 0.0000000000
114751  -48.715  1.577  27.766 0.0000000000
69796  -39.873  -1.043  31.149 0.0000000000
72920  -50.229  2.938  21.915 0.0000000000
50717  -4.329  -16.902  60.441 0.0000000000
68598  -36.170  -1.218  43.785 0.0000000000
67728  -35.270  -2.156  36.733 0.0000000000
58459  -23.547  -11.856  54.014 0.0000000000
112915  -25.550  -8.941  57.736 0.0000000000
70786  -45.638  1.146  34.997 0.0000000000
71970  -57.348  1.886  17.666 0.0000000000
66703  -26.870  -3.309  43.718 0.0000000000
65828  -29.068  -4.089  43.321 0.0000000000
58457  -17.090  -10.806  52.794 0.0000000000
133717  -25.664  -6.745  45.113 0.0000000000
128513  -25.483  -4.350  44.310 0.0000000000
128878  -26.544  -2.884  46.323 0.0000000000
69704  -36.984  0.773  36.209 0.0000000000
70739  -39.266  1.492  37.943 0.0000000000
70796  -38.304  1.445  34.418 0.0000000000
71876  -50.733  1.360  27.014 0.0000000000
117538  -51.275  1.975  29.196 0.0000000000
71902  -54.797  1.848  24.638 0.0000000000
52151  -6.796  -16.569  56.333 0.0000000000
52111  -6.196  -15.960  59.664 0.0000000000
66709  -33.155  -3.203  43.089 0.0000000000
67610  -34.849  -2.086  44.811 0.0000000000
130290  -34.659  -2.505  41.811 0.0000000000
68635  -35.900  -1.628  40.179 0.0000000000
66784  -34.298  -3.398  37.952 0.0000000000
60693  -19.926  -9.479  60.375 0.0000000000
62837  -19.201  -8.235  61.945 0.0000000000
62817  -21.768  -8.648  62.915 0.0000000000
120858  -23.871  -8.418  62.673 0.0000000000
56057  -21.928  -13.162  50.647 0.0000000000
58512  -23.500  -11.614  49.929 0.0000000000
62927  -26.279  -6.823  52.601 0.0000000000
133078  -25.484  -8.760  54.131 0.0000000000
124414  -26.597  -6.840  56.332 0.0000000000
63877  -26.844  -6.844  59.600 0.0000000000
55997  -12.050  -13.212  55.041 0.0000000000
58387  -12.150  -10.798  57.954 0.0000000000
60691  -11.539  -9.212  60.256 0.0000000000
69799  -42.233  -0.171  30.327 0.0000000000
70811  -42.988  0.312  32.924 0.0000000000
70823  -45.114  0.797  32.386 0.0000000000
73939  -59.335  3.558  15.881 0.0000000000
55903  -6.656  -13.461  62.316 0.0000000000
68517  -29.859  -1.119  48.892 0.0000000000
127723  -32.489  -1.402  49.175 0.0000000000
67596  -30.732  -2.514  46.542 0.0000000000
66707  -31.504  -3.591  43.537 0.0000000000
59609  -14.805  -10.298  55.618 0.0000000000
60728  -15.887  -8.926  57.897 0.0000000000
60764  -16.988  -9.784  55.748 0.0000000000
59587  -18.834  -10.101  56.758 0.0000000000
58389  -20.951  -11.216  58.019 0.0000000000
59683  -24.539  -10.386  48.596 0.0000000000
61970  -25.379  -8.495  46.996 0.0000000000
62955  -26.103  -6.917  49.423 0.0000000000
113156  -26.542  -4.982  50.821 0.0000000000
116429  -26.406  -3.013  49.203 0.0000000000
127343  -27.313  -1.199  48.120 0.0000000000
57207  -13.820  -12.732  52.704 0.0000000000
70652  -39.183  0.128  43.750 0.0000000000
71626  -41.606  1.670  45.689 0.0000000000
70670  -41.378  0.514  42.502 0.0000000000
71701  -42.183  1.735  40.544 0.0000000000
71847  -46.538  1.130  29.056 0.0000000000
121701  -47.044  1.306  30.986 0.0000000000
71817  -49.209  1.568  30.342 0.0000000000
48531  0.514  -19.073  64.265 0.0000000000
68734  -38.531  -1.284  32.293 0.0000000000
68806  -39.862  -1.042  28.680 0.0000000000
118478  -43.714  0.460  27.214 0.0000000000
70931  -45.248  0.598  25.799 0.0000000000
115669  -47.615  0.559  25.226 0.0000000000
70951  -50.049  0.433  24.625 0.0000000000
71914  -51.666  1.557  23.555 0.0000000000
72905  -49.101  2.388  22.260 0.0000000000
54735  -4.667  -14.590  62.716 0.0000000000
52078  -2.602  -15.824  63.263 0.0000000000
50688  -0.687  -16.826  63.906 0.0000000000
70582  -37.914  -0.028  48.925 0.0000000000
67570  -34.473  -2.134  48.279 0.0000000000
68556  -36.180  -1.475  47.341 0.0000000000
69593  -37.525  -0.260  45.343 0.0000000000
69622  -37.853  -0.354  42.283 0.0000000000
69679  -36.917  -0.570  38.707 0.0000000000
69726  -35.636  -0.236  34.803 0.0000000000
62835  -17.570  -7.408  61.610 0.0000000000
57197  -21.652  -12.530  54.532 0.0000000000
113103  -23.076  -11.805  57.793 0.0000000000
59642  -24.514  -10.286  52.341 0.0000000000
59615  -24.527  -10.627  55.881 0.0000000000
60712  -24.336  -9.224  59.485 0.0000000000
62854  -24.919  -7.887  60.975 0.0000000000
53540  -8.663  -15.527  55.623 0.0000000000
54823  -10.420  -14.592  55.449 0.0000000000
55954  -9.531  -13.615  58.610 0.0000000000
69732  -40.623  0.185  33.943 0.0000000000
134957  -42.806  2.052  35.756 0.0000000000
72763  -45.412  2.853  37.528 0.0000000000
112911  -47.420  1.344  33.973 0.0000000000
72891  -53.368  3.229  23.162 0.0000000000
73874  -54.917  4.423  22.291 0.0000000000
74799  -57.064  5.585  20.636 0.0000000000
72955  -55.463  1.800  19.112 0.0000000000
74810  -58.220  5.316  19.306 0.0000000000
66702  -25.997  -3.452  43.401 0.0000000000
65836  -26.949  -3.725  42.800 0.0000000000
65854  -26.038  -3.860  41.484 0.0000000000
64925  -25.226  -5.096  43.282 0.0000000000
121628  -25.289  -4.355  42.959 0.0000000000
65819  -25.733  -3.668  44.053 0.0000000000
69715  -36.639  0.988  35.214 0.0000000000
70765  -37.403  1.498  35.691 0.0000000000
69745  -37.308  0.019  33.627 0.0000000000
70917  -52.028  0.678  26.201 0.0000000000
71868  -52.211  1.678  27.519 0.0000000000
71869  -53.172  1.784  27.454 0.0000000000
71880  -54.842  1.616  26.412 0.0000000000
71901  -53.949  1.323  24.922 0.0000000000
53527  -7.539  -15.723  57.207 0.0000000000
52139  -6.441  -16.488  57.867 0.0000000000
53495  -7.244  -15.326  59.343 0.0000000000
66745  -33.007  -3.887  40.704 0.0000000000
67634  -33.851  -2.811  42.813 0.0000000000
66746  -33.624  -3.555  40.362 0.0000000000
67690  -34.667  -2.772  39.791 0.0000000000
66771  -33.887  -3.678  38.628 0.0000000000
61843  -13.728  -8.482  59.536 0.0000000000
59545  -21.270  -10.315  60.559 0.0000000000
61810  -20.512  -9.092  62.219 0.0000000000
60682  -22.127  -9.518  61.677 0.0000000000
112356  -22.577  -8.543  63.006 0.0000000000
60683  -23.041  -9.199  61.443 0.0000000000
132187  -26.422  -5.944  53.950 0.0000000000
63918  -26.348  -6.582  54.582 0.0000000000
64800  -26.417  -5.789  54.865 0.0000000000
64783  -26.834  -5.781  57.400 0.0000000000
58415  -13.453  -10.906  56.304 0.0000000000
59571  -13.181  -9.734  57.990 0.0000000000
60705  -12.580  -9.136  59.349 0.0000000000
70584  -39.469  0.831  48.508 0.0000000000
70845  -42.920  0.095  29.903 0.0000000000
70832  -43.574  0.411  31.122 0.0000000000
70847  -44.418  0.607  30.647 0.0000000000
68554  -29.003  -1.605  47.630 0.0000000000
67566  -30.730  -1.829  47.767 0.0000000000
120001  -29.935  -2.364  46.694 0.0000000000
66706  -30.610  -3.729  43.748 0.0000000000
65839  -30.305  -4.387  42.378 0.0000000000
65840  -31.194  -4.272  42.173 0.0000000000
58442  -15.414  -10.748  54.086 0.0000000000
59610  -15.648  -10.034  55.337 0.0000000000
59631  -16.235  -10.528  53.799 0.0000000000
58458  -18.486  -11.272  53.400 0.0000000000
59613  -18.016  -10.334  55.235 0.0000000000
59614  -19.194  -11.112  54.918 0.0000000000
59589  -19.997  -10.635  57.136 0.0000000000
58417  -20.256  -11.188  56.286 0.0000000000
60879  -24.990  -9.356  45.774 0.0000000000
63986  -26.038  -6.013  46.888 0.0000000000
128423  -25.853  -7.008  46.804 0.0000000000
63975  -26.199  -6.191  48.307 0.0000000000
63954  -26.323  -6.265  49.917 0.0000000000
121410  -26.412  -5.439  49.451 0.0000000000
65760  -26.516  -4.116  50.746 0.0000000000
65783  -26.352  -4.196  48.442 0.0000000000
67605  -27.322  -2.454  46.059 0.0000000000
67578  -26.925  -1.953  47.234 0.0000000000
129173  -27.416  -1.852  46.992 0.0000000000
68537  -28.893  -1.205  48.370 0.0000000000
57220  -14.614  -12.216  52.280 0.0000000000
70687  -38.978  -0.157  41.998 0.0000000000
120039  -39.864  0.221  43.146 0.0000000000
70688  -39.559  -0.054  41.419 0.0000000000
71727  -40.447  1.914  37.430 0.0000000000
71706  -40.747  1.504  39.043 0.0000000000
71718  -41.384  1.875  38.584 0.0000000000
115535  -42.822  2.441  39.206 0.0000000000
72760  -42.774  2.544  37.807 0.0000000000
71864  -47.792  1.418  27.947 0.0000000000
71831  -47.967  1.527  29.514 0.0000000000
71849  -48.356  1.588  28.642 0.0000000000
72817  -52.826  2.447  29.363 0.0000000000
113448  -44.953  0.635  26.679 0.0000000000
70930  -44.357  0.638  25.160 0.0000000000
70947  -46.521  0.515  24.367 0.0000000000
70948  -47.394  0.473  24.256 0.0000000000
70950  -49.058  0.407  25.024 0.0000000000
70963  -48.496  0.802  23.158 0.0000000000
71912  -49.412  1.007  23.100 0.0000000000
120917  -4.919  -17.293  59.063 0.0000000000
50716  -3.667  -17.504  60.427 0.0000000000
57067  -6.032  -12.218  63.559 0.0000000000
55902  -5.836  -13.597  62.678 0.0000000000
57065  -4.364  -12.315  64.526 0.0000000000
54718  -2.491  -13.968  65.059 0.0000000000
53443  -1.926  -14.754  65.153 0.0000000000
52077  -1.488  -16.122  63.869 0.0000000000
52069  -1.323  -16.402  65.038 0.0000000000
50678  -1.013  -17.354  64.977 0.0000000000
67568  -32.578  -1.894  47.954 0.0000000000
67559  -33.854  -1.877  48.897 0.0000000000
67585  -34.071  -2.236  47.481 0.0000000000
68583  -35.487  -1.638  44.352 0.0000000000
68562  -35.638  -1.667  45.986 0.0000000000
68572  -36.155  -1.202  45.553 0.0000000000
69575  -36.754  -0.780  46.899 0.0000000000
69592  -36.819  -0.675  45.011 0.0000000000
122454  -37.499  -0.412  43.656 0.0000000000
134432  -36.901  -0.838  42.515 0.0000000000
68652  -35.668  -1.680  38.867 0.0000000000
68653  -36.336  -1.175  39.398 0.0000000000
68683  -35.698  -1.531  37.220 0.0000000000
129167  -36.084  -0.849  36.835 0.0000000000
68692  -35.731  -1.267  36.401 0.0000000000
60729  -17.194  -8.969  58.006 0.0000000000
61828  -16.942  -7.956  60.141 0.0000000000
116278  -17.773  -8.095  60.416 0.0000000000
57224  -22.656  -12.670  52.000 0.0000000000
56018  -21.858  -12.899  53.097 0.0000000000
57198  -22.447  -12.503  54.552 0.0000000000
57172  -22.385  -12.264  56.471 0.0000000000
57186  -23.151  -12.118  55.499 0.0000000000
60817  -24.931  -9.728  49.039 0.0000000000
59657  -24.518  -10.362  50.521 0.0000000000
114327  -24.993  -9.630  51.493 0.0000000000
61880  -25.996  -8.562  56.160 0.0000000000
60765  -25.305  -9.507  55.485 0.0000000000
60746  -25.402  -9.407  56.995 0.0000000000
59591  -24.404  -10.437  57.408 0.0000000000
61863  -24.965  -8.865  59.104 0.0000000000
61848  -24.755  -8.587  59.917 0.0000000000
61849  -25.394  -8.223  59.500 0.0000000000
120730  -26.404  -1.918  52.061 0.0000000000
54824  -11.014  -14.151  55.203 0.0000000000
55983  -10.657  -13.776  56.668 0.0000000000
54797  -10.042  -14.109  57.060 0.0000000000
61795  -11.268  -7.794  62.251 0.0000000000
68735  -39.162  -1.276  31.704 0.0000000000
69747  -39.229  -0.305  33.519 0.0000000000
69764  -40.449  -0.520  32.677 0.0000000000
117402  -44.073  0.608  33.752 0.0000000000
132285  -42.796  0.597  34.273 0.0000000000
70784  -43.990  1.201  35.223 0.0000000000
134324  -44.463  2.325  36.658 0.0000000000
71744  -45.147  1.976  36.419 0.0000000000
127536  -48.197  1.496  31.908 0.0000000000
131617  -47.613  1.412  32.544 0.0000000000
71786  -48.845  1.495  33.328 0.0000000000
72888  -50.969  2.087  23.063 0.0000000000
71915  -52.470  1.914  23.561 0.0000000000
72908  -51.381  2.593  22.553 0.0000000000
72923  -53.056  2.784  21.494 0.0000000000
72924  -53.926  2.623  21.095 0.0000000000
130577  -55.343  4.626  21.772 0.0000000000
73883  -55.494  3.850  21.042 0.0000000000
71993  -56.139  1.656  17.604 0.0000000000
129913  -54.873  2.001  18.540 0.0000000000
71969  -56.926  1.968  18.486 0.0000000000
73893  -57.061  4.402  19.532 0.0000000000
73906  -58.389  4.449  18.353 0.0000000000
73915  -58.664  3.912  17.530 0.0000000000
73941  -60.072  3.916  15.787 0.0000000000
66679  -28.276  -3.147  45.086 0.0000000000
66680  -29.225  -3.068  45.578 0.0000000000
115587  -27.883  -3.489  44.015 0.0000000000
65837  -28.338  -4.171  42.679 0.0000000000
58456  -16.431  -10.779  52.997 0.0000000000
64007  -25.462  -6.090  43.839 0.0000000000
64909  -25.567  -5.040  44.913 0.0000000000
64910  -25.768  -4.822  45.655 0.0000000000
134542  -26.021  -3.761  46.300 0.0000000000
120386  -25.864  -3.854  45.640 0.0000000000
114699  -26.653  -3.128  44.878 0.0000000000
69681  -38.034  0.169  38.471 0.0000000000
70717  -38.790  0.250  39.040 0.0000000000
70751  -38.104  1.411  37.130 0.0000000000
71740  -39.148  2.012  36.419 0.0000000000
71756  -39.799  1.943  35.684 0.0000000000
71875  -49.877  1.435  27.028 0.0000000000
71851  -50.142  1.788  28.245 0.0000000000
71866  -50.444  1.678  27.575 0.0000000000
72836  -52.586  2.203  28.550 0.0000000000
72878  -56.023  3.735  24.639 0.0000000000
132887  -5.869  -16.836  58.246 0.0000000000
52122  -5.481  -16.552  59.576 0.0000000000
67617  -32.692  -2.863  44.612 0.0000000000
67599  -34.104  -2.359  46.085 0.0000000000
67625  -33.648  -2.735  43.642 0.0000000000
67626  -34.404  -2.411  43.364 0.0000000000
67627  -35.160  -1.971  43.025 0.0000000000
117300  -35.930  -1.612  41.755 0.0000000000
67677  -35.438  -2.065  40.736 0.0000000000
128531  -35.142  -2.274  39.255 0.0000000000
67715  -34.770  -2.780  38.012 0.0000000000
60709  -19.248  -9.208  59.833 0.0000000000
113961  -18.849  -8.737  60.275 0.0000000000
114256  -19.657  -8.693  61.895 0.0000000000
62816  -20.820  -8.711  62.794 0.0000000000
61784  -23.461  -8.753  63.567 0.0000000000
57251  -22.434  -12.809  50.154 0.0000000000
57239  -23.102  -12.154  51.414 0.0000000000
62934  -25.867  -7.811  51.313 0.0000000000
61916  -25.562  -8.497  52.437 0.0000000000
61908  -25.927  -7.709  53.552 0.0000000000
61888  -26.136  -8.086  55.554 0.0000000000
61871  -26.480  -7.859  57.225 0.0000000000
62864  -26.110  -7.713  58.968 0.0000000000
132949  -26.742  -7.239  57.360 0.0000000000
56007  -12.915  -12.992  53.916 0.0000000000
57181  -12.475  -12.552  55.431 0.0000000000
58401  -11.799  -11.593  57.622 0.0000000000
58370  -11.202  -10.897  59.017 0.0000000000
60704  -11.943  -9.423  59.636 0.0000000000
69798  -41.404  -0.440  30.716 0.0000000000
69765  -41.333  -0.317  32.397 0.0000000000
69766  -42.117  -0.076  31.968 0.0000000000
70812  -43.805  0.496  32.957 0.0000000000
122614  -44.793  0.738  33.757 0.0000000000
73870  -49.828  3.292  21.342 0.0000000000
72921  -50.968  2.885  21.960 0.0000000000
73881  -50.821  3.258  20.554 0.0000000000
72014  -56.253  1.781  16.706 0.0000000000
72966  -58.807  3.356  16.654 0.0000000000
72015  -57.133  1.773  16.105 0.0000000000
72032  -57.752  1.983  15.119 0.0000000000
55929  -8.337  -13.772  60.442 0.0000000000
54748  -7.691  -13.882  61.054 0.0000000000
69552  -31.730  -0.765  49.997 0.0000000000
68518  -30.811  -1.152  49.039 0.0000000000
67567  -31.680  -1.874  47.850 0.0000000000
67597  -31.680  -2.535  46.427 0.0000000000
66681  -30.159  -3.167  45.317 0.0000000000
66682  -31.044  -3.147  45.094 0.0000000000
66683  -31.891  -3.021  44.849 0.0000000000
66708  -32.367  -3.413  43.315 0.0000000000
65841  -32.020  -4.034  41.914 0.0000000000
59599  -14.501  -10.044  56.347 0.0000000000
60727  -15.169  -8.950  58.037 0.0000000000
59600  -15.315  -9.800  56.102 0.0000000000
60741  -16.489  -9.106  57.373 0.0000000000
60742  -17.484  -9.329  57.170 0.0000000000
59632  -16.967  -10.539  53.603 0.0000000000
59601  -17.616  -10.013  55.693 0.0000000000
60743  -18.661  -9.760  57.529 0.0000000000
130646  -19.626  -9.992  58.619 0.0000000000
112402  -20.438  -10.414  59.237 0.0000000000
59557  -21.401  -10.752  59.815 0.0000000000
60840  -24.796  -9.782  47.312 0.0000000000
60828  -25.333  -8.912  48.547 0.0000000000
119560  -25.579  -7.848  46.402 0.0000000000
62979  -25.732  -7.452  47.956 0.0000000000
62954  -25.833  -7.595  49.715 0.0000000000
62935  -26.144  -7.071  51.088 0.0000000000
129826  -26.453  -6.147  52.595 0.0000000000
118217  -26.509  -4.932  53.001 0.0000000000
113620  -26.498  -4.034  53.865 0.0000000000
113835  -26.518  -3.862  51.640 0.0000000000
67541  -26.454  -2.831  51.713 0.0000000000
67552  -26.500  -1.971  50.392 0.0000000000
66658  -26.323  -2.889  47.344 0.0000000000
67565  -26.552  -2.126  48.540 0.0000000000
132013  -27.099  -0.671  49.902 0.0000000000
69548  -27.704  -0.531  49.467 0.0000000000
116440  -13.645  -12.549  53.567 0.0000000000
70622  -39.353  0.578  45.518 0.0000000000
70623  -40.110  0.724  45.273 0.0000000000
70637  -41.167  0.795  44.319 0.0000000000
118089  -42.193  0.826  42.908 0.0000000000
70702  -40.449  0.604  40.261 0.0000000000
71691  -41.819  1.213  40.960 0.0000000000
114870  -44.978  0.733  29.102 0.0000000000
71828  -45.728  0.870  30.155 0.0000000000
71829  -46.347  1.048  29.898 0.0000000000
71804  -48.030  1.480  31.092 0.0000000000
71805  -49.202  1.521  31.467 0.0000000000
71832  -50.656  1.811  29.584 0.0000000000
123128  -50.457  1.666  30.853 0.0000000000
68732  -36.337  -1.176  32.570 0.0000000000
125244  -37.127  -1.216  32.564 0.0000000000
113020  -36.894  -1.617  31.960 0.0000000000
68752  -38.345  -1.583  31.429 0.0000000000
112272  -39.033  -1.450  30.830 0.0000000000
68765  -39.795  -1.133  30.354 0.0000000000
69817  -40.817  -0.682  29.307 0.0000000000
128827  -41.684  -0.420  29.238 0.0000000000
70861  -42.875  0.037  29.107 0.0000000000
70895  -43.985  0.516  28.026 0.0000000000
128812  -44.814  0.672  28.220 0.0000000000
70897  -46.341  0.943  27.396 0.0000000000
125001  -46.743  0.828  26.597 0.0000000000
127374  -45.124  0.594  24.845 0.0000000000
116430  -47.049  0.669  25.807 0.0000000000
114754  -48.437  1.010  26.388 0.0000000000
124062  -48.950  0.693  25.824 0.0000000000
70935  -50.600  0.471  25.522 0.0000000000
117408  -51.055  0.486  24.751 0.0000000000
71900  -52.325  1.014  24.172 0.0000000000
70952  -51.453  0.790  24.125 0.0000000000
71913  -50.221  1.493  23.103 0.0000000000
72906  -49.894  2.526  22.310 0.0000000000
73869  -49.050  3.347  21.300 0.0000000000
54747  -6.607  -14.528  61.414 0.0000000000
53470  -5.514  -15.350  61.430 0.0000000000
53469  -4.779  -15.637  61.678 0.0000000000
55892  -3.386  -13.610  64.444 0.0000000000
53448  -3.836  -14.870  63.098 0.0000000000
52099  -3.594  -16.546  61.619 0.0000000000
50697  -2.793  -16.795  61.978 0.0000000000
50696  -1.930  -17.037  62.401 0.0000000000
49599  -0.574  -18.043  62.702 0.0000000000
50687  0.163  -18.023  64.234 0.0000000000
70583  -38.605  0.418  48.736 0.0000000000
68521  -35.732  -1.931  49.937 0.0000000000
121272  -34.562  -2.258  46.773 0.0000000000
68555  -35.682  -1.959  47.693 0.0000000000
69564  -37.343  -0.443  48.312 0.0000000000
69576  -37.378  -0.330  47.420 0.0000000000
129771  -38.257  0.250  46.357 0.0000000000
70621  -38.712  0.332  45.075 0.0000000000
70651  -38.609  -0.096  43.467 0.0000000000
69637  -38.323  -0.294  41.691 0.0000000000
68623  -36.644  -1.156  41.400 0.0000000000
69648  -37.518  -0.601  40.469 0.0000000000
124461  -37.521  -0.312  38.860 0.0000000000
69691  -37.217  0.381  37.177 0.0000000000
69714  -36.075  0.192  35.340 0.0000000000
69743  -35.755  -0.067  34.106 0.0000000000
65893  -33.288  -4.270  38.395 0.0000000000
66770  -33.754  -3.946  37.902 0.0000000000
66797  -34.185  -3.519  36.327 0.0000000000
123457  -34.765  -2.747  36.120 0.0000000000
67737  -34.718  -2.368  35.246 0.0000000000
68706  -34.772  -1.086  34.046 0.0000000000
68718  -35.307  -0.524  33.604 0.0000000000
68731  -35.298  -1.006  32.728 0.0000000000
62813  -18.610  -7.773  62.109 0.0000000000
57222  -19.583  -12.251  52.542 0.0000000000
56017  -21.071  -12.896  53.038 0.0000000000
57196  -20.721  -12.235  54.465 0.0000000000
58418  -21.198  -11.793  56.672 0.0000000000
58406  -22.280  -11.941  57.730 0.0000000000
58376  -22.949  -11.297  59.090 0.0000000000
58529  -24.138  -11.013  48.853 0.0000000000
58487  -24.040  -10.889  51.110 0.0000000000
58460  -24.172  -11.124  53.626 0.0000000000
60783  -24.970  -9.547  53.390 0.0000000000
59625  -24.566  -10.544  54.162 0.0000000000
58434  -24.012  -11.327  55.470 0.0000000000
58408  -24.069  -11.036  57.049 0.0000000000
59575  -23.552  -10.846  58.689 0.0000000000
60697  -23.360  -9.440  60.702 0.0000000000
61832  -23.824  -8.721  61.029 0.0000000000
61814  -24.296  -8.309  61.343 0.0000000000
133009  -7.860  -15.951  55.572 0.0000000000
53518  -8.103  -15.239  57.463 0.0000000000
54836  -10.468  -14.875  54.024 0.0000000000
53559  -9.834  -15.224  54.360 0.0000000000
53541  -9.273  -15.222  55.586 0.0000000000
54796  -9.348  -14.465  57.359 0.0000000000
54774  -8.992  -13.902  58.960 0.0000000000
57106  -9.270  -12.680  60.436 0.0000000000
60690  -10.868  -9.572  60.710 0.0000000000
69746  -38.319  -0.217  33.537 0.0000000000
70797  -39.213  1.108  34.407 0.0000000000
70781  -40.607  1.556  35.106 0.0000000000
121595  -41.599  0.210  33.809 0.0000000000
70782  -41.695  1.286  34.984 0.0000000000
117137  -42.160  2.268  36.263 0.0000000000
72777  -43.314  2.588  37.153 0.0000000000
71801  -45.508  0.921  31.566 0.0000000000
71783  -46.289  1.171  33.163 0.0000000000
71772  -46.140  1.180  34.500 0.0000000000
116405  -53.156  1.407  24.245 0.0000000000
72876  -54.079  2.906  23.756 0.0000000000
73846  -54.073  3.843  23.239 0.0000000000
129072  -52.366  2.867  22.275 0.0000000000
73857  -53.600  3.560  22.857 0.0000000000
73847  -54.915  4.442  23.294 0.0000000000
123146  -56.093  5.439  22.268 0.0000000000
74790  -56.988  5.681  21.676 0.0000000000
116775  -54.946  1.954  19.800 0.0000000000
72933  -55.820  2.953  20.424 0.0000000000
74808  -57.150  5.351  19.880 0.0000000000
117370  -59.197  3.893  16.942 0.0000000000
65835  -25.621  -3.845  42.410 0.0000000000
65855  -26.564  -3.870  42.034 0.0000000000
65826  -25.643  -3.902  43.259 0.0000000000
69728  -36.838  0.849  34.266 0.0000000000
71878  -52.597  1.213  26.854 0.0000000000
71879  -53.634  1.325  26.596 0.0000000000
71890  -53.883  1.162  25.739 0.0000000000
53508  -7.299  -15.546  58.549 0.0000000000
53496  -7.677  -15.002  58.920 0.0000000000
66733  -33.680  -3.334  41.229 0.0000000000
66757  -33.955  -3.454  39.576 0.0000000000
65882  -33.418  -4.000  39.126 0.0000000000
61825  -14.204  -8.159  59.916 0.0000000000
60726  -14.342  -9.033  58.192 0.0000000000
60695  -21.637  -10.000  61.138 0.0000000000
60696  -22.533  -9.835  61.003 0.0000000000
116911  -26.436  -5.298  54.339 0.0000000000
65695  -26.425  -4.635  56.089 0.0000000000
60706  -13.273  -8.894  59.076 0.0000000000
70862  -43.567  0.323  29.412 0.0000000000
70846  -43.612  0.371  30.253 0.0000000000
67580  -29.051  -2.004  46.897 0.0000000000
67595  -29.125  -2.530  46.233 0.0000000000
65857  -29.724  -4.756  41.716 0.0000000000
58444  -19.082  -11.327  54.146 0.0000000000
58431  -19.708  -11.127  55.449 0.0000000000
58445  -19.882  -11.537  54.692 0.0000000000
64889  -26.150  -5.178  47.025 0.0000000000
123547  -26.208  -5.745  47.705 0.0000000000
64881  -26.331  -5.584  48.512 0.0000000000
113624  -26.415  -4.947  48.704 0.0000000000
65773  -26.437  -4.534  49.250 0.0000000000
67594  -27.989  -2.083  46.471 0.0000000000
67579  -28.110  -1.659  47.195 0.0000000000
58467  -15.144  -11.519  52.773 0.0000000000
58454  -14.899  -11.373  53.644 0.0000000000
70700  -38.962  -0.219  40.928 0.0000000000
71717  -40.604  1.746  38.249 0.0000000000
71728  -41.266  2.047  37.719 0.0000000000
72759  -42.009  2.290  38.139 0.0000000000
72775  -41.970  2.381  37.258 0.0000000000
72805  -53.278  2.570  30.569 0.0000000000
70929  -43.433  0.709  25.442 0.0000000000
115714  -48.177  0.495  23.813 0.0000000000
70962  -47.614  0.705  23.259 0.0000000000
114511  -4.300  -17.448  59.750 0.0000000000
50726  -3.787  -17.997  59.678 0.0000000000
57066  -5.199  -11.941  64.255 0.0000000000
57058  -4.353  -11.331  65.224 0.0000000000
53442  -1.460  -15.706  64.767 0.0000000000
52070  -1.950  -16.088  65.842 0.0000000000
67598  -32.686  -2.408  46.594 0.0000000000
67584  -33.101  -2.189  47.343 0.0000000000
120066  -33.631  -2.351  46.697 0.0000000000
68571  -35.513  -1.663  45.216 0.0000000000
68584  -36.144  -1.191  44.689 0.0000000000
69600  -36.848  -0.726  44.172 0.0000000000
126802  -36.873  -0.733  43.477 0.0000000000
129839  -36.539  -1.020  42.969 0.0000000000
67716  -35.211  -2.249  37.623 0.0000000000
68667  -35.690  -1.638  38.043 0.0000000000
67738  -35.297  -1.837  35.824 0.0000000000
60730  -17.782  -8.828  58.666 0.0000000000
61847  -17.576  -8.413  59.527 0.0000000000
130734  -18.279  -8.535  60.062 0.0000000000
126311  -23.223  -12.180  53.289 0.0000000000
57212  -22.660  -12.610  52.997 0.0000000000
57199  -23.077  -12.245  54.680 0.0000000000
125801  -22.653  -12.365  55.153 0.0000000000
58446  -23.579  -11.800  54.955 0.0000000000
129068  -25.335  -9.075  50.359 0.0000000000
60809  -24.970  -9.711  50.828 0.0000000000
60810  -25.310  -9.129  51.187 0.0000000000
118390  -26.012  -8.630  56.956 0.0000000000
60757  -25.630  -9.157  56.244 0.0000000000
60732  -25.148  -9.136  58.351 0.0000000000
61864  -25.549  -8.509  58.606 0.0000000000
68485  -26.467  -1.116  51.821 0.0000000000
58385  -10.886  -11.755  58.771 0.0000000000
69778  -39.947  -0.841  32.028 0.0000000000
123236  -39.616  -0.693  32.864 0.0000000000
70801  -44.433  0.817  34.479 0.0000000000
70785  -44.890  1.109  35.123 0.0000000000
71760  -44.461  1.730  35.916 0.0000000000
71761  -45.418  1.435  35.687 0.0000000000
112623  -49.366  1.515  32.668 0.0000000000
112624  -48.492  1.498  32.607 0.0000000000
72907  -50.626  2.564  22.436 0.0000000000
73882  -54.662  3.550  21.562 0.0000000000
72932  -54.941  2.502  20.590 0.0000000000
128078  -56.697  1.664  17.896 0.0000000000
71968  -56.173  1.693  18.450 0.0000000000
72945  -57.816  3.106  18.213 0.0000000000
125972  -58.148  2.760  17.374 0.0000000000
66690  -27.212  -3.122  44.513 0.0000000000
66691  -28.345  -3.428  44.463 0.0000000000
116254  -27.616  -4.193  42.056 0.0000000000
64014  -25.340  -6.226  42.870 0.0000000000
64918  -25.398  -5.146  44.130 0.0000000000
65813  -25.632  -4.051  44.894 0.0000000000
66689  -26.297  -3.232  44.196 0.0000000000
66678  -27.198  -2.873  45.396 0.0000000000
70737  -37.833  0.671  37.551 0.0000000000
70750  -37.577  1.195  36.664 0.0000000000
70779  -38.077  1.941  35.154 0.0000000000
70766  -38.174  1.872  36.249 0.0000000000
130449  -38.775  1.797  34.800 0.0000000000
72850  -52.848  2.045  28.034 0.0000000000
72837  -53.506  2.540  28.792 0.0000000000
71892  -55.870  2.488  25.227 0.0000000000
72877  -55.260  2.627  24.380 0.0000000000
128211  -6.724  -16.005  58.435 0.0000000000
111978  -6.140  -16.344  58.818 0.0000000000
50727  -5.564  -16.888  58.787 0.0000000000
52110  -5.669  -15.983  60.313 0.0000000000
66696  -32.912  -3.007  43.869 0.0000000000
67618  -33.448  -2.666  44.442 0.0000000000
66718  -34.098  -2.852  41.967 0.0000000000
67635  -34.566  -2.450  42.511 0.0000000000
118237  -35.218  -2.084  42.044 0.0000000000
67655  -35.003  -2.334  41.298 0.0000000000
67702  -34.563  -2.963  38.816 0.0000000000
61830  -19.349  -9.035  60.606 0.0000000000
61831  -19.989  -9.203  61.329 0.0000000000
61797  -21.175  -8.871  62.635 0.0000000000
62818  -23.208  -8.578  62.495 0.0000000000
119738  -23.339  -8.521  63.099 0.0000000000
57252  -23.013  -12.200  50.475 0.0000000000
62926  -26.121  -7.279  51.911 0.0000000000
62916  -25.934  -7.668  52.737 0.0000000000
62917  -26.182  -7.085  53.360 0.0000000000
62900  -26.287  -7.293  55.103 0.0000000000
62891  -26.420  -7.376  55.960 0.0000000000
61881  -26.355  -8.032  56.448 0.0000000000
62883  -26.620  -7.386  56.726 0.0000000000
62875  -26.620  -7.429  58.038 0.0000000000
64774  -27.174  -5.870  58.406 0.0000000000
57193  -13.388  -12.350  54.381 0.0000000000
57192  -12.683  -12.764  54.691 0.0000000000
57182  -13.082  -12.101  55.118 0.0000000000
58402  -12.481  -11.161  57.239 0.0000000000
59569  -11.825  -10.433  58.645 0.0000000000
59556  -12.209  -9.742  58.998 0.0000000000
61842  -12.975  -8.595  59.758 0.0000000000
60692  -12.258  -8.849  60.011 0.0000000000
69780  -41.439  -0.375  31.588 0.0000000000
69781  -42.177  -0.132  31.141 0.0000000000
70833  -44.252  0.581  31.526 0.0000000000
70821  -43.498  0.407  32.082 0.0000000000
70822  -44.352  0.600  32.292 0.0000000000
70813  -44.610  0.641  33.054 0.0000000000
73880  -50.155  3.564  20.592 0.0000000000
73914  -55.655  2.388  16.325 0.0000000000
72980  -56.301  2.037  15.819 0.0000000000
55913  -8.167  -13.324  61.181 0.0000000000
116126  -5.994  -10.872  64.530 0.0000000000
69550  -30.375  -0.798  49.449 0.0000000000
69551  -31.041  -0.778  49.662 0.0000000000
131543  -30.532  -2.181  47.082 0.0000000000
67582  -31.250  -2.217  47.144 0.0000000000
66692  -29.302  -3.477  44.718 0.0000000000
66693  -30.349  -3.470  44.526 0.0000000000
66694  -31.250  -3.382  44.321 0.0000000000
66695  -32.113  -3.205  44.085 0.0000000000
60752  -15.002  -9.610  56.843 0.0000000000
59611  -16.473  -9.991  55.147 0.0000000000
60763  -16.197  -9.689  55.888 0.0000000000
60754  -16.793  -9.460  56.508 0.0000000000
127822  -19.001  -10.387  56.192 0.0000000000
59602  -18.298  -10.123  56.089 0.0000000000
60756  -18.146  -9.748  56.882 0.0000000000
60744  -19.259  -9.949  57.939 0.0000000000
59588  -19.358  -10.187  57.301 0.0000000000
114140  -20.332  -10.762  57.709 0.0000000000
59573  -20.354  -10.603  58.366 0.0000000000
59574  -21.141  -11.043  58.853 0.0000000000
61978  -25.327  -8.612  46.146 0.0000000000
60860  -25.085  -9.211  46.729 0.0000000000
60841  -25.186  -9.090  47.604 0.0000000000
61958  -25.461  -8.321  47.818 0.0000000000
129055  -25.573  -7.494  44.925 0.0000000000
119088  -25.699  -7.194  45.757 0.0000000000
62968  -26.025  -6.824  48.586 0.0000000000
62967  -25.788  -7.512  48.909 0.0000000000
62944  -26.155  -6.985  50.244 0.0000000000
64857  -26.461  -5.579  50.409 0.0000000000
118012  -26.357  -6.320  50.790 0.0000000000
64845  -26.504  -5.585  51.264 0.0000000000
64834  -26.523  -5.431  52.230 0.0000000000
65744  -26.549  -4.757  51.512 0.0000000000
65731  -26.540  -4.466  52.324 0.0000000000
112638  -26.449  -3.908  49.757 0.0000000000
66623  -26.467  -3.314  51.062 0.0000000000
66636  -26.438  -3.015  50.238 0.0000000000
113500  -26.437  -2.606  50.935 0.0000000000
112746  -26.242  -3.233  46.711 0.0000000000
68552  -26.915  -1.562  48.047 0.0000000000
67577  -26.586  -2.272  47.623 0.0000000000
68535  -26.867  -1.362  48.942 0.0000000000
68536  -27.145  -1.069  48.663 0.0000000000
68515  -27.133  -0.812  49.391 0.0000000000
132061  -27.317  -0.856  49.031 0.0000000000
68516  -28.761  -0.767  49.119 0.0000000000
69549  -29.627  -0.578  49.592 0.0000000000
58429  -14.274  -10.918  55.220 0.0000000000
70635  -39.361  0.395  44.619 0.0000000000
119351  -40.688  0.389  43.030 0.0000000000
70653  -40.492  0.445  43.737 0.0000000000
70654  -41.344  0.613  43.424 0.0000000000
71667  -42.086  1.157  43.978 0.0000000000
115488  -39.228  0.923  38.517 0.0000000000
113773  -39.911  0.440  39.877 0.0000000000
70719  -40.272  0.969  39.456 0.0000000000
71707  -41.515  1.728  39.417 0.0000000000
71700  -41.641  1.524  40.202 0.0000000000
71692  -42.472  1.594  41.234 0.0000000000
72728  -42.757  2.093  40.608 0.0000000000
73727  -43.897  2.860  40.121 0.0000000000
70881  -45.814  0.887  28.404 0.0000000000
71846  -45.750  0.867  29.436 0.0000000000
71815  -47.558  1.411  30.301 0.0000000000
71816  -48.450  1.538  30.269 0.0000000000
119290  -48.884  1.506  30.936 0.0000000000
119938  -49.703  1.581  31.004 0.0000000000
128195  -50.599  1.833  28.844 0.0000000000
114900  -49.938  1.741  29.085 0.0000000000
71819  -50.866  1.777  30.395 0.0000000000
112451  0.899  -19.261  63.460 0.0000000000
48530  0.857  -19.944  63.964 0.0000000000
68764  -38.088  -1.834  30.407 0.0000000000
120429  -38.977  -1.498  29.917 0.0000000000
68785  -39.825  -1.118  29.551 0.0000000000
68766  -40.418  -0.830  30.001 0.0000000000
69842  -41.433  -0.483  28.568 0.0000000000
69819  -42.193  -0.264  28.802 0.0000000000
69843  -41.996  -0.276  28.014 0.0000000000
70894  -43.221  0.243  27.786 0.0000000000
129544  -44.518  0.609  27.403 0.0000000000
70912  -45.851  0.723  26.647 0.0000000000
127269  -46.979  0.522  25.002 0.0000000000
70932  -46.383  0.538  25.198 0.0000000000
128333  -47.792  0.793  25.939 0.0000000000
70933  -48.330  0.631  25.543 0.0000000000
70936  -51.499  0.505  25.511 0.0000000000
114184  -50.705  0.633  24.122 0.0000000000
71925  -48.778  1.572  22.653 0.0000000000
71926  -49.624  1.898  22.671 0.0000000000
71927  -50.276  2.157  22.702 0.0000000000
49619  -3.219  -18.322  60.029 0.0000000000
112693  -7.077  -13.877  61.646 0.0000000000
112431  -7.206  -14.345  61.079 0.0000000000
54726  -4.973  -13.829  63.085 0.0000000000
54746  -5.891  -14.765  61.756 0.0000000000
53456  -5.147  -15.025  62.073 0.0000000000
52101  -5.179  -15.882  60.969 0.0000000000
55885  -3.535  -12.696  64.909 0.0000000000
54724  -2.392  -14.690  64.398 0.0000000000
54725  -3.193  -14.411  63.949 0.0000000000
52079  -3.542  -15.567  62.767 0.0000000000
52088  -4.011  -15.938  62.010 0.0000000000
52087  -3.209  -16.223  62.439 0.0000000000
52085  -1.432  -16.704  63.190 0.0000000000
50695  -0.993  -17.245  62.983 0.0000000000
50705  -1.622  -17.800  62.129 0.0000000000
50694  -0.143  -17.515  63.669 0.0000000000
131965  -0.245  -17.357  64.216 0.0000000000
50679  -1.726  -16.959  65.562 0.0000000000
70572  -38.481  0.233  49.710 0.0000000000
68497  -32.462  -1.093  49.818 0.0000000000
69533  -32.388  -0.627  50.452 0.0000000000
121873  -34.117  -1.785  49.588 0.0000000000
68520  -34.771  -1.870  50.138 0.0000000000
67560  -34.888  -2.095  49.197 0.0000000000
67609  -34.013  -2.438  45.201 0.0000000000
130928  -34.902  -2.108  45.857 0.0000000000
114618  -35.481  -1.937  46.823 0.0000000000
68543  -36.195  -1.691  48.333 0.0000000000
69553  -36.841  -1.007  48.747 0.0000000000
69563  -36.763  -0.942  47.830 0.0000000000
69585  -37.550  -0.201  46.384 0.0000000000
70606  -38.084  0.182  47.113 0.0000000000
70620  -38.173  0.139  45.616 0.0000000000
69610  -38.002  -0.244  43.136 0.0000000000
69623  -38.471  -0.202  42.612 0.0000000000
69636  -37.729  -0.487  41.385 0.0000000000
118768  -36.052  -1.573  40.965 0.0000000000
68668  -36.259  -1.065  38.411 0.0000000000
69666  -37.175  -0.658  39.573 0.0000000000
69680  -37.414  -0.018  38.077 0.0000000000
69690  -36.819  -0.398  37.786 0.0000000000
68693  -36.160  -0.413  36.131 0.0000000000
65905  -33.188  -4.465  37.315 0.0000000000
66806  -34.187  -3.191  35.492 0.0000000000
67746  -34.575  -1.955  34.512 0.0000000000
61861  -15.808  -8.661  58.578 0.0000000000
61845  -15.365  -8.372  59.286 0.0000000000
62852  -17.242  -7.636  60.902 0.0000000000
62836  -18.621  -8.009  61.502 0.0000000000
62814  -19.334  -8.167  62.409 0.0000000000
57211  -21.340  -12.681  53.780 0.0000000000
58433  -21.000  -11.873  55.926 0.0000000000
57183  -21.283  -12.225  55.263 0.0000000000
57161  -22.738  -12.144  57.089 0.0000000000
57160  -21.974  -12.150  56.965 0.0000000000
58391  -22.607  -11.641  58.449 0.0000000000
58392  -23.203  -11.437  58.407 0.0000000000
123397  -24.254  -10.861  48.201 0.0000000000
59648  -24.562  -10.213  51.461 0.0000000000
123067  -24.094  -10.842  51.948 0.0000000000
58474  -24.154  -10.922  52.759 0.0000000000
61907  -25.593  -8.415  53.353 0.0000000000
60792  -25.220  -9.063  52.903 0.0000000000
132865  -25.267  -9.026  53.571 0.0000000000
59616  -24.898  -10.111  55.451 0.0000000000
121513  -24.952  -9.879  54.686 0.0000000000
117297  -24.565  -10.662  55.017 0.0000000000
58420  -24.038  -11.183  56.355 0.0000000000
59603  -24.520  -10.536  56.676 0.0000000000
60731  -24.588  -9.528  58.635 0.0000000000
59576  -24.201  -10.268  58.199 0.0000000000
59560  -23.952  -10.009  59.049 0.0000000000
59559  -23.287  -10.577  59.518 0.0000000000
60711  -23.654  -9.679  59.888 0.0000000000
60698  -24.110  -8.946  60.306 0.0000000000
61833  -24.520  -8.346  60.670 0.0000000000
62839  -24.733  -8.051  61.627 0.0000000000
119210  -26.347  -7.211  59.590 0.0000000000
116473  -25.774  -7.618  59.893 0.0000000000
63876  -25.877  -7.160  60.001 0.0000000000
66592  -26.490  -3.267  53.393 0.0000000000
52153  -8.190  -15.505  56.507 0.0000000000
56014  -11.877  -13.937  53.798 0.0000000000
56005  -11.550  -13.942  54.589 0.0000000000
54837  -10.852  -14.525  54.632 0.0000000000
117172  -10.276  -14.855  54.741 0.0000000000
53542  -9.784  -15.046  55.176 0.0000000000
55968  -9.767  -13.866  57.831 0.0000000000
117518  -9.752  -14.535  56.696 0.0000000000
54786  -9.097  -14.174  58.266 0.0000000000
55930  -9.015  -13.312  60.087 0.0000000000
55941  -9.286  -13.436  59.348 0.0000000000
114329  -11.546  -9.640  59.837 0.0000000000
59538  -11.140  -9.925  60.066 0.0000000000
60680  -11.187  -8.799  60.991 0.0000000000
131528  -41.410  1.665  46.378 0.0000000000
68720  -37.822  -0.914  32.949 0.0000000000
69731  -39.695  0.276  33.978 0.0000000000
70798  -40.134  0.903  34.473 0.0000000000
70810  -42.071  0.038  32.896 0.0000000000
69749  -41.057  -0.207  33.219 0.0000000000
127410  -42.492  0.334  33.678 0.0000000000
128711  -43.108  1.457  35.277 0.0000000000
125012  -42.593  0.981  34.856 0.0000000000
71758  -42.296  1.748  35.424 0.0000000000
71757  -41.429  1.907  35.695 0.0000000000
72776  -42.617  2.493  36.978 0.0000000000
71743  -43.016  2.339  36.371 0.0000000000
72778  -44.903  2.585  37.066 0.0000000000
72762  -44.143  2.701  37.300 0.0000000000
72746  -45.046  3.170  38.163 0.0000000000
71814  -46.158  1.065  30.760 0.0000000000
70848  -45.284  0.826  30.724 0.0000000000
71802  -46.441  1.173  31.660 0.0000000000
113535  -47.085  1.332  33.218 0.0000000000
71784  -46.631  1.235  33.887 0.0000000000
72890  -52.641  2.669  23.095 0.0000000000
71916  -53.223  2.344  23.604 0.0000000000
114063  -51.711  2.841  22.051 0.0000000000
72922  -52.200  2.782  21.604 0.0000000000
73873  -53.878  3.510  22.240 0.0000000000
73872  -52.959  3.073  22.325 0.0000000000
73858  -54.429  4.206  22.832 0.0000000000
73859  -55.369  4.909  22.741 0.0000000000
74798  -56.134  5.242  21.447 0.0000000000
72954  -54.568  1.945  19.252 0.0000000000
130081  -55.657  2.182  19.867 0.0000000000
74809  -57.730  5.253  19.424 0.0000000000
74801  -58.172  5.498  19.928 0.0000000000
72016  -58.248  2.256  15.885 0.0000000000
73925  -59.461  3.818  16.304 0.0000000000
64932  -25.028  -4.877  42.251 0.0000000000
65825  -25.395  -4.321  43.642 0.0000000000
70778  -37.409  1.479  34.716 0.0000000000
69729  -37.790  0.806  34.001 0.0000000000
70916  -51.115  0.667  26.306 0.0000000000
71877  -51.626  1.262  26.984 0.0000000000
133092  -54.989  2.073  27.140 0.0000000000
72859  -55.659  2.528  27.051 0.0000000000
71881  -55.833  2.283  26.165 0.0000000000
71891  -54.928  1.605  25.484 0.0000000000
52152  -7.401  -16.033  56.417 0.0000000000
111985  -6.895  -16.208  57.098 0.0000000000
52132  -7.065  -15.895  57.839 0.0000000000
53494  -6.794  -15.593  59.753 0.0000000000
66717  -33.386  -3.293  42.231 0.0000000000
66734  -34.421  -2.785  41.228 0.0000000000
66747  -34.224  -3.107  40.468 0.0000000000
61824  -13.520  -8.115  60.291 0.0000000000
60694  -20.737  -9.843  60.921 0.0000000000
60681  -21.071  -9.575  61.721 0.0000000000
61811  -21.687  -9.151  62.275 0.0000000000
61798  -22.235  -8.768  62.610 0.0000000000
61812  -22.674  -8.948  62.073 0.0000000000
61813  -23.546  -8.650  61.747 0.0000000000
63933  -26.388  -6.390  53.246 0.0000000000
134277  -26.300  -6.657  53.862 0.0000000000
63910  -26.456  -6.508  55.567 0.0000000000
63902  -26.799  -6.706  57.003 0.0000000000
118820  -26.616  -6.107  56.429 0.0000000000
115952  -26.553  -5.207  56.652 0.0000000000
58403  -13.157  -10.731  56.910 0.0000000000
59584  -12.821  -10.399  57.609 0.0000000000
59570  -12.509  -10.071  58.311 0.0000000000
60724  -12.878  -9.433  58.678 0.0000000000
70831  -42.892  0.163  30.715 0.0000000000
70834  -44.816  0.732  31.797 0.0000000000
68538  -29.845  -1.554  48.092 0.0000000000
128142  -30.520  -1.450  48.461 0.0000000000
67581  -29.892  -1.919  47.341 0.0000000000
66668  -30.041  -2.813  46.056 0.0000000000
66705  -29.700  -3.787  43.915 0.0000000000
65829  -29.990  -4.105  43.169 0.0000000000
65830  -30.891  -3.993  42.974 0.0000000000
58430  -15.116  -10.529  54.863 0.0000000000
59622  -15.951  -10.272  54.572 0.0000000000
59633  -17.650  -10.839  53.484 0.0000000000
58443  -18.230  -10.971  54.035 0.0000000000
113897  -18.883  -10.624  55.514 0.0000000000
119802  -19.485  -10.507  56.609 0.0000000000
134239  -19.464  -10.735  56.006 0.0000000000
58404  -20.698  -11.214  57.213 0.0000000000
63993  -25.801  -6.053  45.774 0.0000000000
62980  -26.019  -6.540  47.703 0.0000000000
63963  -26.264  -6.232  49.063 0.0000000000
113072  -26.485  -4.781  50.094 0.0000000000
112843  -26.391  -3.787  48.984 0.0000000000
66667  -26.803  -2.729  46.036 0.0000000000
67592  -26.638  -2.519  46.782 0.0000000000
67593  -27.088  -2.186  46.557 0.0000000000
121949  -27.343  -1.542  47.555 0.0000000000
117539  -27.757  -0.919  48.625 0.0000000000
68553  -28.001  -1.278  47.869 0.0000000000
57208  -14.381  -12.039  53.181 0.0000000000
70667  -39.091  -0.027  42.908 0.0000000000
117415  -39.788  0.302  43.962 0.0000000000
70668  -39.697  0.025  42.214 0.0000000000
70689  -40.390  0.232  41.270 0.0000000000
71716  -39.910  1.734  37.957 0.0000000000
71705  -39.921  1.320  38.625 0.0000000000
72735  -42.286  2.066  39.843 0.0000000000
72743  -42.099  2.161  38.960 0.0000000000
132197  -42.604  2.431  38.543 0.0000000000
72744  -43.258  2.646  38.581 0.0000000000
71863  -46.856  1.200  28.138 0.0000000000
71848  -47.423  1.392  28.819 0.0000000000
127618  -49.024  1.637  29.467 0.0000000000
72816  -52.105  2.259  29.782 0.0000000000
74772  -57.203  5.374  23.417 0.0000000000
70910  -43.514  0.508  26.374 0.0000000000
70911  -44.202  0.569  26.746 0.0000000000
117513  -44.286  0.583  26.019 0.0000000000
70949  -48.262  0.447  24.647 0.0000000000
113943  -49.087  0.479  23.958 0.0000000000
70964  -50.077  0.716  23.697 0.0000000000
50715  -2.909  -17.916  60.840 0.0000000000
55895  -6.304  -12.899  62.921 0.0000000000
55894  -5.307  -12.897  63.520 0.0000000000
55883  -2.450  -13.376  65.782 0.0000000000
53446  -1.912  -15.291  64.227 0.0000000000
52073  -1.077  -16.429  64.487 0.0000000000
50683  -0.782  -17.036  64.505 0.0000000000
68541  -32.954  -1.672  48.696 0.0000000000
67569  -33.515  -2.005  48.112 0.0000000000
68563  -36.163  -1.308  46.432 0.0000000000
69584  -36.816  -0.738  45.942 0.0000000000
69601  -37.544  -0.323  44.460 0.0000000000
69609  -37.295  -0.540  42.851 0.0000000000
131979  -35.640  -1.778  39.548 0.0000000000
68684  -36.210  -0.954  37.529 0.0000000000
68699  -35.728  -0.815  35.566 0.0000000000
61862  -16.826  -8.577  58.789 0.0000000000
126314  -16.701  -8.249  59.507 0.0000000000
62853  -18.030  -7.788  61.154 0.0000000000
62815  -20.038  -8.424  62.674 0.0000000000
56042  -21.959  -13.110  51.605 0.0000000000
56030  -22.189  -12.931  52.428 0.0000000000
112763  -22.188  -12.687  53.816 0.0000000000
112424  -22.014  -12.461  55.247 0.0000000000
57185  -22.501  -12.336  55.801 0.0000000000
57173  -23.017  -12.182  56.338 0.0000000000
58407  -23.497  -11.708  56.953 0.0000000000
59669  -24.460  -10.515  49.523 0.0000000000
117753  -24.959  -9.752  49.948 0.0000000000
60800  -24.819  -9.805  51.992 0.0000000000
119358  -25.743  -8.849  55.510 0.0000000000
129761  -25.414  -9.147  54.790 0.0000000000
59604  -25.052  -9.904  56.261 0.0000000000
59592  -24.898  -9.999  57.023 0.0000000000
60745  -24.927  -9.694  57.752 0.0000000000
61834  -25.194  -8.055  60.317 0.0000000000
57180  -11.866  -12.955  55.812 0.0000000000
55996  -11.450  -13.637  55.473 0.0000000000
55984  -11.272  -13.389  56.246 0.0000000000
55995  -10.824  -13.980  55.883 0.0000000000
54810  -10.258  -14.355  56.316 0.0000000000
55969  -10.439  -13.535  57.444 0.0000000000
55955  -10.169  -13.264  58.209 0.0000000000
55942  -9.890  -13.009  58.983 0.0000000000
57124  -9.581  -12.832  59.745 0.0000000000
61806  -11.616  -8.133  61.439 0.0000000000
69763  -38.802  -0.832  32.976 0.0000000000
128277  -39.216  -1.048  32.396 0.0000000000
69748  -40.109  -0.301  33.420 0.0000000000
115619  -43.285  0.483  33.697 0.0000000000
70783  -43.476  0.783  34.567 0.0000000000
71759  -43.512  1.908  35.807 0.0000000000
133859  -43.795  2.321  36.535 0.0000000000
72779  -45.700  2.242  36.905 0.0000000000
71803  -47.335  1.363  31.778 0.0000000000
71785  -47.927  1.439  33.282 0.0000000000
112627  -48.279  1.447  34.020 0.0000000000
72889  -51.861  2.316  23.080 0.0000000000
130031  -52.156  2.702  22.617 0.0000000000
72965  -55.296  2.313  17.133 0.0000000000
121780  -55.395  1.853  18.099 0.0000000000
71945  -56.294  2.022  19.214 0.0000000000
72944  -57.070  2.926  19.114 0.0000000000
73894  -57.712  4.389  18.865 0.0000000000
74820  -58.154  4.986  18.943 0.0000000000
72017  -58.896  2.723  15.121 0.0000000000
73940  -59.834  3.894  15.824 0.0000000000
66704  -28.790  -3.746  43.986 0.0000000000
65827  -28.046  -3.793  43.421 0.0000000000
65838  -29.363  -4.392  42.544 0.0000000000
58468  -15.836  -11.096  52.448 0.0000000000
58470  -17.288  -11.203  51.917 0.0000000000
63020  -25.400  -7.533  42.808 0.0000000000
119953  -25.582  -6.872  44.363 0.0000000000
63999  -25.618  -6.029  44.702 0.0000000000
64899  -25.929  -5.370  46.354 0.0000000000
65805  -26.149  -4.247  46.981 0.0000000000
128614  -25.949  -4.559  46.342 0.0000000000
66666  -26.331  -3.237  45.883 0.0000000000
66677  -26.135  -3.409  44.953 0.0000000000
125944  -26.593  -3.087  45.421 0.0000000000
70738  -38.577  0.930  37.940 0.0000000000
70752  -38.715  1.713  37.192 0.0000000000
71726  -39.574  1.856  37.292 0.0000000000
71741  -40.131  2.004  36.591 0.0000000000
71874  -49.018  1.422  27.053 0.0000000000
71865  -49.589  1.660  27.635 0.0000000000
71852  -51.083  1.838  28.269 0.0000000000
71867  -51.314  1.661  27.556 0.0000000000
71853  -51.975  1.899  28.081 0.0000000000
72835  -51.944  2.114  28.839 0.0000000000
72818  -53.848  2.791  29.882 0.0000000000
50748  -6.316  -16.810  56.958 0.0000000000
121855  -5.364  -17.581  57.335 0.0000000000
50739  -5.338  -17.386  58.146 0.0000000000
52109  -4.972  -16.421  60.394 0.0000000000
67608  -33.195  -2.648  45.093 0.0000000000
126960  -33.232  -2.508  45.853 0.0000000000
67619  -34.229  -2.400  44.232 0.0000000000
119749  -34.921  -2.028  43.915 0.0000000000
68597  -35.493  -1.658  43.649 0.0000000000
121629  -35.854  -1.468  43.124 0.0000000000
134979  -36.148  -1.350  42.731 0.0000000000
68612  -35.769  -1.618  42.501 0.0000000000
67656  -35.520  -1.955  41.362 0.0000000000
67676  -34.828  -2.545  40.592 0.0000000000
67691  -35.274  -2.203  40.021 0.0000000000
67703  -35.159  -2.266  38.454 0.0000000000
61809  -19.117  -8.550  61.191 0.0000000000
61796  -20.037  -8.578  62.416 0.0000000000
62796  -20.573  -8.527  63.049 0.0000000000
57238  -22.540  -12.737  51.049 0.0000000000
57225  -23.261  -12.077  52.410 0.0000000000
61925  -25.573  -8.533  51.625 0.0000000000
132996  -25.838  -7.952  51.993 0.0000000000
121060  -25.819  -8.109  54.137 0.0000000000
62909  -26.129  -7.319  54.189 0.0000000000
61898  -26.055  -7.862  54.769 0.0000000000
61897  -25.781  -8.487  54.825 0.0000000000
61865  -26.100  -8.199  57.895 0.0000000000
62865  -26.952  -6.858  58.848 0.0000000000
63895  -26.940  -6.655  57.860 0.0000000000
56015  -12.430  -13.595  53.451 0.0000000000
56006  -12.268  -13.435  54.252 0.0000000000
57171  -12.305  -12.278  56.143 0.0000000000
57140  -11.187  -12.108  58.069 0.0000000000
58386  -11.494  -11.244  58.326 0.0000000000
59555  -11.537  -10.085  59.411 0.0000000000
61822  -11.919  -8.510  60.685 0.0000000000
69779  -40.681  -0.652  31.338 0.0000000000
130739  -40.773  -0.542  32.002 0.0000000000
113919  -42.707  0.197  32.272 0.0000000000
127712  -42.827  0.199  31.543 0.0000000000
70802  -45.337  0.971  34.272 0.0000000000
73871  -50.554  3.150  21.315 0.0000000000
72929  -51.352  2.912  21.186 0.0000000000
71994  -56.889  1.638  17.173 0.0000000000
71995  -57.713  1.932  16.796 0.0000000000
72996  -56.991  1.863  15.161 0.0000000000
54760  -8.200  -14.314  59.841 0.0000000000
54772  -7.726  -14.790  59.603 0.0000000000
55912  -7.650  -13.460  61.539 0.0000000000
68519  -31.699  -1.203  49.265 0.0000000000
68539  -31.265  -1.514  48.489 0.0000000000
68540  -32.103  -1.589  48.571 0.0000000000
67583  -32.151  -2.200  47.219 0.0000000000
66669  -30.896  -2.853  45.850 0.0000000000
66670  -31.728  -2.828  45.604 0.0000000000
67607  -32.527  -2.733  45.334 0.0000000000
66715  -31.767  -3.800  42.743 0.0000000000
66716  -32.600  -3.584  42.502 0.0000000000
66732  -32.827  -3.735  41.622 0.0000000000
60740  -15.527  -9.236  57.400 0.0000000000
60753  -15.897  -9.462  56.685 0.0000000000
112044  -18.048  -9.312  57.970 0.0000000000
59623  -16.758  -10.298  54.409 0.0000000000
59612  -17.246  -10.144  55.088 0.0000000000
59624  -17.594  -10.535  54.364 0.0000000000
60755  -17.556  -9.722  56.339 0.0000000000
133282  -18.068  -9.525  57.376 0.0000000000
132200  -18.308  -9.122  58.580 0.0000000000
118841  -18.817  -9.486  58.433 0.0000000000
121722  -19.187  -9.452  59.118 0.0000000000
60710  -19.768  -9.771  59.539 0.0000000000
59572  -19.822  -10.306  57.819 0.0000000000
59544  -20.550  -10.184  60.141 0.0000000000
60859  -24.717  -9.878  46.479 0.0000000000
60827  -24.877  -9.715  48.155 0.0000000000
60818  -25.345  -9.024  49.502 0.0000000000
61939  -25.585  -8.324  50.004 0.0000000000
63005  -25.512  -8.023  45.565 0.0000000000
62991  -25.600  -7.837  47.215 0.0000000000
119814  -25.571  -8.087  48.495 0.0000000000
61949  -25.574  -8.235  49.194 0.0000000000
62943  -25.861  -7.684  50.520 0.0000000000
63944  -26.385  -6.385  51.781 0.0000000000
64823  -26.484  -5.679  53.118 0.0000000000
64813  -26.461  -5.197  53.687 0.0000000000
65715  -26.456  -4.683  54.190 0.0000000000
133022  -26.492  -4.611  53.561 0.0000000000
65721  -26.532  -4.159  53.094 0.0000000000
66607  -26.513  -3.555  52.461 0.0000000000
120019  -26.457  -1.812  51.224 0.0000000000
127715  -26.633  -1.295  50.599 0.0000000000
65795  -26.246  -3.753  47.591 0.0000000000
66650  -26.331  -3.110  48.226 0.0000000000
67558  -26.518  -2.048  49.497 0.0000000000
68514  -26.823  -1.174  49.839 0.0000000000
124693  -28.689  -0.321  49.847 0.0000000000
56016  -13.081  -13.185  53.091 0.0000000000
57194  -14.138  -11.871  54.024 0.0000000000
58440  -13.821  -11.653  54.825 0.0000000000
59598  -13.803  -10.342  56.632 0.0000000000
71624  -40.027  0.913  46.080 0.0000000000
70636  -40.282  0.568  44.514 0.0000000000
71647  -40.931  1.069  45.100 0.0000000000
71648  -41.750  1.510  44.886 0.0000000000
117750  -39.310  0.076  39.925 0.0000000000
70690  -41.279  0.561  41.562 0.0000000000
71699  -40.945  1.260  39.836 0.0000000000
70703  -41.136  0.857  40.644 0.0000000000
71680  -42.082  0.896  41.870 0.0000000000
71681  -42.851  1.498  42.291 0.0000000000
72729  -43.526  2.500  40.791 0.0000000000
70864  -45.068  0.746  29.963 0.0000000000
127755  -46.830  1.225  30.321 0.0000000000
71830  -47.096  1.308  29.649 0.0000000000
127384  -48.665  1.515  31.476 0.0000000000
113612  -48.958  1.545  32.002 0.0000000000
114003  -49.835  1.552  31.944 0.0000000000
71850  -49.297  1.705  28.434 0.0000000000
71818  -49.962  1.699  30.089 0.0000000000
48541  0.058  -19.016  62.411 0.0000000000
68719  -36.686  -0.528  33.153 0.0000000000
68733  -37.721  -1.487  32.108 0.0000000000
67769  -37.467  -1.812  31.253 0.0000000000
69797  -40.547  -0.753  30.613 0.0000000000
118691  -40.978  -0.598  30.116 0.0000000000
69818  -41.588  -0.415  29.890 0.0000000000
123725  -42.272  -0.210  29.555 0.0000000000
70878  -42.734  -0.010  28.323 0.0000000000
70879  -43.447  0.283  28.595 0.0000000000
70880  -44.187  0.528  28.854 0.0000000000
70896  -45.395  0.747  27.463 0.0000000000
70898  -47.269  1.123  27.268 0.0000000000
70899  -48.154  1.331  27.130 0.0000000000
132610  -45.764  0.554  25.287 0.0000000000
114282  -46.197  0.620  25.921 0.0000000000
70913  -47.595  0.975  26.530 0.0000000000
70914  -49.334  0.967  26.438 0.0000000000
70915  -50.211  0.811  26.355 0.0000000000
70934  -49.689  0.542  25.633 0.0000000000
70937  -52.288  0.596  25.506 0.0000000000
70953  -52.976  0.746  25.081 0.0000000000
118212  -51.955  0.593  24.833 0.0000000000
70965  -50.868  1.140  23.572 0.0000000000
72919  -49.476  2.921  21.842 0.0000000000
54759  -7.640  -14.471  60.435 0.0000000000
53482  -7.144  -15.106  60.073 0.0000000000
53481  -6.419  -15.495  60.396 0.0000000000
54737  -6.275  -14.116  62.034 0.0000000000
112743  -6.194  -15.101  61.112 0.0000000000
53480  -5.796  -15.574  60.852 0.0000000000
52100  -4.396  -16.318  61.163 0.0000000000
57057  -3.631  -11.796  65.547 0.0000000000
55893  -4.299  -13.270  63.933 0.0000000000
124423  -4.100  -14.132  63.496 0.0000000000
53455  -4.365  -15.291  62.387 0.0000000000
50708  -3.848  -16.879  60.981 0.0000000000
50707  -3.233  -17.174  61.237 0.0000000000
52086  -2.277  -16.443  62.837 0.0000000000
49598  0.378  -18.355  63.499 0.0000000000
49586  -0.095  -18.619  64.652 0.0000000000
50677  -0.399  -17.744  64.577 0.0000000000
70573  -39.172  0.583  49.486 0.0000000000
113166  -32.998  -0.499  50.972 0.0000000000
128104  -33.263  -1.471  49.541 0.0000000000
67586  -34.975  -2.213  47.589 0.0000000000
67571  -35.361  -2.114  48.363 0.0000000000
68542  -35.767  -2.022  49.055 0.0000000000
68522  -36.375  -1.576  49.339 0.0000000000
69554  -37.363  -0.508  49.058 0.0000000000
70595  -37.981  0.060  48.025 0.0000000000
70596  -38.720  0.502  47.743 0.0000000000
70607  -38.762  0.438  45.932 0.0000000000
70634  -38.686  0.101  44.286 0.0000000000
70650  -38.150  -0.149  43.958 0.0000000000
69649  -38.161  -0.367  40.700 0.0000000000
68613  -36.489  -1.215  42.261 0.0000000000
69621  -37.212  -0.730  41.970 0.0000000000
68636  -36.736  -1.075  40.432 0.0000000000
69635  -37.201  -0.753  41.123 0.0000000000
69667  -37.992  -0.322  39.578 0.0000000000
69703  -36.629  -0.151  36.787 0.0000000000
116016  -36.520  0.333  35.890 0.0000000000
69727  -36.129  0.477  34.575 0.0000000000
116623  -35.989  -0.225  33.538 0.0000000000
65881  -32.704  -4.536  39.160 0.0000000000
66783  -33.985  -3.801  37.174 0.0000000000
67727  -34.647  -2.978  37.147 0.0000000000
67736  -34.086  -2.723  34.701 0.0000000000
68698  -35.200  -1.313  34.907 0.0000000000
68707  -35.311  -0.614  34.330 0.0000000000
68717  -34.514  -0.964  33.305 0.0000000000
113722  -35.893  -0.578  33.071 0.0000000000
61860  -14.851  -8.687  58.713 0.0000000000
61846  -16.137  -8.358  59.207 0.0000000000
61829  -18.486  -8.257  60.759 0.0000000000
57221  -18.974  -12.053  52.016 0.0000000000
57195  -19.942  -11.915  53.913 0.0000000000
58432  -20.482  -11.710  55.342 0.0000000000
57184  -21.760  -12.247  56.067 0.0000000000
58405  -21.484  -11.713  57.511 0.0000000000
58390  -21.758  -11.580  58.329 0.0000000000
58375  -22.104  -11.348  59.137 0.0000000000
59558  -22.493  -10.840  59.798 0.0000000000
58528  -23.593  -11.572  49.096 0.0000000000
58499  -24.021  -11.029  50.229 0.0000000000
58498  -23.536  -11.552  50.805 0.0000000000
58486  -23.629  -11.498  51.674 0.0000000000
127577  -23.761  -11.406  52.366 0.0000000000
58473  -23.681  -11.614  53.074 0.0000000000
60801  -25.220  -9.223  52.035 0.0000000000
60791  -24.881  -9.700  52.649 0.0000000000
60774  -25.129  -9.361  54.078 0.0000000000
59634  -24.812  -9.898  53.908 0.0000000000
60782  -24.589  -10.284  53.255 0.0000000000
58447  -24.110  -11.272  54.543 0.0000000000
131597  -23.574  -11.774  55.490 0.0000000000
58419  -23.549  -11.751  56.026 0.0000000000
59590  -23.723  -11.107  57.785 0.0000000000
59547  -22.918  -10.247  60.336 0.0000000000
62838  -24.049  -8.349  62.062 0.0000000000
62855  -25.579  -7.625  60.572 0.0000000000
133748  -7.207  -16.361  55.795 0.0000000000
53558  -9.161  -15.535  54.831 0.0000000000
54809  -9.704  -14.828  56.031 0.0000000000
117098  -9.305  -14.765  56.665 0.0000000000
53528  -8.956  -15.089  56.227 0.0000000000
53519  -8.723  -14.908  57.001 0.0000000000
54785  -8.611  -14.731  57.894 0.0000000000
54773  -8.367  -14.470  58.927 0.0000000000
55940  -8.712  -13.876  59.617 0.0000000000
57105  -8.747  -13.065  60.789 0.0000000000
61805  -10.871  -8.487  61.764 0.0000000000
69730  -38.782  0.487  33.959 0.0000000000
115869  -39.547  1.635  34.931 0.0000000000
129221  -40.637  1.950  35.941 0.0000000000
70800  -42.072  0.621  34.392 0.0000000000
70799  -41.113  0.767  34.464 0.0000000000
72761  -43.630  2.763  37.948 0.0000000000
72745  -44.322  2.980  38.097 0.0000000000
127226  -44.854  0.739  31.249 0.0000000000
71794  -46.763  1.263  32.462 0.0000000000
71793  -45.917  1.062  32.408 0.0000000000
70814  -45.445  0.896  33.252 0.0000000000
129684  -45.962  1.125  33.800 0.0000000000
71762  -46.339  1.295  35.397 0.0000000000
71745  -45.979  1.680  36.228 0.0000000000
127642  -53.864  1.822  24.215 0.0000000000
72892  -54.926  3.696  23.794 0.0000000000
72893  -55.518  4.475  23.952 0.0000000000
72909  -52.880  3.024  22.723 0.0000000000
73848  -55.718  5.044  23.572 0.0000000000
74780  -56.139  5.355  23.173 0.0000000000
74781  -56.752  5.528  22.800 0.0000000000
133671  -55.561  5.071  22.094 0.0000000000
126648  -57.280  5.548  22.498 0.0000000000
74782  -57.674  5.425  21.657 0.0000000000
72943  -54.070  2.058  20.096 0.0000000000
73884  -56.423  4.459  20.407 0.0000000000
72934  -56.405  2.921  19.844 0.0000000000
74800  -57.650  5.560  19.965 0.0000000000
73926  -59.584  3.844  16.342 0.0000000000
52121  -4.796  -16.907  59.855 0.0000000000
53447  -2.909  -15.098  63.549 0.0000000000
53507  -6.726  -15.798  59.096 0.0000000000
53517  -7.612  -15.522  57.879 0.0000000000
54736  -5.484  -14.344  62.382 0.0000000000
54758  -6.880  -14.846  60.763 0.0000000000
57087  -7.899  -12.919  61.745 0.0000000000
57213  -22.918  -12.448  53.897 0.0000000000
58513  -23.973  -11.162  49.521 0.0000000000
62795  -19.595  -8.235  62.913 0.0000000000
68475  -26.395  -1.745  52.743 0.0000000000
70633  -38.183  0.005  44.768 0.0000000000
70669  -40.545  0.261  42.299 0.0000000000
70701  -39.789  0.117  40.616 0.0000000000
70718  -39.581  0.651  39.215 0.0000000000
70780  -38.863  2.034  35.475 0.0000000000
71609  -41.656  1.815  47.154 0.0000000000
72736  -43.122  2.477  39.956 0.0000000000
114987  -22.668  -8.606  63.458 0.0000000000
122158  -24.526  -10.378  47.809 0.0000000000
122181  -57.966  5.523  19.617 0.0000000000
125923  -44.730  2.909  37.633 0.0000000000
126508  -16.444  -8.846  58.132 0.0000000000
129163  -18.476  -10.823  54.714 0.0000000000
132069  -26.618  -1.036  51.090 0.0000000000
132491  -26.390  -1.431  52.295 0.0000000000
133543  -51.436  1.926  30.622 0.0000000000
