#!ascii label  , from subject sub-v2s15x29739_ses-1 vox2ras=TkReg
1588
92273  -44.623  28.874  13.888 0.0000000000
99510  -43.778  38.854  -0.790 0.0000000000
100538  -43.181  43.377  13.134 0.0000000000
96355  -53.095  35.423  5.990 0.0000000000
95167  -49.319  32.221  -5.461 0.0000000000
96373  -47.134  34.881  2.223 0.0000000000
93767  -53.200  30.399  -1.367 0.0000000000
95073  -47.136  32.782  2.190 0.0000000000
92169  -46.237  28.434  22.492 0.0000000000
94931  -46.788  32.819  20.869 0.0000000000
102882  -49.436  46.139  -1.878 0.0000000000
99534  -48.300  39.448  -4.522 0.0000000000
99027  -54.358  38.223  -7.689 0.0000000000
98200  -43.593  37.438  16.890 0.0000000000
100025  -42.432  40.407  5.570 0.0000000000
98268  -44.464  37.362  10.762 0.0000000000
96316  -47.632  35.216  12.077 0.0000000000
95683  -46.710  33.212  9.174 0.0000000000
93662  -43.015  29.688  5.740 0.0000000000
93615  -50.306  31.335  15.117 0.0000000000
93811  -53.070  29.632  -7.508 0.0000000000
135143  -53.362  30.409  -3.400 0.0000000000
92408  -52.380  28.230  -4.092 0.0000000000
93764  -48.905  30.250  -1.944 0.0000000000
93529  -48.499  29.777  22.907 0.0000000000
94242  -46.866  32.754  25.122 0.0000000000
102891  -43.562  45.617  -2.299 0.0000000000
99016  -51.002  38.226  -5.604 0.0000000000
98823  -43.149  39.635  20.648 0.0000000000
101139  -44.023  43.536  17.284 0.0000000000
113256  -48.038  40.922  2.479 0.0000000000
99494  -42.688  39.059  2.101 0.0000000000
97045  -50.799  35.525  3.552 0.0000000000
97004  -46.328  35.796  6.062 0.0000000000
98310  -49.528  37.826  7.878 0.0000000000
98891  -48.148  39.106  12.340 0.0000000000
97619  -51.156  36.998  10.016 0.0000000000
95676  -48.658  34.230  10.941 0.0000000000
132646  -49.530  34.419  7.137 0.0000000000
95049  -44.067  32.713  4.767 0.0000000000
96464  -45.661  35.031  -4.077 0.0000000000
126864  -44.227  35.220  0.246 0.0000000000
113789  -48.288  33.247  -2.091 0.0000000000
95786  -52.445  33.428  -0.617 0.0000000000
95753  -53.848  33.532  1.564 0.0000000000
95726  -49.919  33.504  3.463 0.0000000000
94474  -49.655  31.757  0.216 0.0000000000
94487  -46.440  31.353  -0.021 0.0000000000
91572  -50.250  27.134  21.042 0.0000000000
92879  -47.819  29.024  19.399 0.0000000000
93581  -45.039  30.363  17.754 0.0000000000
100738  -41.621  41.771  -2.361 0.0000000000
100726  -47.551  42.320  -0.669 0.0000000000
100071  -50.178  40.945  0.084 0.0000000000
98995  -46.705  39.081  -2.818 0.0000000000
97786  -48.475  36.383  -6.119 0.0000000000
96502  -52.488  34.505  -7.278 0.0000000000
95216  -54.532  32.784  -8.977 0.0000000000
98472  -54.425  37.229  -9.622 0.0000000000
96878  -43.942  36.614  23.279 0.0000000000
96249  -43.820  34.277  18.893 0.0000000000
94976  -42.338  32.432  15.067 0.0000000000
101221  -44.683  42.762  8.618 0.0000000000
120310  -42.396  36.026  4.159 0.0000000000
97629  -41.726  37.112  7.990 0.0000000000
99953  -43.696  41.256  13.184 0.0000000000
99385  -47.080  39.924  15.481 0.0000000000
113895  -43.732  36.470  14.001 0.0000000000
94359  -44.361  32.057  12.784 0.0000000000
94998  -49.467  33.501  14.022 0.0000000000
93642  -47.250  31.012  11.419 0.0000000000
92960  -45.591  29.779  8.624 0.0000000000
95709  -47.090  33.863  5.428 0.0000000000
124256  -44.302  32.080  7.276 0.0000000000
92358  -44.695  28.514  6.694 0.0000000000
91621  -45.714  27.707  14.717 0.0000000000
92276  -48.175  28.442  13.588 0.0000000000
112791  -46.994  29.748  13.534 0.0000000000
93075  -53.177  29.015  -7.547 0.0000000000
92421  -53.701  27.987  -5.745 0.0000000000
92424  -50.709  28.016  -6.269 0.0000000000
92412  -49.267  28.581  -5.167 0.0000000000
132823  -43.182  43.693  15.446 0.0000000000
100063  -46.120  40.097  0.858 0.0000000000
97033  -52.910  35.685  4.647 0.0000000000
97007  -49.446  36.092  6.119 0.0000000000
97671  -51.493  36.869  6.763 0.0000000000
98299  -50.908  38.280  8.868 0.0000000000
96994  -52.350  36.079  7.405 0.0000000000
96334  -50.700  35.005  8.179 0.0000000000
96353  -51.301  34.590  6.837 0.0000000000
95826  -47.460  33.427  -4.328 0.0000000000
95818  -46.705  33.672  -3.088 0.0000000000
95152  -48.642  32.456  -3.490 0.0000000000
94511  -54.287  30.311  -2.166 0.0000000000
95138  -53.233  31.963  -1.759 0.0000000000
95139  -54.368  32.057  -0.687 0.0000000000
95770  -53.868  33.514  0.583 0.0000000000
94477  -53.805  31.831  -0.058 0.0000000000
126616  -51.832  32.346  1.000 0.0000000000
94491  -51.694  31.282  -0.321 0.0000000000
121083  -47.455  30.845  -1.114 0.0000000000
94263  -47.777  31.604  21.944 0.0000000000
93555  -48.633  30.016  21.188 0.0000000000
94286  -47.308  31.065  20.170 0.0000000000
92888  -45.994  29.740  18.328 0.0000000000
94284  -45.873  31.922  19.372 0.0000000000
133730  -46.309  45.679  -1.531 0.0000000000
101883  -45.460  43.873  -1.874 0.0000000000
101866  -48.232  43.563  -1.376 0.0000000000
100713  -50.367  42.193  0.425 0.0000000000
101869  -50.620  43.904  -1.898 0.0000000000
100090  -47.380  40.368  -3.826 0.0000000000
100080  -48.369  40.581  -2.408 0.0000000000
99000  -48.208  39.301  -3.507 0.0000000000
98410  -46.862  37.206  -5.172 0.0000000000
98412  -49.204  37.926  -4.555 0.0000000000
99018  -52.673  38.045  -6.579 0.0000000000
97789  -51.914  37.392  -6.039 0.0000000000
97168  -53.824  36.276  -7.072 0.0000000000
95859  -54.240  33.345  -7.844 0.0000000000
97170  -54.603  34.900  -8.261 0.0000000000
97195  -54.469  35.064  -9.179 0.0000000000
98457  -55.144  37.315  -8.900 0.0000000000
96905  -39.588  35.752  19.261 0.0000000000
96238  -40.740  34.524  20.189 0.0000000000
96887  -40.804  35.968  21.567 0.0000000000
96219  -43.081  35.329  23.017 0.0000000000
97511  -41.871  37.289  22.628 0.0000000000
98830  -43.782  39.520  19.834 0.0000000000
121534  -43.010  36.367  19.749 0.0000000000
125071  -42.566  35.824  18.159 0.0000000000
95621  -42.752  33.974  17.174 0.0000000000
96928  -42.487  35.394  16.324 0.0000000000
101236  -44.622  43.997  6.014 0.0000000000
101229  -45.361  44.554  7.809 0.0000000000
100587  -43.136  41.274  6.900 0.0000000000
96386  -45.890  34.752  1.272 0.0000000000
97050  -42.844  35.808  2.129 0.0000000000
97040  -45.285  35.330  3.345 0.0000000000
97633  -45.110  36.560  8.298 0.0000000000
97665  -43.562  36.074  6.956 0.0000000000
98282  -43.176  36.941  9.738 0.0000000000
117564  -42.580  39.319  10.089 0.0000000000
98899  -43.281  38.326  11.786 0.0000000000
99393  -43.876  40.239  14.152 0.0000000000
98888  -45.000  38.754  12.931 0.0000000000
97587  -47.232  36.882  11.994 0.0000000000
98229  -46.707  37.788  12.993 0.0000000000
96962  -45.373  35.894  12.344 0.0000000000
96303  -43.270  34.127  12.622 0.0000000000
95660  -45.337  33.539  12.471 0.0000000000
116552  -47.813  33.000  13.968 0.0000000000
95650  -48.540  34.100  13.493 0.0000000000
95684  -47.395  33.564  9.481 0.0000000000
95024  -47.628  32.934  11.026 0.0000000000
133154  -46.716  32.140  10.624 0.0000000000
93651  -46.017  30.458  9.994 0.0000000000
94377  -45.514  31.114  9.335 0.0000000000
132701  -48.713  33.230  2.805 0.0000000000
95718  -48.799  33.857  4.657 0.0000000000
95724  -47.426  33.496  3.801 0.0000000000
94392  -43.338  31.357  5.400 0.0000000000
95041  -44.261  32.509  6.539 0.0000000000
93664  -43.978  30.952  6.763 0.0000000000
92975  -44.736  29.725  6.932 0.0000000000
116737  -43.888  28.846  6.576 0.0000000000
91678  -43.677  27.078  6.985 0.0000000000
90950  -47.735  26.546  16.385 0.0000000000
93635  -51.245  30.957  13.808 0.0000000000
94542  -50.943  31.037  -6.243 0.0000000000
129024  -50.519  30.980  -4.415 0.0000000000
93805  -52.482  29.518  -5.678 0.0000000000
93051  -53.988  28.842  -3.715 0.0000000000
93039  -53.460  29.153  -2.758 0.0000000000
93765  -50.195  30.372  -1.566 0.0000000000
93037  -50.080  29.233  -3.135 0.0000000000
92159  -48.108  28.935  23.952 0.0000000000
92828  -47.555  29.777  25.624 0.0000000000
95585  -47.154  33.602  23.009 0.0000000000
121506  -47.777  47.661  -1.500 0.0000000000
113473  -48.892  38.637  -6.208 0.0000000000
99549  -52.011  39.389  -8.795 0.0000000000
99563  -54.178  40.201  -9.213 0.0000000000
98828  -42.011  39.112  20.384 0.0000000000
99899  -43.761  41.108  19.485 0.0000000000
99361  -45.177  40.601  18.029 0.0000000000
99485  -42.456  39.559  3.591 0.0000000000
134395  -49.302  35.275  2.774 0.0000000000
97041  -46.828  35.386  3.712 0.0000000000
116428  -48.002  35.569  4.805 0.0000000000
97668  -47.902  36.489  6.818 0.0000000000
98295  -46.650  37.379  8.757 0.0000000000
98254  -46.731  38.478  11.257 0.0000000000
98922  -48.354  38.649  9.958 0.0000000000
98904  -49.534  38.605  11.126 0.0000000000
97598  -50.351  36.724  11.415 0.0000000000
96308  -49.665  34.878  12.764 0.0000000000
96983  -50.015  35.646  10.380 0.0000000000
96326  -49.391  34.927  9.372 0.0000000000
116585  -48.523  34.289  7.922 0.0000000000
95722  -45.740  33.127  3.254 0.0000000000
100559  -43.122  43.297  11.176 0.0000000000
98372  -43.721  37.482  -2.391 0.0000000000
97717  -42.924  37.012  -0.887 0.0000000000
97095  -44.308  35.347  -1.521 0.0000000000
127707  -46.480  34.321  -0.695 0.0000000000
96426  -47.940  34.198  0.029 0.0000000000
116989  -50.388  32.206  -2.639 0.0000000000
95802  -50.409  33.216  -1.450 0.0000000000
96407  -49.507  34.336  0.602 0.0000000000
96391  -51.292  34.715  1.413 0.0000000000
97060  -53.761  35.020  3.020 0.0000000000
96368  -53.524  34.552  3.775 0.0000000000
95719  -51.611  34.087  4.570 0.0000000000
112387  -51.680  33.500  3.125 0.0000000000
95076  -50.082  32.883  2.193 0.0000000000
95095  -48.602  32.519  1.534 0.0000000000
93750  -49.114  30.831  -1.126 0.0000000000
94472  -47.791  31.702  0.212 0.0000000000
92186  -49.429  28.377  21.790 0.0000000000
92217  -49.550  27.861  20.217 0.0000000000
91591  -48.502  27.402  18.445 0.0000000000
92243  -46.504  28.276  17.531 0.0000000000
92242  -45.752  28.638  17.154 0.0000000000
92256  -44.510  28.907  15.622 0.0000000000
100708  -43.746  41.496  -0.562 0.0000000000
101340  -44.500  42.084  -1.641 0.0000000000
100692  -46.349  41.792  0.263 0.0000000000
100694  -49.561  42.201  1.338 0.0000000000
100065  -48.794  40.567  0.904 0.0000000000
131149  -46.995  40.007  -0.207 0.0000000000
102408  -49.585  44.970  -3.269 0.0000000000
100742  -49.750  41.928  -1.883 0.0000000000
99514  -47.763  39.859  -1.511 0.0000000000
98994  -44.706  38.617  -2.546 0.0000000000
97761  -44.954  37.175  -4.350 0.0000000000
96482  -46.688  34.914  -5.172 0.0000000000
95845  -48.773  33.813  -6.258 0.0000000000
97776  -50.570  37.828  -5.070 0.0000000000
97157  -50.838  35.180  -6.966 0.0000000000
95847  -50.175  33.001  -6.806 0.0000000000
95184  -52.465  31.676  -7.394 0.0000000000
94550  -53.690  31.071  -8.385 0.0000000000
95883  -52.911  33.027  -9.422 0.0000000000
97194  -53.547  35.545  -9.435 0.0000000000
99570  -54.941  39.325  -10.417 0.0000000000
95555  -45.395  35.021  24.019 0.0000000000
96221  -45.781  35.269  22.585 0.0000000000
97518  -42.855  38.114  21.804 0.0000000000
96239  -43.988  35.360  20.351 0.0000000000
95601  -45.549  33.543  19.969 0.0000000000
94951  -44.622  32.744  18.579 0.0000000000
94316  -43.243  31.428  16.254 0.0000000000
93612  -43.280  30.238  14.344 0.0000000000
101198  -46.281  45.090  11.769 0.0000000000
133666  -42.571  36.619  1.266 0.0000000000
98349  -41.849  37.327  3.184 0.0000000000
98341  -41.444  37.467  4.713 0.0000000000
97014  -44.095  35.571  5.315 0.0000000000
97664  -42.169  36.432  6.312 0.0000000000
99457  -41.669  39.073  6.858 0.0000000000
99443  -42.250  39.464  8.527 0.0000000000
99975  -44.101  41.538  11.164 0.0000000000
100549  -45.091  43.636  12.896 0.0000000000
100513  -44.384  42.450  15.126 0.0000000000
100503  -45.293  41.274  16.926 0.0000000000
98852  -46.682  39.022  16.515 0.0000000000
98879  -47.760  39.111  13.497 0.0000000000
98211  -46.229  38.132  14.908 0.0000000000
98209  -43.924  37.192  15.500 0.0000000000
96292  -42.484  34.486  13.755 0.0000000000
94348  -42.691  31.713  13.648 0.0000000000
130078  -44.426  30.083  13.449 0.0000000000
114632  -47.620  31.490  13.934 0.0000000000
94338  -49.812  32.348  14.546 0.0000000000
93633  -49.672  31.758  13.359 0.0000000000
95671  -49.470  34.205  12.794 0.0000000000
94361  -48.877  31.963  12.792 0.0000000000
93644  -48.438  30.273  12.041 0.0000000000
113060  -47.713  28.772  10.228 0.0000000000
92323  -47.212  28.688  8.476 0.0000000000
95711  -49.751  34.166  5.255 0.0000000000
96357  -48.603  34.303  6.116 0.0000000000
96341  -47.090  34.096  7.063 0.0000000000
115975  -45.076  33.377  5.206 0.0000000000
95701  -45.451  33.431  6.985 0.0000000000
95037  -45.044  32.372  8.143 0.0000000000
93655  -44.702  31.173  8.180 0.0000000000
92964  -45.468  29.280  7.066 0.0000000000
92263  -45.158  28.236  14.207 0.0000000000
91628  -45.930  27.853  13.963 0.0000000000
92275  -46.456  28.201  13.654 0.0000000000
112571  -47.316  28.901  13.519 0.0000000000
92937  -46.380  28.942  13.492 0.0000000000
93079  -52.084  29.138  -8.033 0.0000000000
92431  -52.414  28.176  -7.373 0.0000000000
93072  -50.538  28.902  -7.315 0.0000000000
101160  -41.550  42.998  15.814 0.0000000000
101184  -43.684  43.791  14.452 0.0000000000
99505  -44.467  39.386  -0.292 0.0000000000
99500  -44.444  39.578  0.641 0.0000000000
99504  -43.623  39.116  0.054 0.0000000000
97021  -53.180  35.560  5.453 0.0000000000
97680  -51.852  36.416  5.914 0.0000000000
97655  -52.679  36.230  6.531 0.0000000000
97654  -52.169  36.678  7.187 0.0000000000
96346  -52.793  35.675  6.656 0.0000000000
133566  -52.472  35.540  7.104 0.0000000000
96354  -52.830  35.157  6.401 0.0000000000
95166  -48.687  32.634  -5.098 0.0000000000
95157  -47.936  32.837  -3.928 0.0000000000
95159  -49.119  31.991  -4.716 0.0000000000
93768  -54.266  30.455  -1.894 0.0000000000
94500  -54.222  30.917  -1.549 0.0000000000
93753  -54.123  30.944  -1.207 0.0000000000
94478  -54.356  31.997  -0.472 0.0000000000
94492  -53.240  31.302  -0.450 0.0000000000
94476  -52.182  31.774  0.325 0.0000000000
129100  -52.843  30.846  -0.819 0.0000000000
92184  -47.101  28.515  21.945 0.0000000000
94932  -47.277  32.269  21.401 0.0000000000
94275  -47.663  31.394  20.992 0.0000000000
94274  -47.007  31.915  20.518 0.0000000000
94285  -46.576  31.504  19.730 0.0000000000
94942  -46.404  32.396  20.052 0.0000000000
118778  -48.174  45.658  -1.582 0.0000000000
130560  -46.849  45.117  -1.571 0.0000000000
102377  -48.998  44.751  -1.582 0.0000000000
132053  -49.137  43.991  -1.455 0.0000000000
102883  -50.114  45.065  -1.873 0.0000000000
99007  -47.066  39.602  -4.986 0.0000000000
100089  -46.117  40.625  -4.241 0.0000000000
113224  -47.808  39.815  -4.049 0.0000000000
99529  -48.029  39.739  -3.285 0.0000000000
99001  -48.572  39.234  -3.760 0.0000000000
99005  -49.018  38.962  -3.854 0.0000000000
130289  -49.095  39.115  -4.253 0.0000000000
99026  -53.496  38.136  -7.149 0.0000000000
97802  -53.522  37.139  -6.693 0.0000000000
98444  -53.951  37.673  -7.102 0.0000000000
97169  -54.571  35.999  -7.811 0.0000000000
98445  -54.763  37.521  -7.864 0.0000000000
131489  -55.082  36.561  -8.912 0.0000000000
99028  -54.990  38.046  -8.346 0.0000000000
97544  -40.120  36.379  17.910 0.0000000000
97539  -40.079  36.424  18.868 0.0000000000
96898  -39.875  35.679  19.985 0.0000000000
115674  -40.404  36.267  20.862 0.0000000000
96876  -41.469  36.570  22.425 0.0000000000
98842  -43.916  38.702  18.544 0.0000000000
98191  -43.022  36.962  18.431 0.0000000000
97547  -43.186  37.100  17.630 0.0000000000
96917  -42.537  35.443  17.298 0.0000000000
97556  -42.993  36.648  16.730 0.0000000000
100619  -43.082  41.191  5.260 0.0000000000
100607  -43.603  42.063  5.845 0.0000000000
100597  -43.675  42.111  6.810 0.0000000000
100018  -42.582  40.606  6.522 0.0000000000
96387  -46.685  34.714  1.579 0.0000000000
97066  -45.256  35.004  1.866 0.0000000000
132518  -46.496  35.092  2.625 0.0000000000
97618  -44.641  36.714  9.189 0.0000000000
97632  -44.122  36.460  8.423 0.0000000000
98283  -44.085  36.905  9.958 0.0000000000
98251  -42.987  37.844  11.035 0.0000000000
98252  -43.839  37.700  11.341 0.0000000000
98900  -44.286  38.228  12.101 0.0000000000
98253  -44.872  37.881  11.526 0.0000000000
96971  -46.964  35.742  11.804 0.0000000000
96963  -46.255  36.024  12.044 0.0000000000
96314  -45.807  35.187  12.095 0.0000000000
129280  -44.812  34.377  12.280 0.0000000000
96305  -46.261  34.235  12.309 0.0000000000
95662  -47.414  33.833  13.084 0.0000000000
96306  -47.812  34.558  12.677 0.0000000000
95023  -46.841  32.939  9.996 0.0000000000
133639  -46.227  32.267  9.844 0.0000000000
94378  -46.046  31.500  9.988 0.0000000000
95031  -46.186  32.681  9.251 0.0000000000
95074  -48.079  32.947  2.326 0.0000000000
95738  -48.090  33.369  3.231 0.0000000000
95737  -47.292  33.215  2.957 0.0000000000
93674  -43.185  30.580  5.541 0.0000000000
94387  -43.549  31.245  6.141 0.0000000000
93663  -43.562  30.366  6.170 0.0000000000
92974  -43.563  29.453  6.276 0.0000000000
115443  -43.162  28.584  6.492 0.0000000000
92973  -42.622  29.048  6.153 0.0000000000
90949  -47.048  26.914  15.896 0.0000000000
93616  -51.576  30.999  14.954 0.0000000000
117343  -51.119  31.380  14.802 0.0000000000
93810  -51.997  29.958  -6.437 0.0000000000
93804  -51.121  30.460  -5.615 0.0000000000
92415  -52.933  27.744  -4.974 0.0000000000
93056  -53.821  28.320  -4.576 0.0000000000
92409  -53.703  28.218  -4.342 0.0000000000
93050  -53.574  28.661  -3.525 0.0000000000
93049  -51.953  28.767  -3.259 0.0000000000
93038  -51.513  29.353  -2.576 0.0000000000
92407  -50.464  28.543  -4.028 0.0000000000
92406  -49.183  28.721  -4.497 0.0000000000
92132  -47.446  29.064  26.241 0.0000000000
94243  -47.514  32.361  24.341 0.0000000000
94904  -47.067  33.252  24.624 0.0000000000
102878  -45.528  46.891  -1.445 0.0000000000
99044  -50.819  38.965  -8.857 0.0000000000
99561  -51.889  40.341  -9.502 0.0000000000
100117  -50.834  40.532  -9.854 0.0000000000
101138  -43.550  43.272  17.270 0.0000000000
100490  -43.485  42.208  17.884 0.0000000000
100491  -44.026  41.782  18.620 0.0000000000
99360  -44.416  40.640  18.998 0.0000000000
100485  -44.797  41.474  18.036 0.0000000000
100642  -49.195  42.617  3.549 0.0000000000
99489  -42.579  39.278  2.859 0.0000000000
97044  -49.594  35.444  3.405 0.0000000000
133275  -49.029  35.496  3.909 0.0000000000
97031  -50.072  35.629  4.381 0.0000000000
97670  -50.204  36.795  6.665 0.0000000000
97652  -48.670  37.198  7.361 0.0000000000
97651  -47.623  37.071  7.556 0.0000000000
98309  -48.496  37.738  8.105 0.0000000000
98286  -47.417  38.002  9.325 0.0000000000
98934  -49.387  38.354  8.656 0.0000000000
98287  -51.101  37.851  9.559 0.0000000000
98936  -50.552  38.521  9.551 0.0000000000
98272  -50.837  37.622  10.557 0.0000000000
98256  -49.919  37.767  11.277 0.0000000000
97607  -50.830  36.909  11.062 0.0000000000
96980  -50.347  36.278  11.447 0.0000000000
96981  -50.698  36.364  10.591 0.0000000000
96333  -49.728  34.712  8.450 0.0000000000
133951  -49.212  34.433  7.979 0.0000000000
115793  -48.926  34.426  8.616 0.0000000000
96343  -49.065  34.397  7.384 0.0000000000
116849  -44.482  35.796  -3.152 0.0000000000
97111  -44.328  35.585  -2.409 0.0000000000
96455  -44.892  35.124  -2.824 0.0000000000
114767  -47.571  33.507  -1.940 0.0000000000
115567  -46.257  34.184  -1.630 0.0000000000
95800  -47.241  33.860  -1.262 0.0000000000
96425  -47.375  34.132  -0.485 0.0000000000
95783  -48.059  33.844  -0.653 0.0000000000
94518  -51.644  30.704  -3.903 0.0000000000
112758  -50.114  31.402  -3.896 0.0000000000
94509  -50.939  31.505  -3.251 0.0000000000
95803  -51.932  32.987  -1.346 0.0000000000
95785  -50.941  33.578  -0.734 0.0000000000
95767  -50.175  33.949  -0.037 0.0000000000
96408  -50.695  34.394  0.665 0.0000000000
96409  -52.124  34.405  0.715 0.0000000000
135142  -54.153  33.799  1.538 0.0000000000
96393  -53.839  34.236  1.760 0.0000000000
96379  -53.861  34.472  2.460 0.0000000000
97061  -53.735  34.863  3.015 0.0000000000
95729  -53.623  34.371  3.121 0.0000000000
95728  -53.031  33.873  3.378 0.0000000000
95741  -52.549  33.439  2.644 0.0000000000
95116  -51.027  32.131  0.753 0.0000000000
95097  -50.759  32.508  1.455 0.0000000000
95096  -49.564  32.507  1.506 0.0000000000
93778  -50.139  29.787  -2.283 0.0000000000
93748  -46.560  30.892  -0.799 0.0000000000
94488  -48.248  31.261  -0.580 0.0000000000
92160  -48.457  29.166  23.188 0.0000000000
92172  -48.882  28.697  22.312 0.0000000000
92842  -49.038  28.994  22.295 0.0000000000
92866  -48.437  29.784  20.534 0.0000000000
92867  -49.271  29.134  21.203 0.0000000000
92216  -48.586  28.378  19.560 0.0000000000
92231  -49.112  27.600  19.335 0.0000000000
92230  -47.841  28.327  18.757 0.0000000000
92244  -47.347  27.889  17.960 0.0000000000
92229  -46.908  28.526  18.182 0.0000000000
116097  -45.384  29.953  17.886 0.0000000000
92903  -45.540  29.343  17.579 0.0000000000
92902  -44.929  29.789  17.319 0.0000000000
92251  -45.048  29.084  16.761 0.0000000000
92916  -44.388  29.668  16.517 0.0000000000
101364  -40.523  42.463  -3.317 0.0000000000
128153  -40.311  41.748  -2.844 0.0000000000
100737  -40.935  41.501  -2.294 0.0000000000
100707  -42.023  41.303  -1.035 0.0000000000
100721  -42.539  41.497  -1.441 0.0000000000
102890  -42.818  45.142  -2.718 0.0000000000
102388  -42.797  44.091  -2.828 0.0000000000
101342  -46.009  42.621  -1.479 0.0000000000
101353  -44.486  42.661  -2.022 0.0000000000
100724  -45.637  42.002  -1.259 0.0000000000
100710  -45.729  41.738  -0.707 0.0000000000
100711  -46.970  41.945  -0.299 0.0000000000
100693  -47.797  42.070  0.728 0.0000000000
100712  -48.522  42.238  0.141 0.0000000000
101331  -50.724  42.121  -0.051 0.0000000000
100067  -50.478  41.678  1.213 0.0000000000
122466  -49.329  40.561  0.255 0.0000000000
100064  -47.231  40.265  0.634 0.0000000000
100069  -48.084  40.231  -0.019 0.0000000000
101370  -49.236  43.393  -3.090 0.0000000000
101369  -48.349  42.307  -2.967 0.0000000000
99524  -47.687  39.538  -2.740 0.0000000000
99521  -47.954  39.865  -2.143 0.0000000000
99520  -47.095  39.500  -2.179 0.0000000000
99519  -45.837  39.191  -2.243 0.0000000000
113885  -45.586  38.735  -2.976 0.0000000000
98997  -44.910  38.251  -3.418 0.0000000000
98383  -45.218  37.864  -4.087 0.0000000000
130594  -47.491  36.936  -5.536 0.0000000000
97773  -46.860  36.379  -5.557 0.0000000000
97154  -47.869  35.517  -6.147 0.0000000000
96483  -47.491  34.590  -5.617 0.0000000000
96491  -48.291  34.675  -6.219 0.0000000000
99015  -50.040  38.511  -5.506 0.0000000000
98414  -50.482  38.120  -4.938 0.0000000000
98428  -51.318  37.953  -5.480 0.0000000000
97167  -51.957  35.522  -6.977 0.0000000000
117326  -51.475  36.397  -6.482 0.0000000000
132079  -51.647  34.848  -7.168 0.0000000000
96493  -50.437  33.998  -7.064 0.0000000000
95856  -51.177  33.293  -7.186 0.0000000000
95183  -51.178  32.388  -7.047 0.0000000000
95857  -52.217  33.453  -7.351 0.0000000000
129687  -54.521  32.997  -8.208 0.0000000000
95186  -54.143  32.436  -7.870 0.0000000000
95200  -54.285  31.866  -8.420 0.0000000000
94558  -53.431  30.494  -8.317 0.0000000000
121366  -54.095  31.472  -8.870 0.0000000000
95884  -54.183  32.984  -9.281 0.0000000000
97833  -54.457  36.175  -9.287 0.0000000000
128413  -53.665  34.737  -9.425 0.0000000000
97832  -53.358  36.471  -9.499 0.0000000000
99564  -54.884  39.538  -9.499 0.0000000000
95582  -44.314  33.826  22.705 0.0000000000
96205  -43.781  36.014  23.804 0.0000000000
96206  -44.435  35.646  23.929 0.0000000000
96865  -44.988  35.790  23.996 0.0000000000
96207  -45.641  35.417  23.636 0.0000000000
96872  -45.169  35.909  23.319 0.0000000000
98822  -42.805  39.627  20.852 0.0000000000
98816  -42.531  39.039  21.277 0.0000000000
98166  -42.776  39.235  21.104 0.0000000000
96900  -43.269  35.725  19.815 0.0000000000
121094  -43.714  34.891  19.474 0.0000000000
96232  -44.769  35.042  20.883 0.0000000000
96240  -44.456  34.441  19.723 0.0000000000
94940  -45.092  33.155  19.290 0.0000000000
95611  -44.420  33.611  18.933 0.0000000000
95629  -42.486  33.637  16.256 0.0000000000
94971  -43.091  32.294  16.545 0.0000000000
94315  -42.702  31.909  15.686 0.0000000000
93596  -43.462  30.605  15.933 0.0000000000
94327  -42.543  31.599  14.808 0.0000000000
101222  -45.583  44.419  8.722 0.0000000000
101772  -46.305  45.110  11.065 0.0000000000
121134  -43.422  35.873  -0.480 0.0000000000
97705  -42.803  36.756  -0.120 0.0000000000
97701  -42.785  36.398  0.645 0.0000000000
114969  -43.014  35.634  2.867 0.0000000000
120571  -42.486  36.090  2.837 0.0000000000
97690  -42.137  36.439  3.655 0.0000000000
98346  -41.600  37.560  3.852 0.0000000000
97689  -41.689  36.896  4.212 0.0000000000
97016  -46.428  35.609  5.285 0.0000000000
115146  -45.779  35.503  4.736 0.0000000000
97015  -45.684  35.637  5.556 0.0000000000
97646  -42.139  36.736  7.829 0.0000000000
130578  -42.893  36.099  6.456 0.0000000000
97663  -41.758  36.814  7.091 0.0000000000
98323  -41.382  37.409  6.682 0.0000000000
98944  -41.337  38.086  7.216 0.0000000000
99452  -42.261  39.762  7.621 0.0000000000
98933  -41.748  38.427  8.601 0.0000000000
99427  -42.706  39.350  10.919 0.0000000000
99974  -43.116  40.233  10.531 0.0000000000
99964  -44.022  41.677  12.260 0.0000000000
100560  -45.347  43.297  11.881 0.0000000000
100526  -44.358  43.259  14.348 0.0000000000
99943  -43.881  41.377  14.039 0.0000000000
99936  -45.460  40.429  15.485 0.0000000000
99926  -45.063  41.247  16.079 0.0000000000
99927  -46.196  40.395  16.302 0.0000000000
99920  -46.315  40.289  16.886 0.0000000000
98853  -47.369  39.572  16.222 0.0000000000
98902  -47.845  39.108  11.863 0.0000000000
98889  -47.182  39.170  12.845 0.0000000000
98890  -48.043  39.121  12.726 0.0000000000
97572  -44.756  36.879  13.812 0.0000000000
98221  -46.779  38.209  14.239 0.0000000000
98220  -45.500  37.517  14.469 0.0000000000
98210  -45.106  37.740  15.391 0.0000000000
98219  -44.325  37.099  14.665 0.0000000000
97564  -42.806  36.006  15.220 0.0000000000
96950  -42.712  35.281  13.753 0.0000000000
95006  -43.734  32.642  12.640 0.0000000000
129140  -42.947  32.921  12.797 0.0000000000
94358  -43.708  31.796  12.922 0.0000000000
113856  -43.260  31.186  13.387 0.0000000000
94349  -44.426  31.106  13.120 0.0000000000
93623  -45.264  30.373  13.316 0.0000000000
94350  -45.821  31.438  13.231 0.0000000000
94997  -48.985  33.443  14.325 0.0000000000
94352  -48.394  32.629  14.310 0.0000000000
94982  -49.431  32.924  14.474 0.0000000000
94354  -50.328  32.100  14.205 0.0000000000
94353  -49.763  32.899  13.841 0.0000000000
122547  -49.620  34.719  12.173 0.0000000000
96317  -49.521  34.618  12.923 0.0000000000
95015  -47.525  32.309  11.407 0.0000000000
95016  -48.562  33.094  12.221 0.0000000000
94368  -47.914  31.955  12.062 0.0000000000
93643  -48.026  31.065  12.070 0.0000000000
93647  -47.589  30.193  11.460 0.0000000000
92301  -48.171  29.410  11.405 0.0000000000
92954  -47.361  29.377  10.749 0.0000000000
92958  -45.973  29.689  9.453 0.0000000000
129291  -46.589  29.199  9.539 0.0000000000
92322  -46.406  29.129  8.729 0.0000000000
112481  -46.757  28.812  7.762 0.0000000000
92961  -45.934  29.315  7.778 0.0000000000
96363  -50.734  34.193  5.133 0.0000000000
113370  -50.039  33.823  4.339 0.0000000000
112726  -48.134  34.086  5.385 0.0000000000
95710  -48.946  34.190  5.469 0.0000000000
95703  -47.669  34.178  6.188 0.0000000000
95702  -46.896  33.972  6.252 0.0000000000
95057  -45.057  33.107  3.722 0.0000000000
95714  -44.697  33.149  4.495 0.0000000000
95700  -44.803  33.119  6.616 0.0000000000
95036  -44.782  32.659  7.383 0.0000000000
95033  -44.588  31.924  7.930 0.0000000000
94382  -45.124  31.693  8.652 0.0000000000
121295  -44.307  29.346  6.617 0.0000000000
92976  -45.000  29.126  6.698 0.0000000000
92335  -45.526  28.642  6.723 0.0000000000
91622  -46.415  27.340  14.498 0.0000000000
133451  -47.358  27.299  13.846 0.0000000000
113707  -49.896  28.699  13.889 0.0000000000
93812  -53.225  28.855  -7.337 0.0000000000
93068  -53.446  28.240  -6.548 0.0000000000
120315  -53.307  28.382  -7.077 0.0000000000
92426  -52.786  27.816  -6.930 0.0000000000
92419  -51.672  27.753  -5.699 0.0000000000
92414  -51.195  28.069  -4.818 0.0000000000
92418  -50.251  28.177  -5.493 0.0000000000
101148  -42.955  43.476  16.761 0.0000000000
101738  -43.687  44.026  16.411 0.0000000000
132254  -47.129  40.476  1.952 0.0000000000
99497  -45.293  39.950  1.175 0.0000000000
98980  -42.830  38.841  1.316 0.0000000000
97032  -51.666  35.727  4.495 0.0000000000
97019  -51.147  35.976  5.303 0.0000000000
97679  -50.704  36.356  6.039 0.0000000000
98324  -50.761  37.366  7.166 0.0000000000
98298  -50.371  38.260  8.391 0.0000000000
98312  -51.397  37.416  7.476 0.0000000000
98288  -51.454  37.585  8.536 0.0000000000
97620  -51.560  37.119  8.926 0.0000000000
96984  -50.791  36.116  9.669 0.0000000000
96993  -51.625  35.606  8.000 0.0000000000
133641  -51.295  35.068  7.793 0.0000000000
128457  -50.844  34.685  7.466 0.0000000000
95825  -46.771  33.766  -3.940 0.0000000000
96465  -46.115  34.243  -3.565 0.0000000000
95819  -47.379  33.322  -3.548 0.0000000000
130143  -47.947  32.949  -3.303 0.0000000000
95145  -48.404  32.889  -2.752 0.0000000000
94519  -54.259  30.139  -2.896 0.0000000000
112269  -52.865  30.973  -3.108 0.0000000000
94510  -53.903  30.935  -2.319 0.0000000000
95804  -53.560  32.573  -1.024 0.0000000000
95769  -53.038  33.871  0.168 0.0000000000
95787  -53.846  32.984  -0.231 0.0000000000
95119  -54.138  32.577  0.048 0.0000000000
95099  -53.693  32.882  1.117 0.0000000000
134856  -52.728  32.604  1.293 0.0000000000
95117  -53.072  32.306  0.671 0.0000000000
94475  -50.754  31.712  0.262 0.0000000000
93763  -47.719  30.295  -1.921 0.0000000000
91558  -49.404  27.397  21.361 0.0000000000
93528  -48.196  30.721  22.501 0.0000000000
93543  -48.837  29.696  21.932 0.0000000000
93542  -48.237  30.692  21.529 0.0000000000
93554  -48.006  30.567  20.703 0.0000000000
93565  -47.605  30.231  19.979 0.0000000000
92889  -46.916  29.199  18.666 0.0000000000
93564  -46.742  30.549  19.406 0.0000000000
94295  -46.050  31.076  19.027 0.0000000000
94294  -45.424  31.489  18.637 0.0000000000
101365  -41.308  42.874  -3.260 0.0000000000
120585  -44.269  45.092  -2.140 0.0000000000
102390  -44.185  44.085  -2.331 0.0000000000
102375  -45.790  44.784  -1.727 0.0000000000
127388  -46.777  43.388  -1.539 0.0000000000
125038  -47.239  42.695  -1.211 0.0000000000
101343  -49.005  42.791  -0.659 0.0000000000
101344  -50.456  42.784  -0.778 0.0000000000
100728  -50.612  42.252  -0.769 0.0000000000
100750  -46.132  41.486  -3.840 0.0000000000
100752  -47.829  41.309  -2.987 0.0000000000
100086  -47.868  40.482  -3.083 0.0000000000
99525  -47.942  39.913  -2.694 0.0000000000
98999  -47.572  38.931  -3.289 0.0000000000
127799  -45.954  38.021  -4.286 0.0000000000
98396  -47.657  37.997  -4.389 0.0000000000
98411  -48.074  37.595  -4.909 0.0000000000
117340  -48.338  37.108  -5.567 0.0000000000
99017  -51.858  38.100  -6.015 0.0000000000
97790  -52.714  37.296  -6.313 0.0000000000
135216  -53.116  36.613  -6.639 0.0000000000
123296  -53.095  35.627  -7.077 0.0000000000
95858  -53.364  33.431  -7.528 0.0000000000
96503  -53.682  34.430  -7.499 0.0000000000
96504  -54.287  34.328  -7.813 0.0000000000
96515  -54.655  34.059  -8.747 0.0000000000
95885  -54.559  33.489  -9.030 0.0000000000
97181  -54.706  35.017  -8.872 0.0000000000
97834  -54.814  36.005  -8.968 0.0000000000
98473  -55.078  37.638  -9.610 0.0000000000
97554  -40.598  36.605  16.272 0.0000000000
96916  -39.649  35.844  17.546 0.0000000000
96904  -39.079  35.253  18.738 0.0000000000
96237  -39.915  34.901  19.824 0.0000000000
95581  -43.450  34.135  22.274 0.0000000000
96218  -42.219  35.553  22.592 0.0000000000
96877  -41.960  36.382  22.890 0.0000000000
97512  -42.709  37.261  22.970 0.0000000000
98182  -43.557  38.721  19.862 0.0000000000
98172  -43.085  38.815  21.076 0.0000000000
98181  -43.313  37.581  19.583 0.0000000000
97540  -42.813  36.509  18.937 0.0000000000
96259  -42.677  35.164  18.104 0.0000000000
96260  -43.190  34.300  18.064 0.0000000000
126760  -42.633  34.692  17.439 0.0000000000
96269  -42.451  34.589  16.540 0.0000000000
126512  -42.338  34.053  15.683 0.0000000000
101235  -44.382  43.335  6.615 0.0000000000
101228  -44.605  43.165  7.707 0.0000000000
129313  -43.531  41.397  8.140 0.0000000000
96385  -44.807  34.921  0.886 0.0000000000
97071  -43.870  35.393  0.840 0.0000000000
97065  -44.220  35.258  1.650 0.0000000000
97052  -44.577  35.287  2.604 0.0000000000
97038  -43.392  35.537  3.590 0.0000000000
97667  -46.101  36.176  6.714 0.0000000000
97666  -45.229  36.037  6.730 0.0000000000
97648  -44.506  36.238  7.472 0.0000000000
131713  -43.353  36.524  8.520 0.0000000000
97630  -42.234  36.901  8.555 0.0000000000
130694  -41.856  38.232  9.217 0.0000000000
98266  -42.697  37.494  10.196 0.0000000000
98898  -42.714  38.729  11.338 0.0000000000
98886  -42.885  39.188  12.066 0.0000000000
117568  -43.581  40.264  13.510 0.0000000000
98877  -44.025  39.458  13.474 0.0000000000
99404  -45.037  39.625  14.327 0.0000000000
99395  -46.421  39.796  14.858 0.0000000000
97588  -48.166  38.081  12.131 0.0000000000
98239  -47.756  38.384  12.570 0.0000000000
97586  -46.403  36.889  12.473 0.0000000000
97577  -45.259  36.685  12.967 0.0000000000
96961  -44.410  35.714  12.599 0.0000000000
96960  -43.642  35.506  12.811 0.0000000000
96304  -43.889  34.846  12.438 0.0000000000
95659  -44.295  33.480  12.428 0.0000000000
95007  -44.783  32.765  12.611 0.0000000000
94995  -46.511  32.431  13.327 0.0000000000
95661  -46.374  33.494  12.738 0.0000000000
94996  -48.295  33.600  13.788 0.0000000000
95651  -49.230  33.905  13.858 0.0000000000
95670  -48.672  33.755  11.587 0.0000000000
95675  -47.795  33.591  10.456 0.0000000000
130581  -47.116  31.679  11.249 0.0000000000
93646  -46.784  30.244  10.819 0.0000000000
94375  -46.561  31.140  10.734 0.0000000000
93650  -45.488  30.360  9.137 0.0000000000
115290  -48.992  33.519  3.605 0.0000000000
95717  -47.724  33.747  4.614 0.0000000000
95716  -46.771  33.588  4.477 0.0000000000
95044  -43.633  32.079  5.119 0.0000000000
95045  -44.049  32.636  5.617 0.0000000000
95040  -43.725  31.975  5.979 0.0000000000
94388  -43.964  31.739  6.736 0.0000000000
94385  -44.330  31.427  7.426 0.0000000000
112143  -44.134  30.120  6.606 0.0000000000
92357  -43.796  28.058  6.812 0.0000000000
122001  -42.956  27.767  6.766 0.0000000000
114498  -48.637  25.832  16.578 0.0000000000
94533  -50.021  31.608  -5.769 0.0000000000
131793  -49.620  31.606  -5.104 0.0000000000
94534  -50.297  30.998  -5.079 0.0000000000
93788  -51.658  30.119  -4.805 0.0000000000
93789  -53.640  29.738  -3.669 0.0000000000
93062  -53.552  28.391  -5.611 0.0000000000
93797  -53.577  29.043  -4.583 0.0000000000
93790  -54.185  29.358  -3.214 0.0000000000
93781  -54.268  29.787  -2.706 0.0000000000
93780  -53.465  29.738  -2.013 0.0000000000
93766  -51.650  30.259  -1.488 0.0000000000
93779  -51.522  29.800  -1.988 0.0000000000
93777  -49.132  29.654  -2.649 0.0000000000
115225  -49.249  28.926  -3.854 0.0000000000
92170  -47.523  28.591  22.886 0.0000000000
111940  -47.683  28.688  24.207 0.0000000000
92147  -47.702  28.970  25.001 0.0000000000
92837  -47.990  29.428  24.353 0.0000000000
93504  -47.103  30.451  26.248 0.0000000000
112129  -47.789  30.368  24.631 0.0000000000
93521  -47.943  30.894  23.720 0.0000000000
94252  -47.721  31.860  23.048 0.0000000000
94922  -47.388  32.593  22.431 0.0000000000
94921  -46.948  33.170  21.908 0.0000000000
102892  -44.419  46.121  -1.837 0.0000000000
102879  -46.518  46.704  -1.390 0.0000000000
102881  -48.639  46.795  -1.697 0.0000000000
99009  -48.761  39.213  -5.097 0.0000000000
99024  -51.311  38.368  -6.881 0.0000000000
99035  -51.557  38.559  -8.118 0.0000000000
99036  -52.640  38.703  -8.056 0.0000000000
99037  -53.841  38.804  -7.872 0.0000000000
99551  -54.456  39.383  -8.673 0.0000000000
99550  -53.403  39.496  -8.527 0.0000000000
125182  -52.589  40.839  -9.698 0.0000000000
99898  -43.282  40.914  19.568 0.0000000000
99895  -43.369  40.652  20.001 0.0000000000
99354  -43.595  40.264  19.956 0.0000000000
98831  -44.335  39.759  19.021 0.0000000000
98843  -44.804  39.209  17.834 0.0000000000
100033  -43.309  40.990  4.620 0.0000000000
128235  -42.665  40.443  4.704 0.0000000000
97056  -48.720  35.088  2.424 0.0000000000
97054  -47.051  35.197  2.988 0.0000000000
97042  -47.663  35.361  3.468 0.0000000000
97029  -47.407  35.486  4.233 0.0000000000
125023  -47.030  35.738  5.832 0.0000000000
97018  -48.682  35.697  5.465 0.0000000000
97005  -47.598  35.909  6.244 0.0000000000
126912  -46.980  36.179  6.588 0.0000000000
97650  -46.672  36.626  7.337 0.0000000000
97634  -46.101  36.813  8.152 0.0000000000
98284  -45.245  37.224  10.054 0.0000000000
98269  -45.506  37.744  10.969 0.0000000000
98285  -46.434  37.673  9.779 0.0000000000
98271  -47.458  38.422  10.267 0.0000000000
98910  -48.449  38.924  10.971 0.0000000000
98935  -50.144  38.639  9.182 0.0000000000
98911  -49.285  38.895  10.631 0.0000000000
127738  -48.957  38.882  11.325 0.0000000000
97596  -48.589  37.488  11.700 0.0000000000
124880  -48.522  36.424  11.713 0.0000000000
96972  -48.120  35.770  11.851 0.0000000000
96964  -48.861  35.101  12.670 0.0000000000
96974  -49.927  35.719  12.026 0.0000000000
96323  -49.976  35.512  11.862 0.0000000000
96325  -49.210  34.858  10.617 0.0000000000
96987  -50.244  35.372  9.070 0.0000000000
117482  -48.696  34.472  9.427 0.0000000000
96332  -48.089  34.001  8.791 0.0000000000
95694  -47.155  33.605  8.615 0.0000000000
95736  -46.488  33.038  2.741 0.0000000000
95072  -45.766  32.709  2.505 0.0000000000
95071  -44.965  32.639  2.972 0.0000000000
95056  -44.353  32.628  3.842 0.0000000000
95048  -43.767  32.120  4.236 0.0000000000
98993  -43.853  38.162  -2.056 0.0000000000
98361  -43.086  37.625  -0.881 0.0000000000
98363  -43.336  37.423  -1.632 0.0000000000
97080  -43.530  35.901  -1.164 0.0000000000
97081  -44.083  35.372  -0.541 0.0000000000
96442  -45.489  34.523  -1.922 0.0000000000
96424  -45.604  34.528  -1.168 0.0000000000
96402  -44.836  34.854  -0.042 0.0000000000
134287  -46.282  34.508  0.020 0.0000000000
96404  -46.668  34.569  0.787 0.0000000000
96405  -47.644  34.447  0.705 0.0000000000
94516  -49.179  31.832  -3.996 0.0000000000
94517  -49.650  31.965  -3.322 0.0000000000
95812  -48.967  32.957  -2.221 0.0000000000
95137  -51.222  32.566  -2.012 0.0000000000
95136  -49.845  32.809  -2.076 0.0000000000
95801  -49.146  33.303  -1.554 0.0000000000
96427  -48.927  33.967  -0.136 0.0000000000
96406  -48.529  34.360  0.596 0.0000000000
125699  -49.001  34.555  1.116 0.0000000000
96390  -49.924  34.679  1.412 0.0000000000
96376  -50.683  35.037  2.104 0.0000000000
97058  -51.403  35.366  2.798 0.0000000000
96392  -52.712  34.640  1.501 0.0000000000
96377  -52.019  35.070  2.126 0.0000000000
97059  -52.798  35.297  2.861 0.0000000000
117776  -53.329  35.370  4.086 0.0000000000
97034  -53.390  35.344  4.638 0.0000000000
96360  -53.345  35.171  5.307 0.0000000000
96359  -52.932  34.881  5.883 0.0000000000
95720  -52.945  34.309  4.209 0.0000000000
133930  -52.020  33.816  3.825 0.0000000000
95727  -50.884  33.636  3.707 0.0000000000
95098  -51.899  32.670  1.598 0.0000000000
95077  -51.467  33.078  2.245 0.0000000000
95740  -50.506  33.350  2.900 0.0000000000
95739  -49.493  33.265  2.829 0.0000000000
95094  -47.686  32.468  1.535 0.0000000000
93752  -51.435  30.775  -0.915 0.0000000000
94490  -50.387  31.317  -0.361 0.0000000000
94489  -49.308  31.341  -0.444 0.0000000000
93749  -48.262  30.714  -1.323 0.0000000000
94473  -48.690  31.748  0.182 0.0000000000
92185  -48.370  28.507  22.286 0.0000000000
131646  -49.207  28.067  21.849 0.0000000000
91559  -49.941  27.661  21.413 0.0000000000
92201  -49.856  28.232  20.903 0.0000000000
92218  -50.163  27.381  20.780 0.0000000000
91603  -49.089  26.508  18.144 0.0000000000
90937  -48.318  26.472  17.171 0.0000000000
91602  -47.866  27.185  17.595 0.0000000000
91609  -47.351  27.055  16.759 0.0000000000
91608  -46.555  27.440  16.278 0.0000000000
92904  -46.219  28.934  17.936 0.0000000000
92253  -46.122  28.025  16.693 0.0000000000
91612  -45.815  27.796  15.709 0.0000000000
92252  -45.362  28.410  16.178 0.0000000000
92257  -45.053  28.154  15.095 0.0000000000
92262  -44.498  28.694  14.522 0.0000000000
101351  -42.010  42.431  -2.687 0.0000000000
101881  -44.128  43.262  -2.338 0.0000000000
112881  -43.590  42.620  -2.289 0.0000000000
100740  -43.233  41.846  -1.833 0.0000000000
100722  -44.042  41.700  -1.317 0.0000000000
127548  -45.342  41.621  -0.029 0.0000000000
100672  -45.702  41.827  0.869 0.0000000000
100673  -47.097  42.149  1.366 0.0000000000
100674  -48.699  42.354  1.985 0.0000000000
100654  -49.357  42.221  2.834 0.0000000000
100695  -50.326  41.919  1.362 0.0000000000
100676  -50.067  41.838  1.848 0.0000000000
131702  -49.035  41.153  2.262 0.0000000000
122853  -46.868  40.339  1.343 0.0000000000
99502  -46.195  39.848  0.057 0.0000000000
99506  -45.370  39.529  -0.566 0.0000000000
102911  -49.740  45.815  -2.514 0.0000000000
101885  -50.517  44.291  -2.400 0.0000000000
101356  -50.477  42.757  -1.628 0.0000000000
100727  -50.291  41.781  -1.133 0.0000000000
100741  -48.771  41.591  -2.437 0.0000000000
100081  -49.249  41.107  -1.757 0.0000000000
100070  -48.793  40.340  -0.668 0.0000000000
99508  -47.436  39.876  -0.807 0.0000000000
99512  -45.563  39.383  -1.396 0.0000000000
98990  -44.349  38.731  -1.853 0.0000000000
98373  -44.188  37.871  -2.895 0.0000000000
97746  -44.303  36.590  -3.418 0.0000000000
115863  -45.182  35.716  -4.133 0.0000000000
98409  -46.033  37.162  -4.968 0.0000000000
97132  -45.624  35.864  -4.751 0.0000000000
96473  -46.124  35.169  -4.762 0.0000000000
96475  -47.044  34.096  -4.782 0.0000000000
95836  -48.381  33.370  -5.491 0.0000000000
95837  -49.002  32.961  -5.864 0.0000000000
99010  -49.393  38.926  -4.823 0.0000000000
98413  -49.874  38.140  -4.663 0.0000000000
118066  -49.246  36.363  -6.271 0.0000000000
97788  -51.102  37.289  -5.779 0.0000000000
119706  -50.625  36.280  -6.462 0.0000000000
97156  -49.745  35.653  -6.619 0.0000000000
96492  -49.110  34.646  -6.591 0.0000000000
95846  -49.407  33.223  -6.395 0.0000000000
95173  -49.646  32.461  -6.214 0.0000000000
95174  -50.433  31.994  -6.517 0.0000000000
95175  -51.346  31.568  -6.812 0.0000000000
94543  -52.238  30.670  -7.056 0.0000000000
119710  -53.063  32.497  -7.573 0.0000000000
95185  -53.958  31.547  -7.934 0.0000000000
94549  -53.480  30.647  -7.916 0.0000000000
93819  -53.241  29.934  -8.036 0.0000000000
93081  -53.207  29.805  -8.058 0.0000000000
96530  -54.304  34.053  -9.263 0.0000000000
120021  -53.244  34.003  -9.436 0.0000000000
99552  -55.020  39.020  -9.040 0.0000000000
99045  -55.096  38.821  -9.803 0.0000000000
98491  -55.122  38.213  -9.993 0.0000000000
94241  -46.325  32.376  24.541 0.0000000000
95569  -45.788  34.274  24.020 0.0000000000
94902  -46.560  33.433  24.414 0.0000000000
95570  -46.585  34.269  23.607 0.0000000000
95584  -46.782  34.121  22.471 0.0000000000
95592  -46.508  33.632  21.347 0.0000000000
131836  -41.397  37.802  21.205 0.0000000000
98160  -42.610  37.812  22.210 0.0000000000
97519  -42.960  37.520  22.650 0.0000000000
96899  -43.219  36.922  21.160 0.0000000000
96231  -44.197  36.037  21.882 0.0000000000
96220  -45.080  35.589  22.129 0.0000000000
95591  -45.864  33.933  20.840 0.0000000000
94930  -46.206  33.224  20.386 0.0000000000
94941  -45.753  32.788  19.645 0.0000000000
94952  -45.262  32.347  18.959 0.0000000000
94293  -44.774  31.894  18.282 0.0000000000
94950  -43.987  33.094  18.152 0.0000000000
94961  -44.166  32.305  17.842 0.0000000000
93580  -44.432  30.479  17.224 0.0000000000
93597  -43.922  30.254  16.443 0.0000000000
92920  -43.797  29.733  15.572 0.0000000000
92923  -44.016  29.239  14.144 0.0000000000
101212  -44.294  44.470  10.227 0.0000000000
101203  -44.991  44.652  12.150 0.0000000000
101197  -45.417  44.488  12.821 0.0000000000
98983  -42.727  37.877  0.285 0.0000000000
125584  -42.408  38.201  1.843 0.0000000000
97063  -42.789  36.047  1.376 0.0000000000
133716  -42.221  36.960  2.249 0.0000000000
98978  -42.237  38.477  2.616 0.0000000000
98972  -42.037  38.779  3.335 0.0000000000
99484  -41.827  39.082  4.127 0.0000000000
99474  -41.543  38.960  4.991 0.0000000000
129755  -46.239  35.279  3.208 0.0000000000
97027  -45.017  35.425  4.162 0.0000000000
97026  -43.956  35.484  4.428 0.0000000000
97002  -43.646  35.768  6.034 0.0000000000
97001  -42.683  35.995  5.699 0.0000000000
97024  -42.486  35.975  4.855 0.0000000000
126653  -41.399  37.331  5.410 0.0000000000
98959  -41.263  38.098  5.376 0.0000000000
100017  -42.013  39.811  6.203 0.0000000000
99458  -42.268  40.011  6.921 0.0000000000
100008  -42.858  40.764  7.422 0.0000000000
126598  -43.751  41.393  8.923 0.0000000000
123371  -42.447  39.479  9.340 0.0000000000
99986  -42.958  40.338  9.096 0.0000000000
100579  -44.918  42.633  9.736 0.0000000000
100570  -45.238  42.804  10.854 0.0000000000
100550  -46.054  44.710  12.347 0.0000000000
118989  -44.234  44.011  13.719 0.0000000000
101185  -44.447  43.856  13.893 0.0000000000
101752  -44.190  44.143  15.156 0.0000000000
101150  -44.259  43.610  16.712 0.0000000000
99934  -44.078  41.285  14.601 0.0000000000
100508  -44.561  42.356  16.507 0.0000000000
100502  -44.480  42.463  17.196 0.0000000000
99911  -45.398  40.837  17.675 0.0000000000
98844  -45.977  39.478  17.203 0.0000000000
98851  -45.480  38.874  17.016 0.0000000000
98901  -45.691  38.556  12.245 0.0000000000
98878  -46.479  39.315  13.585 0.0000000000
99396  -47.482  39.410  14.685 0.0000000000
121007  -47.203  38.357  13.581 0.0000000000
98870  -47.475  38.799  14.868 0.0000000000
98861  -47.502  39.252  15.651 0.0000000000
98860  -46.494  38.484  15.646 0.0000000000
98859  -45.336  38.337  16.309 0.0000000000
122172  -43.567  37.126  16.202 0.0000000000
97565  -43.204  36.611  15.773 0.0000000000
96277  -42.351  34.776  15.581 0.0000000000
96284  -42.278  34.030  14.723 0.0000000000
96302  -42.707  33.976  13.066 0.0000000000
95649  -42.381  33.549  13.699 0.0000000000
94981  -42.383  32.109  14.204 0.0000000000
93620  -42.773  31.070  13.848 0.0000000000
93621  -43.157  30.530  13.884 0.0000000000
92936  -44.898  29.425  13.550 0.0000000000
113235  -45.988  29.701  13.390 0.0000000000
130261  -46.934  30.484  13.577 0.0000000000
93624  -47.827  30.778  13.950 0.0000000000
94351  -47.136  31.998  13.677 0.0000000000
93613  -48.829  31.930  14.514 0.0000000000
93614  -49.735  31.647  14.645 0.0000000000
94340  -50.476  31.781  14.614 0.0000000000
115681  -50.411  31.304  13.571 0.0000000000
96307  -49.233  34.430  13.258 0.0000000000
95663  -49.374  34.115  13.417 0.0000000000
95010  -49.394  33.755  13.410 0.0000000000
95009  -49.057  32.839  12.920 0.0000000000
132740  -48.831  31.136  12.536 0.0000000000
127998  -49.434  30.678  12.667 0.0000000000
92950  -49.125  29.480  11.966 0.0000000000
127243  -48.706  28.842  11.273 0.0000000000
92313  -48.413  28.530  9.922 0.0000000000
92953  -46.548  29.617  10.131 0.0000000000
123850  -47.152  28.749  9.228 0.0000000000
113908  -52.044  34.647  6.309 0.0000000000
96358  -50.714  34.331  5.998 0.0000000000
96352  -50.110  34.384  6.837 0.0000000000
114025  -49.524  34.325  6.052 0.0000000000
96351  -49.166  34.390  6.743 0.0000000000
127288  -48.235  34.307  7.025 0.0000000000
96342  -47.656  34.067  7.880 0.0000000000
95697  -46.861  33.781  7.929 0.0000000000
95723  -46.567  33.346  3.569 0.0000000000
95707  -44.571  33.130  5.907 0.0000000000
95708  -45.377  33.499  6.073 0.0000000000
114486  -46.263  33.788  5.998 0.0000000000
129151  -46.274  33.826  6.709 0.0000000000
95696  -46.174  33.633  7.538 0.0000000000
95034  -45.576  32.524  8.661 0.0000000000
123481  -45.120  30.916  8.773 0.0000000000
93656  -45.083  30.457  8.360 0.0000000000
93658  -44.559  30.565  7.440 0.0000000000
93659  -45.184  29.878  7.712 0.0000000000
90903  -50.120  27.016  21.160 0.0000000000
90911  -50.185  26.629  20.714 0.0000000000
90964  -47.664  26.390  15.683 0.0000000000
91601  -46.895  27.631  17.166 0.0000000000
91629  -46.710  27.553  13.881 0.0000000000
92122  -46.904  29.022  26.899 0.0000000000
92146  -47.167  28.437  24.745 0.0000000000
92171  -48.348  28.825  23.081 0.0000000000
92202  -50.146  27.703  21.140 0.0000000000
92274  -45.546  28.638  13.670 0.0000000000
92302  -48.169  28.783  10.750 0.0000000000
92312  -47.111  28.980  9.965 0.0000000000
92413  -49.933  28.377  -4.816 0.0000000000
92420  -53.183  27.765  -6.003 0.0000000000
92425  -51.402  28.048  -7.032 0.0000000000
92427  -53.470  28.040  -6.664 0.0000000000
92432  -53.156  28.296  -7.209 0.0000000000
92816  -47.120  29.539  26.579 0.0000000000
92853  -49.353  28.845  21.733 0.0000000000
92854  -49.758  28.260  21.367 0.0000000000
92878  -47.218  29.742  19.364 0.0000000000
92880  -48.767  28.860  20.260 0.0000000000
92919  -43.613  29.707  14.601 0.0000000000
92934  -43.592  29.855  13.973 0.0000000000
92935  -44.129  29.543  13.760 0.0000000000
93036  -48.698  29.314  -3.332 0.0000000000
93040  -54.111  29.157  -3.234 0.0000000000
93073  -51.667  28.658  -7.654 0.0000000000
93074  -52.662  28.710  -7.688 0.0000000000
93080  -52.773  29.258  -7.993 0.0000000000
93522  -48.288  29.833  23.786 0.0000000000
93571  -45.550  30.568  18.347 0.0000000000
93572  -46.152  30.364  18.789 0.0000000000
93606  -42.818  30.834  14.437 0.0000000000
93607  -43.266  30.327  15.039 0.0000000000
93622  -43.750  30.315  13.571 0.0000000000
93626  -51.674  30.990  14.597 0.0000000000
93634  -51.164  31.605  14.151 0.0000000000
93751  -50.112  30.879  -0.923 0.0000000000
93798  -54.032  28.972  -3.768 0.0000000000
94302  -43.658  31.837  17.082 0.0000000000
94303  -44.292  31.430  17.560 0.0000000000
94304  -44.925  31.047  17.978 0.0000000000
94317  -43.767  30.961  16.808 0.0000000000
94328  -42.907  31.065  15.373 0.0000000000
94337  -42.578  31.417  14.130 0.0000000000
94339  -50.301  31.930  14.614 0.0000000000
94360  -45.286  32.067  12.919 0.0000000000
94493  -54.219  31.528  -0.740 0.0000000000
94501  -54.326  31.506  -1.025 0.0000000000
94502  -54.398  31.903  -0.661 0.0000000000
94526  -49.733  31.470  -4.506 0.0000000000
94903  -46.847  33.127  24.829 0.0000000000
94914  -47.360  32.973  23.580 0.0000000000
94960  -43.537  32.702  17.387 0.0000000000
94970  -42.525  32.768  15.982 0.0000000000
94993  -42.510  32.641  13.470 0.0000000000
94994  -43.024  32.112  13.028 0.0000000000
95008  -45.891  32.875  12.812 0.0000000000
95030  -45.671  31.984  9.347 0.0000000000
95075  -49.060  32.862  2.195 0.0000000000
95100  -54.058  33.380  0.936 0.0000000000
95115  -50.078  32.166  0.815 0.0000000000
95118  -54.021  32.541  0.254 0.0000000000
95129  -54.231  32.269  -0.324 0.0000000000
95146  -49.259  32.534  -2.731 0.0000000000
95147  -51.999  31.736  -2.544 0.0000000000
95158  -48.556  32.410  -4.292 0.0000000000
95187  -54.432  32.545  -8.119 0.0000000000
95201  -54.533  32.501  -8.572 0.0000000000
95214  -53.832  32.048  -9.296 0.0000000000
95215  -54.393  32.140  -8.956 0.0000000000
95556  -45.912  34.477  24.102 0.0000000000
95557  -46.577  33.600  24.323 0.0000000000
95567  -43.945  35.022  23.443 0.0000000000
95568  -44.866  34.857  23.819 0.0000000000
95571  -47.038  33.679  23.955 0.0000000000
95580  -42.642  34.451  21.846 0.0000000000
95583  -46.211  34.457  21.923 0.0000000000
95590  -45.214  34.232  20.335 0.0000000000
95600  -44.953  33.788  19.640 0.0000000000
95622  -43.385  33.492  17.677 0.0000000000
95630  -42.938  33.148  16.868 0.0000000000
95636  -42.264  33.299  15.348 0.0000000000
95657  -42.655  33.300  13.088 0.0000000000
95658  -43.485  33.451  12.549 0.0000000000
95685  -48.161  34.199  9.955 0.0000000000
95692  -45.469  33.043  7.909 0.0000000000
95693  -46.241  33.260  8.476 0.0000000000
95725  -48.181  33.598  3.981 0.0000000000
95730  -53.744  34.468  2.487 0.0000000000
95742  -53.586  33.791  2.423 0.0000000000
95752  -52.993  33.073  1.881 0.0000000000
95754  -54.118  33.950  1.710 0.0000000000
95768  -51.523  33.963  0.014 0.0000000000
95771  -54.077  33.022  0.418 0.0000000000
95784  -49.681  33.601  -0.787 0.0000000000
95810  -46.828  33.718  -2.205 0.0000000000
95811  -47.546  33.321  -2.707 0.0000000000
95827  -48.095  33.039  -4.698 0.0000000000
95835  -47.726  33.715  -5.127 0.0000000000
95860  -54.628  33.206  -8.669 0.0000000000
96195  -44.426  35.993  23.975 0.0000000000
96196  -44.923  35.546  24.042 0.0000000000
96197  -45.396  35.251  23.998 0.0000000000
96198  -45.960  34.965  23.837 0.0000000000
96204  -42.856  36.588  23.358 0.0000000000
96208  -46.338  34.911  23.096 0.0000000000
96217  -41.472  35.681  22.068 0.0000000000
96228  -40.413  35.361  20.588 0.0000000000
96233  -45.497  34.716  21.381 0.0000000000
96236  -39.354  35.211  19.289 0.0000000000
96248  -43.179  34.981  18.835 0.0000000000
96293  -42.973  34.912  12.945 0.0000000000
96315  -46.779  34.953  11.920 0.0000000000
96318  -49.798  35.030  12.554 0.0000000000
96344  -49.877  34.510  7.635 0.0000000000
96345  -51.845  35.185  7.432 0.0000000000
96361  -53.449  35.191  4.813 0.0000000000
96364  -52.881  34.587  5.070 0.0000000000
96365  -53.591  34.924  4.447 0.0000000000
96366  -53.619  35.086  4.235 0.0000000000
96369  -53.723  34.874  3.544 0.0000000000
96372  -46.223  34.893  2.056 0.0000000000
96374  -48.058  34.804  1.989 0.0000000000
96375  -48.927  34.793  1.738 0.0000000000
96378  -53.300  34.805  2.303 0.0000000000
96388  -47.415  34.636  1.444 0.0000000000
96389  -48.254  34.580  1.272 0.0000000000
96394  -54.153  34.044  1.872 0.0000000000
96403  -45.654  34.666  0.407 0.0000000000
96410  -53.561  34.183  0.925 0.0000000000
96411  -54.070  33.703  1.242 0.0000000000
96423  -44.879  34.852  -0.855 0.0000000000
96441  -44.863  34.951  -2.117 0.0000000000
96456  -45.982  34.190  -2.590 0.0000000000
96474  -46.373  34.492  -4.402 0.0000000000
96484  -48.112  34.027  -5.779 0.0000000000
96501  -51.433  34.214  -7.219 0.0000000000
96505  -54.524  33.745  -8.245 0.0000000000
96531  -54.608  34.283  -9.022 0.0000000000
96869  -42.144  36.926  23.031 0.0000000000
96870  -43.792  36.425  23.619 0.0000000000
96871  -44.475  36.204  23.749 0.0000000000
96875  -40.964  36.873  21.900 0.0000000000
96879  -44.643  36.217  23.000 0.0000000000
96888  -43.477  36.938  22.505 0.0000000000
96906  -42.743  35.729  18.883 0.0000000000
96935  -42.532  35.478  15.583 0.0000000000
96942  -42.467  35.164  14.676 0.0000000000
96943  -42.957  35.966  14.297 0.0000000000
96951  -43.273  35.771  13.429 0.0000000000
96973  -49.476  35.570  12.231 0.0000000000
96985  -51.365  36.583  9.139 0.0000000000
96988  -51.147  35.828  8.740 0.0000000000
96989  -51.764  36.451  8.311 0.0000000000
96995  -52.734  36.042  6.874 0.0000000000
97003  -44.839  35.710  5.942 0.0000000000
97006  -48.380  35.942  6.203 0.0000000000
97008  -52.954  35.881  6.235 0.0000000000
97013  -43.244  35.648  5.108 0.0000000000
97017  -47.783  35.683  5.609 0.0000000000
97020  -52.448  36.027  5.346 0.0000000000
97025  -42.939  35.653  4.275 0.0000000000
97028  -46.594  35.501  4.475 0.0000000000
97030  -48.242  35.474  4.027 0.0000000000
97037  -42.643  35.830  3.546 0.0000000000
97039  -44.311  35.404  3.513 0.0000000000
97043  -48.605  35.353  3.221 0.0000000000
97046  -52.370  35.523  3.683 0.0000000000
97047  -53.693  35.060  3.744 0.0000000000
97051  -43.582  35.484  2.268 0.0000000000
97053  -45.706  35.155  2.627 0.0000000000
97055  -47.872  35.137  2.714 0.0000000000
97057  -50.164  35.326  2.762 0.0000000000
97064  -43.352  35.618  1.478 0.0000000000
97094  -43.670  36.068  -1.995 0.0000000000
97122  -44.703  36.071  -3.815 0.0000000000
97123  -45.057  35.378  -3.534 0.0000000000
97131  -45.026  36.387  -4.354 0.0000000000
97141  -46.117  36.525  -5.208 0.0000000000
97142  -46.349  35.712  -5.281 0.0000000000
97143  -47.087  35.556  -5.693 0.0000000000
97155  -48.724  35.539  -6.438 0.0000000000
97158  -52.392  36.513  -6.524 0.0000000000
97508  -43.233  36.996  23.217 0.0000000000
97517  -41.601  37.604  21.923 0.0000000000
97529  -40.299  36.518  19.971 0.0000000000
97530  -43.191  37.359  20.458 0.0000000000
97538  -39.515  35.824  18.438 0.0000000000
97545  -40.699  36.898  17.278 0.0000000000
97546  -42.673  36.320  17.706 0.0000000000
97555  -42.683  36.037  16.083 0.0000000000
97571  -43.445  36.598  14.901 0.0000000000
97576  -44.063  36.214  13.148 0.0000000000
97595  -47.838  36.588  11.742 0.0000000000
97597  -49.436  36.847  11.586 0.0000000000
97599  -50.516  37.504  11.093 0.0000000000
97616  -42.886  36.712  8.959 0.0000000000
97617  -43.683  36.656  9.159 0.0000000000
97631  -42.729  36.577  8.175 0.0000000000
97635  -46.909  37.138  7.987 0.0000000000
97636  -51.923  36.903  8.007 0.0000000000
97647  -43.461  36.354  7.808 0.0000000000
97649  -45.643  36.418  7.421 0.0000000000
97653  -49.761  37.296  7.234 0.0000000000
97669  -49.008  36.630  6.726 0.0000000000
97672  -52.343  36.491  6.486 0.0000000000
97677  -41.573  36.879  6.002 0.0000000000
97678  -42.033  36.428  5.404 0.0000000000
97681  -52.825  36.127  5.932 0.0000000000
97684  -41.627  36.850  5.054 0.0000000000
97685  -42.025  36.442  4.543 0.0000000000
97694  -41.800  36.954  3.540 0.0000000000
97695  -42.101  36.776  2.848 0.0000000000
97698  -42.463  36.448  2.051 0.0000000000
97702  -43.104  36.154  0.020 0.0000000000
97706  -43.139  36.409  -0.703 0.0000000000
97718  -43.291  36.599  -1.469 0.0000000000
97732  -43.549  36.834  -2.255 0.0000000000
97733  -43.973  36.341  -2.737 0.0000000000
97745  -43.919  37.129  -2.962 0.0000000000
97762  -45.480  36.770  -4.779 0.0000000000
97774  -47.640  36.340  -5.874 0.0000000000
97775  -49.477  37.307  -5.430 0.0000000000
97787  -50.214  36.901  -5.927 0.0000000000
97803  -54.344  36.915  -7.361 0.0000000000
97804  -54.926  36.696  -8.328 0.0000000000
97815  -54.852  35.906  -8.631 0.0000000000
98164  -42.242  38.399  21.705 0.0000000000
98165  -42.626  38.641  21.456 0.0000000000
98171  -41.676  38.378  20.856 0.0000000000
98192  -43.618  37.806  17.680 0.0000000000
98193  -44.303  38.289  17.159 0.0000000000
98222  -47.786  39.024  14.047 0.0000000000
98228  -46.009  37.475  13.676 0.0000000000
98230  -47.866  38.906  13.284 0.0000000000
98240  -48.305  38.727  12.130 0.0000000000
98255  -48.994  38.417  11.529 0.0000000000
98257  -50.073  38.193  11.042 0.0000000000
98267  -43.506  37.305  10.533 0.0000000000
98270  -46.789  38.238  10.554 0.0000000000
98280  -41.808  37.586  8.831 0.0000000000
98281  -42.416  37.163  9.376 0.0000000000
98294  -45.682  37.016  9.042 0.0000000000
98296  -47.555  37.613  8.402 0.0000000000
98297  -48.392  38.257  8.958 0.0000000000
98300  -51.704  37.320  7.877 0.0000000000
98308  -41.474  37.394  7.418 0.0000000000
98311  -50.587  37.807  7.693 0.0000000000
98334  -41.305  37.527  5.969 0.0000000000
98350  -42.111  37.546  2.493 0.0000000000
98353  -42.376  37.246  1.638 0.0000000000
98357  -42.582  37.145  0.621 0.0000000000
98360  -42.794  37.403  -0.242 0.0000000000
98382  -44.525  37.437  -3.644 0.0000000000
98394  -45.605  37.457  -4.560 0.0000000000
98395  -46.457  37.680  -4.608 0.0000000000
98397  -48.812  38.451  -4.189 0.0000000000
98398  -49.374  38.638  -4.350 0.0000000000
98429  -52.229  37.833  -6.085 0.0000000000
98443  -53.065  37.724  -6.559 0.0000000000
98871  -47.651  39.161  14.700 0.0000000000
98887  -43.552  38.857  12.566 0.0000000000
98903  -48.337  38.898  11.817 0.0000000000
98908  -42.441  38.401  10.461 0.0000000000
98909  -47.613  38.754  11.140 0.0000000000
98912  -49.953  38.681  10.653 0.0000000000
98920  -42.071  38.879  9.057 0.0000000000
98921  -42.073  37.851  9.699 0.0000000000
98923  -49.307  38.731  9.588 0.0000000000
98924  -49.999  38.861  9.999 0.0000000000
98925  -50.524  38.406  10.220 0.0000000000
98968  -41.455  38.251  4.449 0.0000000000
98971  -41.674  38.326  3.768 0.0000000000
98977  -41.831  37.987  3.184 0.0000000000
98986  -43.139  38.263  -0.356 0.0000000000
98989  -43.944  38.630  -1.451 0.0000000000
98998  -46.073  38.509  -3.627 0.0000000000
99003  -47.003  38.341  -4.036 0.0000000000
99004  -48.338  38.742  -3.757 0.0000000000
99025  -52.261  38.292  -7.133 0.0000000000
99034  -50.459  38.450  -8.128 0.0000000000
99038  -54.728  38.697  -8.394 0.0000000000
99039  -55.133  38.246  -9.195 0.0000000000
99353  -43.066  40.219  20.480 0.0000000000
99355  -43.835  40.889  19.669 0.0000000000
99369  -45.136  40.027  18.033 0.0000000000
99370  -46.096  40.167  17.284 0.0000000000
99377  -46.850  39.716  16.683 0.0000000000
99378  -47.558  39.690  16.002 0.0000000000
99386  -47.458  39.431  15.471 0.0000000000
99394  -44.595  40.311  14.765 0.0000000000
99405  -47.284  39.496  14.094 0.0000000000
99413  -43.278  39.759  12.775 0.0000000000
99435  -42.203  38.653  9.655 0.0000000000
99451  -41.688  38.745  7.816 0.0000000000
99464  -41.500  38.958  5.863 0.0000000000
99465  -41.852  39.578  5.467 0.0000000000
99475  -42.052  39.727  4.817 0.0000000000
99486  -43.221  39.953  3.195 0.0000000000
99490  -43.304  39.645  2.486 0.0000000000
99495  -43.419  39.448  1.758 0.0000000000
99501  -45.316  39.711  0.332 0.0000000000
99507  -46.329  39.652  -0.756 0.0000000000
99511  -44.570  39.150  -1.213 0.0000000000
99513  -46.640  39.556  -1.514 0.0000000000
99518  -44.931  39.076  -1.898 0.0000000000
99528  -46.586  40.007  -4.537 0.0000000000
99533  -45.867  39.676  -5.269 0.0000000000
99562  -52.943  40.205  -9.214 0.0000000000
99900  -44.161  41.251  19.108 0.0000000000
99901  -44.742  41.100  18.428 0.0000000000
99910  -43.596  41.436  18.919 0.0000000000
99921  -47.341  39.898  16.151 0.0000000000
99935  -44.512  41.141  15.263 0.0000000000
99952  -43.160  40.076  12.240 0.0000000000
99963  -43.201  40.266  11.454 0.0000000000
99987  -43.821  41.199  9.987 0.0000000000
99997  -42.893  40.501  8.263 0.0000000000
100044  -43.084  40.393  3.969 0.0000000000
100055  -49.706  41.616  2.199 0.0000000000
100057  -45.351  40.234  1.948 0.0000000000
100058  -46.148  40.316  1.697 0.0000000000
100059  -49.564  40.969  1.730 0.0000000000
100060  -50.149  41.433  1.614 0.0000000000
100066  -50.241  40.988  1.035 0.0000000000
100072  -50.656  41.617  0.574 0.0000000000
100075  -48.628  40.336  -1.574 0.0000000000
100076  -49.776  40.924  -0.889 0.0000000000
100094  -45.615  40.116  -4.814 0.0000000000
100120  -54.795  40.136  -10.115 0.0000000000
100484  -44.367  41.603  18.456 0.0000000000
100492  -44.267  42.345  17.794 0.0000000000
100493  -45.061  41.373  17.513 0.0000000000
100539  -44.510  43.372  13.717 0.0000000000
100561  -46.213  44.381  11.495 0.0000000000
100588  -43.711  41.853  7.593 0.0000000000
100606  -43.019  41.276  6.139 0.0000000000
100643  -49.193  42.844  3.759 0.0000000000
100653  -49.162  41.799  3.039 0.0000000000
100675  -49.685  42.098  2.183 0.0000000000
100709  -44.683  41.584  -0.633 0.0000000000
100720  -41.652  41.407  -1.713 0.0000000000
100723  -44.936  41.807  -1.263 0.0000000000
100725  -46.465  42.072  -1.028 0.0000000000
100739  -42.329  41.766  -2.113 0.0000000000
101149  -43.896  44.021  17.007 0.0000000000
101170  -42.059  42.819  14.787 0.0000000000
101171  -42.701  43.480  15.250 0.0000000000
101172  -44.307  43.889  14.950 0.0000000000
101173  -44.377  43.473  15.826 0.0000000000
101190  -44.554  44.227  13.255 0.0000000000
101191  -44.868  44.140  13.317 0.0000000000
101204  -45.886  45.274  11.568 0.0000000000
101205  -46.469  44.930  11.013 0.0000000000
101309  -49.114  42.576  3.009 0.0000000000
101322  -50.641  41.847  0.770 0.0000000000
101341  -45.113  42.333  -1.593 0.0000000000
101345  -50.556  43.033  -1.288 0.0000000000
101346  -50.637  43.762  -1.935 0.0000000000
101350  -41.119  42.099  -2.813 0.0000000000
101352  -43.970  42.133  -1.842 0.0000000000
101354  -45.286  43.012  -1.888 0.0000000000
101355  -49.588  42.566  -2.450 0.0000000000
101729  -44.073  44.102  16.897 0.0000000000
101744  -43.705  44.059  15.652 0.0000000000
101745  -44.211  44.248  15.938 0.0000000000
101746  -44.171  44.224  16.259 0.0000000000
101751  -43.777  44.015  14.987 0.0000000000
101753  -44.220  44.170  15.566 0.0000000000
101758  -44.284  44.016  14.485 0.0000000000
101779  -46.294  45.089  10.511 0.0000000000
101865  -46.308  44.109  -1.691 0.0000000000
101867  -49.585  43.532  -1.239 0.0000000000
101868  -50.437  43.624  -1.586 0.0000000000
101870  -50.616  44.327  -2.062 0.0000000000
101882  -44.746  43.541  -2.124 0.0000000000
101884  -50.296  43.557  -2.446 0.0000000000
101895  -50.348  44.978  -2.616 0.0000000000
102376  -47.477  44.369  -1.562 0.0000000000
102378  -50.524  44.363  -1.904 0.0000000000
102389  -43.504  44.629  -2.504 0.0000000000
102391  -44.918  44.486  -1.966 0.0000000000
102392  -50.458  44.755  -2.153 0.0000000000
102880  -47.415  46.357  -1.476 0.0000000000
102893  -45.313  45.632  -1.693 0.0000000000
102896  -49.974  45.526  -2.182 0.0000000000
103371  -46.760  47.876  -0.959 0.0000000000
112271  -50.880  31.482  14.884 0.0000000000
112713  -42.594  36.409  7.244 0.0000000000
112810  -48.117  40.560  1.679 0.0000000000
112892  -47.289  27.881  13.632 0.0000000000
113255  -51.816  34.398  5.529 0.0000000000
113724  -45.967  35.401  3.941 0.0000000000
113750  -46.425  30.874  13.453 0.0000000000
113752  -44.271  37.687  16.216 0.0000000000
113825  -53.073  35.772  5.273 0.0000000000
114250  -54.099  35.270  -7.498 0.0000000000
114552  -51.214  37.930  8.123 0.0000000000
114866  -49.803  35.788  5.356 0.0000000000
115095  -47.439  39.052  12.171 0.0000000000
115145  -47.183  35.591  5.018 0.0000000000
115147  -44.920  35.507  5.032 0.0000000000
115321  -48.928  35.574  4.653 0.0000000000
116080  -42.596  35.979  16.830 0.0000000000
116140  -43.583  36.179  21.043 0.0000000000
116233  -54.957  36.864  -9.196 0.0000000000
116253  -42.737  41.400  -0.599 0.0000000000
116387  -51.953  27.699  -6.490 0.0000000000
116506  -43.445  37.728  18.559 0.0000000000
116828  -54.275  31.738  -1.142 0.0000000000
117218  -46.561  29.903  18.916 0.0000000000
117353  -53.264  28.983  -6.599 0.0000000000
117556  -47.873  28.687  23.621 0.0000000000
117616  -47.080  34.355  0.073 0.0000000000
118528  -43.991  42.722  17.693 0.0000000000
118570  -40.204  36.313  17.108 0.0000000000
118818  -45.469  34.716  -3.198 0.0000000000
119098  -43.750  35.459  2.958 0.0000000000
119427  -49.580  33.851  -6.691 0.0000000000
119739  -42.179  32.983  14.383 0.0000000000
121256  -51.956  32.685  -7.296 0.0000000000
121279  -52.352  35.059  6.876 0.0000000000
121972  -48.166  33.540  -1.386 0.0000000000
122261  -52.479  29.480  -2.293 0.0000000000
122836  -49.983  44.278  -1.585 0.0000000000
122936  -43.170  35.846  0.729 0.0000000000
123262  -53.355  35.278  3.479 0.0000000000
123393  -41.477  37.845  8.013 0.0000000000
123916  -43.914  34.059  12.391 0.0000000000
124108  -41.276  38.185  6.335 0.0000000000
124209  -44.773  35.173  12.320 0.0000000000
124457  -43.516  43.596  -2.547 0.0000000000
124707  -43.455  38.176  -1.226 0.0000000000
125097  -45.013  34.800  -1.508 0.0000000000
125321  -43.989  29.161  14.819 0.0000000000
125690  -43.600  35.630  0.118 0.0000000000
126190  -53.030  38.385  -7.336 0.0000000000
126216  -48.892  42.355  3.738 0.0000000000
126220  -42.599  43.536  16.097 0.0000000000
126510  -44.393  35.896  6.638 0.0000000000
126765  -50.227  26.776  20.643 0.0000000000
126832  -45.668  35.836  6.217 0.0000000000
127565  -50.408  38.130  10.769 0.0000000000
127583  -42.802  42.281  -2.329 0.0000000000
127668  -50.107  44.315  -3.006 0.0000000000
127705  -48.231  38.947  12.501 0.0000000000
127837  -42.842  39.425  11.626 0.0000000000
128004  -43.262  41.524  -1.186 0.0000000000
128505  -44.157  44.269  16.610 0.0000000000
128565  -50.614  41.665  -0.234 0.0000000000
128601  -47.233  39.875  16.365 0.0000000000
128910  -45.332  34.677  -2.527 0.0000000000
129035  -47.710  39.156  14.134 0.0000000000
129210  -45.603  34.604  -0.396 0.0000000000
129250  -44.412  33.087  5.212 0.0000000000
129403  -49.907  32.495  14.354 0.0000000000
129515  -49.737  35.186  12.509 0.0000000000
129530  -53.743  27.917  -5.099 0.0000000000
129564  -44.617  36.767  -3.997 0.0000000000
130184  -47.861  29.992  13.756 0.0000000000
130268  -45.104  44.658  7.047 0.0000000000
130747  -49.600  35.029  2.194 0.0000000000
131054  -44.010  44.123  10.981 0.0000000000
131547  -49.891  34.634  -6.856 0.0000000000
131641  -47.025  33.208  13.339 0.0000000000
131762  -45.985  38.345  11.636 0.0000000000
131865  -44.103  43.399  17.228 0.0000000000
131998  -46.082  45.066  12.403 0.0000000000
132172  -48.771  33.627  -0.887 0.0000000000
132213  -49.426  44.191  -3.289 0.0000000000
132286  -54.219  30.905  -1.522 0.0000000000
132386  -43.975  32.113  3.668 0.0000000000
132399  -42.371  39.841  4.215 0.0000000000
132562  -44.547  42.024  15.755 0.0000000000
132871  -45.809  33.648  6.444 0.0000000000
132895  -43.766  33.725  18.367 0.0000000000
133002  -45.918  43.384  -1.710 0.0000000000
133155  -42.892  40.103  9.772 0.0000000000
133158  -46.345  44.747  10.573 0.0000000000
133250  -51.128  31.185  15.021 0.0000000000
133399  -42.942  33.535  12.767 0.0000000000
133815  -46.093  37.778  10.527 0.0000000000
134378  -50.714  30.584  -1.227 0.0000000000
134482  -46.817  39.998  16.759 0.0000000000
134521  -47.287  36.588  7.066 0.0000000000
134705  -47.956  29.555  19.877 0.0000000000
134888  -50.524  31.078  -5.649 0.0000000000
134941  -50.525  44.594  -2.291 0.0000000000
135095  -49.789  38.448  -4.735 0.0000000000
