#!ascii label  , from subject sub-v2s15x29739_ses-1 vox2ras=TkReg
736
13487  22.716  -57.733  -7.425 0.6000000238
13424  22.144  -58.809  -2.034 0.6999999881
120271  21.481  -58.543  -2.841 0.6999999881
13465  19.506  -58.199  -5.580 0.8999999762
13476  19.622  -58.101  -6.156 0.8000000119
13475  20.455  -57.728  -6.697 0.8000000119
14090  22.465  -56.555  -7.735 0.6000000238
120806  23.021  -56.216  -8.154 0.6999999881
14089  23.894  -56.599  -8.087 0.6999999881
12830  23.384  -58.830  -1.411 0.6999999881
12817  23.430  -59.187  -0.374 0.6999999881
13434  22.322  -58.506  -2.807 0.6999999881
13442  22.949  -58.314  -3.297 0.6000000238
119451  21.836  -58.289  -3.542 0.6999999881
13443  20.656  -58.114  -4.084 0.6999999881
14053  20.747  -57.600  -5.203 0.8000000119
120972  21.258  -57.118  -5.939 0.8000000119
14067  19.820  -57.737  -6.121 0.8000000119
14078  20.855  -57.190  -6.850 0.8000000119
13489  20.998  -57.178  -7.129 0.6000000238
119337  23.347  -55.463  -8.504 0.6000000238
14763  24.194  -55.693  -8.593 0.6999999881
14762  25.403  -56.081  -8.432 0.6999999881
13423  24.369  -58.553  -1.226 0.5000000000
13414  24.022  -58.822  -0.651 0.6000000238
13433  24.107  -58.456  -2.025 0.4000000060
123372  23.160  -58.530  -2.417 0.6000000238
14041  22.539  -58.007  -4.163 0.6000000238
13454  21.555  -57.910  -4.377 0.8000000119
14065  22.218  -56.913  -6.012 0.6999999881
14745  22.762  -56.321  -6.687 0.6999999881
14746  21.934  -56.307  -6.980 0.6999999881
15439  23.414  -54.791  -8.615 0.5000000000
14776  23.427  -54.938  -9.207 0.6000000238
124862  24.269  -54.686  -9.160 0.6000000238
14775  25.675  -55.309  -8.878 0.6000000238
14774  27.140  -55.889  -8.377 0.5000000000
14017  25.725  -57.647  -0.726 0.5000000000
13413  24.621  -58.480  -0.397 0.6000000238
120033  24.010  -58.718  0.928 0.6000000238
13422  25.134  -58.148  -1.090 0.5000000000
14040  23.621  -57.976  -3.930 0.5000000000
14064  24.487  -57.114  -5.418 0.6000000238
14744  23.942  -56.486  -6.255 0.6000000238
14754  23.256  -55.645  -7.327 0.6000000238
15428  23.621  -54.868  -7.856 0.5000000000
15438  23.482  -54.506  -8.696 0.5000000000
115604  24.121  -53.980  -9.167 0.6000000238
15450  24.735  -54.075  -9.524 0.6000000238
15449  26.042  -54.696  -9.321 0.5000000000
15462  28.309  -54.811  -9.127 0.5000000000
15461  29.478  -55.182  -9.113 0.5000000000
15448  27.742  -55.342  -8.711 0.5000000000
13398  25.226  -58.017  -0.128 0.5000000000
13380  24.448  -58.186  1.144 0.5000000000
13431  25.206  -58.031  -1.854 0.5000000000
14038  25.447  -57.579  -3.365 0.4000000060
14723  26.547  -56.603  -3.455 0.3000000119
14724  25.958  -57.125  -3.873 0.4000000060
14734  25.707  -57.001  -4.763 0.3000000119
14733  26.377  -56.531  -4.386 0.3000000119
14063  25.054  -57.287  -4.974 0.5000000000
14743  25.123  -56.682  -5.677 0.5000000000
15426  25.874  -55.185  -6.842 0.5000000000
15437  24.089  -54.128  -8.113 0.5000000000
16154  23.929  -54.005  -9.001 0.6000000238
16174  25.309  -52.770  -10.168 0.6000000238
16163  25.285  -53.549  -10.010 0.5000000000
16172  27.391  -53.791  -9.933 0.5000000000
14003  25.136  -57.675  0.656 0.5000000000
14016  26.202  -57.162  -0.420 0.5000000000
125824  26.638  -56.882  -1.637 0.5000000000
14716  26.739  -56.650  -2.458 0.4000000060
14037  26.102  -57.194  -2.961 0.5000000000
14722  27.051  -56.168  -3.090 0.4000000060
15413  27.049  -55.900  -3.936 0.3000000119
132554  27.021  -55.451  -5.502 0.3000000119
15427  24.648  -54.992  -7.356 0.5000000000
16153  24.920  -53.630  -8.792 0.4000000060
16173  25.862  -53.197  -10.341 0.5000000000
16886  27.284  -52.396  -10.793 0.5000000000
16872  27.973  -53.301  -10.429 0.5000000000
16170  30.005  -54.669  -9.674 0.5000000000
16184  29.364  -53.765  -10.183 0.4000000060
14002  25.869  -56.969  0.373 0.5000000000
14692  26.595  -56.529  -0.207 0.5000000000
14706  27.170  -56.287  -1.503 0.5000000000
14715  27.362  -55.981  -2.395 0.4000000060
15405  27.491  -55.585  -3.119 0.4000000060
116032  27.662  -55.055  -3.828 0.3000000119
16138  27.517  -54.785  -5.630 0.3000000119
15420  26.819  -55.139  -6.338 0.4000000060
16145  27.213  -54.475  -6.797 0.4000000060
16853  26.849  -53.199  -8.497 0.4000000060
16146  26.112  -54.457  -7.456 0.4000000060
16152  26.356  -53.742  -8.046 0.4000000060
16854  25.376  -52.926  -9.354 0.5000000000
17576  26.020  -52.416  -10.223 0.5000000000
118524  25.256  -52.688  -10.014 0.6000000238
16885  28.573  -52.806  -10.820 0.4000000060
15356  27.073  -55.694  -0.110 0.4000000060
15395  27.721  -55.563  -1.694 0.4000000060
15381  27.546  -55.657  -0.862 0.4000000060
16121  27.942  -54.869  -2.918 0.4000000060
16120  28.106  -54.062  -3.601 0.4000000060
16829  27.920  -54.002  -5.204 0.4000000060
16846  27.900  -54.065  -6.158 0.4000000060
122989  27.603  -53.798  -7.240 0.4000000060
16852  28.014  -53.140  -7.610 0.4000000060
17575  26.804  -52.252  -9.814 0.5000000000
17587  26.968  -52.149  -10.517 0.6000000238
17597  27.239  -51.992  -10.850 0.5000000000
17609  27.888  -51.660  -11.091 0.4000000060
17596  27.934  -52.026  -11.211 0.4000000060
123102  27.192  -54.822  0.145 0.4000000060
16109  28.128  -54.901  -1.981 0.4000000060
16099  28.072  -54.992  -1.113 0.4000000060
16108  28.282  -54.091  -2.465 0.4000000060
16828  28.110  -53.598  -4.513 0.4000000060
16845  28.270  -53.304  -6.486 0.4000000060
17564  28.468  -52.487  -7.935 0.4000000060
16861  27.410  -52.687  -8.796 0.4000000060
17586  27.894  -51.901  -9.757 0.5000000000
18322  27.944  -51.621  -10.453 0.4000000060
18323  27.562  -51.768  -10.905 0.6000000238
16777  28.429  -53.453  -0.887 0.4000000060
16796  28.547  -53.338  -1.829 0.4000000060
16806  28.463  -53.120  -2.952 0.4000000060
16816  28.297  -53.201  -3.860 0.4000000060
133266  28.319  -52.782  -4.486 0.4000000060
127092  28.487  -51.836  -5.592 0.4000000060
125565  28.840  -51.142  -6.585 0.5000000000
17548  28.443  -52.518  -5.919 0.4000000060
18303  28.887  -51.905  -7.252 0.3000000119
131334  29.274  -50.900  -8.170 0.3000000119
121288  28.590  -51.440  -9.521 0.4000000060
123667  29.075  -50.629  -10.316 0.4000000060
18332  28.124  -51.389  -10.923 0.5000000000
16778  27.860  -53.512  -0.144 0.4000000060
17527  28.501  -52.493  -3.712 0.4000000060
131813  28.499  -51.984  -4.347 0.4000000060
18276  28.471  -51.379  -4.951 0.3000000119
120615  28.580  -51.197  -5.789 0.3000000119
18302  29.127  -51.064  -7.420 0.3000000119
18312  29.172  -51.028  -9.019 0.3000000119
19078  29.396  -50.127  -10.482 0.4000000060
19854  29.663  -49.142  -11.421 0.4000000060
17499  28.648  -52.603  -1.194 0.3000000119
18236  29.017  -51.392  -2.785 0.3000000119
18250  28.738  -51.704  -3.601 0.3000000119
19002  28.710  -50.659  -4.422 0.3000000119
19017  28.583  -50.549  -5.244 0.3000000119
19809  28.707  -49.659  -6.273 0.3000000119
19048  28.967  -50.314  -6.812 0.4000000060
20596  29.263  -48.947  -7.899 0.4000000060
19820  29.406  -49.623  -7.936 0.3000000119
19829  29.574  -49.315  -8.612 0.3000000119
19838  29.631  -49.705  -9.448 0.3000000119
19846  29.679  -49.213  -10.342 0.4000000060
20622  29.700  -48.596  -10.796 0.4000000060
20627  29.752  -48.490  -11.714 0.4000000060
19821  28.963  -49.367  -7.122 0.4000000060
21416  29.029  -47.720  -8.721 0.4000000060
20608  29.395  -48.544  -8.605 0.4000000060
119779  29.491  -48.218  -9.251 0.3000000119
20616  29.672  -48.379  -9.986 0.4000000060
138247  29.451  -47.280  -10.414 0.4000000060
115374  29.533  -46.969  -11.173 0.4000000060
21429  29.681  -47.834  -10.776 0.4000000060
21437  29.807  -47.797  -11.978 0.4000000060
21425  28.659  -46.993  -9.210 0.4000000060
22182  29.017  -46.782  -10.131 0.5000000000
22183  28.741  -46.224  -10.905 0.4000000060
22193  29.267  -46.246  -11.918 0.4000000060
21445  29.895  -47.078  -12.436 0.3000000119
22944  28.987  -45.755  -12.519 0.3000000119
13474  21.204  -57.785  -7.103 0.6999999881
13455  19.754  -57.968  -4.947 0.8000000119
14764  22.787  -55.639  -8.077 0.6000000238
14077  21.303  -56.747  -6.801 0.6999999881
14756  21.862  -56.430  -7.249 0.6999999881
13441  24.080  -58.240  -2.957 0.4000000060
14049  25.240  -57.457  -4.224 0.4000000060
126297  23.539  -57.063  -5.628 0.6999999881
15429  23.135  -55.148  -8.183 0.6999999881
14026  25.685  -57.686  -1.580 0.5000000000
14753  24.362  -55.749  -6.767 0.5000000000
119039  26.431  -55.779  -5.890 0.4000000060
16874  25.686  -52.702  -10.345 0.5000000000
16875  25.515  -52.658  -10.205 0.6000000238
17574  28.083  -52.309  -8.942 0.4000000060
17477  28.271  -52.649  -0.481 0.4000000060
19059  29.499  -50.219  -8.580 0.3000000119
129675  29.671  -48.893  -9.338 0.3000000119
21424  29.384  -47.574  -9.733 0.3000000119
22201  29.696  -46.252  -12.717 0.3000000119
11068  22.501  -62.270  -0.327 0.6000000238
129298  23.138  -62.494  0.421 0.6000000238
10528  25.620  -63.714  0.143 0.6000000238
10545  25.917  -63.503  -0.567 0.6000000238
10511  21.317  -63.729  1.578 0.5000000000
11055  21.646  -62.638  -0.112 0.6000000238
11620  20.879  -61.801  -1.911 0.6999999881
11077  22.123  -61.908  -1.170 0.6999999881
11054  22.396  -62.749  0.606 0.6000000238
11606  23.064  -61.830  -0.998 0.6000000238
11605  24.103  -61.773  -0.867 0.6000000238
11616  24.592  -61.522  -1.586 0.6000000238
11604  24.936  -61.960  -0.958 0.6000000238
138141  25.708  -62.950  -0.761 0.6000000238
10557  26.110  -63.188  -1.279 0.6000000238
10556  26.452  -63.647  -2.024 0.6999999881
11056  20.796  -63.034  -0.102 0.6000000238
11621  19.937  -61.787  -1.903 0.6999999881
10530  21.494  -63.146  0.711 0.5000000000
11079  20.510  -62.258  -1.370 0.6999999881
11069  21.043  -62.537  -0.773 0.6999999881
12242  21.660  -60.874  -3.093 0.6999999881
11618  22.590  -61.550  -1.762 0.6999999881
11617  23.585  -61.491  -1.667 0.5000000000
11088  25.825  -61.970  -2.106 0.6000000238
11625  26.239  -62.257  -2.776 0.6000000238
10567  26.492  -63.038  -2.783 0.6999999881
11639  26.177  -61.834  -3.496 0.6999999881
10577  26.586  -63.457  -3.674 0.6999999881
125630  26.518  -62.781  -4.374 0.6999999881
9594  27.526  -65.949  -8.636 0.4000000060
10120  26.563  -64.541  -8.631 0.5000000000
10100  26.404  -64.297  -6.819 0.6000000238
119504  26.510  -63.008  -5.159 0.6999999881
10532  17.947  -62.594  0.270 0.5000000000
137686  18.704  -62.891  -0.230 0.5000000000
11081  18.378  -61.601  -0.969 0.6000000238
125791  19.715  -63.332  -0.131 0.5000000000
11631  19.382  -61.107  -2.320 0.6999999881
11080  19.468  -62.166  -1.335 0.5000000000
10546  20.147  -62.712  -0.796 0.6000000238
12243  19.885  -60.878  -2.836 0.6999999881
11630  20.395  -61.366  -2.419 0.6999999881
11641  20.717  -60.903  -3.006 0.6999999881
11627  23.059  -61.200  -2.423 0.6999999881
11626  25.201  -61.346  -2.284 0.6000000238
12238  25.233  -61.076  -3.026 0.6000000238
11650  26.041  -61.543  -4.109 0.6999999881
11106  26.355  -62.002  -4.243 0.6999999881
116335  26.367  -62.281  -5.122 0.6999999881
10612  26.297  -63.477  -6.621 0.6000000238
11132  25.982  -62.840  -6.947 0.6000000238
11595  17.672  -60.925  0.462 0.5000000000
136187  17.371  -61.545  1.201 0.4000000060
12226  17.789  -60.477  -0.308 0.5000000000
12214  17.603  -60.803  0.218 0.5000000000
11607  17.709  -60.952  -0.437 0.5000000000
12834  18.014  -59.486  -1.490 0.6000000238
12234  18.014  -59.642  -1.610 0.6000000238
13446  18.410  -58.955  -3.344 0.6999999881
12245  18.239  -59.488  -2.543 0.6000000238
12255  18.731  -59.657  -3.421 0.6999999881
12254  19.788  -60.316  -3.556 0.6999999881
12241  22.576  -60.853  -3.110 0.6999999881
12240  23.510  -60.809  -3.124 0.6999999881
126295  24.156  -61.150  -2.412 0.6999999881
12250  24.982  -60.825  -3.759 0.6999999881
12264  24.755  -60.740  -4.602 0.6999999881
132301  25.304  -61.024  -5.051 0.8000000119
120747  25.909  -61.992  -6.162 0.6999999881
10629  26.242  -63.632  -8.308 0.5000000000
11140  25.814  -62.907  -7.809 0.6000000238
11133  25.605  -62.194  -7.306 0.6000000238
11583  17.966  -61.334  1.192 0.4000000060
12224  18.949  -59.894  -0.515 0.6000000238
12225  17.939  -59.946  -0.620 0.6000000238
12820  19.376  -59.494  -1.074 0.6000000238
13427  18.894  -58.801  -2.344 0.6000000238
13436  19.202  -58.527  -3.070 0.6000000238
12850  18.896  -58.894  -4.159 0.6999999881
12269  19.211  -59.359  -4.204 0.6999999881
115588  20.255  -59.826  -4.385 0.6999999881
12253  21.018  -60.470  -3.775 0.6999999881
12268  21.307  -60.054  -4.614 0.8000000119
131516  22.151  -60.489  -3.965 0.8000000119
12266  23.082  -60.390  -4.551 0.6000000238
12265  23.916  -60.461  -5.045 0.6000000238
11666  24.718  -60.765  -6.443 0.8000000119
11665  25.315  -61.214  -5.866 0.6999999881
11154  27.171  -63.345  -9.229 0.5000000000
11696  26.460  -62.541  -8.846 0.6000000238
11691  25.580  -61.688  -8.145 0.6999999881
11695  27.446  -62.529  -9.278 0.6000000238
12199  19.481  -60.889  0.816 0.5000000000
11581  20.233  -61.370  1.720 0.4000000060
11031  18.875  -62.387  2.874 0.4000000060
138140  19.989  -59.866  -0.528 0.5000000000
11594  18.286  -60.827  0.630 0.5000000000
115376  20.566  -59.555  -0.944 0.6000000238
13425  20.880  -58.776  -2.276 0.6000000238
13435  20.403  -58.468  -3.145 0.6000000238
13444  19.550  -58.389  -3.968 0.6999999881
138125  19.612  -59.189  -4.982 0.8000000119
12849  20.475  -59.469  -5.218 0.8000000119
12861  21.614  -59.310  -6.125 0.6000000238
12280  23.037  -60.068  -5.577 0.6000000238
12279  23.964  -60.316  -6.019 0.6999999881
12290  24.314  -60.188  -6.720 0.6999999881
12893  25.644  -60.308  -7.991 0.6999999881
11150  25.816  -62.225  -8.440 0.6000000238
12308  26.360  -60.712  -8.451 0.6000000238
12891  27.858  -59.521  -8.608 0.6000000238
133639  27.737  -61.775  -9.284 0.6000000238
12306  28.127  -60.195  -8.977 0.6000000238
12807  21.957  -59.974  0.342 0.5000000000
12198  20.724  -60.883  1.163 0.5000000000
11568  20.488  -61.490  2.627 0.5000000000
11569  19.787  -62.029  2.961 0.5000000000
12831  22.473  -59.263  -0.992 0.5000000000
12223  20.936  -59.981  -0.176 0.5000000000
12832  21.304  -59.209  -1.452 0.6000000238
12873  20.940  -58.546  -6.593 0.6999999881
12872  21.857  -58.766  -6.671 0.6000000238
12871  23.114  -58.823  -6.984 0.6000000238
13486  23.877  -58.563  -7.244 0.6000000238
120025  24.919  -59.134  -7.399 0.6999999881
128062  25.605  -58.422  -7.573 0.6000000238
12882  25.776  -59.417  -7.802 0.6000000238
12892  26.451  -59.813  -8.240 0.6999999881
124515  28.702  -61.672  -9.601 0.5000000000
12890  28.583  -59.691  -9.114 0.4000000060
12818  22.716  -59.601  0.029 0.5000000000
12196  22.363  -60.046  1.690 0.5000000000
12186  21.611  -60.489  2.591 0.5000000000
12173  20.779  -60.629  3.685 0.5000000000
12161  19.806  -60.693  4.599 0.5000000000
11534  18.355  -61.442  5.480 0.5000000000
125403  23.384  -57.265  -7.697 0.6000000238
13485  24.549  -57.875  -7.523 0.6000000238
137705  26.220  -57.928  -7.628 0.4000000060
13500  26.576  -58.847  -7.917 0.5000000000
135002  28.286  -58.227  -8.324 0.4000000060
13505  29.019  -59.146  -9.154 0.4000000060
13498  28.398  -58.920  -8.667 0.5000000000
12806  23.483  -59.274  0.593 0.6000000238
12795  22.757  -59.624  1.963 0.5000000000
12780  21.926  -59.986  2.839 0.5000000000
12160  20.354  -60.251  4.316 0.5000000000
12747  19.610  -59.840  4.819 0.5000000000
128986  18.791  -59.859  5.298 0.5000000000
117369  17.335  -59.860  5.887 0.4000000060
12151  16.842  -60.276  6.183 0.5000000000
12139  15.283  -60.607  6.413 0.4000000060
12140  14.535  -60.089  6.262 0.4000000060
11522  13.680  -61.210  6.419 0.4000000060
14088  25.248  -57.127  -7.800 0.6000000238
14087  26.366  -57.165  -7.749 0.4000000060
14100  28.436  -57.496  -8.200 0.4000000060
13497  29.120  -58.238  -8.777 0.4000000060
12778  23.051  -59.134  2.227 0.5000000000
134542  22.225  -58.979  3.206 0.4000000060
13355  21.583  -58.851  3.617 0.4000000060
120898  19.627  -59.000  4.721 0.5000000000
13343  19.176  -58.385  4.630 0.4000000060
12749  17.445  -59.273  5.570 0.5000000000
13330  17.623  -58.730  5.245 0.4000000060
13346  16.504  -58.168  4.993 0.5000000000
12750  16.599  -59.395  5.830 0.5000000000
133733  15.800  -58.180  5.046 0.3000000119
12752  14.599  -59.330  5.841 0.3000000119
12753  13.647  -59.375  5.661 0.3000000119
15447  28.969  -55.711  -8.568 0.4000000060
13365  23.513  -58.574  2.059 0.5000000000
126774  22.118  -58.253  3.346 0.5000000000
13356  20.802  -58.655  4.084 0.4000000060
13987  24.637  -57.551  1.356 0.4000000060
13976  23.470  -57.695  2.370 0.4000000060
13977  22.581  -57.597  2.999 0.4000000060
128555  22.017  -56.737  3.090 0.4000000060
14653  24.614  -56.909  1.556 0.4000000060
134324  23.752  -56.812  2.149 0.4000000060
14635  22.935  -56.823  2.619 0.4000000060
14652  24.987  -56.463  1.327 0.4000000060
15311  23.292  -56.096  2.239 0.4000000060
136271  21.710  -56.015  2.764 0.4000000060
14636  21.193  -55.522  2.533 0.4000000060
14654  24.258  -56.157  1.733 0.4000000060
14672  26.310  -56.118  0.385 0.3000000119
117764  22.716  -55.433  2.187 0.4000000060
15333  22.172  -55.018  2.036 0.4000000060
15334  21.505  -54.974  2.117 0.4000000060
15357  26.567  -55.279  0.427 0.4000000060
15314  19.431  -55.452  2.601 0.4000000060
133402  20.412  -54.491  1.712 0.4000000060
16067  26.607  -54.515  0.490 0.3000000119
16068  25.881  -54.256  0.751 0.4000000060
16045  24.519  -54.279  1.175 0.4000000060
16046  23.721  -54.510  1.457 0.4000000060
16048  21.887  -54.544  1.674 0.4000000060
16049  21.097  -54.490  1.685 0.4000000060
16735  22.290  -54.031  1.266 0.3000000119
14773  28.424  -56.436  -8.212 0.4000000060
134375  25.157  -63.362  0.362 0.6000000238
11098  26.439  -62.537  -3.526 0.6999999881
11664  25.985  -61.532  -4.953 0.6999999881
9596  26.802  -65.219  -8.845 0.5000000000
10632  27.453  -64.096  -9.332 0.5000000000
115845  26.400  -65.139  -7.451 0.5000000000
10633  26.731  -63.956  -9.008 0.4000000060
10621  26.166  -63.595  -7.465 0.6000000238
11057  17.569  -61.568  0.562 0.5000000000
12252  23.051  -60.603  -3.738 0.6999999881
11141  25.594  -62.277  -7.990 0.6000000238
120697  18.128  -59.046  -2.181 0.6000000238
12251  23.982  -60.577  -3.984 0.6999999881
12278  24.659  -60.716  -5.526 0.8000000119
11680  25.410  -61.614  -7.567 0.6999999881
11582  19.170  -61.411  1.421 0.4000000060
12267  22.236  -60.089  -4.953 0.6000000238
12300  24.821  -60.116  -7.360 0.6999999881
12289  24.971  -60.894  -7.157 0.6999999881
11694  28.427  -62.469  -9.540 0.5000000000
11153  28.062  -63.209  -9.468 0.5000000000
12309  25.333  -61.015  -7.757 0.6999999881
11690  26.167  -61.641  -8.630 0.6000000238
12860  22.479  -59.495  -6.199 0.6999999881
12291  23.360  -59.646  -6.441 0.6999999881
12870  23.979  -59.490  -6.910 0.6999999881
13499  27.583  -58.685  -8.224 0.6000000238
12314  27.995  -60.947  -9.095 0.6000000238
12898  29.366  -59.859  -9.574 0.6000000238
12209  22.106  -60.200  1.138 0.5000000000
11567  21.107  -61.063  2.201 0.5000000000
11557  20.402  -61.393  3.413 0.4000000060
137583  14.274  -61.531  6.507 0.3000000119
13484  27.031  -57.971  -7.693 0.5000000000
14109  29.606  -57.499  -8.848 0.4000000060
12759  18.974  -59.071  5.046 0.5000000000
12751  15.599  -59.256  5.842 0.4000000060
12152  13.953  -59.821  6.066 0.4000000060
116286  26.079  -54.885  0.741 0.4000000060
15331  24.434  -55.139  1.472 0.4000000060
3894  31.259  -77.902  -5.304 0.3000000119
4323  31.861  -76.777  -3.869 0.3000000119
6946  27.434  -70.740  -4.829 0.4000000060
6484  27.407  -72.319  -7.384 0.4000000060
114253  27.209  -72.776  -6.315 0.4000000060
6027  27.195  -73.703  -7.241 0.4000000060
7435  27.260  -69.271  -5.943 0.4000000060
7426  27.425  -69.863  -4.430 0.4000000060
114700  27.347  -68.970  -3.912 0.4000000060
115927  27.300  -67.898  -4.162 0.5000000000
131624  27.322  -68.284  -2.553 0.5000000000
8460  27.292  -67.585  -2.670 0.5000000000
6969  27.270  -70.202  -7.182 0.4000000060
132026  27.439  -70.783  -5.758 0.5000000000
122407  27.348  -70.586  -3.968 0.5000000000
8448  27.248  -67.955  -1.900 0.5000000000
6978  27.386  -70.397  -7.941 0.5000000000
114699  27.383  -71.545  -6.429 0.5000000000
6490  27.560  -71.555  -7.954 0.5000000000
121290  27.581  -72.521  -8.027 0.4000000060
5604  27.723  -73.377  -8.257 0.4000000060
136083  27.276  -74.790  -7.764 0.4000000060
5169  27.912  -74.959  -7.944 0.4000000060
5569  28.468  -74.109  -5.080 0.3000000119
5556  29.345  -73.515  -4.388 0.4000000060
7971  26.610  -68.452  -7.975 0.4000000060
7951  26.851  -67.872  -6.357 0.4000000060
8490  26.691  -67.074  -6.194 0.4000000060
7443  26.757  -69.070  -7.881 0.4000000060
7442  26.999  -69.388  -7.057 0.4000000060
7961  26.914  -68.640  -6.621 0.4000000060
136194  27.316  -68.420  -4.753 0.4000000060
8469  27.263  -67.312  -3.483 0.5000000000
7468  27.099  -69.471  -8.128 0.4000000060
6959  27.436  -69.960  -5.335 0.4000000060
9008  27.146  -67.039  -4.369 0.5000000000
8999  27.091  -66.494  -3.635 0.5000000000
8987  27.190  -66.758  -2.780 0.5000000000
9000  27.014  -65.902  -2.938 0.6000000238
9521  26.808  -65.238  -2.288 0.6000000238
8978  26.950  -66.683  -1.149 0.6000000238
10585  26.597  -63.567  -4.702 0.6000000238
10059  26.651  -64.331  -3.411 0.6000000238
9515  26.702  -65.357  -1.412 0.5000000000
5176  27.690  -74.294  -8.252 0.4000000060
10544  26.345  -63.926  -1.073 0.5000000000
5168  28.683  -74.629  -7.656 0.4000000060
5157  28.902  -74.368  -6.646 0.4000000060
5568  29.132  -73.795  -5.472 0.4000000060
9034  26.472  -66.591  -7.069 0.4000000060
9020  26.617  -66.293  -6.048 0.5000000000
115469  26.742  -66.082  -5.224 0.5000000000
9559  26.594  -65.486  -5.728 0.5000000000
120205  26.865  -65.729  -3.806 0.5000000000
120902  26.605  -64.880  -4.945 0.5000000000
9531  26.780  -65.104  -3.165 0.6000000238
10599  26.508  -63.728  -5.757 0.6000000238
10070  26.645  -64.245  -4.291 0.6000000238
116365  32.664  -76.297  -3.610 0.3000000119
5554  31.919  -73.197  -4.709 0.3000000119
8527  27.168  -67.591  -8.323 0.4000000060
116563  26.829  -67.246  -8.240 0.4000000060
9046  26.559  -66.927  -7.928 0.4000000060
8504  26.549  -67.395  -7.201 0.4000000060
9586  26.416  -66.002  -7.917 0.4000000060
9576  26.471  -65.776  -6.829 0.4000000060
124802  26.494  -65.074  -6.549 0.5000000000
10051  26.641  -64.431  -2.562 0.6000000238
10042  26.574  -64.539  -1.685 0.5000000000
9057  26.764  -66.362  -8.397 0.4000000060
7943  27.205  -68.487  -5.609 0.4000000060
8977  27.177  -67.103  -1.947 0.5000000000
5555  30.663  -73.367  -4.263 0.3000000119
8514  26.578  -67.756  -7.967 0.4000000060
8478  26.896  -66.722  -5.248 0.5000000000
9009  26.917  -66.281  -4.486 0.5000000000
19069  29.337  -50.490  -9.610 0.3000000119
5143  27.911  -74.729  -6.084 0.3000000119
5158  27.982  -75.101  -7.091 0.4000000060
5159  27.308  -74.996  -7.464 0.4000000060
5170  27.482  -74.769  -8.021 0.4000000060
5580  29.633  -74.020  -7.288 0.4000000060
5581  27.150  -74.732  -7.313 0.4000000060
5594  27.208  -74.156  -8.087 0.4000000060
5603  28.260  -73.881  -8.456 0.4000000060
6040  27.418  -73.259  -7.892 0.4000000060
6994  27.768  -71.078  -8.257 0.5000000000
7454  27.075  -69.662  -7.752 0.4000000060
7922  26.950  -68.391  -1.118 0.5000000000
7938  27.335  -68.149  -3.281 0.5000000000
7962  26.636  -68.138  -7.327 0.4000000060
7983  27.278  -69.043  -8.312 0.4000000060
7984  26.831  -68.777  -8.232 0.4000000060
8449  27.017  -67.515  -1.122 0.5000000000
8489  27.129  -67.618  -5.230 0.4000000060
8528  26.792  -68.087  -8.245 0.4000000060
8988  27.023  -66.148  -1.960 0.6000000238
9056  27.072  -66.564  -8.512 0.4000000060
9541  26.723  -64.983  -4.030 0.6000000238
10019  25.708  -64.401  0.549 0.6000000238
10031  26.099  -64.174  -0.252 0.6000000238
10087  26.548  -64.628  -5.830 0.5000000000
10111  26.293  -64.416  -7.913 0.4000000060
10630  28.881  -62.970  -9.507 0.5000000000
11021  19.286  -62.284  3.575 0.5000000000
11051  25.437  -63.139  -0.191 0.6000000238
11065  25.209  -62.569  -0.526 0.6000000238
11067  23.553  -62.151  -0.208 0.6000000238
11070  17.987  -61.895  -0.246 0.5000000000
11075  26.214  -62.738  -2.028 0.6000000238
11076  25.661  -62.435  -1.302 0.6000000238
11078  21.331  -62.105  -1.328 0.6999999881
11123  26.315  -62.869  -5.979 0.6999999881
11149  25.960  -62.820  -8.365 0.6000000238
11523  12.898  -61.722  6.367 0.4000000060
11533  18.936  -61.257  5.158 0.5000000000
11546  20.189  -61.117  4.137 0.5000000000
11556  21.061  -60.971  3.007 0.5000000000
11558  19.769  -61.805  3.854 0.4000000060
11608  17.534  -60.963  0.137 0.5000000000
11615  25.300  -61.778  -1.605 0.6000000238
11619  21.706  -61.648  -1.847 0.6999999881
11622  17.893  -60.475  -1.070 0.6000000238
11628  22.131  -61.256  -2.446 0.6999999881
11629  21.265  -61.345  -2.456 0.6999999881
11632  18.357  -60.395  -2.029 0.6000000238
11640  25.686  -61.319  -3.577 0.6000000238
11651  25.545  -61.140  -4.324 0.6999999881
11671  25.247  -61.470  -6.850 0.6999999881
11689  27.057  -61.191  -8.839 0.6000000238
12141  13.022  -60.818  6.156 0.4000000060
12148  19.240  -60.638  5.051 0.5000000000
12149  18.016  -59.887  5.631 0.4000000060
12153  13.274  -60.069  5.902 0.4000000060
12172  21.422  -60.256  3.244 0.5000000000
12185  22.205  -60.068  2.294 0.5000000000
12197  21.734  -60.525  1.730 0.5000000000
12210  21.297  -60.404  0.679 0.5000000000
12211  20.000  -60.375  0.161 0.5000000000
12212  18.568  -60.356  0.078 0.5000000000
12213  17.789  -60.520  0.061 0.5000000000
12239  24.457  -60.831  -3.167 0.6999999881
12244  18.922  -60.419  -2.872 0.6999999881
12256  18.352  -59.115  -3.257 0.6999999881
12281  22.210  -59.748  -5.637 0.6000000238
12282  21.458  -59.666  -5.417 0.8000000119
12307  27.284  -60.239  -8.629 0.6000000238
12739  15.974  -59.976  6.242 0.4000000060
12740  15.206  -59.810  6.176 0.4000000060
12748  18.192  -59.173  5.337 0.5000000000
12758  20.282  -59.314  4.435 0.5000000000
12767  21.808  -59.554  3.271 0.4000000060
12768  21.044  -59.655  3.861 0.5000000000
12779  22.438  -59.460  2.669 0.5000000000
12794  23.422  -59.139  1.534 0.6000000238
12819  21.675  -59.608  -0.550 0.5000000000
12821  18.335  -59.525  -1.084 0.6000000238
12833  19.940  -59.108  -1.759 0.6000000238
12838  18.203  -59.054  -2.662 0.6999999881
12841  18.644  -59.125  -3.768 0.6999999881
12842  18.543  -59.008  -3.702 0.6999999881
12851  18.728  -58.921  -3.913 0.6999999881
12862  19.728  -58.663  -5.688 0.8000000119
12863  19.322  -58.721  -4.903 0.8999999762
12874  20.065  -58.327  -6.351 0.8000000119
12883  24.400  -59.392  -7.164 0.6999999881
13331  16.929  -58.709  5.374 0.5000000000
13332  16.083  -58.677  5.444 0.4000000060
13334  14.095  -58.679  5.333 0.3000000119
13344  18.238  -58.403  4.867 0.4000000060
13345  17.312  -58.207  4.913 0.5000000000
13366  22.815  -58.570  2.731 0.5000000000
13381  23.881  -58.523  1.490 0.5000000000
13399  24.631  -58.331  0.448 0.5000000000
13400  24.093  -58.851  0.128 0.6000000238
13426  19.866  -58.704  -2.515 0.6000000238
13432  24.805  -58.177  -2.351 0.4000000060
13437  18.458  -58.813  -2.862 0.6000000238
13445  18.829  -58.708  -3.646 0.6999999881
13456  19.287  -58.565  -4.644 0.6999999881
13473  22.135  -58.161  -7.140 0.6000000238
13488  21.661  -57.072  -7.429 0.6999999881
13975  24.161  -57.308  1.863 0.4000000060
13986  25.199  -57.044  1.059 0.4000000060
13988  24.076  -58.007  1.754 0.5000000000
14025  26.246  -57.285  -1.225 0.5000000000
14030  26.197  -57.282  -2.070 0.5000000000
14031  25.510  -57.715  -2.461 0.5000000000
14032  24.953  -57.988  -2.981 0.4000000060
14039  24.646  -57.834  -3.679 0.4000000060
14050  24.280  -57.547  -4.672 0.5000000000
14051  23.076  -57.551  -4.871 0.6999999881
14052  21.944  -57.554  -5.067 0.8000000119
14054  19.922  -57.673  -5.702 0.8000000119
14055  19.491  -57.984  -5.618 0.8000000119
14066  20.535  -57.343  -6.267 0.8000000119
14068  19.532  -57.958  -6.042 0.8000000119
14079  19.858  -57.889  -6.326 0.8000000119
14086  27.162  -57.270  -7.745 0.4000000060
14091  21.411  -56.783  -7.180 0.6000000238
14099  29.051  -57.293  -8.451 0.4000000060
14101  27.761  -57.770  -7.893 0.4000000060
14673  25.580  -56.343  0.876 0.3000000119
14691  27.063  -56.208  -0.687 0.5000000000
14707  26.703  -56.762  -0.920 0.5000000000
14742  26.059  -56.417  -5.369 0.4000000060
14752  25.563  -55.938  -6.297 0.5000000000
14755  22.477  -55.955  -7.576 0.6999999881
14761  26.660  -56.470  -8.082 0.5000000000
14765  22.125  -56.356  -7.510 0.6000000238
15312  22.439  -56.089  2.580 0.4000000060
15313  20.332  -55.504  2.586 0.4000000060
15330  25.104  -55.742  1.278 0.4000000060
15332  23.549  -55.319  1.849 0.4000000060
15335  20.730  -54.932  2.157 0.4000000060
15336  19.843  -54.831  2.078 0.4000000060
15358  25.854  -55.535  0.810 0.4000000060
15412  27.340  -55.300  -4.734 0.3000000119
15421  26.746  -55.933  -4.950 0.3000000119
15436  24.692  -54.261  -8.094 0.4000000060
15451  23.601  -54.162  -8.940 0.6000000238
15452  23.513  -54.298  -8.868 0.5000000000
16044  25.310  -54.837  1.080 0.4000000060
16047  22.783  -54.667  1.706 0.4000000060
16069  25.176  -54.042  0.931 0.4000000060
16088  28.077  -54.266  -0.641 0.4000000060
16098  28.328  -54.199  -1.450 0.4000000060
16131  27.798  -54.458  -4.586 0.4000000060
16155  23.499  -54.165  -8.913 0.5000000000
16162  26.678  -54.233  -9.631 0.5000000000
16164  25.049  -53.436  -9.526 0.6000000238
16171  28.871  -54.287  -9.619 0.5000000000
16733  23.882  -53.847  1.103 0.4000000060
16756  22.553  -53.475  0.752 0.3000000119
16839  28.221  -53.213  -5.361 0.3000000119
16862  25.825  -52.535  -9.754 0.5000000000
16873  26.535  -52.859  -10.534 0.5000000000
16887  26.285  -52.463  -10.416 0.6000000238
17515  28.947  -51.818  -2.225 0.3000000119
17557  28.568  -52.612  -6.891 0.3000000119
17608  28.483  -51.752  -11.324 0.4000000060
18263  28.670  -51.311  -4.179 0.3000000119
18289  28.665  -51.882  -6.320 0.5000000000
18313  28.847  -51.710  -8.450 0.4000000060
18321  28.719  -51.045  -10.155 0.4000000060
18342  28.630  -51.217  -11.277 0.4000000060
19032  28.654  -50.433  -6.046 0.3000000119
19047  29.293  -50.260  -7.627 0.3000000119
19797  28.650  -49.792  -5.500 0.3000000119
114526  27.341  -70.040  -6.286 0.4000000060
115909  26.459  -65.205  -8.282 0.5000000000
117509  27.145  -59.413  -8.342 0.6999999881
117919  19.820  -61.741  2.166 0.4000000060
118028  28.727  -52.173  -2.919 0.4000000060
118666  18.560  -59.194  -1.670 0.6000000238
119246  20.342  -57.607  -6.434 0.8000000119
119508  27.214  -54.035  0.264 0.3000000119
120641  28.757  -52.490  -2.097 0.3000000119
120913  22.613  -59.045  -6.700 0.6999999881
121136  24.749  -58.300  -1.721 0.5000000000
122153  29.506  -49.730  -11.244 0.4000000060
123139  14.405  -60.845  6.445 0.3000000119
123145  17.848  -59.897  -0.967 0.5000000000
123219  25.798  -61.592  -2.855 0.6000000238
123303  20.630  -59.091  -6.009 0.8000000119
123934  26.724  -65.580  -4.675 0.5000000000
124463  27.412  -71.093  -7.330 0.5000000000
124738  22.768  -59.752  1.085 0.5000000000
125394  26.572  -63.768  -2.866 0.6999999881
126884  25.676  -57.512  0.011 0.5000000000
127351  13.765  -62.101  6.512 0.3000000119
127936  27.669  -54.982  -0.397 0.4000000060
128053  18.796  -61.347  -1.678 0.5000000000
128055  28.342  -52.255  -5.086 0.4000000060
128621  13.804  -60.438  6.258 0.4000000060
129048  21.712  -62.289  -0.765 0.6999999881
129057  27.368  -69.154  -4.968 0.4000000060
129462  26.617  -64.228  -5.116 0.6000000238
129710  21.375  -57.101  3.410 0.4000000060
131073  26.437  -63.267  -8.775 0.5000000000
131252  25.756  -61.087  -8.243 0.6999999881
131601  21.958  -55.494  2.395 0.4000000060
131760  27.631  -54.328  -0.129 0.4000000060
132564  27.756  -55.401  -2.431 0.4000000060
133855  18.534  -60.629  5.463 0.5000000000
134702  27.668  -56.868  -7.884 0.4000000060
134710  27.223  -75.044  -6.757 0.4000000060
134852  26.710  -68.737  -7.459 0.4000000060
135004  27.780  -63.678  -9.431 0.5000000000
135931  25.298  -59.789  -7.670 0.6999999881
136378  27.385  -70.708  -6.577 0.5000000000
136448  19.881  -57.984  -6.422 0.8000000119
136877  18.070  -59.204  -2.059 0.6000000238
137059  26.938  -61.917  -8.980 0.6000000238
137077  21.132  -58.370  -3.377 0.6999999881
137231  24.212  -56.800  1.835 0.4000000060
137472  24.804  -61.022  -2.709 0.6000000238
137856  19.051  -62.569  -0.763 0.5000000000
