#!ascii label  , from subject sub-v2s15x29752_ses-1 vox2ras=TkReg
439
59096  -25.362  -7.445  -35.601 0.0000000000
56885  -20.713  -9.134  -31.133 0.0000000000
131044  -28.485  -10.794  -32.773 0.0000000000
52641  -24.535  -13.877  -29.835 0.0000000000
70367  -28.236  3.596  -40.723 0.0000000000
128025  -30.534  -1.592  -41.333 0.0000000000
62117  -24.801  -4.202  -37.499 0.0000000000
48712  -23.747  -17.455  -26.653 0.0000000000
54777  -22.629  -11.397  -30.628 0.0000000000
52626  -20.957  -13.153  -28.337 0.0000000000
121166  -30.392  1.533  -41.353 0.0000000000
67124  -28.149  0.228  -38.093 0.0000000000
60085  -20.326  -6.050  -33.467 0.0000000000
63117  -20.102  -3.541  -35.381 0.0000000000
60118  -24.568  -6.262  -36.563 0.0000000000
63133  -30.541  -2.950  -35.925 0.0000000000
62108  -31.136  -5.247  -35.492 0.0000000000
118861  -31.114  -7.335  -34.785 0.0000000000
60055  -18.800  -6.564  -31.773 0.0000000000
57948  -22.482  -8.602  -33.425 0.0000000000
57951  -26.843  -9.047  -34.000 0.0000000000
55830  -24.158  -10.635  -32.559 0.0000000000
54790  -26.251  -12.393  -31.874 0.0000000000
51615  -27.920  -14.847  -30.737 0.0000000000
64128  -24.688  -2.686  -38.464 0.0000000000
65115  -29.806  -1.168  -37.048 0.0000000000
63161  -30.477  -3.814  -41.470 0.0000000000
51561  -21.103  -14.848  -27.059 0.0000000000
51577  -23.402  -15.390  -28.050 0.0000000000
53718  -19.895  -12.017  -28.612 0.0000000000
53698  -20.088  -12.784  -28.151 0.0000000000
67139  -27.350  0.053  -39.041 0.0000000000
66113  -25.905  -0.733  -39.145 0.0000000000
133383  -23.226  -7.341  -35.138 0.0000000000
133303  -22.639  -6.401  -35.521 0.0000000000
60108  -24.963  -6.914  -36.133 0.0000000000
61077  -28.221  -5.147  -35.342 0.0000000000
61066  -28.521  -5.872  -34.649 0.0000000000
127927  -31.096  -6.017  -35.302 0.0000000000
60098  -29.128  -6.593  -34.100 0.0000000000
123154  -19.450  -8.049  -31.262 0.0000000000
59060  -20.365  -7.336  -32.380 0.0000000000
57938  -21.349  -8.533  -32.233 0.0000000000
56896  -23.064  -9.863  -32.708 0.0000000000
56887  -22.107  -9.815  -31.663 0.0000000000
52654  -23.493  -12.687  -30.231 0.0000000000
117608  -23.929  -11.860  -31.148 0.0000000000
53748  -24.963  -12.922  -30.868 0.0000000000
52657  -26.728  -13.894  -31.116 0.0000000000
51613  -26.063  -14.192  -30.546 0.0000000000
70365  -26.638  2.598  -40.929 0.0000000000
69256  -25.582  2.822  -41.330 0.0000000000
70384  -27.632  3.916  -41.175 0.0000000000
71456  -29.233  4.963  -42.278 0.0000000000
69264  -30.017  2.836  -42.154 0.0000000000
128916  -30.405  -0.202  -41.504 0.0000000000
62114  -22.748  -4.547  -37.116 0.0000000000
62127  -22.537  -3.570  -37.640 0.0000000000
63144  -24.783  -3.257  -37.933 0.0000000000
65113  -27.256  -1.904  -37.309 0.0000000000
64113  -27.913  -2.495  -36.540 0.0000000000
62135  -30.763  -5.518  -39.489 0.0000000000
63157  -30.866  -4.507  -39.727 0.0000000000
62140  -31.367  -5.374  -40.902 0.0000000000
123076  -28.004  -10.164  -32.987 0.0000000000
57954  -29.969  -8.830  -33.342 0.0000000000
49683  -21.806  -16.246  -26.353 0.0000000000
50638  -22.307  -15.876  -26.950 0.0000000000
50651  -21.992  -15.197  -27.348 0.0000000000
49699  -23.799  -16.428  -27.472 0.0000000000
55781  -20.574  -10.241  -30.183 0.0000000000
55782  -21.431  -10.591  -30.359 0.0000000000
127009  -20.731  -10.867  -29.698 0.0000000000
53735  -21.589  -12.142  -29.423 0.0000000000
52627  -22.273  -13.347  -29.000 0.0000000000
69233  -27.491  2.488  -40.015 0.0000000000
69257  -29.677  2.857  -41.104 0.0000000000
69235  -29.531  2.097  -39.502 0.0000000000
68136  -29.167  1.183  -38.618 0.0000000000
67142  -30.366  0.026  -39.147 0.0000000000
61053  -18.371  -4.439  -33.119 0.0000000000
62076  -19.845  -4.687  -34.089 0.0000000000
61086  -21.958  -4.867  -36.216 0.0000000000
61090  -24.932  -5.402  -36.930 0.0000000000
63119  -27.509  -3.969  -36.209 0.0000000000
62104  -27.846  -4.491  -35.784 0.0000000000
62121  -31.196  -4.499  -35.862 0.0000000000
61097  -31.741  -5.776  -37.575 0.0000000000
61093  -31.789  -6.994  -37.508 0.0000000000
48699  -24.147  -18.117  -26.327 0.0000000000
48714  -25.414  -17.964  -27.156 0.0000000000
60075  -19.956  -6.512  -32.695 0.0000000000
59069  -21.533  -7.449  -33.419 0.0000000000
57965  -23.707  -8.489  -34.459 0.0000000000
57968  -26.301  -8.495  -34.512 0.0000000000
56918  -24.886  -9.239  -34.183 0.0000000000
135299  -25.870  -9.931  -33.617 0.0000000000
55833  -26.825  -10.974  -33.021 0.0000000000
54787  -23.352  -11.312  -31.272 0.0000000000
117821  -24.778  -11.660  -31.870 0.0000000000
127862  -26.858  -12.019  -32.279 0.0000000000
53757  -28.114  -13.014  -31.959 0.0000000000
52664  -29.219  -13.831  -31.511 0.0000000000
69265  -30.231  1.943  -42.743 0.0000000000
65112  -26.119  -1.769  -38.240 0.0000000000
126525  -29.108  -0.494  -37.211 0.0000000000
65132  -31.134  -1.398  -39.480 0.0000000000
64116  -30.593  -2.274  -36.629 0.0000000000
64137  -31.263  -2.289  -39.181 0.0000000000
120203  -30.641  -2.566  -41.254 0.0000000000
59071  -28.014  -7.962  -33.611 0.0000000000
59086  -31.832  -8.203  -35.112 0.0000000000
52593  -19.834  -13.880  -27.096 0.0000000000
52614  -21.101  -13.747  -27.947 0.0000000000
51589  -22.443  -14.117  -28.509 0.0000000000
116455  -24.381  -14.876  -28.940 0.0000000000
49701  -25.504  -16.819  -27.944 0.0000000000
49713  -25.601  -16.145  -28.445 0.0000000000
50682  -26.142  -15.514  -29.299 0.0000000000
65125  -25.081  -1.700  -39.176 0.0000000000
59094  -23.841  -7.467  -35.502 0.0000000000
60110  -26.390  -6.475  -35.482 0.0000000000
60095  -26.818  -6.830  -34.839 0.0000000000
60097  -28.224  -6.600  -34.176 0.0000000000
59083  -27.489  -7.190  -34.120 0.0000000000
56884  -20.013  -8.964  -30.745 0.0000000000
57904  -19.370  -8.520  -30.745 0.0000000000
57923  -20.073  -8.502  -31.231 0.0000000000
57924  -20.704  -8.494  -31.670 0.0000000000
57925  -21.238  -8.970  -31.637 0.0000000000
56894  -21.780  -9.223  -31.967 0.0000000000
56886  -21.468  -9.521  -31.354 0.0000000000
52640  -23.676  -13.452  -29.755 0.0000000000
52655  -24.309  -13.196  -30.333 0.0000000000
52656  -25.178  -13.667  -30.412 0.0000000000
52642  -25.366  -14.365  -29.894 0.0000000000
70366  -27.539  3.266  -40.658 0.0000000000
70385  -28.544  4.073  -41.282 0.0000000000
70395  -29.804  3.560  -42.501 0.0000000000
70386  -29.354  3.564  -41.484 0.0000000000
66127  -30.619  -0.640  -40.788 0.0000000000
129936  -30.098  -0.203  -42.485 0.0000000000
66134  -30.209  -1.141  -42.057 0.0000000000
65156  -30.109  -2.021  -43.272 0.0000000000
62115  -23.614  -4.712  -37.365 0.0000000000
62113  -21.929  -3.779  -37.021 0.0000000000
62128  -23.152  -3.737  -37.801 0.0000000000
62129  -23.902  -3.904  -37.820 0.0000000000
63145  -25.774  -3.076  -37.433 0.0000000000
63129  -25.687  -3.934  -37.179 0.0000000000
61104  -30.782  -6.363  -39.617 0.0000000000
62138  -30.757  -5.380  -40.222 0.0000000000
133273  -29.099  -9.519  -32.912 0.0000000000
55842  -29.016  -10.154  -32.778 0.0000000000
48711  -22.946  -17.216  -26.389 0.0000000000
49675  -22.157  -16.933  -26.070 0.0000000000
49684  -22.618  -16.544  -26.662 0.0000000000
49698  -23.062  -16.202  -27.217 0.0000000000
49685  -23.394  -16.808  -26.946 0.0000000000
135108  -20.055  -10.530  -29.659 0.0000000000
53719  -20.821  -12.430  -28.793 0.0000000000
53720  -21.580  -12.892  -28.890 0.0000000000
120133  -22.099  -12.725  -29.343 0.0000000000
69222  -26.961  1.522  -39.982 0.0000000000
69234  -28.572  2.356  -39.445 0.0000000000
69223  -27.735  1.902  -39.393 0.0000000000
67140  -28.237  0.834  -38.673 0.0000000000
132986  -28.817  0.614  -38.277 0.0000000000
67154  -30.013  0.823  -38.804 0.0000000000
67141  -29.376  0.483  -38.319 0.0000000000
61055  -19.656  -5.181  -33.462 0.0000000000
61065  -20.321  -5.335  -33.957 0.0000000000
60116  -23.003  -6.066  -36.186 0.0000000000
60106  -22.290  -5.762  -35.743 0.0000000000
61087  -22.677  -5.375  -36.437 0.0000000000
61088  -23.346  -5.450  -36.782 0.0000000000
61089  -24.110  -5.548  -36.985 0.0000000000
62119  -27.016  -4.485  -36.177 0.0000000000
61091  -26.422  -5.216  -36.268 0.0000000000
61078  -29.286  -5.179  -35.037 0.0000000000
62106  -29.821  -4.321  -35.062 0.0000000000
62107  -30.684  -4.335  -35.220 0.0000000000
125216  -31.473  -4.799  -36.736 0.0000000000
61092  -31.621  -5.676  -36.420 0.0000000000
61098  -31.299  -7.161  -38.472 0.0000000000
59098  -31.636  -7.188  -35.416 0.0000000000
60112  -31.935  -7.987  -36.519 0.0000000000
59099  -32.420  -8.210  -36.194 0.0000000000
47691  -24.622  -18.772  -25.909 0.0000000000
47692  -25.635  -19.034  -26.128 0.0000000000
60073  -18.412  -5.798  -32.089 0.0000000000
61034  -18.760  -5.325  -32.680 0.0000000000
60074  -19.179  -6.168  -32.439 0.0000000000
59061  -21.103  -7.753  -32.659 0.0000000000
59068  -20.776  -6.941  -33.024 0.0000000000
59070  -22.230  -7.911  -33.819 0.0000000000
57964  -22.941  -8.258  -34.165 0.0000000000
57949  -23.210  -8.902  -33.775 0.0000000000
56897  -23.835  -10.072  -32.955 0.0000000000
56906  -24.318  -9.697  -33.592 0.0000000000
55838  -24.630  -10.248  -33.132 0.0000000000
55840  -26.287  -10.403  -33.309 0.0000000000
55831  -24.961  -10.822  -32.706 0.0000000000
54776  -21.981  -11.127  -30.312 0.0000000000
54786  -22.716  -10.897  -31.147 0.0000000000
52662  -25.593  -12.696  -31.424 0.0000000000
53755  -24.685  -12.179  -31.392 0.0000000000
54789  -25.427  -12.002  -31.844 0.0000000000
54796  -26.033  -11.745  -32.324 0.0000000000
53763  -27.791  -12.234  -32.284 0.0000000000
53756  -27.154  -12.712  -31.886 0.0000000000
52658  -27.657  -14.228  -31.195 0.0000000000
120915  -28.342  -13.752  -31.612 0.0000000000
52659  -28.511  -14.432  -31.150 0.0000000000
52660  -29.190  -14.498  -30.812 0.0000000000
69248  -30.182  2.149  -40.737 0.0000000000
69258  -30.309  2.159  -41.724 0.0000000000
68166  -30.296  1.216  -42.288 0.0000000000
63103  -19.356  -3.489  -34.628 0.0000000000
114671  -23.814  -2.664  -38.717 0.0000000000
126528  -24.738  -2.213  -39.014 0.0000000000
65099  -28.291  -1.653  -36.586 0.0000000000
65114  -28.102  -0.806  -36.971 0.0000000000
66114  -30.262  -0.397  -38.385 0.0000000000
65126  -30.939  -1.269  -38.395 0.0000000000
63132  -29.547  -2.885  -35.750 0.0000000000
63131  -28.601  -3.134  -36.139 0.0000000000
63147  -31.059  -2.931  -36.648 0.0000000000
63162  -30.603  -4.295  -40.598 0.0000000000
64138  -31.369  -3.315  -38.975 0.0000000000
64145  -31.071  -3.358  -39.944 0.0000000000
64144  -31.085  -2.365  -40.172 0.0000000000
63164  -30.953  -3.871  -42.507 0.0000000000
57969  -27.139  -8.189  -34.099 0.0000000000
59073  -30.093  -8.177  -33.633 0.0000000000
50636  -20.517  -15.252  -26.376 0.0000000000
51560  -20.193  -14.546  -26.734 0.0000000000
52613  -20.383  -13.475  -27.723 0.0000000000
51574  -20.720  -14.155  -27.405 0.0000000000
51576  -22.615  -14.888  -27.982 0.0000000000
51590  -23.406  -14.652  -28.622 0.0000000000
50666  -24.022  -15.312  -28.462 0.0000000000
48726  -25.002  -17.257  -27.407 0.0000000000
50668  -25.655  -15.640  -28.871 0.0000000000
54757  -19.766  -11.164  -29.110 0.0000000000
68134  -27.395  0.984  -39.364 0.0000000000
115369  -26.188  0.207  -39.426 0.0000000000
128133  -27.264  -0.517  -38.663 0.0000000000
60086  -21.269  -6.630  -33.867 0.0000000000
60092  -21.006  -5.814  -34.351 0.0000000000
60093  -21.899  -6.335  -34.866 0.0000000000
60107  -24.203  -6.922  -36.090 0.0000000000
60119  -25.323  -6.216  -36.432 0.0000000000
60120  -26.021  -5.996  -36.023 0.0000000000
61075  -26.744  -5.760  -35.578 0.0000000000
61076  -27.521  -5.704  -35.134 0.0000000000
61079  -30.451  -5.228  -34.840 0.0000000000
61067  -29.752  -5.939  -34.498 0.0000000000
60099  -30.210  -6.912  -34.323 0.0000000000
59018  -18.647  -7.842  -30.744 0.0000000000
59041  -19.142  -7.372  -31.474 0.0000000000
59059  -19.599  -6.959  -32.095 0.0000000000
59042  -20.037  -7.802  -31.728 0.0000000000
57937  -20.699  -8.013  -32.138 0.0000000000
57939  -22.064  -8.936  -32.687 0.0000000000
56904  -22.772  -9.246  -33.058 0.0000000000
56895  -22.407  -9.545  -32.344 0.0000000000
55829  -23.421  -10.398  -32.315 0.0000000000
53746  -22.763  -12.168  -30.173 0.0000000000
54778  -23.379  -11.939  -30.684 0.0000000000
53747  -24.124  -12.454  -30.772 0.0000000000
52663  -26.479  -13.137  -31.497 0.0000000000
114193  -25.819  -13.462  -31.019 0.0000000000
51614  -27.035  -14.582  -30.634 0.0000000000
69245  -25.677  2.085  -40.798 0.0000000000
70383  -26.550  3.485  -41.439 0.0000000000
72301  -28.587  4.849  -41.854 0.0000000000
70403  -29.621  3.519  -43.644 0.0000000000
67166  -30.402  0.644  -41.591 0.0000000000
132488  -30.245  0.520  -42.363 0.0000000000
64123  -21.500  -2.685  -37.462 0.0000000000
63142  -22.673  -2.994  -38.128 0.0000000000
116643  -24.024  -3.204  -38.273 0.0000000000
64129  -25.913  -2.398  -37.833 0.0000000000
63146  -26.811  -2.728  -36.872 0.0000000000
63134  -31.250  -3.769  -36.411 0.0000000000
63148  -31.374  -3.512  -37.414 0.0000000000
63152  -31.409  -4.370  -38.623 0.0000000000
116101  -30.791  -4.612  -41.164 0.0000000000
56909  -27.413  -9.556  -33.446 0.0000000000
57953  -28.442  -8.627  -33.347 0.0000000000
56910  -28.383  -9.375  -33.127 0.0000000000
56912  -30.671  -9.442  -33.494 0.0000000000
50624  -20.929  -15.915  -25.986 0.0000000000
50637  -21.458  -15.549  -26.670 0.0000000000
50652  -22.801  -15.587  -27.541 0.0000000000
130279  -23.456  -15.898  -27.637 0.0000000000
56856  -19.336  -9.227  -30.233 0.0000000000
56857  -20.278  -9.566  -30.507 0.0000000000
56858  -21.093  -9.834  -30.726 0.0000000000
54758  -21.473  -11.302  -29.816 0.0000000000
53734  -20.724  -11.649  -29.271 0.0000000000
54759  -22.136  -11.701  -29.991 0.0000000000
53736  -22.275  -12.305  -29.715 0.0000000000
52639  -22.791  -12.932  -29.640 0.0000000000
52628  -23.071  -13.800  -29.158 0.0000000000
68158  -24.466  1.565  -40.676 0.0000000000
114612  -26.545  2.009  -40.396 0.0000000000
69246  -28.371  3.099  -40.116 0.0000000000
70368  -28.898  3.371  -40.717 0.0000000000
69247  -29.370  2.612  -40.152 0.0000000000
68159  -30.167  1.875  -39.888 0.0000000000
68135  -28.363  1.593  -38.979 0.0000000000
68148  -29.138  1.803  -39.086 0.0000000000
68160  -30.447  1.340  -40.562 0.0000000000
68150  -30.454  0.976  -39.641 0.0000000000
125736  -30.713  0.081  -39.949 0.0000000000
62093  -19.999  -4.183  -34.764 0.0000000000
132433  -21.511  -5.445  -35.266 0.0000000000
61074  -20.680  -4.938  -34.751 0.0000000000
62101  -20.662  -4.270  -35.497 0.0000000000
62116  -24.292  -4.804  -37.362 0.0000000000
63130  -26.664  -3.652  -36.614 0.0000000000
62118  -26.307  -4.439  -36.600 0.0000000000
63120  -28.293  -3.871  -36.012 0.0000000000
63121  -29.196  -3.728  -35.667 0.0000000000
62103  -27.292  -5.129  -35.708 0.0000000000
62105  -28.791  -4.466  -35.506 0.0000000000
62120  -30.821  -3.744  -35.638 0.0000000000
62130  -31.609  -4.646  -37.595 0.0000000000
61100  -30.963  -6.124  -38.790 0.0000000000
61105  -31.139  -6.768  -39.745 0.0000000000
61101  -30.826  -7.164  -39.184 0.0000000000
60127  -31.537  -7.467  -38.650 0.0000000000
60121  -31.993  -6.905  -36.573 0.0000000000
55834  -29.257  -11.106  -32.720 0.0000000000
48713  -24.577  -17.698  -26.898 0.0000000000
60084  -19.494  -5.693  -32.945 0.0000000000
59078  -22.037  -7.165  -34.259 0.0000000000
117939  -23.445  -7.880  -34.846 0.0000000000
57977  -24.988  -8.112  -35.244 0.0000000000
59081  -25.821  -7.988  -35.103 0.0000000000
57966  -24.534  -8.622  -34.638 0.0000000000
57967  -25.416  -8.635  -34.661 0.0000000000
56919  -25.888  -9.332  -34.161 0.0000000000
56905  -23.515  -9.503  -33.365 0.0000000000
56907  -25.170  -9.816  -33.680 0.0000000000
56908  -26.571  -9.759  -33.660 0.0000000000
55841  -27.119  -10.303  -33.266 0.0000000000
127021  -27.690  -10.909  -32.912 0.0000000000
55819  -21.810  -10.123  -31.013 0.0000000000
55820  -22.429  -10.392  -31.375 0.0000000000
55822  -23.755  -10.953  -31.941 0.0000000000
54788  -24.136  -11.536  -31.657 0.0000000000
54794  -24.476  -11.193  -32.193 0.0000000000
55832  -25.906  -11.037  -32.813 0.0000000000
123925  -26.590  -11.464  -32.629 0.0000000000
54798  -28.416  -11.581  -32.580 0.0000000000
53764  -28.796  -12.535  -32.351 0.0000000000
121670  -27.410  -13.481  -31.555 0.0000000000
53758  -29.070  -13.304  -32.107 0.0000000000
68171  -30.065  1.165  -43.149 0.0000000000
66100  -26.590  -1.152  -38.518 0.0000000000
66101  -27.731  -0.700  -38.066 0.0000000000
114464  -27.250  -1.311  -37.886 0.0000000000
67125  -28.901  0.214  -37.740 0.0000000000
66103  -29.547  -0.034  -37.847 0.0000000000
127652  -30.778  -0.699  -39.005 0.0000000000
65138  -30.889  -1.498  -40.441 0.0000000000
115954  -27.645  -3.317  -36.396 0.0000000000
64114  -28.861  -2.169  -36.084 0.0000000000
65101  -29.979  -1.621  -36.591 0.0000000000
64130  -31.127  -2.574  -37.312 0.0000000000
65117  -31.258  -2.304  -38.151 0.0000000000
65116  -30.631  -1.659  -37.335 0.0000000000
133408  -30.248  -2.850  -43.551 0.0000000000
59084  -28.545  -7.234  -33.720 0.0000000000
59085  -29.637  -7.447  -33.801 0.0000000000
59072  -29.106  -8.126  -33.388 0.0000000000
124543  -30.785  -7.951  -34.261 0.0000000000
52612  -19.453  -13.188  -27.444 0.0000000000
51575  -21.674  -14.365  -27.811 0.0000000000
51588  -21.671  -13.612  -28.433 0.0000000000
51602  -23.935  -14.218  -29.326 0.0000000000
49686  -24.169  -17.042  -27.211 0.0000000000
49700  -24.595  -16.605  -27.688 0.0000000000
49712  -24.945  -16.209  -28.115 0.0000000000
50667  -24.866  -15.588  -28.581 0.0000000000
51591  -25.339  -15.077  -29.297 0.0000000000
51603  -24.698  -14.493  -29.467 0.0000000000
51604  -26.375  -14.938  -29.870 0.0000000000
50653  -24.153  -15.929  -28.003 0.0000000000
53765  -29.684  -12.834  -32.438 0.0000000000
54795  -25.240  -11.425  -32.309 0.0000000000
54797  -27.361  -11.521  -32.621 0.0000000000
55808  -22.178  -10.734  -30.786 0.0000000000
55821  -23.047  -10.688  -31.685 0.0000000000
55828  -22.750  -10.101  -31.991 0.0000000000
55839  -25.463  -10.381  -33.230 0.0000000000
57947  -21.783  -8.228  -33.026 0.0000000000
57950  -24.015  -9.095  -34.016 0.0000000000
57952  -27.681  -8.778  -33.600 0.0000000000
59079  -22.749  -7.591  -34.552 0.0000000000
59080  -24.191  -8.045  -35.117 0.0000000000
59082  -26.604  -7.674  -34.695 0.0000000000
59095  -24.591  -7.512  -35.663 0.0000000000
59097  -26.120  -7.231  -35.323 0.0000000000
60094  -22.668  -6.932  -34.998 0.0000000000
60096  -27.559  -6.367  -34.623 0.0000000000
60109  -25.693  -6.741  -35.876 0.0000000000
60111  -26.971  -6.201  -35.091 0.0000000000
60117  -23.775  -6.240  -36.473 0.0000000000
60133  -31.655  -7.179  -39.321 0.0000000000
61054  -19.080  -4.975  -33.124 0.0000000000
61068  -30.761  -6.381  -34.814 0.0000000000
61080  -31.652  -6.355  -35.843 0.0000000000
61111  -30.953  -6.170  -40.149 0.0000000000
63122  -30.157  -3.584  -35.418 0.0000000000
63140  -21.602  -2.951  -37.325 0.0000000000
63141  -22.118  -2.960  -37.746 0.0000000000
64115  -29.790  -2.171  -36.180 0.0000000000
64131  -31.345  -3.187  -38.085 0.0000000000
65100  -29.079  -1.316  -36.473 0.0000000000
65146  -30.428  -2.178  -42.232 0.0000000000
66102  -28.490  -0.227  -37.539 0.0000000000
66104  -30.117  -0.765  -37.624 0.0000000000
66120  -30.892  -0.629  -39.778 0.0000000000
67161  -30.541  0.378  -40.652 0.0000000000
68149  -29.881  1.529  -39.200 0.0000000000
71445  -27.759  4.583  -41.592 0.0000000000
116061  -29.777  -13.816  -30.806 0.0000000000
116426  -23.348  -6.797  -35.741 0.0000000000
116904  -25.655  -4.821  -36.828 0.0000000000
121180  -29.143  -8.986  -33.101 0.0000000000
126194  -25.679  -5.566  -36.525 0.0000000000
127876  -29.882  0.189  -38.468 0.0000000000
129175  -23.474  -2.636  -38.638 0.0000000000
131751  -30.686  -3.354  -40.753 0.0000000000
131770  -21.230  -4.771  -35.594 0.0000000000
