#!ascii label  , from subject sub-v2s15x29752_ses-1 vox2ras=TkReg
512
13016  -50.428  -62.283  0.428 0.0000000000
11275  -46.682  -65.781  -3.940 0.0000000000
16383  -52.130  -55.939  -1.264 0.0000000000
12466  -51.441  -63.193  -4.152 0.0000000000
129808  -45.840  -59.098  -2.388 0.0000000000
13536  -54.504  -60.972  4.704 0.0000000000
14695  -49.252  -59.419  -0.173 0.0000000000
13570  -44.438  -61.560  1.517 0.0000000000
16995  -48.553  -55.461  -0.187 0.0000000000
15834  -48.617  -57.578  -2.625 0.0000000000
16377  -45.479  -56.576  -1.310 0.0000000000
14136  -52.243  -60.492  2.212 0.0000000000
12970  -50.277  -62.306  3.986 0.0000000000
15194  -43.620  -58.285  2.237 0.0000000000
15197  -46.429  -57.868  2.160 0.0000000000
11860  -45.427  -64.643  -0.280 0.0000000000
11917  -49.531  -64.622  -4.823 0.0000000000
10168  -49.249  -67.903  -3.821 0.0000000000
9104  -48.158  -69.313  -5.126 0.0000000000
120719  -53.854  -59.132  -1.777 0.0000000000
13633  -50.018  -61.691  -2.113 0.0000000000
14237  -48.883  -60.790  -3.607 0.0000000000
130470  -46.594  -61.863  -2.725 0.0000000000
14699  -55.457  -58.954  0.599 0.0000000000
15793  -52.107  -57.311  -0.527 0.0000000000
16336  -49.684  -56.347  1.401 0.0000000000
125287  -47.556  -63.099  4.833 0.0000000000
13592  -47.051  -60.989  0.708 0.0000000000
15781  -48.403  -57.557  1.695 0.0000000000
16953  -46.883  -55.612  2.455 0.0000000000
11257  -47.872  -65.845  -2.025 0.0000000000
113972  -42.326  -62.955  -3.672 0.0000000000
10684  -44.027  -66.457  -3.972 0.0000000000
9612  -44.226  -68.709  -2.912 0.0000000000
16972  -47.042  -55.535  0.225 0.0000000000
16369  -46.939  -55.941  -1.111 0.0000000000
127477  -47.815  -62.824  0.144 0.0000000000
11916  -48.466  -65.020  -4.489 0.0000000000
10718  -48.838  -66.863  -4.726 0.0000000000
10703  -47.700  -67.023  -4.656 0.0000000000
9094  -48.028  -69.397  -5.125 0.0000000000
10186  -47.177  -67.657  -4.595 0.0000000000
15839  -53.897  -57.475  -1.752 0.0000000000
15262  -51.530  -57.795  -3.127 0.0000000000
15832  -46.868  -58.044  -2.416 0.0000000000
14745  -49.270  -59.206  -3.210 0.0000000000
116865  -47.457  -59.793  -2.815 0.0000000000
13653  -47.158  -61.312  -2.868 0.0000000000
14221  -45.917  -60.438  -2.540 0.0000000000
123905  -55.139  -60.452  1.512 0.0000000000
116754  -54.674  -60.452  2.527 0.0000000000
14156  -50.462  -60.520  1.176 0.0000000000
14697  -52.072  -59.059  0.233 0.0000000000
15225  -50.390  -58.164  -0.386 0.0000000000
16353  -50.585  -56.172  0.634 0.0000000000
15791  -49.772  -57.473  0.334 0.0000000000
119455  -45.974  -63.101  3.845 0.0000000000
12967  -47.495  -62.644  3.248 0.0000000000
12997  -45.976  -61.938  1.615 0.0000000000
15752  -47.630  -57.122  4.218 0.0000000000
15780  -47.419  -57.732  2.125 0.0000000000
16316  -48.211  -56.939  4.093 0.0000000000
16943  -48.093  -56.324  3.417 0.0000000000
117795  -50.687  -62.700  -3.108 0.0000000000
11872  -47.891  -64.217  -1.723 0.0000000000
114425  -49.457  -65.150  -2.787 0.0000000000
9066  -48.316  -69.741  -3.129 0.0000000000
13095  -42.252  -62.505  -5.274 0.0000000000
11897  -42.670  -64.372  -3.201 0.0000000000
10182  -43.382  -67.278  -4.461 0.0000000000
17012  -49.791  -55.635  -1.163 0.0000000000
113766  -50.188  -56.606  -2.327 0.0000000000
16379  -48.157  -56.217  -1.630 0.0000000000
15820  -47.127  -56.741  -1.972 0.0000000000
15248  -45.795  -57.731  -1.993 0.0000000000
14123  -54.119  -60.584  3.312 0.0000000000
13544  -50.864  -61.786  3.340 0.0000000000
13576  -49.963  -61.117  1.795 0.0000000000
14680  -43.689  -59.990  1.531 0.0000000000
119195  -45.039  -60.097  1.096 0.0000000000
15195  -44.575  -58.117  2.179 0.0000000000
15751  -46.524  -57.356  3.729 0.0000000000
16932  -47.358  -56.222  4.703 0.0000000000
12490  -50.883  -63.568  -4.964 0.0000000000
11277  -50.380  -65.804  -4.002 0.0000000000
10688  -50.318  -65.617  -4.401 0.0000000000
9106  -48.770  -69.490  -4.466 0.0000000000
8061  -48.507  -71.244  -5.982 0.0000000000
8072  -47.957  -71.196  -7.265 0.0000000000
8059  -47.032  -71.317  -6.831 0.0000000000
8048  -45.552  -71.453  -4.659 0.0000000000
13616  -52.107  -61.188  -0.461 0.0000000000
13038  -49.500  -62.117  -0.409 0.0000000000
14225  -51.695  -60.491  -3.172 0.0000000000
112608  -51.422  -61.317  -4.071 0.0000000000
113074  -50.346  -57.822  -3.074 0.0000000000
14762  -50.594  -59.741  -3.683 0.0000000000
119308  -51.053  -61.698  -4.497 0.0000000000
13081  -49.732  -62.516  -4.510 0.0000000000
13080  -47.626  -62.990  -3.406 0.0000000000
12465  -46.832  -63.873  -3.178 0.0000000000
13618  -54.509  -60.540  0.350 0.0000000000
14708  -55.566  -59.202  -0.021 0.0000000000
15808  -54.477  -57.510  -0.694 0.0000000000
14685  -53.740  -59.194  1.280 0.0000000000
15226  -52.603  -58.162  -0.352 0.0000000000
16354  -51.946  -56.179  -0.509 0.0000000000
16974  -50.852  -55.784  0.313 0.0000000000
129992  -48.910  -55.549  0.878 0.0000000000
16954  -47.226  -55.525  1.274 0.0000000000
12956  -48.990  -62.758  4.854 0.0000000000
13556  -48.598  -61.795  2.216 0.0000000000
14154  -48.115  -60.240  0.295 0.0000000000
14683  -46.043  -59.257  0.897 0.0000000000
14684  -46.964  -59.132  0.513 0.0000000000
127544  -48.836  -57.974  0.370 0.0000000000
15768  -49.248  -56.753  2.218 0.0000000000
129200  -47.969  -55.870  2.437 0.0000000000
13051  -47.765  -62.942  -1.237 0.0000000000
11245  -46.775  -65.662  -1.449 0.0000000000
115918  -48.570  -67.460  -2.811 0.0000000000
9065  -47.116  -69.882  -2.437 0.0000000000
13651  -45.274  -61.203  -2.471 0.0000000000
123571  -45.267  -62.677  -2.479 0.0000000000
11885  -44.815  -64.250  -2.662 0.0000000000
11899  -44.054  -64.923  -2.903 0.0000000000
11274  -45.762  -65.756  -3.642 0.0000000000
10184  -45.315  -67.405  -4.336 0.0000000000
9079  -45.669  -69.579  -3.540 0.0000000000
16971  -46.326  -55.501  0.323 0.0000000000
16993  -46.568  -55.691  -0.463 0.0000000000
12425  -48.563  -63.022  0.730 0.0000000000
13015  -49.396  -62.635  0.550 0.0000000000
11276  -47.511  -65.412  -4.128 0.0000000000
11288  -48.482  -65.804  -4.635 0.0000000000
11287  -47.387  -66.290  -4.418 0.0000000000
16396  -52.654  -56.473  -1.801 0.0000000000
15838  -53.159  -57.157  -2.301 0.0000000000
15837  -52.178  -56.970  -2.579 0.0000000000
133844  -46.478  -58.808  -2.473 0.0000000000
14744  -47.196  -58.915  -2.628 0.0000000000
117461  -46.464  -59.624  -2.577 0.0000000000
12947  -54.528  -61.213  5.128 0.0000000000
128897  -54.498  -61.117  4.398 0.0000000000
13561  -55.098  -61.051  2.287 0.0000000000
14117  -54.414  -60.924  3.843 0.0000000000
14169  -50.006  -59.897  0.166 0.0000000000
14696  -50.819  -59.286  -0.101 0.0000000000
113648  -50.142  -59.027  -0.422 0.0000000000
15224  -49.475  -58.569  -0.245 0.0000000000
13569  -43.617  -61.556  1.794 0.0000000000
12976  -43.865  -62.467  2.704 0.0000000000
12977  -44.708  -62.505  2.519 0.0000000000
12965  -45.323  -62.848  3.194 0.0000000000
12978  -45.611  -62.461  2.380 0.0000000000
13571  -45.286  -61.449  1.271 0.0000000000
15753  -48.192  -57.139  3.897 0.0000000000
16942  -47.447  -55.960  3.927 0.0000000000
113639  -50.474  -63.664  -3.197 0.0000000000
11887  -50.329  -64.679  -3.363 0.0000000000
129313  -42.245  -65.372  -4.425 0.0000000000
125155  -43.088  -66.918  -4.730 0.0000000000
16996  -49.612  -55.446  -0.350 0.0000000000
17011  -48.798  -55.692  -1.081 0.0000000000
16368  -46.078  -56.019  -1.034 0.0000000000
114112  -47.359  -56.304  -1.592 0.0000000000
16378  -46.502  -56.518  -1.591 0.0000000000
15819  -46.598  -57.248  -2.080 0.0000000000
15818  -45.952  -57.036  -1.728 0.0000000000
13558  -50.428  -61.494  2.579 0.0000000000
13543  -49.864  -62.071  3.197 0.0000000000
14667  -43.031  -59.243  1.926 0.0000000000
15211  -44.034  -58.970  1.756 0.0000000000
16314  -46.807  -56.865  4.505 0.0000000000
11230  -45.558  -65.955  -0.895 0.0000000000
130943  -50.114  -63.964  -4.944 0.0000000000
11291  -50.618  -64.786  -4.680 0.0000000000
114847  -50.004  -65.031  -4.993 0.0000000000
10202  -48.685  -67.652  -4.538 0.0000000000
10203  -49.227  -67.082  -4.355 0.0000000000
9105  -48.585  -69.600  -4.774 0.0000000000
8062  -48.624  -70.667  -5.578 0.0000000000
125153  -48.229  -70.993  -6.535 0.0000000000
9093  -47.261  -69.415  -4.638 0.0000000000
8581  -47.549  -70.757  -6.170 0.0000000000
8571  -46.809  -70.207  -4.701 0.0000000000
8058  -45.984  -71.767  -5.788 0.0000000000
8570  -45.860  -70.704  -4.211 0.0000000000
14183  -52.879  -60.630  -0.731 0.0000000000
13655  -51.492  -61.429  -3.936 0.0000000000
14239  -51.531  -60.249  -3.772 0.0000000000
16393  -49.344  -56.838  -2.356 0.0000000000
15835  -50.022  -57.145  -2.632 0.0000000000
114158  -49.505  -57.528  -2.736 0.0000000000
14224  -49.715  -60.205  -3.667 0.0000000000
14238  -50.986  -60.687  -4.151 0.0000000000
114330  -50.089  -60.948  -4.098 0.0000000000
13082  -50.747  -62.211  -4.690 0.0000000000
13068  -47.380  -62.111  -3.106 0.0000000000
13067  -46.467  -62.733  -2.763 0.0000000000
14687  -55.568  -59.530  0.864 0.0000000000
14171  -55.588  -59.589  0.587 0.0000000000
15229  -55.436  -58.690  0.131 0.0000000000
135633  -55.064  -58.212  -0.460 0.0000000000
15228  -54.994  -58.307  0.158 0.0000000000
13560  -52.963  -60.786  3.023 0.0000000000
14137  -53.759  -60.227  2.846 0.0000000000
112283  -53.482  -60.039  2.076 0.0000000000
115081  -51.221  -58.465  -0.438 0.0000000000
16355  -52.820  -56.721  -0.793 0.0000000000
16975  -51.440  -55.802  -0.278 0.0000000000
116372  -51.302  -55.954  0.164 0.0000000000
16956  -50.244  -55.900  0.873 0.0000000000
115057  -49.579  -55.933  1.426 0.0000000000
120857  -48.698  -55.796  1.807 0.0000000000
12942  -48.293  -62.914  5.411 0.0000000000
12998  -46.925  -61.929  1.791 0.0000000000
12980  -48.086  -62.290  2.764 0.0000000000
13555  -47.768  -61.888  1.999 0.0000000000
13574  -48.196  -61.406  1.377 0.0000000000
13593  -47.738  -60.905  0.699 0.0000000000
15213  -45.732  -58.583  1.439 0.0000000000
14152  -45.640  -59.873  0.884 0.0000000000
15766  -48.365  -57.316  3.177 0.0000000000
15215  -47.358  -58.139  1.022 0.0000000000
15222  -47.927  -58.524  0.395 0.0000000000
15782  -49.278  -57.110  1.642 0.0000000000
15767  -48.983  -57.037  2.856 0.0000000000
16944  -48.765  -56.509  2.879 0.0000000000
13614  -49.297  -62.049  -1.423 0.0000000000
13037  -48.734  -62.315  -0.787 0.0000000000
13052  -48.609  -62.639  -1.545 0.0000000000
11247  -48.439  -65.069  -2.229 0.0000000000
11246  -47.414  -64.989  -1.653 0.0000000000
10660  -47.227  -66.535  -1.796 0.0000000000
10139  -46.446  -67.132  -1.553 0.0000000000
9591  -46.532  -68.027  -1.787 0.0000000000
10155  -49.561  -67.180  -3.892 0.0000000000
10673  -49.757  -66.529  -3.659 0.0000000000
123178  -48.871  -68.051  -3.326 0.0000000000
8011  -47.331  -71.431  -2.769 0.0000000000
9614  -47.727  -68.970  -2.623 0.0000000000
14220  -45.064  -60.302  -2.412 0.0000000000
119024  -44.143  -60.067  -2.208 0.0000000000
13065  -44.190  -62.432  -2.415 0.0000000000
12464  -45.642  -63.564  -2.644 0.0000000000
12463  -44.481  -63.387  -2.474 0.0000000000
11272  -43.382  -65.517  -3.422 0.0000000000
11898  -43.062  -64.686  -2.961 0.0000000000
11273  -44.599  -65.734  -3.453 0.0000000000
10685  -45.186  -66.480  -4.031 0.0000000000
10701  -45.689  -66.935  -4.425 0.0000000000
10700  -44.727  -66.973  -4.460 0.0000000000
9634  -44.800  -68.368  -3.585 0.0000000000
9078  -44.909  -69.277  -3.090 0.0000000000
16994  -47.442  -55.611  -0.402 0.0000000000
17010  -47.842  -55.800  -1.075 0.0000000000
129306  -45.358  -56.034  -0.835 0.0000000000
15762  -44.286  -57.504  2.928 0.0000000000
16313  -45.544  -56.536  4.415 0.0000000000
12424  -46.502  -63.546  0.009 0.0000000000
11902  -48.494  -64.367  -4.339 0.0000000000
123269  -49.323  -65.360  -4.819 0.0000000000
10704  -48.475  -66.548  -4.659 0.0000000000
9676  -48.316  -68.403  -4.744 0.0000000000
115663  -48.066  -70.078  -5.654 0.0000000000
9660  -47.880  -68.165  -4.813 0.0000000000
9659  -47.457  -68.558  -4.633 0.0000000000
15265  -54.161  -57.985  -1.786 0.0000000000
14749  -53.652  -58.561  -2.228 0.0000000000
121683  -52.852  -58.640  -2.922 0.0000000000
15278  -51.975  -58.774  -3.395 0.0000000000
15260  -47.800  -58.170  -2.689 0.0000000000
131571  -48.611  -58.435  -2.858 0.0000000000
113654  -48.120  -59.089  -2.834 0.0000000000
14223  -48.474  -59.948  -3.214 0.0000000000
14236  -47.777  -60.635  -3.099 0.0000000000
14222  -46.820  -60.513  -2.711 0.0000000000
13652  -46.251  -61.215  -2.616 0.0000000000
14138  -55.010  -60.364  1.992 0.0000000000
14159  -55.159  -60.038  1.523 0.0000000000
120949  -51.382  -60.357  1.497 0.0000000000
14157  -52.320  -59.810  1.362 0.0000000000
14170  -51.133  -59.870  0.662 0.0000000000
15792  -51.346  -56.476  -0.016 0.0000000000
124275  -50.619  -56.924  0.279 0.0000000000
15783  -49.799  -56.637  1.167 0.0000000000
12952  -45.783  -63.119  4.711 0.0000000000
12953  -46.744  -63.139  4.498 0.0000000000
12954  -47.549  -62.985  4.027 0.0000000000
128552  -46.875  -62.620  2.972 0.0000000000
12979  -46.496  -62.384  2.377 0.0000000000
13572  -46.619  -61.417  1.133 0.0000000000
15765  -47.343  -57.481  3.319 0.0000000000
15754  -48.607  -56.942  3.620 0.0000000000
16323  -48.584  -56.907  3.708 0.0000000000
16941  -46.059  -55.338  3.061 0.0000000000
13053  -49.661  -62.253  -2.228 0.0000000000
119028  -48.261  -63.366  -1.714 0.0000000000
13069  -49.326  -63.043  -2.354 0.0000000000
11873  -49.127  -64.154  -2.428 0.0000000000
11258  -49.046  -65.998  -2.750 0.0000000000
118168  -48.837  -69.153  -3.745 0.0000000000
129421  -42.271  -63.687  -4.757 0.0000000000
122080  -42.287  -63.743  -3.968 0.0000000000
12474  -42.525  -63.658  -3.234 0.0000000000
11915  -42.418  -64.473  -3.720 0.0000000000
11271  -42.644  -65.095  -3.554 0.0000000000
9656  -44.169  -67.721  -4.104 0.0000000000
9633  -43.858  -68.226  -3.370 0.0000000000
16382  -50.743  -55.675  -1.296 0.0000000000
16394  -50.839  -56.160  -1.967 0.0000000000
16381  -49.960  -56.145  -1.875 0.0000000000
16380  -49.039  -56.217  -1.737 0.0000000000
16392  -48.369  -56.767  -2.162 0.0000000000
135525  -47.692  -56.635  -1.969 0.0000000000
15833  -47.563  -57.267  -2.318 0.0000000000
134577  -46.351  -57.802  -2.223 0.0000000000
113768  -46.106  -58.340  -2.299 0.0000000000
13545  -51.983  -61.414  3.538 0.0000000000
13559  -51.545  -61.215  2.759 0.0000000000
14135  -50.961  -60.885  2.026 0.0000000000
14155  -49.487  -60.663  0.929 0.0000000000
14149  -43.210  -60.810  1.718 0.0000000000
14150  -43.972  -60.881  1.379 0.0000000000
14151  -44.766  -60.834  1.139 0.0000000000
14681  -44.555  -59.564  1.394 0.0000000000
15212  -44.908  -58.741  1.599 0.0000000000
15196  -45.492  -58.012  2.117 0.0000000000
15763  -45.406  -57.604  2.943 0.0000000000
15764  -46.220  -57.649  2.883 0.0000000000
16315  -47.649  -56.732  4.434 0.0000000000
12478  -51.368  -63.353  -4.683 0.0000000000
12477  -51.157  -64.090  -4.095 0.0000000000
11904  -51.026  -64.297  -4.522 0.0000000000
130355  -49.582  -67.026  -3.933 0.0000000000
9661  -48.998  -68.604  -4.047 0.0000000000
8050  -48.609  -71.514  -4.972 0.0000000000
8582  -48.184  -70.906  -6.478 0.0000000000
8060  -47.837  -71.164  -7.378 0.0000000000
7511  -47.229  -71.907  -8.020 0.0000000000
8069  -46.468  -72.006  -7.315 0.0000000000
7500  -45.188  -72.515  -5.931 0.0000000000
13594  -51.245  -61.663  -0.030 0.0000000000
13635  -51.141  -61.197  -1.122 0.0000000000
120992  -50.109  -61.609  -1.333 0.0000000000
14203  -51.547  -60.628  -2.072 0.0000000000
13634  -50.999  -61.060  -2.453 0.0000000000
13654  -50.869  -61.853  -3.023 0.0000000000
13070  -51.544  -62.288  -3.963 0.0000000000
13664  -51.418  -62.416  -4.520 0.0000000000
15836  -50.951  -56.918  -2.593 0.0000000000
15261  -49.395  -58.211  -3.001 0.0000000000
14746  -50.285  -58.799  -3.360 0.0000000000
13084  -51.568  -62.912  -4.895 0.0000000000
13089  -50.809  -62.858  -4.984 0.0000000000
12489  -49.988  -63.312  -4.809 0.0000000000
13662  -48.136  -61.453  -3.422 0.0000000000
113820  -48.473  -62.296  -3.739 0.0000000000
12476  -49.110  -63.866  -4.528 0.0000000000
12475  -48.037  -63.800  -3.863 0.0000000000
120606  -47.626  -64.579  -3.851 0.0000000000
11901  -46.510  -64.981  -3.466 0.0000000000
13595  -52.296  -61.653  0.407 0.0000000000
13617  -53.284  -61.035  0.116 0.0000000000
14184  -53.990  -60.244  -0.424 0.0000000000
13598  -55.216  -60.329  0.925 0.0000000000
14185  -55.251  -59.831  0.136 0.0000000000
14206  -54.663  -59.341  -0.805 0.0000000000
15249  -54.615  -58.035  -1.378 0.0000000000
15822  -54.266  -57.348  -1.136 0.0000000000
16384  -52.845  -56.350  -1.182 0.0000000000
135696  -54.384  -60.309  3.117 0.0000000000
14158  -54.583  -59.944  1.947 0.0000000000
14686  -55.089  -59.358  1.230 0.0000000000
131353  -53.385  -58.497  0.381 0.0000000000
14698  -54.605  -58.621  0.705 0.0000000000
15794  -53.770  -57.210  -0.734 0.0000000000
16371  -52.848  -56.495  -0.930 0.0000000000
16370  -52.112  -55.976  -0.818 0.0000000000
16998  -51.525  -55.675  -0.836 0.0000000000
16997  -50.699  -55.520  -0.405 0.0000000000
16973  -49.574  -55.555  0.540 0.0000000000
119546  -47.933  -55.489  0.592 0.0000000000
12968  -48.277  -62.633  3.572 0.0000000000
12981  -48.936  -62.220  3.014 0.0000000000
13557  -49.473  -61.677  2.409 0.0000000000
129299  -48.583  -60.814  0.809 0.0000000000
112321  -48.985  -60.193  0.207 0.0000000000
13590  -45.614  -60.611  0.877 0.0000000000
13591  -46.430  -60.747  0.699 0.0000000000
15214  -46.580  -58.376  1.254 0.0000000000
14168  -47.159  -60.201  0.394 0.0000000000
112897  -47.847  -59.441  0.200 0.0000000000
14694  -48.528  -59.664  0.022 0.0000000000
15223  -48.593  -58.933  -0.034 0.0000000000
16324  -48.961  -56.883  3.066 0.0000000000
16955  -49.223  -56.516  2.215 0.0000000000
126261  -46.208  -55.429  1.176 0.0000000000
13014  -48.603  -62.505  -0.058 0.0000000000
12442  -47.279  -63.138  -0.503 0.0000000000
12441  -46.623  -63.752  -0.666 0.0000000000
11871  -46.937  -64.251  -1.254 0.0000000000
129101  -45.908  -65.231  -0.890 0.0000000000
10658  -45.505  -66.765  -1.056 0.0000000000
11259  -50.095  -65.582  -3.501 0.0000000000
10671  -48.217  -66.698  -2.426 0.0000000000
9615  -48.541  -68.777  -3.215 0.0000000000
10153  -48.136  -68.180  -2.712 0.0000000000
10140  -47.498  -67.472  -2.203 0.0000000000
133458  -45.296  -57.289  -1.604 0.0000000000
15247  -44.780  -58.060  -1.667 0.0000000000
15259  -45.356  -58.596  -2.123 0.0000000000
14743  -45.658  -59.775  -2.453 0.0000000000
120588  -44.354  -60.952  -2.378 0.0000000000
13066  -45.011  -61.979  -2.423 0.0000000000
117928  -45.808  -61.943  -2.533 0.0000000000
11883  -42.875  -63.898  -2.788 0.0000000000
11884  -43.695  -64.096  -2.620 0.0000000000
11900  -45.282  -65.032  -3.083 0.0000000000
10686  -46.238  -66.410  -4.163 0.0000000000
10185  -46.195  -67.360  -4.452 0.0000000000
9636  -46.679  -68.887  -4.142 0.0000000000
9635  -45.814  -68.836  -3.665 0.0000000000
8558  -46.017  -70.063  -3.843 0.0000000000
7513  -48.028  -71.372  -7.235 0.0000000000
8049  -46.498  -71.064  -5.322 0.0000000000
8051  -48.928  -71.081  -4.896 0.0000000000
8070  -47.382  -71.498  -7.709 0.0000000000
8544  -47.766  -70.646  -2.902 0.0000000000
8572  -47.850  -70.084  -5.572 0.0000000000
8583  -48.427  -70.520  -5.533 0.0000000000
9080  -46.387  -69.510  -3.969 0.0000000000
9082  -49.118  -69.406  -3.957 0.0000000000
9592  -47.320  -68.301  -2.294 0.0000000000
9637  -48.957  -68.475  -3.705 0.0000000000
9638  -49.092  -68.539  -3.969 0.0000000000
9658  -46.289  -68.051  -4.311 0.0000000000
9677  -48.574  -68.651  -4.536 0.0000000000
9678  -49.003  -68.651  -4.125 0.0000000000
10154  -49.259  -67.370  -3.522 0.0000000000
10169  -49.272  -67.773  -3.891 0.0000000000
10201  -48.080  -67.664  -4.757 0.0000000000
10659  -46.281  -66.314  -1.340 0.0000000000
10672  -49.051  -66.847  -3.031 0.0000000000
10687  -50.181  -66.326  -3.962 0.0000000000
10702  -46.692  -66.927  -4.509 0.0000000000
11231  -46.175  -64.410  -0.763 0.0000000000
11278  -50.703  -65.032  -4.426 0.0000000000
11289  -49.430  -65.978  -4.804 0.0000000000
11290  -49.918  -65.751  -4.734 0.0000000000
11886  -45.841  -64.360  -2.914 0.0000000000
11903  -50.738  -64.835  -3.898 0.0000000000
11918  -50.447  -64.206  -4.908 0.0000000000
11919  -51.068  -63.834  -4.753 0.0000000000
12453  -47.367  -63.540  -1.235 0.0000000000
12479  -51.525  -62.928  -4.847 0.0000000000
12491  -51.416  -63.088  -4.790 0.0000000000
12941  -47.352  -62.995  5.558 0.0000000000
12946  -54.191  -62.005  5.484 0.0000000000
12955  -48.320  -62.896  4.443 0.0000000000
12966  -46.196  -62.760  3.065 0.0000000000
12995  -44.124  -62.158  2.023 0.0000000000
12996  -45.000  -62.117  1.799 0.0000000000
13036  -48.032  -62.622  -0.679 0.0000000000
13083  -51.794  -62.849  -4.638 0.0000000000
13090  -51.397  -62.962  -5.123 0.0000000000
13547  -54.291  -60.798  4.126 0.0000000000
13548  -54.534  -61.024  3.649 0.0000000000
13573  -47.384  -61.448  1.245 0.0000000000
13575  -49.046  -61.278  1.576 0.0000000000
13597  -54.313  -61.150  0.887 0.0000000000
13615  -50.406  -61.733  -0.460 0.0000000000
13671  -51.388  -62.629  -4.746 0.0000000000
14116  -54.480  -60.907  4.831 0.0000000000
14124  -54.406  -60.655  3.132 0.0000000000
14125  -54.522  -60.592  2.840 0.0000000000
14153  -46.288  -59.973  0.628 0.0000000000
14160  -55.415  -59.974  1.213 0.0000000000
14682  -45.304  -59.362  1.200 0.0000000000
14700  -55.628  -59.155  0.336 0.0000000000
14724  -54.516  -58.525  -1.401 0.0000000000
14725  -55.177  -58.700  -0.549 0.0000000000
15227  -53.992  -57.827  -0.014 0.0000000000
15235  -55.372  -58.658  -0.189 0.0000000000
15250  -54.961  -58.189  -0.846 0.0000000000
15263  -52.603  -57.851  -2.932 0.0000000000
15264  -53.429  -57.909  -2.418 0.0000000000
15266  -54.538  -57.758  -1.291 0.0000000000
15795  -54.588  -57.761  -0.311 0.0000000000
15807  -53.682  -56.986  -1.029 0.0000000000
15809  -55.029  -58.147  -0.285 0.0000000000
15821  -53.475  -56.913  -1.511 0.0000000000
15823  -54.801  -57.815  -0.751 0.0000000000
16395  -51.763  -56.208  -1.991 0.0000000000
17013  -51.451  -55.837  -1.449 0.0000000000
113392  -53.117  -57.383  -0.597 0.0000000000
114458  -51.162  -57.611  -0.379 0.0000000000
118873  -48.775  -63.126  -4.129 0.0000000000
119454  -46.816  -62.925  3.602 0.0000000000
120392  -48.912  -67.926  -4.308 0.0000000000
120759  -50.265  -55.572  0.262 0.0000000000
122827  -45.974  -61.293  1.023 0.0000000000
124218  -47.908  -68.800  -4.977 0.0000000000
124348  -47.294  -62.320  2.530 0.0000000000
128195  -44.403  -60.285  1.281 0.0000000000
128926  -48.450  -67.148  -4.648 0.0000000000
130552  -51.536  -60.679  -3.728 0.0000000000
132956  -46.607  -64.886  -1.228 0.0000000000
133051  -46.130  -65.795  -1.172 0.0000000000
133559  -47.035  -63.139  5.074 0.0000000000
134361  -53.275  -60.403  2.563 0.0000000000
