#!ascii label  , from subject sub-v2s15x29752_ses-1 vox2ras=TkReg
988
61351  17.255  -9.381  -35.456 0.2500000000
60231  17.477  -10.213  -35.201 0.7500000000
64701  16.677  -6.098  -37.338 0.2500000000
63550  17.139  -6.834  -37.567 0.1250000000
63535  17.105  -7.475  -37.006 0.2500000000
62417  17.151  -8.661  -35.882 0.2500000000
61363  17.634  -9.277  -36.317 0.7500000000
60230  18.010  -10.858  -35.808 0.8750000000
60241  17.826  -10.033  -36.041 0.8750000000
116868  18.654  -11.359  -36.260 0.8750000000
128948  17.551  -7.500  -37.682 0.3750000000
62445  17.636  -8.219  -37.267 0.3750000000
62444  18.317  -8.716  -37.847 0.8750000000
134269  17.496  -8.666  -36.597 0.7500000000
61371  19.228  -9.994  -38.184 1.0000000000
61372  18.567  -9.512  -37.612 1.0000000000
61373  17.927  -9.062  -37.100 0.8750000000
59154  18.999  -11.085  -37.015 1.0000000000
61362  18.181  -9.806  -36.831 0.8750000000
59153  19.649  -11.520  -37.409 1.0000000000
64714  17.208  -6.123  -38.131 0.2500000000
63562  17.728  -7.054  -38.462 0.7500000000
63561  18.430  -7.668  -38.933 0.8750000000
62450  18.642  -8.424  -38.645 0.8750000000
62451  18.061  -7.927  -38.130 0.7500000000
60279  19.943  -10.044  -38.922 1.0000000000
61385  18.876  -9.186  -38.398 1.0000000000
61403  19.189  -8.879  -39.164 1.0000000000
60264  20.822  -11.017  -38.663 1.0000000000
60265  19.760  -10.534  -38.331 1.0000000000
59168  20.098  -11.176  -38.147 1.0000000000
60252  19.395  -10.785  -37.742 1.0000000000
65929  16.693  -5.448  -37.749 0.1250000000
133700  18.759  -7.531  -39.651 1.0000000000
63567  18.296  -7.012  -39.408 0.8750000000
62461  18.956  -8.155  -39.423 1.0000000000
61401  21.386  -9.913  -39.630 1.0000000000
124244  20.543  -9.805  -39.530 1.0000000000
120424  19.417  -9.489  -38.858 1.0000000000
60277  21.586  -10.637  -38.991 1.0000000000
60278  20.742  -10.370  -39.110 1.0000000000
59177  22.563  -11.060  -38.915 1.0000000000
59166  21.587  -11.592  -38.592 1.0000000000
67298  20.261  -4.524  -43.882 0.2500000000
65946  17.149  -5.082  -38.595 0.2500000000
65961  18.366  -5.727  -39.849 0.3750000000
64725  17.829  -6.141  -39.104 0.5000000000
63577  18.878  -7.093  -40.313 1.0000000000
64724  18.489  -6.455  -39.823 0.6250000000
62496  20.868  -8.436  -41.673 1.0000000000
62482  19.237  -7.844  -40.195 1.0000000000
122394  22.109  -9.733  -39.770 1.0000000000
61414  21.683  -9.337  -40.258 1.0000000000
62495  21.638  -8.247  -41.326 1.0000000000
61413  22.622  -9.375  -40.074 1.0000000000
60276  23.035  -10.473  -39.313 1.0000000000
61412  23.661  -9.202  -39.992 1.0000000000
61399  23.389  -9.909  -39.597 1.0000000000
67297  21.078  -4.507  -43.812 0.5000000000
66003  19.999  -5.071  -43.416 0.3750000000
65981  18.932  -5.440  -41.275 0.3750000000
129145  18.616  -5.375  -40.446 0.5000000000
65993  20.471  -5.827  -43.083 0.5000000000
64751  20.269  -6.560  -42.685 0.8750000000
63604  19.915  -7.328  -42.323 1.0000000000
65991  22.079  -5.473  -42.574 1.0000000000
63602  21.488  -7.106  -42.222 1.0000000000
63574  23.199  -7.674  -40.728 1.0000000000
63586  22.149  -7.523  -41.504 1.0000000000
63573  24.236  -7.717  -40.653 1.0000000000
62476  23.900  -8.419  -40.387 1.0000000000
61411  24.754  -9.185  -40.168 0.8750000000
68337  21.527  -3.776  -44.016 0.5000000000
66002  20.749  -5.153  -43.491 0.5000000000
67296  21.838  -4.316  -43.473 0.6250000000
67295  23.515  -3.868  -43.219 0.6250000000
67287  22.650  -4.627  -42.955 1.0000000000
65992  21.207  -5.757  -42.995 0.7500000000
64749  21.678  -6.271  -42.376 1.0000000000
65987  26.088  -5.862  -42.881 1.0000000000
65988  25.374  -5.433  -42.532 1.0000000000
65978  24.208  -5.720  -41.503 1.0000000000
65979  23.157  -6.094  -41.493 1.0000000000
64748  25.641  -6.210  -42.262 1.0000000000
64732  23.846  -7.076  -40.794 1.0000000000
64739  23.068  -6.885  -41.188 1.0000000000
64747  26.369  -6.622  -42.606 0.8750000000
63585  24.686  -7.097  -40.900 1.0000000000
63572  25.111  -7.932  -40.828 0.8750000000
124902  22.321  -3.369  -43.986 0.5000000000
68336  23.187  -3.261  -43.730 0.8750000000
67315  26.066  -4.071  -45.668 1.0000000000
67294  24.501  -4.082  -43.337 1.0000000000
66000  25.707  -5.204  -43.306 1.0000000000
67293  25.334  -4.555  -43.774 1.0000000000
65990  23.251  -5.323  -42.141 1.0000000000
133716  26.814  -5.310  -46.277 1.0000000000
64761  26.704  -6.378  -43.315 1.0000000000
119136  26.837  -5.450  -45.422 1.0000000000
64770  26.942  -6.309  -44.274 1.0000000000
68347  22.701  -2.945  -44.417 0.5000000000
69357  23.734  -2.791  -44.231 0.8750000000
68346  24.560  -3.045  -44.542 1.0000000000
67344  24.995  -5.709  -49.319 1.0000000000
68345  25.381  -3.516  -45.047 1.0000000000
123999  25.640  -3.427  -46.059 1.0000000000
64803  25.991  -6.777  -49.940 1.0000000000
66043  26.268  -5.847  -48.383 1.0000000000
66042  27.168  -6.388  -48.263 1.0000000000
66055  26.791  -6.818  -49.205 1.0000000000
67329  26.473  -5.285  -47.388 1.0000000000
66020  27.348  -5.905  -46.269 1.0000000000
64783  27.387  -6.154  -45.326 0.8750000000
70590  23.734  -1.260  -51.071 1.0000000000
71740  24.033  -0.577  -49.461 0.3750000000
134213  23.258  -2.094  -51.286 0.8750000000
124135  23.921  -5.169  -50.104 1.0000000000
66076  24.667  -7.392  -50.976 1.0000000000
66068  24.145  -7.128  -50.760 1.0000000000
72782  22.944  0.290  -51.531 0.8750000000
70599  23.239  -0.847  -52.311 1.0000000000
115757  22.932  -1.669  -51.983 1.0000000000
69427  22.817  -2.669  -52.232 1.0000000000
67354  23.658  -5.115  -51.894 1.0000000000
66077  23.930  -7.001  -51.381 1.0000000000
66084  23.718  -6.256  -52.373 1.0000000000
66083  24.928  -7.028  -51.861 1.0000000000
72783  22.544  0.667  -52.123 0.7500000000
69437  22.633  -2.725  -52.955 1.0000000000
67372  23.604  -5.128  -54.089 1.0000000000
66088  22.595  -5.020  -54.216 1.0000000000
66087  22.885  -5.436  -53.440 1.0000000000
71757  23.236  -0.138  -52.819 1.0000000000
69428  22.711  -1.649  -53.247 1.0000000000
125463  22.930  -3.749  -53.774 1.0000000000
79406  19.158  7.174  -50.872 0.1250000000
79405  19.875  7.616  -50.494 0.1250000000
78523  18.730  7.038  -52.186 0.2500000000
79421  18.049  7.639  -51.539 0.1250000000
78522  19.550  6.752  -52.430 0.3750000000
113609  16.946  11.371  -54.150 0.2500000000
79435  18.828  7.574  -52.813 0.2500000000
79434  19.667  7.425  -52.725 0.3750000000
113607  17.703  9.398  -51.809 0.2500000000
124836  19.309  12.004  -55.289 0.2500000000
113605  19.266  12.613  -53.084 0.2500000000
114168  20.435  11.985  -52.378 0.2500000000
80439  19.056  8.540  -53.358 0.2500000000
81407  20.293  10.162  -53.155 0.2500000000
118803  20.590  7.702  -52.649 0.3750000000
81416  20.364  11.967  -54.077 0.2500000000
79433  21.444  7.434  -52.553 0.3750000000
80437  21.288  8.802  -52.121 0.2500000000
61352  16.639  -8.659  -34.995 0.1250000000
62433  17.127  -8.081  -36.442 0.2500000000
63551  16.652  -6.702  -36.784 0.1250000000
58106  21.066  -12.301  -38.173 1.0000000000
68335  24.139  -3.349  -43.733 0.8750000000
60220  16.567  -9.608  -33.771 0.1250000000
59133  17.689  -11.058  -34.975 0.6250000000
58077  18.613  -12.399  -35.296 0.7500000000
135203  16.475  -6.040  -36.843 0.1250000000
58076  19.234  -12.802  -35.709 1.0000000000
62418  16.743  -8.029  -35.675 0.1250000000
58094  19.936  -12.235  -37.088 1.0000000000
58093  20.650  -12.651  -37.498 1.0000000000
58105  21.980  -12.508  -38.332 1.0000000000
65962  17.802  -5.234  -39.382 0.3750000000
113587  18.585  -4.548  -40.662 0.2500000000
113581  18.214  -4.790  -39.968 0.2500000000
61398  24.345  -9.932  -39.663 0.8750000000
63583  26.286  -7.826  -41.662 0.8750000000
62475  25.444  -8.743  -40.617 0.8750000000
64760  27.323  -6.894  -43.832 0.8750000000
126422  23.692  -0.129  -48.183 0.1250000000
71730  24.180  -0.607  -48.516 0.1250000000
69363  23.165  -2.455  -44.800 0.3750000000
69388  25.359  -2.461  -47.150 0.6250000000
66032  27.208  -5.912  -47.223 1.0000000000
71749  23.916  -0.807  -50.370 0.5000000000
71750  23.463  -0.495  -51.217 0.8750000000
70581  24.190  -1.322  -48.979 0.3750000000
69408  24.018  -2.166  -49.463 0.8750000000
64811  25.545  -7.298  -51.045 1.0000000000
66082  26.272  -6.701  -51.465 1.0000000000
67362  25.471  -6.050  -52.826 1.0000000000
67369  24.844  -5.278  -53.423 1.0000000000
73779  21.827  1.184  -54.579 0.8750000000
72803  22.322  -0.382  -55.065 1.0000000000
71765  22.911  -0.560  -54.138 1.0000000000
69446  23.209  -3.000  -53.910 1.0000000000
119432  21.554  6.733  -49.368 0.1250000000
77640  19.997  6.044  -50.963 0.1250000000
76750  21.654  4.596  -52.544 0.6250000000
77664  21.624  5.395  -51.941 0.6250000000
76749  22.275  5.336  -53.169 0.5000000000
80429  17.686  8.384  -51.421 0.2500000000
134308  22.596  6.136  -53.498 0.5000000000
80420  20.361  8.823  -50.687 0.2500000000
113855  20.035  10.602  -51.501 0.2500000000
78519  22.398  6.910  -53.004 0.5000000000
113694  20.657  10.080  -51.261 0.1250000000
113906  21.135  11.194  -52.217 0.2500000000
80436  22.104  8.185  -51.962 0.2500000000
124828  22.221  7.443  -52.480 0.3750000000
126956  22.823  8.729  -51.612 0.2500000000
113603  21.070  10.205  -51.613 0.1250000000
61336  16.793  -9.575  -34.486 0.1250000000
128187  17.219  -10.402  -34.452 0.5000000000
63536  16.739  -7.444  -36.263 0.1250000000
59132  18.312  -11.637  -35.510 0.7500000000
60240  18.419  -10.585  -36.559 0.8750000000
58084  18.950  -12.087  -35.968 1.0000000000
59143  19.284  -11.806  -36.685 1.0000000000
60253  18.791  -10.304  -37.331 1.0000000000
59152  20.337  -11.935  -37.776 1.0000000000
59167  20.747  -11.638  -38.320 1.0000000000
62460  19.541  -8.543  -39.927 1.0000000000
115509  22.227  -10.235  -39.334 1.0000000000
61415  20.760  -9.288  -40.247 1.0000000000
61416  20.091  -8.826  -40.341 1.0000000000
113580  18.824  -6.221  -40.643 0.5000000000
64741  19.390  -6.814  -42.023 0.8750000000
63588  19.814  -8.027  -42.059 1.0000000000
62497  20.122  -8.298  -41.686 1.0000000000
61400  22.661  -9.912  -39.590 1.0000000000
62478  22.070  -8.696  -40.614 1.0000000000
62479  21.247  -8.739  -40.827 1.0000000000
63575  22.384  -8.074  -40.833 1.0000000000
62477  22.952  -8.534  -40.421 1.0000000000
122902  24.698  -8.392  -40.533 1.0000000000
64752  19.690  -6.508  -42.488 0.6250000000
66001  21.560  -5.004  -43.248 0.6250000000
64740  22.269  -6.657  -41.777 1.0000000000
135319  22.429  -5.904  -41.952 1.0000000000
63584  25.521  -7.449  -41.310 0.8750000000
127300  25.768  -9.542  -40.350 0.8750000000
67286  23.936  -4.461  -42.599 1.0000000000
65999  26.331  -5.754  -43.755 1.0000000000
129921  25.024  -5.740  -41.930 1.0000000000
65989  24.523  -5.159  -42.194 1.0000000000
63601  25.893  -7.057  -42.003 0.8750000000
67323  25.936  -4.316  -46.745 1.0000000000
67307  25.879  -4.343  -44.687 1.0000000000
67306  26.454  -4.970  -44.803 1.0000000000
67285  24.970  -4.705  -42.853 1.0000000000
67314  26.475  -4.744  -45.480 1.0000000000
66010  26.636  -5.648  -44.599 1.0000000000
69372  24.135  -2.374  -44.927 0.6250000000
136266  24.933  -2.688  -45.506 0.7500000000
68360  25.518  -3.578  -47.149 1.0000000000
121077  25.255  -4.130  -48.030 1.0000000000
67330  25.761  -4.736  -47.694 1.0000000000
68387  24.404  -4.901  -49.417 1.0000000000
67345  24.464  -5.895  -50.182 1.0000000000
67336  25.512  -5.261  -48.549 1.0000000000
66056  25.753  -6.447  -49.242 1.0000000000
70582  24.037  -1.364  -49.972 0.7500000000
69418  23.530  -2.998  -51.101 1.0000000000
69409  23.698  -2.148  -50.416 0.7500000000
136522  24.718  -3.904  -49.131 1.0000000000
67353  23.850  -6.189  -51.049 1.0000000000
68388  24.289  -3.989  -49.748 1.0000000000
68396  23.759  -4.362  -50.774 1.0000000000
134872  22.717  0.384  -53.072 0.8750000000
68403  22.613  -3.933  -52.962 1.0000000000
67364  22.765  -5.082  -52.974 1.0000000000
67363  23.299  -6.144  -52.236 1.0000000000
68397  23.161  -4.007  -51.976 1.0000000000
66086  24.559  -6.169  -52.790 1.0000000000
118721  22.791  -0.785  -53.791 1.0000000000
70609  22.753  -2.161  -54.034 1.0000000000
71766  22.830  -0.310  -53.886 1.0000000000
72797  22.456  0.504  -53.891 1.0000000000
78497  19.777  6.721  -50.545 0.1250000000
78499  18.848  6.989  -51.526 0.1250000000
133493  20.354  6.221  -50.210 0.1250000000
129369  18.830  8.139  -50.622 0.2500000000
79446  17.492  8.323  -53.276 0.2500000000
77653  20.806  5.577  -51.255 0.3750000000
78521  20.503  6.093  -52.101 0.5000000000
78520  21.612  6.324  -52.520 0.5000000000
120574  22.178  5.826  -52.763 0.7500000000
119495  21.982  9.221  -51.537 0.2500000000
60205  16.613  -10.199  -33.171 0.1250000000
60219  16.762  -10.202  -33.758 0.1250000000
59124  17.315  -11.084  -33.949 0.6250000000
59123  17.919  -11.985  -34.679 0.7500000000
58083  19.571  -12.517  -36.384 1.0000000000
71709  24.164  -0.755  -46.986 0.5000000000
70538  24.337  -1.809  -45.736 0.6250000000
127101  25.010  -3.265  -47.681 0.8750000000
68367  24.721  -2.489  -47.983 0.7500000000
68366  24.807  -3.551  -48.407 0.8750000000
70573  24.607  -1.321  -48.006 0.7500000000
69400  24.222  -2.082  -48.637 0.8750000000
68378  24.426  -3.010  -49.078 1.0000000000
69417  24.045  -3.059  -50.102 1.0000000000
72807  22.017  -1.482  -55.945 1.0000000000
70608  22.800  -1.269  -54.358 1.0000000000
75816  21.134  3.709  -54.211 0.7500000000
77663  21.869  5.044  -52.099 0.7500000000
124106  21.684  4.457  -53.572 0.7500000000
79432  22.856  7.635  -51.994 0.2500000000
78518  23.054  7.101  -53.212 0.3750000000
53626  19.580  -16.626  -32.544 0.7500000000
53625  20.400  -16.961  -32.848 0.7500000000
53627  18.775  -16.198  -32.191 0.7500000000
54667  18.420  -15.426  -32.474 0.7500000000
53635  20.640  -16.665  -33.486 0.7500000000
54679  19.497  -15.613  -33.556 0.7500000000
54680  18.790  -15.132  -33.159 0.7500000000
53634  21.290  -16.506  -34.108 0.7500000000
54678  20.270  -16.097  -33.918 0.7500000000
54690  19.847  -15.304  -34.227 0.7500000000
56950  18.540  -13.318  -34.412 0.7500000000
125382  18.392  -12.712  -34.730 0.6250000000
55720  19.489  -14.517  -34.490 0.7500000000
56949  19.195  -13.770  -34.766 0.8750000000
54688  21.628  -15.964  -34.972 0.7500000000
54689  20.654  -15.767  -34.617 0.7500000000
55719  20.222  -14.943  -34.856 0.7500000000
56961  19.536  -13.494  -35.431 0.8750000000
55731  21.283  -15.016  -35.803 0.7500000000
55732  20.552  -14.649  -35.526 0.7500000000
55742  20.956  -14.386  -36.192 0.8750000000
56971  21.473  -14.017  -36.807 0.7500000000
56982  21.030  -13.328  -37.149 0.8750000000
56990  23.448  -13.454  -38.321 0.8750000000
56981  22.454  -13.423  -38.095 0.8750000000
58104  22.976  -12.618  -38.460 0.8750000000
115097  22.519  -11.898  -38.615 0.8750000000
59162  25.554  -11.934  -38.894 0.3750000000
59174  25.363  -11.530  -39.282 0.6250000000
59175  24.705  -11.473  -39.285 0.7500000000
129221  23.993  -11.480  -39.131 0.7500000000
60263  26.546  -10.958  -39.118 0.5000000000
59173  25.998  -11.358  -39.284 0.5000000000
61397  25.993  -10.172  -40.029 0.7500000000
60286  25.285  -10.080  -39.865 0.7500000000
61384  27.699  -9.750  -39.154 0.1250000000
61395  27.164  -9.630  -40.127 0.3750000000
61410  26.443  -9.656  -40.427 0.6250000000
62474  26.248  -9.059  -40.826 0.6250000000
62459  29.119  -8.841  -40.143 0.1250000000
135907  28.437  -8.882  -40.318 0.1250000000
62492  27.725  -8.620  -41.246 0.1250000000
128621  28.473  -8.338  -41.557 0.1250000000
62508  26.977  -8.091  -41.937 0.6250000000
63599  27.392  -7.666  -42.588 0.6250000000
63600  26.648  -7.425  -42.315 0.7500000000
62491  29.350  -8.429  -41.524 0.1250000000
63597  29.209  -7.928  -43.425 0.1250000000
63611  28.523  -7.624  -43.871 0.1250000000
63612  27.721  -7.397  -43.396 0.5000000000
64769  27.748  -6.737  -44.769 0.7500000000
63628  28.418  -7.235  -45.125 0.5000000000
64782  28.361  -6.924  -45.844 0.6250000000
66019  27.896  -6.460  -46.275 0.7500000000
72791  22.217  1.098  -52.797 0.6250000000
132886  21.434  2.335  -53.340 0.5000000000
117786  21.734  1.605  -53.499 0.7500000000
64798  28.624  -7.172  -47.823 0.6250000000
66054  27.963  -6.933  -48.855 0.6250000000
66053  28.682  -6.980  -48.749 0.5000000000
64802  28.564  -7.099  -48.499 0.6250000000
66064  28.154  -6.796  -48.997 0.6250000000
66065  27.444  -6.793  -49.332 0.7500000000
73780  21.024  2.334  -54.194 0.7500000000
66066  26.678  -6.780  -49.884 0.8750000000
68415  24.364  -4.416  -53.726 0.8750000000
66074  27.295  -6.486  -50.074 0.7500000000
67361  26.260  -5.987  -52.254 0.8750000000
68402  26.064  -4.971  -53.072 0.8750000000
68409  25.214  -4.016  -53.376 0.8750000000
69435  25.041  -2.852  -53.504 0.8750000000
67335  28.650  -6.087  -48.950 0.3750000000
67342  27.945  -5.942  -49.492 0.5000000000
67351  27.210  -5.784  -50.668 0.6250000000
68375  28.426  -4.732  -49.032 0.2500000000
68394  27.329  -4.533  -50.524 0.5000000000
74795  21.167  2.974  -53.675 0.6250000000
133304  20.280  2.903  -55.035 0.7500000000
73787  21.075  2.015  -55.246 0.7500000000
72804  21.681  0.158  -55.602 0.8750000000
70616  22.876  -1.759  -54.547 0.8750000000
71764  23.390  -0.649  -54.162 0.7500000000
70606  24.686  -1.837  -53.450 0.8750000000
67352  26.895  -5.373  -51.310 0.6250000000
68395  26.598  -4.306  -51.799 0.7500000000
68386  27.920  -4.518  -49.727 0.3750000000
69415  27.505  -3.436  -49.923 0.5000000000
115177  25.479  -2.341  -52.664 0.7500000000
68376  28.072  -3.461  -49.006 0.2500000000
72808  21.903  -0.830  -56.322 0.8750000000
71784  23.007  -1.976  -56.792 0.8750000000
73795  20.329  1.507  -57.899 0.7500000000
71778  23.510  -0.081  -54.299 0.8750000000
71763  24.468  -0.964  -53.221 0.7500000000
69425  26.530  -3.123  -51.586 0.5000000000
69407  26.974  -2.427  -50.137 0.2500000000
115504  26.664  -2.559  -51.012 0.5000000000
69416  26.941  -3.468  -50.833 0.5000000000
75802  21.373  3.736  -52.878 0.5000000000
74811  18.546  3.549  -56.532 0.7500000000
74814  18.413  3.232  -57.710 0.7500000000
73798  20.765  1.806  -58.437 0.7500000000
73792  23.554  1.456  -58.069 0.7500000000
72812  21.846  1.044  -58.010 0.7500000000
74818  19.609  2.785  -58.828 0.7500000000
73794  23.261  0.143  -56.967 0.7500000000
72796  23.774  0.552  -54.119 0.7500000000
73786  23.582  0.975  -55.483 0.7500000000
71756  25.327  -0.582  -52.111 0.5000000000
72781  24.807  0.825  -52.238 0.3750000000
72789  24.418  -0.101  -52.815 0.6250000000
70588  26.438  -1.779  -50.746 0.2500000000
70589  25.799  -1.233  -51.319 0.3750000000
71748  25.621  -0.323  -51.002 0.3750000000
75828  19.901  4.032  -55.210 0.7500000000
76789  19.326  4.184  -57.889 0.7500000000
74815  22.135  2.722  -59.015 0.7500000000
74809  23.623  2.116  -57.755 0.7500000000
74808  23.479  2.051  -56.009 0.6250000000
73770  24.342  1.323  -52.826 0.3750000000
71747  26.051  -0.925  -50.376 0.1250000000
72771  25.457  0.716  -50.695 0.1250000000
73762  24.991  1.162  -51.385 0.2500000000
76765  21.394  4.686  -54.843 0.6250000000
76777  20.890  4.741  -56.339 0.7500000000
76788  20.793  4.680  -58.171 0.6250000000
74812  23.278  2.310  -58.739 0.7500000000
74803  23.757  2.029  -54.729 0.3750000000
73791  23.645  1.084  -57.001 0.7500000000
73763  24.650  1.831  -51.953 0.2500000000
73778  23.813  1.078  -54.349 0.6250000000
73737  25.346  1.758  -49.335 0.1250000000
73745  25.387  1.446  -50.152 0.1250000000
72764  25.855  0.891  -49.815 0.1250000000
76764  22.440  5.303  -54.339 0.6250000000
76785  21.377  5.077  -57.666 0.3750000000
75833  22.639  3.684  -57.552 0.3750000000
120103  24.137  3.241  -54.305 0.2500000000
74766  24.670  2.907  -50.838 0.1250000000
74782  23.985  2.763  -52.513 0.3750000000
74794  24.054  2.117  -53.576 0.3750000000
74751  25.464  2.561  -48.881 0.1250000000
73756  24.622  2.085  -51.005 0.1250000000
78536  23.135  6.471  -53.796 0.3750000000
76776  22.252  5.718  -55.845 0.3750000000
76784  22.480  5.415  -56.897 0.3750000000
128999  23.851  4.958  -56.543 0.3750000000
122862  23.127  5.137  -57.182 0.3750000000
76763  24.442  4.293  -54.863 0.3750000000
75827  23.714  2.916  -55.220 0.3750000000
75832  23.302  3.524  -56.347 0.3750000000
76733  25.601  4.362  -51.804 0.1250000000
74774  23.778  3.865  -52.314 0.1250000000
75801  23.755  4.269  -52.842 0.2500000000
75782  25.233  3.482  -50.270 0.1250000000
77676  23.652  6.333  -54.680 0.2500000000
77686  23.952  6.305  -55.608 0.2500000000
77690  23.232  6.068  -56.091 0.3750000000
77687  23.130  6.088  -55.224 0.3750000000
129208  24.685  5.299  -55.729 0.1250000000
76783  23.574  5.624  -56.520 0.3750000000
76775  24.345  5.044  -56.158 0.2500000000
76746  25.274  4.575  -52.859 0.1250000000
76748  24.220  4.188  -53.589 0.1250000000
78541  24.548  6.633  -55.182 0.2500000000
76774  24.803  6.152  -55.656 0.1250000000
77684  24.937  6.797  -55.367 0.1250000000
76773  25.358  5.900  -55.155 0.1250000000
114698  26.216  4.512  -52.557 0.1250000000
77674  26.696  5.970  -54.923 0.1250000000
79443  26.063  7.687  -54.533 0.1250000000
78532  26.299  7.410  -55.174 0.1250000000
76760  27.372  5.800  -54.920 0.1250000000
76744  27.451  4.574  -53.238 0.1250000000
56972  20.621  -13.618  -36.472 0.8750000000
58103  23.873  -12.774  -38.728 0.6250000000
64794  28.560  -7.024  -46.903 0.6250000000
132850  26.906  -6.226  -51.107 0.8750000000
74804  20.480  3.247  -54.727 0.6250000000
74810  19.717  2.929  -55.844 0.8750000000
73793  21.212  1.413  -56.525 0.8750000000
74813  19.357  2.689  -57.268 0.7500000000
72811  21.804  0.137  -56.959 0.8750000000
127511  22.898  0.661  -57.551 0.7500000000
72802  23.632  0.022  -55.098 0.7500000000
71772  23.517  -0.309  -53.647 0.7500000000
70597  26.144  -2.236  -51.755 0.5000000000
70598  25.374  -1.513  -52.366 0.7500000000
76734  24.676  4.396  -52.118 0.1250000000
77685  24.525  6.419  -55.597 0.2500000000
77675  25.889  6.226  -55.088 0.1250000000
76745  26.946  4.589  -53.620 0.1250000000
128178  27.170  -8.531  -41.503 0.5000000000
62493  26.638  -8.560  -41.353 0.6250000000
62494  25.922  -8.315  -41.126 0.7500000000
64781  29.249  -7.484  -46.716 0.3750000000
64797  29.199  -7.091  -48.198 0.3750000000
67328  29.047  -4.785  -48.366 0.2500000000
52535  19.741  -17.552  -31.377 0.7500000000
52536  18.832  -17.158  -31.091 0.7500000000
53613  18.404  -16.454  -31.450 0.7500000000
54654  17.982  -15.679  -31.725 0.7500000000
52534  20.477  -17.613  -31.726 0.7500000000
53624  21.380  -17.069  -33.129 0.7500000000
135589  18.014  -13.488  -33.584 0.6250000000
55709  18.457  -14.367  -33.406 0.7500000000
55730  22.625  -15.383  -35.953 0.6250000000
56970  22.498  -14.356  -37.193 0.6250000000
56979  23.996  -13.882  -37.911 0.5000000000
134369  25.349  -12.744  -38.055 0.3750000000
56989  24.179  -13.290  -38.459 0.5000000000
59161  26.161  -11.589  -38.720 0.1250000000
61394  28.320  -9.163  -39.749 0.1250000000
62458  29.940  -9.163  -40.150 0.1250000000
62490  30.210  -8.754  -41.733 0.1250000000
120142  29.866  -8.422  -42.236 0.1250000000
62505  30.012  -8.270  -43.082 0.1250000000
62520  30.260  -8.188  -44.927 0.1250000000
63610  29.456  -7.879  -44.394 0.1250000000
122773  29.835  -7.572  -47.080 0.1250000000
64792  29.776  -6.901  -47.482 0.2500000000
66052  29.282  -6.109  -48.440 0.2500000000
123438  21.462  3.321  -51.943 0.5000000000
69399  27.899  -2.559  -48.584 0.1250000000
123482  28.637  -3.853  -48.496 0.2500000000
70571  27.414  -1.771  -48.585 0.1250000000
71738  26.399  -0.585  -49.577 0.1250000000
72755  25.887  0.993  -48.879 0.1250000000
114284  21.478  4.232  -51.797 0.3750000000
73736  25.877  1.745  -48.559 0.1250000000
75766  25.865  3.200  -48.735 0.1250000000
74750  26.171  2.584  -48.339 0.1250000000
76722  25.826  4.001  -50.858 0.1250000000
76731  27.284  4.910  -51.251 0.1250000000
80409  20.716  7.961  -50.187 0.1250000000
78517  24.038  7.012  -53.383 0.2500000000
78534  24.735  7.052  -54.364 0.1250000000
79429  25.634  7.934  -53.517 0.1250000000
60275  23.985  -10.703  -39.316 0.7500000000
66041  27.939  -6.967  -48.077 0.7500000000
66031  27.886  -6.614  -47.109 0.7500000000
69445  24.263  -3.414  -53.731 0.8750000000
58092  21.455  -13.045  -37.881 0.8750000000
56962  18.898  -13.100  -35.079 0.8750000000
58082  20.270  -12.917  -36.770 0.8750000000
66075  26.598  -6.694  -50.663 0.8750000000
126165  22.922  -0.880  -54.524 0.8750000000
71773  23.237  -0.684  -54.291 0.8750000000
70607  23.495  -1.336  -54.272 0.8750000000
79431  23.677  7.400  -52.453 0.1250000000
54666  19.145  -15.913  -32.886 0.7500000000
53612  19.242  -16.893  -31.819 0.7500000000
53611  20.041  -17.250  -32.151 0.7500000000
52546  20.889  -17.425  -32.316 0.7500000000
54668  17.768  -14.836  -31.923 0.7500000000
55695  18.103  -14.659  -32.728 0.7500000000
53636  19.891  -16.378  -33.254 0.7500000000
55708  19.144  -14.829  -33.822 0.7500000000
55721  18.791  -14.060  -34.099 0.7500000000
58057  17.937  -12.711  -34.122 0.6250000000
55733  19.834  -14.222  -35.158 0.8750000000
54699  20.938  -15.361  -35.264 0.7500000000
56960  20.227  -13.911  -35.801 0.8750000000
56973  19.892  -13.202  -36.086 0.8750000000
55741  21.968  -14.803  -36.359 0.7500000000
135089  22.479  -14.000  -37.766 0.7500000000
125594  21.863  -13.709  -37.480 0.8750000000
56980  23.059  -14.140  -37.954 0.6250000000
59165  23.414  -11.865  -38.850 0.7500000000
58089  25.715  -12.185  -38.307 0.2500000000
58101  25.167  -12.581  -38.632 0.5000000000
58102  24.597  -12.776  -38.759 0.6250000000
132163  25.157  -11.172  -39.461 0.7500000000
60272  26.255  -10.647  -39.632 0.5000000000
60271  26.855  -10.282  -39.512 0.2500000000
60262  27.219  -10.398  -38.700 0.1250000000
122103  27.795  -8.996  -40.572 0.2500000000
62473  26.984  -9.132  -40.968 0.3750000000
62472  28.618  -8.629  -40.850 0.1250000000
62471  29.699  -8.736  -40.843 0.1250000000
62507  27.794  -8.141  -41.998 0.5000000000
63598  28.233  -7.751  -42.916 0.1250000000
62506  28.980  -8.099  -42.339 0.1250000000
63620  28.897  -7.535  -44.796 0.1250000000
63621  27.996  -7.310  -44.322 0.6250000000
63627  29.244  -7.647  -45.848 0.1250000000
67343  27.608  -5.421  -50.130 0.6250000000
69426  25.948  -3.383  -52.563 0.7500000000
134561  26.921  -4.339  -51.063 0.5000000000
74805  19.484  3.626  -55.663 0.6250000000
72806  23.279  -1.311  -56.642 0.7500000000
72795  23.899  0.460  -53.437 0.7500000000
70580  26.630  -1.443  -49.864 0.1250000000
70579  27.108  -1.845  -49.399 0.1250000000
69406  27.517  -2.559  -49.281 0.2500000000
75829  19.110  3.921  -56.253 0.7500000000
118960  22.943  1.700  -58.785 0.7500000000
73777  24.043  1.087  -53.600 0.6250000000
72780  25.334  0.328  -51.778 0.3750000000
76787  22.082  4.915  -58.117 0.3750000000
71739  26.007  0.040  -50.138 0.1250000000
73755  25.043  1.524  -50.665 0.1250000000
74773  24.219  2.953  -51.612 0.2500000000
74758  24.891  3.052  -50.046 0.1250000000
75776  25.386  3.292  -49.403 0.1250000000
77677  22.839  5.988  -54.134 0.3750000000
74783  23.654  3.711  -53.046 0.2500000000
75783  24.877  3.272  -50.786 0.1250000000
75791  24.388  3.734  -51.647 0.1250000000
128657  23.878  3.868  -55.492 0.3750000000
75790  25.130  3.769  -51.193 0.1250000000
76732  26.458  4.440  -51.536 0.1250000000
75800  24.014  4.273  -52.412 0.1250000000
76747  24.424  4.486  -53.088 0.1250000000
76710  25.891  3.943  -49.873 0.1250000000
78535  23.927  6.611  -54.049 0.2500000000
76762  25.106  4.828  -54.883 0.1250000000
77662  26.214  4.604  -54.110 0.1250000000
136824  24.959  6.994  -55.310 0.1250000000
78533  25.441  7.246  -55.035 0.1250000000
116573  27.037  4.524  -52.292 0.1250000000
76761  25.565  4.711  -54.442 0.1250000000
79428  26.379  8.110  -53.801 0.1250000000
79444  25.351  7.449  -54.132 0.1250000000
127808  19.249  -17.718  -30.637 0.7500000000
52516  20.491  -17.922  -31.163 0.7500000000
56930  17.872  -13.969  -32.918 0.5000000000
55740  23.021  -15.014  -36.612 0.6250000000
56968  24.299  -14.202  -37.015 0.5000000000
63626  30.078  -7.886  -46.054 0.1250000000
63618  30.559  -8.116  -45.428 0.1250000000
132342  29.789  -7.809  -46.588 0.1250000000
70572  26.802  -1.153  -49.036 0.1250000000
76721  26.538  4.462  -50.526 0.1250000000
53589  18.017  -16.662  -30.669 0.7500000000
51553  19.699  -18.229  -30.224 0.6250000000
51552  20.468  -18.277  -30.542 0.6250000000
52515  21.760  -18.132  -30.835 0.3750000000
52533  21.257  -17.819  -31.545 0.6250000000
53609  22.731  -17.238  -32.048 0.2500000000
53610  21.822  -17.459  -32.262 0.3750000000
56978  24.676  -13.653  -37.478 0.3750000000
74784  21.637  2.869  -52.711 0.3750000000
77652  21.449  4.795  -51.369 0.2500000000
131101  19.933  -17.966  -30.806 0.6250000000
53633  22.272  -16.714  -33.635 0.5000000000
54687  22.487  -16.043  -35.047 0.5000000000
55718  22.974  -15.741  -35.396 0.3750000000
52498  22.011  -18.332  -30.057 0.5000000000
56969  23.479  -14.447  -37.236 0.5000000000
51521  19.755  -19.022  -28.933 0.6250000000
54655  17.538  -14.925  -30.981 0.3750000000
53590  17.533  -15.987  -30.018 0.3750000000
51541  19.316  -18.500  -29.503 0.6250000000
52517  18.445  -17.321  -30.303 0.6250000000
51520  21.829  -18.984  -28.777 0.3750000000
51539  21.410  -18.718  -29.517 0.5000000000
51540  20.373  -18.674  -29.727 0.6250000000
133862  22.694  -18.033  -29.691 0.3750000000
53622  23.244  -16.756  -32.549 0.2500000000
53588  23.083  -17.275  -31.241 0.2500000000
58065  17.571  -11.950  -33.785 0.3750000000
53632  22.985  -16.672  -33.219 0.2500000000
54686  23.133  -16.068  -34.773 0.3750000000
55717  23.674  -15.589  -35.151 0.2500000000
55728  23.860  -14.763  -36.416 0.2500000000
68348  21.755  -3.246  -44.631 0.2500000000
58081  25.892  -12.402  -37.377 0.2500000000
128904  24.634  -1.185  -47.348 0.3750000000
130266  23.589  -1.987  -45.199 0.2500000000
76735  21.455  4.270  -51.044 0.2500000000
113871  18.803  -4.506  -41.354 0.1250000000
113583  17.557  -4.212  -39.353 0.2500000000
70551  24.761  -1.500  -46.706 0.3750000000
54677  22.348  -16.375  -34.457 0.5000000000
53614  17.662  -15.868  -30.890 0.5000000000
122464  21.053  -18.181  -30.903 0.6250000000
58090  25.256  -13.142  -37.433 0.2500000000
58058  17.534  -12.485  -33.168 0.2500000000
52499  18.881  -17.906  -29.914 0.6250000000
55696  17.570  -14.011  -32.128 0.3750000000
55729  23.448  -15.324  -35.876 0.2500000000
51551  21.192  -18.444  -30.299 0.5000000000
52532  22.250  -17.686  -31.438 0.2500000000
52514  22.688  -17.766  -30.506 0.2500000000
53608  23.499  -16.794  -31.777 0.2500000000
53623  22.411  -17.060  -32.847 0.3750000000
51538  22.275  -18.453  -29.250 0.3750000000
50558  20.793  -19.213  -28.844 0.5000000000
54676  23.229  -16.321  -33.906 0.2500000000
55716  24.217  -15.002  -35.509 0.2500000000
129442  16.854  -2.959  -38.741 0.1250000000
50561  18.209  -18.961  -28.088 0.5000000000
134095  21.496  -19.443  -28.145 0.2500000000
50536  20.671  -19.659  -27.994 0.3750000000
50559  20.046  -19.473  -28.403 0.5000000000
51522  18.815  -18.736  -28.764 0.5000000000
51523  17.989  -18.273  -28.480 0.5000000000
51542  18.426  -18.137  -29.221 0.5000000000
52500  18.074  -17.486  -29.551 0.3750000000
50522  16.693  -19.200  -26.287 0.1250000000
50539  17.635  -19.209  -27.453 0.3750000000
52501  17.536  -16.835  -28.934 0.2500000000
48704  17.557  -21.401  -25.455 0.1250000000
49650  17.355  -20.128  -26.427 0.2500000000
49649  18.299  -20.548  -26.694 0.3750000000
136312  21.256  -20.313  -27.154 0.2500000000
49665  19.620  -20.329  -27.255 0.3750000000
50537  19.179  -19.872  -27.632 0.5000000000
49651  16.567  -19.778  -25.812 0.1250000000
49667  17.927  -19.929  -27.118 0.3750000000
49666  18.778  -20.185  -27.195 0.3750000000
51501  16.652  -17.706  -26.940 0.1250000000
53558  17.014  -16.506  -27.449 0.1250000000
66040  29.765  -6.101  -47.837 0.1250000000
52518  17.703  -16.775  -29.826 0.3750000000
53569  17.365  -15.952  -29.098 0.2500000000
135906  17.389  -15.484  -29.505 0.2500000000
50538  18.450  -19.619  -27.657 0.5000000000
50560  19.176  -19.404  -28.226 0.5000000000
129179  19.876  -19.846  -27.819 0.3750000000
51500  17.409  -18.251  -27.634 0.2500000000
119992  17.540  -17.686  -28.104 0.1250000000
51543  17.757  -17.632  -28.807 0.1250000000
50513  15.934  -19.023  -25.516 0.1250000000
50521  17.307  -19.458  -26.857 0.2500000000
50540  16.925  -18.657  -26.900 0.1250000000
51492  16.404  -18.255  -26.157 0.1250000000
52480  17.395  -16.967  -28.122 0.1250000000
48705  16.571  -21.013  -25.073 0.1250000000
49634  17.034  -20.584  -25.680 0.1250000000
49647  20.138  -20.924  -26.652 0.2500000000
52467  17.034  -17.273  -27.489 0.1250000000
48724  17.898  -20.973  -26.138 0.2500000000
48722  19.413  -21.287  -26.199 0.2500000000
56931  17.512  -13.121  -32.424 0.2500000000
49664  20.579  -20.260  -27.312 0.2500000000
49648  19.164  -20.760  -26.753 0.2500000000
48723  18.702  -21.047  -26.309 0.2500000000
48703  18.639  -21.629  -25.780 0.1250000000
58049  17.265  -12.555  -31.573 0.1250000000
73764  22.409  1.662  -51.947 0.1250000000
73771  22.024  2.063  -52.664 0.1250000000
74767  22.365  1.977  -51.192 0.1250000000
136149  21.901  2.499  -51.049 0.1250000000
75792  21.460  3.684  -51.192 0.1250000000
74775  22.011  2.490  -51.881 0.1250000000
74760  21.962  2.900  -49.399 0.1250000000
74776  21.513  2.954  -51.188 0.1250000000
76724  21.121  4.659  -50.602 0.1250000000
72773  22.843  1.225  -51.081 0.1250000000
122077  21.359  3.300  -50.641 0.1250000000
76723  21.132  4.007  -49.939 0.1250000000
76711  21.530  4.434  -49.272 0.1250000000
71741  23.584  -0.193  -50.047 0.1250000000
72772  23.264  0.425  -50.536 0.1250000000
69364  22.139  -2.718  -45.004 0.1250000000
54639  17.435  -15.093  -30.015 0.1250000000
56908  17.363  -13.253  -30.545 0.1250000000
70552  23.797  -1.174  -46.338 0.1250000000
72765  23.500  0.509  -49.484 0.1250000000
73746  23.097  1.188  -49.949 0.1250000000
73757  22.485  1.723  -50.314 0.1250000000
75767  22.217  3.009  -47.926 0.1250000000
133341  21.848  4.358  -48.118 0.1250000000
76689  22.182  5.170  -48.131 0.1250000000
77631  21.136  5.135  -49.705 0.1250000000
135321  23.750  -0.032  -49.452 0.1250000000
60204  16.764  -10.689  -33.185 0.1250000000
55684  17.423  -14.036  -31.155 0.1250000000
55674  17.410  -14.122  -30.266 0.1250000000
70539  23.275  -1.517  -45.626 0.1250000000
115919  17.108  -11.456  -32.913 0.1250000000
58050  17.144  -12.143  -32.184 0.1250000000
56922  17.343  -13.218  -31.389 0.1250000000
58037  17.200  -12.069  -31.414 0.1250000000
58036  17.308  -12.586  -30.966 0.1250000000
74759  22.104  2.229  -49.796 0.1250000000
75777  21.793  3.605  -49.201 0.1250000000
74753  22.229  3.168  -48.585 0.1250000000
76712  21.040  4.731  -50.010 0.1250000000
75768  22.034  3.831  -48.372 0.1250000000
75744  21.059  2.963  -47.163 0.1250000000
77617  21.340  5.999  -47.330 0.1250000000
51519  22.634  -18.624  -28.562 0.1250000000
52479  23.012  -17.961  -28.922 0.1250000000
53587  23.556  -17.171  -30.510 0.1250000000
54665  23.688  -16.363  -33.109 0.1250000000
54675  24.092  -15.890  -33.638 0.1250000000
55707  23.827  -15.775  -34.405 0.1250000000
55705  25.104  -14.686  -33.900 0.1250000000
55715  24.679  -14.801  -34.714 0.1250000000
120464  24.207  -15.337  -34.807 0.1250000000
56957  25.855  -13.379  -35.188 0.1250000000
56959  24.528  -14.262  -36.055 0.1250000000
134306  25.528  -13.249  -35.908 0.1250000000
58075  25.689  -12.921  -36.584 0.1250000000
49646  21.214  -20.752  -26.689 0.1250000000
49663  21.904  -20.254  -27.035 0.1250000000
128131  22.074  -19.670  -27.583 0.1250000000
51518  23.515  -18.420  -28.270 0.1250000000
51499  22.962  -18.871  -28.001 0.1250000000
52497  23.463  -17.536  -29.653 0.1250000000
53586  24.391  -16.675  -30.620 0.1250000000
54652  24.636  -16.084  -31.848 0.1250000000
128515  24.330  -16.023  -32.982 0.1250000000
54663  25.469  -15.377  -32.540 0.1250000000
56946  26.277  -13.573  -34.349 0.1250000000
59131  27.167  -11.939  -36.060 0.1250000000
132822  26.780  -12.430  -35.669 0.1250000000
59151  26.348  -11.647  -37.828 0.1250000000
50557  22.310  -19.167  -28.110 0.1250000000
128247  25.013  -13.609  -36.592 0.1250000000
133424  23.735  -16.865  -31.120 0.1250000000
56948  24.745  -14.356  -35.287 0.1250000000
50535  21.324  -19.920  -27.529 0.1250000000
48721  20.854  -21.385  -26.130 0.1250000000
53568  24.112  -17.032  -29.937 0.1250000000
54653  24.054  -16.317  -32.306 0.1250000000
53607  24.201  -16.467  -31.473 0.1250000000
55706  24.461  -15.300  -34.106 0.1250000000
56947  25.325  -14.037  -34.643 0.1250000000
55694  24.831  -15.408  -33.250 0.1250000000
56939  25.861  -14.154  -33.771 0.1250000000
56958  25.111  -13.746  -35.576 0.1250000000
123713  26.354  -12.336  -36.363 0.1250000000
58064  26.801  -12.893  -34.953 0.1250000000
119632  22.162  -20.873  -26.442 0.1250000000
52496  24.415  -17.301  -29.313 0.1250000000
54697  22.223  -15.668  -35.444 0.7500000000
54698  21.589  -15.468  -35.472 0.7500000000
58074  26.127  -12.809  -35.738 0.1250000000
58091  24.769  -13.208  -38.182 0.3750000000
59163  24.986  -12.184  -39.067 0.6250000000
59164  24.322  -12.181  -39.044 0.7500000000
59176  23.418  -11.087  -39.062 0.7500000000
60273  25.599  -10.836  -39.605 0.7500000000
60274  24.875  -10.732  -39.564 0.7500000000
61393  29.437  -9.208  -39.400 0.1250000000
61396  26.499  -10.092  -39.988 0.5000000000
61402  19.891  -9.320  -39.621 1.0000000000
62480  20.493  -8.599  -40.898 1.0000000000
62481  19.817  -8.240  -40.819 1.0000000000
62498  19.728  -8.025  -41.645 1.0000000000
62514  30.171  -8.261  -44.122 0.1250000000
63576  19.446  -7.591  -41.019 1.0000000000
63587  20.404  -8.039  -42.171 1.0000000000
63589  19.557  -7.583  -41.832 1.0000000000
63590  19.235  -6.931  -41.251 0.8750000000
63603  20.737  -7.288  -42.405 1.0000000000
63613  27.076  -7.006  -42.936 0.7500000000
63619  29.776  -7.889  -45.294 0.1250000000
64737  25.102  -6.431  -41.403 1.0000000000
64738  24.028  -6.409  -40.974 1.0000000000
64742  19.128  -6.308  -41.544 0.6250000000
64750  20.969  -6.536  -42.726 0.8750000000
64793  29.280  -7.360  -47.488 0.3750000000
64808  26.048  -6.894  -50.451 1.0000000000
64812  25.505  -7.060  -50.635 1.0000000000
65980  19.278  -5.961  -42.253 0.5000000000
65994  19.726  -5.806  -42.936 0.5000000000
66011  26.052  -5.086  -44.145 1.0000000000
66067  25.147  -6.678  -50.216 1.0000000000
66089  23.668  -5.600  -53.434 1.0000000000
66090  22.970  -5.241  -54.163 1.0000000000
67277  19.125  -4.992  -42.056 0.3750000000
67288  19.319  -4.732  -42.853 0.1250000000
67308  24.965  -3.826  -44.174 1.0000000000
67322  26.405  -4.779  -46.413 1.0000000000
67373  22.917  -5.016  -54.344 1.0000000000
68377  24.989  -4.545  -48.784 1.0000000000
68410  22.465  -4.776  -53.812 1.0000000000
68416  23.432  -4.369  -54.034 1.0000000000
68417  22.840  -4.419  -54.086 1.0000000000
68418  22.558  -4.631  -53.975 1.0000000000
69380  25.376  -2.720  -46.501 0.7500000000
69381  25.081  -2.061  -46.255 0.6250000000
69436  24.028  -2.237  -54.179 0.8750000000
69438  22.787  -3.572  -53.647 1.0000000000
69447  23.155  -3.020  -53.882 1.0000000000
69448  22.904  -2.609  -54.023 1.0000000000
69450  22.714  -2.048  -54.559 0.8750000000
70550  25.365  -1.986  -46.842 0.6250000000
70561  25.129  -1.747  -47.281 0.3750000000
70617  22.768  -1.818  -54.600 1.0000000000
70621  22.770  -2.108  -56.674 0.8750000000
70622  22.661  -2.082  -56.599 0.8750000000
71718  24.253  -0.656  -47.715 0.1250000000
71779  23.210  -0.644  -55.064 0.8750000000
71780  22.890  -1.408  -55.675 0.8750000000
71781  23.115  -2.047  -56.581 0.8750000000
71782  22.611  -2.127  -56.388 0.8750000000
71783  22.322  -1.864  -56.398 1.0000000000
71785  22.495  -1.390  -56.634 0.8750000000
72756  23.376  0.539  -48.654 0.1250000000
72763  26.333  0.299  -49.363 0.1250000000
72790  24.225  0.339  -52.900 0.6250000000
72809  23.021  -0.876  -56.839 0.7500000000
72810  22.479  -0.131  -57.012 0.8750000000
73747  22.591  1.654  -49.411 0.1250000000
73796  19.045  2.549  -58.204 0.7500000000
73797  21.765  2.019  -58.902 0.7500000000
73799  19.583  2.302  -58.411 0.7500000000
73800  21.423  2.670  -59.015 0.7500000000
73801  20.649  2.452  -58.871 0.7500000000
74757  24.934  2.237  -50.176 0.1250000000
74816  18.814  2.847  -58.406 0.7500000000
74817  20.665  3.160  -58.997 0.7500000000
75757  19.145  5.821  -47.838 0.1250000000
75775  26.132  3.839  -49.020 0.1250000000
75784  21.211  3.348  -50.001 0.1250000000
75815  23.888  4.015  -53.494 0.2500000000
75834  22.145  3.446  -58.458 0.3750000000
75835  18.417  3.872  -57.267 0.7500000000
75836  21.402  3.925  -58.598 0.6250000000
75837  20.018  3.853  -58.483 0.7500000000
75838  18.672  3.508  -58.083 0.7500000000
75839  19.320  3.170  -58.725 0.7500000000
76690  21.202  5.108  -47.728 0.1250000000
76699  21.942  4.693  -48.518 0.1250000000
76782  24.137  6.067  -56.041 0.2500000000
76786  19.897  4.418  -57.360 0.7500000000
77610  20.289  6.299  -47.118 0.1250000000
78498  19.435  6.567  -51.248 0.1250000000
78508  19.611  6.373  -51.752 0.2500000000
79398  20.548  6.998  -49.808 0.1250000000
79407  18.468  7.466  -50.972 0.1250000000
79422  17.493  8.302  -52.300 0.1250000000
79436  18.065  7.723  -52.657 0.2500000000
79445  18.113  8.180  -53.622 0.2500000000
80421  17.955  7.984  -50.803 0.2500000000
80430  17.122  8.780  -52.212 0.2500000000
80438  20.315  8.742  -52.666 0.3750000000
80440  16.821  8.989  -53.195 0.2500000000
80446  18.146  8.946  -54.238 0.2500000000
80447  17.383  9.102  -54.200 0.2500000000
81391  18.208  8.639  -50.937 0.2500000000
81400  16.863  9.381  -52.718 0.2500000000
81406  21.040  10.330  -52.177 0.2500000000
81408  17.501  11.003  -52.914 0.2500000000
81409  16.685  10.007  -53.611 0.2500000000
81410  16.655  10.555  -54.497 0.2500000000
81417  19.140  10.178  -54.278 0.2500000000
81418  17.057  10.379  -55.136 0.2500000000
81419  16.794  9.973  -54.421 0.2500000000
81425  18.154  12.010  -56.107 0.2500000000
81426  17.172  11.500  -56.117 0.2500000000
81427  16.748  10.911  -55.524 0.2500000000
81428  16.623  10.633  -54.885 0.2500000000
82305  21.061  12.177  -52.855 0.2500000000
82311  20.736  13.082  -53.975 0.2500000000
82312  20.457  13.069  -55.081 0.2500000000
82313  16.566  10.792  -54.834 0.2500000000
82318  19.146  12.883  -55.516 0.2500000000
82319  17.300  12.213  -55.324 0.2500000000
82320  17.074  11.945  -55.394 0.2500000000
83143  20.288  12.562  -54.677 0.2500000000
113604  18.820  9.695  -51.275 0.2500000000
113606  19.677  13.468  -54.413 0.2500000000
113608  18.079  12.747  -54.174 0.2500000000
113610  21.067  11.280  -51.920 0.2500000000
113775  21.293  9.643  -50.971 0.1250000000
113799  16.681  11.372  -55.338 0.2500000000
113819  20.525  12.912  -53.361 0.2500000000
113861  17.926  13.091  -55.392 0.2500000000
114233  22.500  -3.815  -43.502 0.6250000000
115808  21.278  3.855  -50.486 0.1250000000
118469  21.172  11.895  -52.934 0.2500000000
118579  17.954  10.479  -55.163 0.2500000000
118953  18.954  10.914  -51.960 0.2500000000
118993  23.497  -0.146  -56.221 0.7500000000
119139  21.251  -7.914  -42.073 1.0000000000
119310  23.582  -1.201  -56.004 0.7500000000
121453  20.456  6.744  -52.571 0.3750000000
123679  20.265  -10.618  -38.623 1.0000000000
126938  21.935  -15.279  -35.812 0.7500000000
129391  19.440  9.320  -50.916 0.2500000000
131174  25.090  2.640  -49.502 0.1250000000
131728  17.344  12.262  -55.046 0.2500000000
135456  22.081  2.252  -50.539 0.1250000000
135640  19.377  -5.421  -42.624 0.3750000000
137152  26.701  -5.268  -46.858 1.0000000000
137734  17.134  12.442  -55.791 0.2500000000
