#!ascii label  , from subject sub-v2s15x29752_ses-1 vox2ras=TkReg
1028
8172  20.258  -70.879  -11.191 0.3000000119
12382  21.777  -63.862  -7.956 0.6000000238
14998  22.455  -59.236  -7.669 0.6999999881
14999  21.468  -59.501  -7.999 0.6999999881
9308  20.055  -68.154  -12.934 0.4000000060
136375  21.328  -70.444  -12.079 0.5000000000
8707  21.551  -69.683  -11.644 0.5000000000
11694  22.157  -64.200  -8.862 0.6999999881
13036  21.584  -62.762  -7.378 0.6999999881
12357  22.108  -63.099  -7.584 0.5000000000
14341  23.130  -60.563  -7.369 0.6000000238
14985  22.370  -60.081  -7.456 0.6000000238
15644  23.193  -58.892  -7.586 0.6999999881
15652  22.011  -58.241  -8.413 0.6999999881
7576  20.419  -72.284  -13.116 0.5000000000
9317  20.585  -68.847  -13.412 0.4000000060
8171  20.825  -71.019  -12.098 0.6000000238
9863  21.059  -67.085  -11.792 0.4000000060
10448  21.140  -66.362  -10.983 0.5000000000
8186  21.968  -71.676  -13.750 0.6000000238
11069  20.993  -65.929  -10.224 0.6000000238
11048  21.357  -65.365  -9.713 0.6000000238
8178  21.554  -71.300  -12.865 0.6000000238
11720  21.822  -64.779  -9.421 0.6000000238
131122  23.014  -62.012  -7.476 0.6000000238
13719  23.784  -61.009  -7.528 0.6000000238
120882  23.980  -59.283  -7.441 0.6999999881
14984  23.169  -59.706  -7.432 0.6999999881
15643  23.778  -58.496  -7.583 0.6999999881
122905  22.698  -57.088  -8.659 0.6999999881
16362  24.007  -57.638  -7.775 0.6999999881
16368  23.413  -57.052  -8.268 0.6999999881
17175  24.836  -56.324  -8.078 0.6999999881
7584  20.317  -72.320  -13.626 0.5000000000
8187  20.242  -70.950  -14.314 0.5000000000
8721  20.195  -69.769  -13.931 0.5000000000
9872  20.519  -67.668  -12.432 0.4000000060
7590  21.138  -71.891  -14.111 0.5000000000
10465  21.739  -66.572  -11.564 0.5000000000
11068  21.689  -65.656  -10.579 0.6000000238
8185  22.587  -71.457  -14.270 0.6000000238
7582  22.355  -71.415  -14.459 0.5000000000
8729  22.932  -70.497  -14.935 0.5000000000
12400  22.834  -63.759  -9.260 0.6999999881
13054  23.284  -62.497  -7.907 0.6000000238
12381  22.488  -63.541  -8.250 0.6999999881
14363  24.592  -60.618  -7.735 0.6000000238
13720  23.581  -61.754  -7.691 0.6000000238
14983  24.820  -59.288  -7.556 0.6000000238
14340  23.864  -60.174  -7.432 0.6000000238
15641  25.338  -58.717  -7.657 0.6000000238
16361  25.101  -57.899  -7.655 0.6999999881
17967  23.045  -55.863  -9.117 0.6999999881
16367  25.774  -57.336  -7.862 0.6000000238
17176  24.031  -56.563  -8.154 0.6999999881
118056  23.625  -55.804  -8.640 0.6999999881
125285  24.895  -57.041  -7.843 0.6999999881
9871  21.563  -67.752  -12.655 0.4000000060
8196  21.154  -71.484  -14.340 0.5000000000
8720  21.261  -69.628  -14.052 0.4000000060
10485  22.061  -67.003  -12.109 0.5000000000
11084  22.071  -65.946  -11.235 0.6000000238
8731  21.116  -70.647  -14.410 0.4000000060
11736  22.121  -65.038  -10.245 0.6000000238
8195  21.923  -71.269  -14.549 0.4000000060
8719  22.279  -69.390  -14.297 0.4000000060
8730  22.047  -70.527  -14.618 0.4000000060
9315  23.007  -68.598  -14.222 0.4000000060
12422  23.123  -63.947  -10.320 0.6999999881
137554  23.630  -62.682  -8.737 0.6000000238
13053  23.939  -62.121  -8.283 0.6000000238
14339  25.097  -59.907  -7.715 0.6000000238
13743  24.266  -61.458  -7.951 0.6000000238
15640  26.047  -59.008  -7.961 0.6000000238
17973  23.290  -55.145  -9.243 0.6999999881
17966  23.993  -55.113  -8.624 0.6999999881
118315  25.301  -55.716  -8.209 0.6000000238
121836  24.696  -55.162  -8.382 0.6000000238
9316  21.479  -68.661  -13.414 0.4000000060
9870  22.545  -67.358  -12.815 0.4000000060
11735  22.758  -64.597  -10.745 0.6999999881
9886  22.336  -68.224  -13.423 0.4000000060
9324  23.119  -69.611  -14.841 0.5000000000
13079  23.546  -63.199  -9.624 0.6999999881
13078  24.177  -62.424  -9.315 0.6000000238
14362  25.343  -60.429  -8.184 0.5000000000
13742  24.903  -61.219  -8.587 0.6000000238
18760  22.773  -54.781  -10.006 0.6999999881
16365  27.113  -57.048  -8.507 0.6000000238
16360  25.947  -58.155  -7.817 0.6000000238
18753  23.746  -54.428  -8.978 0.8000000119
19528  23.590  -53.698  -9.453 0.8000000119
17173  26.374  -56.787  -8.167 0.6000000238
115898  26.079  -56.089  -8.210 0.6000000238
10484  22.856  -66.540  -12.478 0.5000000000
11083  22.807  -65.504  -11.620 0.6000000238
10499  23.255  -66.809  -13.137 0.5000000000
11113  24.229  -65.948  -13.962 0.6999999881
135137  23.568  -67.056  -13.719 0.4000000060
13098  24.091  -62.870  -10.229 0.6999999881
13761  24.677  -61.844  -9.333 0.6999999881
122630  25.572  -60.740  -9.052 0.6000000238
13760  25.177  -61.485  -9.681 0.6000000238
14996  26.253  -59.579  -8.539 0.6000000238
19537  23.192  -53.249  -10.233 0.6000000238
123918  26.587  -58.373  -8.252 0.6000000238
19521  24.145  -53.863  -8.849 0.6999999881
19527  24.262  -53.186  -9.004 0.6999999881
18749  26.933  -54.914  -8.670 0.6999999881
17964  26.150  -55.355  -8.322 0.6999999881
135167  25.070  -54.191  -8.394 0.6999999881
11095  23.657  -65.286  -12.696 0.5000000000
11082  23.399  -65.092  -12.033 0.6000000238
11751  23.074  -64.839  -11.438 0.6000000238
11103  24.315  -65.103  -13.852 0.6999999881
11104  23.930  -65.553  -13.356 0.6000000238
11750  23.388  -64.164  -11.322 0.6999999881
11112  24.431  -65.624  -14.367 0.6999999881
10507  24.370  -66.325  -14.634 0.6999999881
12421  23.706  -63.467  -10.750 0.6999999881
13774  24.656  -62.238  -10.265 0.6999999881
14376  25.799  -60.962  -10.059 0.5000000000
20323  22.631  -52.515  -11.789 0.5000000000
15656  27.516  -58.224  -9.310 0.6000000238
14361  26.284  -60.156  -9.354 0.6000000238
20302  23.421  -52.439  -10.428 0.6000000238
20322  23.141  -52.116  -11.230 0.5000000000
15648  27.141  -57.879  -8.607 0.6000000238
15649  27.062  -58.644  -8.814 0.6000000238
20291  24.468  -52.392  -9.180 0.6000000238
20292  23.985  -51.970  -9.826 0.5000000000
21809  23.892  -50.819  -10.879 0.5000000000
17972  27.632  -55.586  -9.116 0.6999999881
17963  26.889  -56.051  -8.526 0.6999999881
18750  26.537  -54.039  -8.571 0.6999999881
121075  25.447  -53.261  -8.497 0.6999999881
20290  25.254  -52.088  -8.828 0.5000000000
20278  26.560  -52.676  -8.665 0.6000000238
135472  23.505  -64.566  -11.880 0.6000000238
11768  24.090  -64.877  -13.093 0.6999999881
11759  23.760  -64.682  -12.449 0.6000000238
11777  24.488  -64.409  -14.299 0.6999999881
12420  23.937  -63.615  -11.631 0.6999999881
13773  25.307  -61.665  -10.704 0.6999999881
13783  24.820  -62.329  -11.331 0.6999999881
14385  26.394  -60.347  -10.453 0.6000000238
136284  22.883  -51.873  -11.889 0.4000000060
15020  26.878  -59.643  -9.930 0.5000000000
21828  23.637  -50.470  -11.710 0.4000000060
17172  27.670  -56.546  -9.044 0.6000000238
16373  27.643  -57.424  -9.115 0.6000000238
127338  24.741  -51.585  -9.358 0.5000000000
21028  24.261  -51.162  -10.047 0.5000000000
20279  25.733  -52.658  -8.579 0.5000000000
21788  25.064  -50.761  -9.582 0.4000000060
18758  27.601  -54.678  -9.248 0.6000000238
131424  27.407  -53.455  -9.033 0.6999999881
19518  26.924  -53.389  -8.730 0.6000000238
21016  26.990  -52.029  -8.858 0.5000000000
11767  24.303  -64.359  -13.534 0.6000000238
12446  24.146  -64.291  -12.778 0.6999999881
12436  24.222  -63.693  -12.394 0.6999999881
13121  24.875  -63.122  -14.331 0.6999999881
13116  24.708  -63.068  -13.580 0.6999999881
13108  24.426  -63.013  -11.921 0.6000000238
13782  25.381  -61.708  -11.714 0.6000000238
15019  27.287  -59.097  -10.394 0.6000000238
15029  26.873  -59.732  -10.884 0.5000000000
126655  27.592  -58.538  -9.992 0.6000000238
116281  27.987  -56.996  -9.695 0.6000000238
16379  27.894  -57.814  -10.061 0.6000000238
21808  24.561  -50.389  -10.314 0.5000000000
21827  24.206  -50.067  -11.115 0.4000000060
17971  28.023  -55.173  -9.774 0.6000000238
22621  24.819  -49.690  -10.578 0.4000000060
122254  27.665  -53.900  -9.377 0.6000000238
20277  27.293  -52.815  -8.931 0.5000000000
13112  24.946  -62.327  -13.218 0.6999999881
13107  24.915  -62.367  -12.286 0.6000000238
13796  25.440  -61.647  -14.621 0.6999999881
13785  25.333  -61.629  -12.742 0.6000000238
13120  25.354  -62.482  -14.783 0.6999999881
14397  25.867  -61.000  -12.122 0.5000000000
16385  27.788  -57.756  -11.237 0.6000000238
15028  27.214  -59.090  -11.301 0.6000000238
15661  27.579  -58.472  -10.776 0.6000000238
113969  28.092  -56.985  -10.636 0.5000000000
17185  28.141  -56.137  -9.905 0.6000000238
18757  28.007  -54.404  -9.813 0.6000000238
20289  27.727  -52.256  -9.368 0.5000000000
14414  25.668  -60.905  -14.337 0.6999999881
14407  25.738  -60.785  -13.308 0.6999999881
14406  26.289  -60.238  -12.453 0.6000000238
15037  27.036  -59.002  -12.232 0.5000000000
126244  27.790  -56.917  -12.058 0.6000000238
120631  27.517  -57.779  -12.206 0.6000000238
17192  28.227  -56.155  -11.109 0.6000000238
119751  28.386  -54.854  -11.003 0.6000000238
20288  28.159  -52.869  -9.946 0.5000000000
8727  24.857  -70.467  -15.188 0.5000000000
9900  24.327  -68.889  -15.447 0.5000000000
9326  26.045  -69.180  -15.635 0.5000000000
8732  25.059  -69.439  -15.628 0.5000000000
10514  24.652  -66.831  -15.258 0.6999999881
11130  25.738  -65.950  -15.947 0.6999999881
117435  25.128  -67.485  -15.745 0.5000000000
9904  25.828  -67.652  -16.123 0.5000000000
11121  24.646  -65.771  -14.983 0.6999999881
10513  25.227  -66.512  -15.739 0.6999999881
131628  24.808  -64.135  -14.834 0.6999999881
8701  20.536  -69.849  -10.509 0.3000000119
15651  22.559  -58.500  -7.899 0.6999999881
13721  22.374  -61.844  -7.364 0.6000000238
16369  23.176  -57.537  -8.144 0.6999999881
17974  22.644  -55.578  -9.794 0.6999999881
9884  23.555  -67.803  -14.287 0.6000000238
18751  25.360  -54.770  -8.327 0.6999999881
118811  23.769  -52.800  -9.646 0.6000000238
20280  24.959  -52.833  -8.665 0.6999999881
19519  26.159  -53.315  -8.506 0.6999999881
21042  23.640  -51.626  -10.646 0.5000000000
21055  23.317  -51.301  -11.564 0.5000000000
21026  26.578  -51.274  -8.973 0.5000000000
14386  25.852  -61.024  -11.091 0.5000000000
13788  25.300  -61.577  -13.762 0.6999999881
14396  26.391  -60.363  -11.461 0.5000000000
17979  28.268  -55.431  -10.532 0.6000000238
18766  28.295  -54.219  -10.496 0.6000000238
121310  26.214  -59.961  -13.429 0.5000000000
11128  27.467  -66.225  -16.468 0.6000000238
13137  30.936  -63.788  -16.543 0.6000000238
13125  31.281  -62.854  -16.229 0.4000000060
116762  28.556  -65.328  -16.500 0.5000000000
11129  26.507  -66.036  -16.267 0.6000000238
11049  20.440  -65.831  -9.419 0.5000000000
13124  32.195  -62.850  -16.340 0.4000000060
133037  21.385  -65.002  -9.157 0.5000000000
11696  20.588  -64.800  -8.091 0.5000000000
11793  29.568  -65.320  -16.593 0.5000000000
13799  33.358  -61.511  -16.058 0.4000000060
11695  21.404  -64.610  -8.550 0.5000000000
12359  20.592  -63.467  -7.445 0.5000000000
13138  30.044  -63.598  -16.357 0.6000000238
12358  21.329  -63.348  -7.505 0.5000000000
12470  28.620  -64.207  -16.283 0.5000000000
11119  25.976  -65.213  -15.808 0.6000000238
14432  34.530  -60.083  -16.972 0.4000000060
15065  34.937  -59.400  -17.554 0.4000000060
13801  31.709  -62.027  -15.614 0.4000000060
13056  18.961  -62.210  -7.836 0.5000000000
120571  20.278  -62.512  -7.379 0.5000000000
13745  19.352  -61.466  -8.213 0.5000000000
11794  27.527  -64.540  -16.117 0.6000000238
118621  26.407  -64.426  -15.722 0.6000000238
11783  25.368  -64.406  -15.303 0.6000000238
122411  21.817  -61.372  -7.344 0.5000000000
14364  20.582  -60.400  -8.120 0.5000000000
14365  19.658  -60.755  -8.604 0.4000000060
12462  28.167  -63.033  -15.752 0.5000000000
12461  29.142  -63.435  -16.096 0.5000000000
133075  27.214  -62.998  -15.518 0.6000000238
133765  26.474  -63.058  -15.379 0.6000000238
12463  25.959  -63.598  -15.375 0.6000000238
13131  25.828  -62.741  -15.167 0.6000000238
12458  25.207  -63.445  -14.933 0.6000000238
14425  32.910  -61.126  -15.279 0.4000000060
15062  34.078  -59.932  -16.058 0.4000000060
15000  20.559  -59.618  -8.766 0.5000000000
14377  19.892  -60.037  -9.104 0.5000000000
15011  19.496  -59.927  -9.948 0.4000000060
14378  19.230  -60.428  -9.483 0.4000000060
122612  29.891  -62.020  -15.478 0.6000000238
136358  28.318  -61.612  -15.518 0.6000000238
124061  27.749  -61.484  -15.510 0.6000000238
13805  26.748  -61.403  -15.356 0.6000000238
15716  34.952  -58.829  -17.131 0.4000000060
129673  20.938  -58.968  -8.981 0.5000000000
15010  20.152  -59.322  -9.921 0.4000000060
123955  19.240  -59.464  -11.621 0.4000000060
13792  31.272  -61.443  -14.963 0.6000000238
13791  32.094  -61.368  -15.003 0.4000000060
13793  30.334  -61.330  -15.141 0.6000000238
13802  30.825  -62.065  -15.543 0.6000000238
132639  28.927  -61.902  -15.500 0.5000000000
14426  28.903  -60.379  -15.353 0.6000000238
130623  29.752  -60.418  -14.853 0.5000000000
14429  26.607  -60.443  -15.214 0.6000000238
15715  35.316  -58.658  -17.716 0.4000000060
126569  33.871  -59.471  -15.367 0.4000000060
15657  21.412  -58.185  -9.183 0.6000000238
15663  20.432  -58.569  -10.664 0.5000000000
15671  20.177  -58.484  -11.710 0.5000000000
15672  19.482  -58.944  -12.258 0.5000000000
14410  32.784  -59.911  -14.224 0.4000000060
15052  33.450  -59.482  -14.709 0.4000000060
14411  31.912  -60.304  -13.877 0.5000000000
120024  30.440  -59.272  -13.446 0.5000000000
15048  29.658  -59.478  -14.196 0.5000000000
14427  28.034  -59.931  -15.521 0.6000000238
14428  27.157  -59.915  -15.393 0.6000000238
13795  25.994  -61.046  -14.971 0.6000000238
16436  34.733  -58.063  -15.856 0.4000000060
15713  34.742  -58.592  -16.433 0.4000000060
16435  35.295  -57.709  -16.207 0.4000000060
16445  35.761  -57.710  -17.007 0.4000000060
17181  22.539  -56.383  -9.350 0.6000000238
16422  34.196  -57.919  -15.072 0.4000000060
15707  34.412  -58.466  -15.692 0.4000000060
133352  21.209  -57.472  -10.676 0.6000000238
16387  20.488  -57.873  -12.129 0.5000000000
15681  19.896  -58.312  -12.616 0.4000000060
15699  33.040  -58.953  -14.062 0.4000000060
15046  31.253  -59.853  -13.512 0.5000000000
14420  28.940  -59.634  -15.179 0.5000000000
15059  28.156  -58.942  -15.532 0.6000000238
15054  26.694  -59.592  -15.146 0.6000000238
15049  26.377  -59.620  -14.393 0.6000000238
17237  35.581  -56.874  -15.633 0.4000000060
17182  22.035  -56.726  -9.889 0.6000000238
16386  21.011  -57.306  -11.547 0.5000000000
133554  19.948  -56.595  -13.309 0.5000000000
130614  33.837  -57.526  -14.368 0.4000000060
119003  32.241  -58.755  -13.387 0.5000000000
15690  30.666  -58.383  -13.038 0.5000000000
15060  27.363  -59.173  -15.454 0.5000000000
17236  36.314  -56.470  -15.980 0.4000000060
17186  22.146  -56.121  -10.282 0.6000000238
17990  21.592  -55.612  -11.590 0.5000000000
18007  21.170  -55.575  -12.416 0.5000000000
123963  31.415  -59.011  -13.211 0.5000000000
15691  29.649  -58.451  -13.746 0.4000000060
15701  28.217  -58.089  -15.584 0.4000000060
15053  26.953  -58.766  -15.238 0.4000000060
15703  26.654  -58.998  -14.890 0.6000000238
15680  26.755  -58.878  -13.206 0.4000000060
18041  36.633  -55.717  -15.555 0.4000000060
17227  35.195  -56.384  -14.870 0.4000000060
126482  34.477  -56.615  -14.465 0.4000000060
120667  22.577  -54.404  -10.635 0.5000000000
17980  22.142  -55.196  -10.796 0.5000000000
18008  20.623  -55.419  -13.097 0.4000000060
18783  21.685  -54.894  -11.847 0.4000000060
15678  30.943  -57.646  -12.797 0.5000000000
16410  30.178  -57.605  -13.164 0.5000000000
122605  29.866  -56.725  -13.381 0.6000000238
137039  27.834  -57.615  -15.797 0.4000000060
16427  27.051  -57.198  -15.409 0.4000000060
15692  26.709  -58.128  -13.921 0.4000000060
17230  28.236  -56.439  -15.569 0.5000000000
19538  22.719  -53.717  -10.863 0.5000000000
18782  22.255  -54.293  -11.364 0.6000000238
19558  22.344  -53.389  -11.735 0.4000000060
118921  26.880  -56.506  -15.213 0.5000000000
15679  27.099  -58.277  -12.740 0.5000000000
127776  28.710  -55.845  -15.133 0.5000000000
125164  29.188  -56.566  -14.382 0.5000000000
17231  27.623  -56.593  -15.861 0.5000000000
17240  27.229  -56.331  -15.686 0.5000000000
18029  35.431  -55.472  -14.645 0.4000000060
17989  28.309  -55.481  -11.379 0.5000000000
17205  27.396  -56.427  -13.428 0.4000000060
121525  26.981  -56.689  -14.343 0.5000000000
17239  27.507  -56.059  -15.885 0.5000000000
120311  28.346  -55.035  -12.009 0.4000000060
18005  27.958  -55.260  -13.185 0.4000000060
17204  27.981  -55.878  -12.394 0.5000000000
18006  27.526  -55.783  -13.629 0.5000000000
17221  27.027  -55.995  -14.667 0.5000000000
18045  27.291  -55.883  -15.642 0.5000000000
18833  27.663  -55.344  -15.366 0.5000000000
18033  27.241  -55.626  -15.130 0.4000000060
14343  21.608  -60.583  -7.528 0.5000000000
119362  21.566  -58.722  -8.477 0.6000000238
13722  21.506  -62.088  -7.322 0.6000000238
16370  22.052  -57.579  -8.885 0.6000000238
20303  22.886  -52.896  -11.032 0.5000000000
129663  26.509  -59.368  -13.577 0.4000000060
13724  19.832  -62.019  -7.601 0.5000000000
13723  20.618  -61.989  -7.402 0.5000000000
13744  20.145  -61.285  -7.842 0.5000000000
15021  19.386  -59.691  -10.779 0.4000000060
14419  30.772  -60.853  -14.432 0.6000000238
15009  20.770  -58.608  -9.786 0.6000000238
15664  19.780  -59.063  -11.165 0.4000000060
15708  33.902  -58.754  -15.032 0.4000000060
16375  21.635  -57.370  -9.805 0.6000000238
15662  21.017  -58.018  -10.205 0.6000000238
16380  20.754  -57.966  -11.179 0.5000000000
15682  19.347  -58.564  -12.884 0.5000000000
15039  18.968  -58.934  -12.774 0.5000000000
16413  20.047  -57.195  -13.071 0.5000000000
17981  21.754  -56.022  -11.053 0.5000000000
17194  20.600  -57.188  -12.476 0.5000000000
17193  21.214  -56.416  -11.859 0.5000000000
128324  28.854  -57.879  -14.827 0.5000000000
17206  20.544  -56.371  -12.928 0.5000000000
15689  31.721  -58.068  -13.004 0.5000000000
16412  26.829  -57.309  -14.673 0.3000000119
18021  27.512  -55.391  -14.351 0.4000000060
6443  30.109  -74.001  -8.363 0.3000000119
6423  28.767  -73.207  -8.120 0.3000000119
6422  29.548  -73.609  -7.718 0.3000000119
6913  27.778  -72.274  -6.967 0.3000000119
6402  28.282  -72.751  -7.528 0.3000000119
6912  28.549  -72.665  -6.585 0.3000000119
7529  27.221  -71.544  -7.447 0.3000000119
7497  27.364  -71.679  -6.324 0.3000000119
8631  30.299  -69.513  -4.316 0.3000000119
126273  29.181  -71.547  -5.321 0.3000000119
8096  27.402  -71.005  -5.444 0.3000000119
7498  26.809  -71.051  -6.135 0.3000000119
133440  29.684  -70.107  -4.548 0.3000000119
9214  29.229  -68.249  -3.620 0.3000000119
8632  29.316  -69.571  -4.254 0.3000000119
8073  27.860  -70.380  -4.718 0.4000000060
8074  26.930  -70.237  -4.984 0.4000000060
8075  26.181  -69.862  -5.367 0.4000000060
8668  25.560  -68.954  -6.939 0.3000000119
10371  28.265  -66.692  -3.571 0.3000000119
9215  28.330  -68.255  -3.645 0.4000000060
9216  27.375  -68.230  -3.779 0.4000000060
8635  26.552  -69.527  -4.716 0.4000000060
10370  29.474  -65.940  -3.525 0.3000000119
134469  25.614  -68.896  -5.468 0.4000000060
11639  29.533  -64.430  -4.285 0.4000000060
10981  29.187  -65.125  -3.866 0.4000000060
116567  25.303  -68.472  -6.042 0.4000000060
9825  25.010  -67.403  -6.731 0.3000000119
10389  27.874  -65.989  -3.854 0.4000000060
9788  27.845  -67.468  -3.584 0.3000000119
9789  26.978  -67.418  -3.803 0.4000000060
11640  28.713  -64.709  -4.486 0.4000000060
10392  25.767  -66.256  -4.858 0.5000000000
126055  25.681  -67.541  -4.738 0.4000000060
8713  21.966  -70.291  -12.416 0.5000000000
12315  29.905  -63.686  -4.901 0.4000000060
9254  25.268  -67.617  -5.561 0.4000000060
9297  20.833  -69.018  -9.918 0.3000000119
9295  22.256  -68.227  -10.673 0.4000000060
9833  23.359  -66.991  -7.284 0.3000000119
10449  20.315  -66.316  -10.326 0.4000000060
10432  19.585  -66.288  -9.650 0.4000000060
8728  23.673  -70.246  -15.234 0.4000000060
8192  24.281  -70.551  -15.209 0.4000000060
8193  23.512  -70.979  -14.934 0.4000000060
126502  27.626  -65.503  -4.281 0.4000000060
10390  27.056  -66.060  -4.192 0.3000000119
10391  26.307  -66.478  -4.404 0.5000000000
8183  24.174  -70.901  -14.993 0.4000000060
8176  23.178  -70.947  -13.751 0.4000000060
11651  29.166  -64.197  -4.893 0.4000000060
9302  21.906  -68.949  -11.135 0.4000000060
9819  25.094  -66.759  -5.964 0.4000000060
9301  22.653  -68.635  -11.474 0.5000000000
9853  22.508  -67.444  -10.303 0.4000000060
9288  21.227  -68.275  -9.406 0.4000000060
10412  24.047  -66.364  -7.250 0.3000000119
9845  22.174  -67.125  -9.428 0.4000000060
11031  20.157  -65.413  -8.476 0.4000000060
9895  24.074  -67.922  -14.927 0.4000000060
11641  27.799  -64.873  -4.682 0.4000000060
10993  27.075  -65.333  -4.634 0.4000000060
8710  24.296  -69.658  -13.485 0.4000000060
8711  23.520  -69.899  -13.119 0.5000000000
11000  27.105  -64.762  -4.981 0.4000000060
10994  26.360  -65.769  -4.671 0.4000000060
9305  23.803  -68.903  -12.604 0.5000000000
12326  27.984  -63.803  -5.748 0.4000000060
12327  27.078  -63.679  -5.768 0.4000000060
11655  25.905  -64.682  -5.555 0.4000000060
11010  25.224  -65.287  -5.942 0.5000000000
11665  24.828  -64.854  -6.727 0.5000000000
9869  24.058  -68.006  -12.194 0.5000000000
13015  27.982  -62.824  -6.826 0.4000000060
11020  24.317  -65.258  -7.177 0.5000000000
9862  22.965  -67.886  -11.060 0.4000000060
11021  23.682  -65.701  -7.498 0.4000000060
11047  22.933  -65.891  -8.488 0.4000000060
10431  22.504  -66.457  -8.958 0.4000000060
10447  22.776  -66.697  -9.901 0.4000000060
8716  25.451  -70.055  -14.934 0.4000000060
123387  26.519  -68.909  -15.590 0.3000000119
11663  26.213  -63.842  -5.939 0.4000000060
12339  25.853  -63.467  -6.881 0.4000000060
9304  24.544  -68.617  -12.994 0.4000000060
15030  18.795  -59.384  -12.209 0.4000000060
13032  28.337  -62.642  -7.483 0.4000000060
13016  27.246  -62.756  -6.909 0.4000000060
11674  25.042  -64.109  -7.156 0.5000000000
126769  24.211  -64.496  -8.038 0.5000000000
9868  24.737  -67.647  -12.591 0.5000000000
9860  24.319  -67.156  -11.808 0.4000000060
13051  27.727  -62.440  -7.939 0.4000000060
11029  23.391  -65.395  -8.084 0.4000000060
10463  23.811  -66.692  -11.132 0.4000000060
10430  23.133  -66.029  -9.451 0.4000000060
10445  24.068  -65.944  -10.761 0.4000000060
9325  26.873  -68.751  -15.890 0.4000000060
9312  25.777  -69.076  -14.441 0.3000000119
118913  26.576  -62.864  -7.084 0.4000000060
12355  25.350  -63.523  -7.836 0.4000000060
9882  25.942  -67.932  -13.851 0.3000000119
13052  26.659  -62.639  -8.492 0.4000000060
12397  26.170  -63.011  -9.228 0.4000000060
12379  25.047  -63.722  -8.697 0.4000000060
11692  24.469  -64.317  -8.771 0.5000000000
13076  28.055  -62.272  -9.388 0.4000000060
13077  26.959  -62.615  -9.485 0.4000000060
11717  25.062  -64.151  -10.059 0.4000000060
129564  24.264  -65.366  -10.427 0.4000000060
10462  24.486  -66.272  -11.485 0.4000000060
10518  26.134  -66.808  -16.261 0.4000000060
12398  25.508  -63.570  -9.517 0.4000000060
6403  22.410  -73.341  -6.465 0.3000000119
9236  30.579  -68.680  -3.939 0.3000000119
119501  29.895  -66.756  -3.435 0.3000000119
11627  29.990  -64.704  -3.815 0.4000000060
12324  30.004  -63.717  -5.604 0.4000000060
123169  28.634  -64.178  -5.523 0.4000000060
12334  30.189  -63.882  -6.597 0.4000000060
12377  29.889  -63.360  -8.014 0.4000000060
9893  26.610  -68.666  -14.866 0.3000000119
13050  28.526  -62.410  -8.403 0.4000000060
9322  27.153  -68.562  -15.633 0.4000000060
9881  26.643  -67.486  -14.149 0.4000000060
10497  26.042  -66.888  -13.347 0.4000000060
13095  28.491  -62.306  -10.213 0.4000000060
114263  26.205  -63.192  -9.980 0.4000000060
12419  25.704  -63.809  -10.525 0.4000000060
11733  25.240  -64.401  -10.686 0.4000000060
11080  25.183  -65.720  -11.845 0.3000000119
10482  24.903  -66.695  -12.257 0.4000000060
13106  27.966  -62.513  -10.862 0.4000000060
8706  22.292  -69.412  -11.950 0.4000000060
9902  27.597  -67.962  -16.215 0.4000000060
6445  28.707  -72.825  -9.270 0.3000000119
6401  29.014  -73.228  -7.086 0.3000000119
6937  27.681  -72.016  -8.086 0.3000000119
6425  22.763  -73.831  -6.901 0.3000000119
6940  23.182  -73.093  -6.978 0.3000000119
7496  28.205  -71.693  -5.614 0.3000000119
9237  29.742  -68.901  -3.868 0.3000000119
8095  28.492  -71.003  -5.007 0.4000000060
8097  26.534  -70.502  -5.735 0.4000000060
9238  28.841  -68.972  -3.859 0.3000000119
9787  28.726  -67.488  -3.510 0.3000000119
124692  27.890  -68.981  -3.944 0.4000000060
137587  26.223  -68.908  -4.594 0.4000000060
119246  30.293  -66.074  -3.446 0.3000000119
13003  30.728  -63.139  -4.849 0.4000000060
11002  25.787  -65.512  -5.199 0.4000000060
10408  24.681  -66.438  -6.735 0.5000000000
11022  22.998  -66.038  -7.787 0.3000000119
10407  24.983  -66.053  -6.147 0.5000000000
120970  29.737  -63.762  -7.142 0.4000000060
133269  24.074  -64.743  -9.145 0.4000000060
11081  24.618  -65.473  -11.054 0.4000000060
10510  30.330  -66.276  -16.392 0.4000000060
10515  29.889  -66.455  -16.381 0.4000000060
11116  31.248  -65.615  -16.693 0.4000000060
13136  31.822  -63.973  -16.724 0.3000000119
11792  30.486  -65.445  -16.651 0.5000000000
10516  29.108  -66.946  -16.233 0.4000000060
122202  28.460  -66.323  -16.506 0.4000000060
10491  36.655  -66.661  -13.998 0.3000000119
10492  35.833  -66.706  -13.919 0.3000000119
12471  36.423  -63.135  -17.690 0.3000000119
13141  34.447  -63.519  -17.541 0.3000000119
13811  34.909  -61.144  -17.970 0.3000000119
14433  34.062  -60.869  -16.441 0.3000000119
10502  36.070  -66.331  -14.916 0.3000000119
11122  36.609  -64.879  -16.307 0.3000000119
12464  36.639  -63.416  -17.136 0.3000000119
10490  37.330  -66.751  -13.325 0.3000000119
11769  37.158  -65.502  -14.844 0.3000000119
134118  35.715  -61.475  -18.336 0.3000000119
14436  35.299  -59.917  -18.172 0.3000000119
11778  36.832  -64.730  -15.973 0.3000000119
13806  36.787  -62.052  -17.440 0.3000000119
13812  36.360  -62.161  -18.199 0.3000000119
13117  35.322  -62.762  -15.125 0.3000000119
13123  36.160  -63.308  -16.035 0.3000000119
14431  37.054  -60.988  -17.497 0.3000000119
13798  35.743  -62.246  -15.944 0.3000000119
14422  36.684  -60.349  -16.641 0.3000000119
12447  35.691  -64.076  -14.258 0.3000000119
14439  37.094  -60.608  -18.223 0.3000000119
15067  37.166  -59.363  -18.478 0.3000000119
16444  36.474  -57.399  -17.301 0.3000000119
14415  35.352  -60.859  -14.892 0.3000000119
14435  37.046  -61.142  -17.903 0.3000000119
16447  38.155  -57.900  -18.165 0.3000000119
15056  36.287  -59.717  -15.683 0.3000000119
15061  37.760  -59.268  -17.405 0.3000000119
15063  37.935  -59.448  -17.971 0.3000000119
15704  38.632  -58.069  -17.001 0.3000000119
17247  36.809  -56.842  -16.792 0.3000000119
16448  37.175  -57.605  -18.075 0.3000000119
17246  37.740  -56.780  -17.175 0.3000000119
18040  37.496  -55.509  -15.788 0.3000000119
18028  36.153  -55.184  -14.940 0.3000000119
18829  37.743  -54.699  -15.359 0.3000000119
18816  37.186  -54.075  -14.904 0.3000000119
18817  36.371  -54.315  -14.716 0.3000000119
12466  32.188  -64.888  -16.980 0.3000000119
11791  31.262  -65.563  -16.690 0.4000000060
13807  34.480  -60.959  -17.290 0.3000000119
15719  35.775  -58.599  -18.221 0.3000000119
11117  30.839  -65.921  -16.454 0.5000000000
10501  36.679  -66.303  -14.642 0.3000000119
13810  36.707  -62.034  -17.874 0.3000000119
12473  35.051  -63.725  -17.736 0.3000000119
13133  34.475  -62.548  -17.601 0.3000000119
13134  33.774  -63.144  -17.109 0.3000000119
12460  36.618  -63.777  -16.639 0.3000000119
128474  37.102  -65.004  -15.520 0.3000000119
126067  36.143  -60.550  -18.480 0.3000000119
13797  36.441  -61.497  -16.625 0.3000000119
15706  36.785  -58.948  -15.509 0.3000000119
15705  37.739  -58.639  -16.460 0.3000000119
15066  37.775  -59.460  -18.147 0.3000000119
15051  35.656  -59.995  -14.920 0.3000000119
15710  38.565  -58.031  -17.874 0.3000000119
10480  26.202  -66.024  -12.957 0.3000000119
11093  26.384  -65.235  -12.604 0.4000000060
12444  28.566  -63.184  -12.404 0.4000000060
11755  28.316  -64.010  -13.017 0.4000000060
10496  26.706  -66.529  -13.603 0.3000000119
11764  29.111  -64.286  -13.635 0.4000000060
12442  30.037  -62.981  -12.853 0.3000000119
11102  26.825  -65.706  -13.265 0.4000000060
11765  28.498  -64.754  -13.617 0.4000000060
12457  30.788  -64.129  -14.463 0.3000000119
10495  28.051  -66.430  -14.416 0.3000000119
11100  28.306  -65.476  -13.962 0.4000000060
11775  29.864  -64.653  -14.372 0.4000000060
127647  28.789  -66.966  -15.320 0.3000000119
11111  28.958  -66.158  -14.767 0.4000000060
118197  30.514  -65.104  -15.116 0.4000000060
10506  27.354  -67.033  -14.349 0.3000000119
10512  28.882  -67.332  -15.936 0.3000000119
9901  28.293  -67.768  -16.053 0.3000000119
9892  27.372  -68.052  -14.989 0.3000000119
11776  29.064  -65.173  -14.249 0.4000000060
11766  27.831  -64.805  -13.308 0.4000000060
12303  30.989  -63.695  -3.894 0.3000000119
12435  26.299  -63.867  -11.388 0.3000000119
12977  33.996  -62.322  -3.588 0.3000000119
12300  33.387  -63.132  -3.510 0.3000000119
121127  31.827  -63.744  -3.637 0.3000000119
12313  31.068  -63.166  -4.258 0.3000000119
11757  26.654  -64.405  -12.265 0.3000000119
12417  27.104  -62.983  -11.055 0.3000000119
13688  35.217  -61.190  -4.881 0.3000000119
13670  32.831  -61.944  -4.136 0.3000000119
13680  33.633  -61.614  -4.420 0.3000000119
13001  32.174  -62.219  -5.293 0.3000000119
12323  30.767  -63.251  -5.724 0.3000000119
12445  27.183  -63.582  -11.930 0.3000000119
13686  37.545  -61.058  -5.906 0.3000000119
13704  35.211  -61.531  -5.841 0.3000000119
117425  36.935  -61.462  -6.269 0.3000000119
13691  32.805  -61.836  -4.827 0.3000000119
13690  33.517  -61.685  -5.366 0.3000000119
13014  31.593  -62.779  -5.904 0.3000000119
13010  36.697  -61.909  -6.797 0.3000000119
13011  35.837  -61.995  -6.716 0.3000000119
128362  33.406  -62.171  -6.288 0.3000000119
123240  34.200  -62.229  -6.682 0.3000000119
12333  31.044  -63.593  -6.732 0.3000000119
132200  30.558  -63.916  -7.513 0.3000000119
12396  29.952  -62.946  -8.870 0.3000000119
122176  37.614  -61.756  -6.803 0.3000000119
12332  31.971  -63.228  -6.803 0.3000000119
13031  32.876  -62.879  -6.956 0.3000000119
12351  31.448  -63.869  -7.516 0.3000000119
12434  28.014  -62.836  -11.676 0.3000000119
13027  36.391  -62.450  -7.337 0.3000000119
122611  38.050  -62.370  -7.493 0.3000000119
13028  35.524  -62.526  -7.297 0.3000000119
13029  34.632  -62.604  -7.248 0.3000000119
12350  32.354  -63.673  -7.530 0.3000000119
119556  30.558  -63.782  -8.404 0.3000000119
13074  30.001  -62.698  -9.813 0.3000000119
13105  28.718  -62.386  -11.056 0.3000000119
131227  29.299  -62.897  -12.418 0.3000000119
11758  25.812  -64.820  -11.881 0.3000000119
12371  36.609  -63.506  -8.421 0.3000000119
12349  33.282  -63.411  -7.626 0.3000000119
12376  31.116  -64.300  -8.189 0.3000000119
12395  30.533  -63.546  -9.263 0.3000000119
12991  32.158  -62.237  -4.570 0.3000000119
13668  34.178  -61.694  -3.842 0.3000000119
12978  33.001  -62.329  -3.764 0.3000000119
5879  22.601  -74.528  -7.227 0.3000000119
6400  29.925  -73.377  -6.822 0.3000000119
6444  29.320  -73.536  -8.787 0.3000000119
6892  29.466  -72.783  -6.286 0.3000000119
6893  28.869  -72.265  -5.836 0.3000000119
6894  28.124  -72.199  -6.184 0.3000000119
7008  20.053  -72.644  -13.242 0.5000000000
7014  19.583  -72.966  -13.257 0.5000000000
7575  21.140  -71.878  -13.615 0.6000000238
7583  21.871  -71.737  -14.194 0.5000000000
7589  21.773  -71.613  -14.304 0.4000000060
7591  20.360  -71.842  -14.069 0.5000000000
8072  28.873  -70.268  -4.577 0.4000000060
8177  22.385  -71.099  -13.326 0.6000000238
8179  20.867  -71.738  -12.793 0.6000000238
8184  23.339  -71.117  -14.702 0.4000000060
8194  22.726  -71.171  -14.693 0.5000000000
8633  28.379  -69.639  -4.297 0.4000000060
8634  27.416  -69.649  -4.425 0.4000000060
8636  25.914  -69.218  -5.113 0.4000000060
8655  25.658  -69.301  -5.799 0.4000000060
8700  21.186  -69.338  -10.801 0.4000000060
8708  20.878  -70.110  -11.406 0.5000000000
8712  22.752  -70.134  -12.766 0.5000000000
8717  24.689  -70.330  -14.574 0.5000000000
8718  23.922  -70.635  -14.184 0.4000000060
8722  19.353  -70.248  -14.068 0.5000000000
8726  25.394  -69.960  -15.350 0.5000000000
8733  24.803  -70.209  -15.428 0.4000000060
9212  30.719  -68.033  -3.687 0.3000000119
9239  26.945  -68.953  -4.184 0.4000000060
9240  26.351  -68.136  -4.222 0.4000000060
9241  25.631  -68.455  -5.028 0.4000000060
9296  21.513  -68.577  -10.306 0.3000000119
9300  23.382  -68.343  -11.809 0.5000000000
9306  23.056  -69.168  -12.265 0.4000000060
9307  20.848  -68.238  -12.895 0.4000000060
9313  25.018  -69.355  -13.972 0.4000000060
9314  23.677  -69.003  -15.078 0.5000000000
9323  25.993  -69.454  -15.257 0.3000000119
9327  24.319  -69.864  -15.499 0.4000000060
9328  26.460  -68.558  -16.026 0.4000000060
9786  29.564  -67.488  -3.492 0.3000000119
9808  26.268  -67.198  -4.248 0.5000000000
9809  25.438  -66.872  -5.164 0.5000000000
9840  22.041  -66.981  -8.507 0.4000000060
9846  21.597  -67.549  -8.946 0.4000000060
9852  23.200  -67.105  -10.704 0.4000000060
9854  21.826  -67.817  -9.870 0.4000000060
9861  23.631  -67.533  -11.444 0.4000000060
9867  25.394  -67.275  -12.983 0.5000000000
9880  36.248  -66.904  -13.611 0.3000000119
9883  25.247  -68.301  -13.421 0.4000000060
9885  23.082  -67.645  -13.519 0.4000000060
9890  28.163  -67.970  -15.928 0.3000000119
9891  27.733  -68.195  -15.695 0.3000000119
9894  24.326  -67.144  -14.915 0.6999999881
9896  27.618  -68.370  -15.994 0.4000000060
9897  27.147  -68.459  -16.087 0.4000000060
9898  25.567  -68.494  -15.838 0.5000000000
9899  24.677  -68.035  -15.495 0.5000000000
9903  26.748  -67.848  -16.306 0.4000000060
10372  27.442  -66.699  -3.753 0.3000000119
10373  26.781  -66.758  -4.005 0.4000000060
10400  25.322  -66.117  -5.490 0.4000000060
10413  23.286  -66.348  -7.476 0.3000000119
10414  22.743  -66.703  -7.569 0.3000000119
10446  23.439  -66.333  -10.351 0.4000000060
10464  22.477  -66.231  -11.846 0.6000000238
10481  25.572  -66.349  -12.618 0.4000000060
10483  23.489  -66.023  -12.906 0.5000000000
10498  23.748  -66.325  -13.570 0.6000000238
10500  37.073  -66.302  -14.124 0.3000000119
10504  29.514  -66.730  -15.661 0.4000000060
10505  28.116  -67.543  -15.325 0.3000000119
10508  23.998  -66.880  -14.272 0.6999999881
10509  36.746  -65.930  -15.241 0.3000000119
10511  29.753  -66.742  -16.141 0.4000000060
10517  27.103  -67.046  -16.441 0.4000000060
10979  30.690  -65.203  -3.535 0.3000000119
10980  29.895  -65.364  -3.622 0.4000000060
10982  28.669  -65.903  -3.677 0.4000000060
10992  28.298  -65.316  -4.097 0.4000000060
11001  26.459  -65.056  -5.037 0.4000000060
11011  24.706  -65.613  -6.629 0.5000000000
11030  20.929  -65.232  -8.860 0.5000000000
11045  24.138  -65.035  -9.805 0.4000000060
11046  23.531  -65.300  -9.037 0.4000000060
11066  23.719  -65.603  -10.019 0.4000000060
11067  22.419  -65.238  -11.006 0.6000000238
11092  27.091  -64.964  -12.945 0.4000000060
11094  25.804  -65.601  -12.388 0.3000000119
11096  23.173  -65.770  -12.240 0.5000000000
11097  37.298  -66.256  -13.830 0.3000000119
11101  27.548  -65.580  -13.591 0.4000000060
11105  37.088  -65.832  -14.697 0.3000000119
11109  30.627  -65.943  -15.769 0.5000000000
11110  29.874  -65.847  -15.142 0.4000000060
11114  36.713  -65.378  -15.786 0.3000000119
11118  30.271  -66.476  -16.006 0.4000000060
11120  25.224  -65.424  -15.423 0.6999999881
11125  30.845  -65.843  -16.551 0.4000000060
11126  30.199  -66.047  -16.600 0.5000000000
11127  29.421  -66.193  -16.550 0.4000000060
11638  30.242  -64.070  -4.095 0.3000000119
11652  28.282  -64.374  -5.125 0.4000000060
11653  27.496  -64.286  -5.280 0.4000000060
11654  26.688  -64.346  -5.387 0.4000000060
11664  25.457  -64.344  -6.296 0.4000000060
11675  24.470  -64.626  -7.436 0.5000000000
11676  23.883  -64.979  -7.720 0.5000000000
11677  21.004  -64.093  -7.739 0.5000000000
11690  31.491  -64.927  -8.694 0.3000000119
11691  31.033  -64.462  -8.834 0.3000000119
11693  23.856  -64.802  -8.429 0.4000000060
11718  24.543  -64.489  -9.627 0.4000000060
11719  22.485  -64.407  -9.833 0.6000000238
11734  24.682  -64.792  -10.449 0.4000000060
11749  25.156  -64.896  -11.209 0.4000000060
11756  27.463  -64.206  -12.639 0.4000000060
11770  36.816  -64.678  -15.141 0.3000000119
11784  24.790  -64.855  -14.857 0.6999999881
11785  36.602  -64.210  -16.661 0.3000000119
11790  31.664  -65.354  -16.761 0.4000000060
11795  26.905  -65.270  -16.174 0.6000000238
11796  36.267  -63.843  -17.289 0.3000000119
12302  31.628  -63.027  -3.884 0.3000000119
12314  30.480  -63.557  -4.429 0.4000000060
12325  29.268  -64.086  -5.640 0.4000000060
12335  29.438  -63.964  -6.376 0.4000000060
12336  28.216  -63.359  -6.360 0.4000000060
12337  27.546  -63.211  -6.322 0.4000000060
12338  26.728  -63.212  -6.429 0.4000000060
12345  36.937  -62.889  -7.911 0.3000000119
12346  36.054  -62.992  -7.864 0.3000000119
12347  35.147  -63.089  -7.815 0.3000000119
12352  29.163  -62.874  -7.693 0.4000000060
12353  28.817  -63.319  -6.846 0.4000000060
12354  26.137  -62.934  -7.741 0.4000000060
12356  24.682  -64.054  -7.977 0.4000000060
12374  33.675  -63.931  -8.217 0.3000000119
12375  32.719  -64.236  -8.093 0.3000000119
12378  25.766  -63.202  -8.596 0.4000000060
12380  23.145  -63.165  -8.513 0.6000000238
12399  24.890  -64.012  -9.363 0.4000000060
12418  26.784  -62.879  -10.319 0.4000000060
12437  23.813  -64.182  -12.093 0.6000000238
12443  29.191  -63.464  -13.002 0.4000000060
12451  30.642  -63.418  -13.537 0.3000000119
12452  29.931  -63.721  -13.646 0.4000000060
12453  24.468  -63.727  -13.938 0.6999999881
12454  36.743  -64.364  -15.913 0.3000000119
12455  35.862  -63.747  -15.168 0.3000000119
12459  24.683  -63.747  -14.512 0.6999999881
12467  31.512  -64.912  -16.802 0.3000000119
12468  30.705  -64.699  -16.645 0.6000000238
12469  29.775  -64.448  -16.537 0.5000000000
12472  35.759  -63.459  -17.812 0.3000000119
12979  32.220  -62.447  -3.990 0.3000000119
12992  31.537  -62.715  -4.404 0.3000000119
13000  32.848  -61.997  -5.566 0.3000000119
13002  31.440  -62.588  -5.058 0.3000000119
13012  34.939  -62.071  -6.663 0.3000000119
13013  32.464  -62.473  -6.139 0.3000000119
13026  37.226  -62.358  -7.375 0.3000000119
13030  33.766  -62.697  -7.127 0.3000000119
13033  27.669  -62.583  -7.348 0.4000000060
13034  27.013  -62.550  -7.645 0.4000000060
13035  22.603  -62.492  -7.540 0.6000000238
13037  20.889  -62.750  -7.327 0.6000000238
13047  38.415  -62.923  -8.153 0.3000000119
13048  37.655  -62.783  -7.876 0.3000000119
13049  29.359  -62.684  -8.464 0.3000000119
13055  22.769  -63.001  -7.849 0.6000000238
13075  29.159  -62.388  -9.353 0.3000000119
13096  27.550  -62.529  -10.231 0.4000000060
13097  24.297  -62.973  -11.040 0.6999999881
13104  29.520  -62.441  -11.269 0.3000000119
13110  29.743  -62.589  -12.034 0.3000000119
13111  28.973  -62.624  -11.815 0.3000000119
13113  24.593  -63.059  -12.753 0.6000000238
13115  25.050  -62.338  -14.092 0.6999999881
13119  25.865  -61.873  -15.161 0.6999999881
13122  36.651  -62.735  -16.789 0.3000000119
13126  30.381  -62.806  -16.017 0.6000000238
13127  29.508  -62.728  -15.818 0.6000000238
13128  28.214  -62.137  -15.579 0.6000000238
13129  27.423  -62.200  -15.539 0.6000000238
13130  26.530  -62.325  -15.393 0.6000000238
13132  36.744  -62.974  -17.156 0.3000000119
13139  36.639  -62.690  -17.536 0.3000000119
13140  35.205  -62.938  -17.995 0.3000000119
13142  36.501  -62.577  -17.894 0.3000000119
13143  36.060  -62.802  -18.115 0.3000000119
13144  35.681  -62.299  -18.225 0.3000000119
13669  33.467  -61.872  -3.859 0.3000000119
13679  34.587  -61.411  -4.331 0.3000000119
13689  34.364  -61.403  -5.124 0.3000000119
13703  36.169  -61.515  -6.105 0.3000000119
13705  34.247  -61.739  -6.024 0.3000000119
13762  18.956  -61.022  -8.988 0.4000000060
13789  35.192  -61.792  -14.990 0.3000000119
13794  29.389  -61.123  -15.383 0.5000000000
13800  32.528  -61.868  -15.766 0.4000000060
13803  28.401  -60.988  -15.481 0.6000000238
13804  27.423  -60.672  -15.434 0.6000000238
13808  34.020  -61.909  -16.875 0.3000000119
14342  22.418  -60.981  -7.336 0.5000000000
14344  21.039  -61.270  -7.475 0.5000000000
14387  18.932  -60.200  -10.390 0.4000000060
14412  31.186  -60.474  -13.879 0.5000000000
14413  25.984  -60.311  -14.117 0.6999999881
14417  32.476  -60.700  -14.554 0.4000000060
14418  31.617  -60.906  -14.391 0.6000000238
14421  26.117  -60.288  -14.811 0.6000000238
14423  35.892  -60.594  -15.767 0.3000000119
14424  33.404  -60.264  -15.039 0.4000000060
14430  37.430  -60.091  -17.582 0.3000000119
14434  37.505  -60.204  -18.000 0.3000000119
14437  34.862  -60.299  -17.710 0.4000000060
14438  37.393  -59.957  -18.238 0.3000000119
14440  35.289  -60.643  -18.215 0.3000000119
14982  25.423  -59.347  -7.755 0.6000000238
14997  25.700  -59.748  -8.053 0.6000000238
15007  27.264  -58.946  -9.550 0.6000000238
15008  26.796  -59.357  -9.067 0.6000000238
15038  26.592  -59.523  -12.750 0.4000000060
15045  32.140  -59.526  -13.579 0.5000000000
15047  30.480  -60.133  -13.888 0.5000000000
15050  36.076  -59.234  -14.829 0.3000000119
15055  37.063  -59.443  -16.542 0.3000000119
15057  34.599  -59.263  -16.737 0.4000000060
15058  34.312  -59.051  -15.919 0.4000000060
15064  35.439  -59.183  -18.171 0.3000000119
15068  36.215  -59.196  -18.489 0.3000000119
15642  24.510  -58.552  -7.553 0.6999999881
15650  23.207  -58.134  -7.823 0.6999999881
15670  27.436  -58.423  -11.739 0.6000000238
15693  26.628  -58.871  -14.175 0.4000000060
15698  33.561  -58.102  -14.319 0.4000000060
15700  28.918  -58.775  -14.916 0.5000000000
15702  26.695  -58.168  -15.015 0.4000000060
15709  27.415  -58.099  -15.657 0.4000000060
15711  38.195  -58.652  -17.683 0.3000000119
15712  35.266  -58.270  -16.990 0.4000000060
15714  38.088  -58.686  -18.097 0.3000000119
15717  37.624  -58.902  -18.381 0.3000000119
15718  36.699  -58.548  -18.470 0.3000000119
16366  26.531  -57.592  -8.142 0.6000000238
16374  22.194  -57.015  -9.291 0.6000000238
16394  27.148  -57.357  -13.350 0.5000000000
16395  20.126  -57.744  -12.797 0.4000000060
16408  32.425  -57.314  -13.248 0.5000000000
16409  31.513  -57.136  -12.851 0.5000000000
16411  29.405  -57.406  -13.902 0.6000000238
16425  28.769  -57.121  -14.812 0.5000000000
16426  28.125  -57.273  -15.675 0.5000000000
16437  27.490  -57.153  -15.793 0.5000000000
16449  35.972  -57.925  -17.935 0.3000000119
16450  37.542  -58.251  -18.357 0.3000000119
17174  25.565  -56.550  -8.022 0.6000000238
17177  23.197  -56.442  -8.663 0.6999999881
17187  21.561  -56.756  -10.711 0.5000000000
17203  30.679  -56.941  -12.880 0.5000000000
17228  34.251  -57.274  -14.614 0.4000000060
17238  34.842  -57.312  -15.216 0.4000000060
17248  35.997  -57.171  -16.466 0.4000000060
17250  37.274  -57.162  -17.528 0.3000000119
17965  24.398  -55.778  -8.329 0.6999999881
18042  35.872  -56.019  -15.258 0.4000000060
18051  37.181  -56.220  -16.309 0.3000000119
18752  24.522  -54.447  -8.553 0.6999999881
18759  23.279  -54.423  -9.571 0.8000000119
18796  28.300  -54.551  -12.838 0.4000000060
18830  36.917  -54.912  -15.203 0.4000000060
19517  27.221  -54.063  -8.908 0.6999999881
19520  24.834  -53.653  -8.548 0.6999999881
19526  28.074  -53.664  -9.902 0.6000000238
19529  23.019  -54.046  -10.137 0.6000000238
19608  38.043  -53.872  -15.020 0.3000000119
21017  26.126  -51.960  -8.697 0.5000000000
21056  22.508  -52.078  -12.528 0.4000000060
115454  24.536  -65.126  -14.445 0.6999999881
115892  36.122  -66.568  -14.432 0.3000000119
116203  28.755  -63.908  -6.128 0.4000000060
117245  36.713  -61.409  -18.223 0.3000000119
117501  26.383  -63.343  -10.670 0.3000000119
118524  28.217  -54.811  -10.298 0.6000000238
119188  37.121  -65.357  -15.366 0.3000000119
119317  29.090  -66.706  -3.474 0.3000000119
119666  35.848  -61.242  -5.376 0.3000000119
121221  35.640  -61.394  -15.655 0.3000000119
121321  28.109  -67.224  -16.374 0.4000000060
121564  36.690  -59.919  -18.468 0.3000000119
122342  25.645  -53.960  -8.394 0.6999999881
122939  26.763  -59.672  -11.823 0.5000000000
123152  24.482  -59.859  -7.522 0.6000000238
123300  26.593  -58.995  -8.477 0.6000000238
124531  22.596  -57.826  -8.279 0.6999999881
124940  27.530  -62.396  -8.649 0.4000000060
125544  27.862  -63.518  -12.363 0.3000000119
125830  22.044  -62.472  -7.387 0.6999999881
126902  24.417  -61.811  -8.636 0.6000000238
126996  27.765  -65.502  -16.431 0.6000000238
127388  23.070  -61.375  -7.422 0.6000000238
127648  27.757  -53.154  -9.381 0.5000000000
127741  35.046  -62.008  -18.059 0.3000000119
128023  24.418  -63.747  -13.158 0.6000000238
128717  29.476  -70.787  -4.844 0.3000000119
129189  33.592  -60.766  -15.738 0.4000000060
129808  27.907  -54.849  -13.886 0.4000000060
129858  26.968  -56.000  -15.464 0.5000000000
129862  25.616  -64.349  -11.155 0.4000000060
129875  27.691  -63.674  -15.850 0.6000000238
130597  28.041  -55.874  -15.773 0.5000000000
130867  27.290  -66.234  -13.794 0.3000000119
131420  25.865  -60.150  -8.590 0.5000000000
132928  30.605  -64.371  -3.758 0.3000000119
132995  22.910  -71.251  -14.693 0.4000000060
133239  26.148  -54.603  -8.392 0.6999999881
133347  35.889  -59.727  -18.469 0.3000000119
133602  34.567  -61.691  -17.596 0.3000000119
133962  20.270  -62.988  -7.309 0.5000000000
134233  25.830  -66.869  -4.643 0.5000000000
134320  29.876  -63.930  -4.535 0.4000000060
135154  36.779  -57.960  -18.292 0.3000000119
135705  34.991  -58.205  -16.387 0.4000000060
136551  19.579  -65.443  -8.298 0.4000000060
136776  24.322  -65.865  -7.069 0.5000000000
136840  21.999  -58.812  -8.016 0.6999999881
136971  37.335  -60.644  -17.836 0.3000000119
137020  26.883  -63.695  -15.628 0.6000000238
137064  28.786  -62.642  -15.713 0.5000000000
137668  27.232  -62.458  -8.173 0.4000000060
