#!ascii label  , from subject sub-v2s15x29756_ses-1 vox2ras=TkReg
1494
82309  -38.993  17.007  5.826 0.0000000000
78840  -51.409  12.458  -10.110 0.0000000000
87516  -44.370  25.281  7.111 0.0000000000
80783  -49.131  14.698  1.560 0.0000000000
82940  -47.196  17.896  11.221 0.0000000000
83697  -43.029  18.595  -2.528 0.0000000000
116098  -52.916  23.956  -4.608 0.0000000000
86965  -44.243  24.923  0.965 0.0000000000
82884  -42.159  19.003  17.260 0.0000000000
79392  -43.108  11.951  4.132 0.0000000000
111408  -45.880  14.623  -1.142 0.0000000000
111298  -42.063  16.892  2.454 0.0000000000
88530  -48.657  27.656  9.662 0.0000000000
85880  -49.441  22.518  2.863 0.0000000000
87545  -52.526  25.569  3.335 0.0000000000
87009  -48.414  24.527  -1.248 0.0000000000
88590  -47.432  27.739  4.335 0.0000000000
80201  -47.322  14.204  -11.816 0.0000000000
85308  -35.808  21.239  8.050 0.0000000000
115157  -41.084  21.978  5.067 0.0000000000
83656  -55.132  18.396  2.377 0.0000000000
80030  -48.804  13.635  6.903 0.0000000000
80008  -42.228  13.449  9.219 0.0000000000
82914  -40.872  18.192  12.880 0.0000000000
80149  -48.556  13.553  -6.721 0.0000000000
124434  -46.663  16.789  -8.237 0.0000000000
84783  -45.289  20.601  2.009 0.0000000000
114759  -46.065  22.553  -3.906 0.0000000000
84851  -47.645  19.626  -8.294 0.0000000000
86493  -44.946  23.653  -7.770 0.0000000000
87050  -42.687  24.487  -4.568 0.0000000000
80755  -40.533  14.620  5.124 0.0000000000
80771  -42.045  14.394  2.383 0.0000000000
83012  -41.111  16.980  4.562 0.0000000000
89656  -50.000  29.243  9.026 0.0000000000
88047  -51.685  26.772  6.897 0.0000000000
88557  -51.041  28.132  6.758 0.0000000000
88078  -49.509  26.372  4.172 0.0000000000
79519  -49.651  13.282  -11.204 0.0000000000
85289  -34.951  21.915  10.493 0.0000000000
85845  -37.071  22.798  9.654 0.0000000000
81529  -48.655  15.213  8.873 0.0000000000
80019  -45.325  13.130  8.597 0.0000000000
81502  -44.423  15.369  10.630 0.0000000000
84124  -40.642  20.981  16.262 0.0000000000
81476  -34.951  15.481  11.308 0.0000000000
109718  -33.252  16.708  9.458 0.0000000000
81492  -31.878  15.551  10.898 0.0000000000
81630  -50.077  16.067  -1.661 0.0000000000
124729  -43.688  15.605  -2.242 0.0000000000
80844  -46.920  14.717  -3.708 0.0000000000
80856  -45.675  14.805  -4.633 0.0000000000
81701  -46.526  14.833  -7.314 0.0000000000
83093  -44.575  17.633  -5.188 0.0000000000
86394  -42.245  23.275  5.558 0.0000000000
84770  -43.809  20.118  4.578 0.0000000000
85324  -45.607  22.037  5.246 0.0000000000
105132  -51.463  23.284  -0.616 0.0000000000
85904  -48.572  22.812  -0.377 0.0000000000
107553  -49.519  23.431  -4.512 0.0000000000
85389  -47.881  21.475  -6.734 0.0000000000
85966  -49.444  22.646  -7.930 0.0000000000
116139  -46.140  21.858  -8.467 0.0000000000
114758  -48.838  24.470  -7.355 0.0000000000
86977  -45.782  24.333  0.145 0.0000000000
105648  -45.638  24.452  -3.244 0.0000000000
105656  -43.691  24.507  -1.814 0.0000000000
105652  -41.856  24.519  -3.054 0.0000000000
86990  -42.683  24.753  -0.318 0.0000000000
79411  -46.764  12.796  2.673 0.0000000000
80814  -47.448  14.489  -0.104 0.0000000000
80078  -43.853  13.200  1.285 0.0000000000
80809  -42.780  14.894  -0.119 0.0000000000
83057  -42.198  17.683  -0.186 0.0000000000
88027  -46.123  26.400  8.424 0.0000000000
86399  -47.552  23.188  5.235 0.0000000000
86939  -49.441  25.023  6.070 0.0000000000
86958  -52.322  24.767  3.623 0.0000000000
87577  -53.654  24.994  -0.260 0.0000000000
105871  -50.213  24.545  -3.173 0.0000000000
87574  -50.485  25.235  0.740 0.0000000000
87564  -48.152  25.123  2.024 0.0000000000
88086  -46.337  26.176  2.874 0.0000000000
80943  -44.449  14.286  -11.802 0.0000000000
84217  -37.247  19.268  6.111 0.0000000000
84222  -39.704  18.999  5.022 0.0000000000
85316  -38.082  21.256  5.667 0.0000000000
86380  -39.495  23.478  6.874 0.0000000000
86905  -41.670  24.765  9.107 0.0000000000
121020  -40.193  25.111  11.009 0.0000000000
87476  -43.214  25.382  10.494 0.0000000000
82333  -51.684  16.185  2.429 0.0000000000
82311  -51.955  15.910  4.613 0.0000000000
80066  -49.150  13.855  3.833 0.0000000000
79383  -45.713  11.923  5.781 0.0000000000
79371  -42.841  11.965  6.840 0.0000000000
106436  -47.511  20.082  13.353 0.0000000000
83506  -45.503  18.671  17.455 0.0000000000
117719  -43.962  20.326  15.475 0.0000000000
82925  -43.906  17.867  12.209 0.0000000000
82261  -41.313  16.106  10.958 0.0000000000
82295  -37.351  16.782  7.471 0.0000000000
80916  -53.449  14.708  -9.713 0.0000000000
105216  -49.168  15.473  -2.997 0.0000000000
80888  -49.914  13.945  -6.029 0.0000000000
80171  -50.828  13.924  -9.715 0.0000000000
80926  -48.885  14.804  -10.697 0.0000000000
81725  -47.182  16.175  -10.115 0.0000000000
82442  -46.540  16.641  -9.394 0.0000000000
83642  -42.553  18.465  4.275 0.0000000000
83661  -43.373  18.839  2.547 0.0000000000
84794  -43.497  20.686  -0.501 0.0000000000
85336  -47.891  21.647  2.812 0.0000000000
85889  -45.988  22.238  -0.116 0.0000000000
85367  -43.826  20.969  -2.975 0.0000000000
84834  -45.178  19.775  -5.576 0.0000000000
83717  -47.136  18.193  -8.118 0.0000000000
82434  -45.894  17.401  -8.982 0.0000000000
105635  -47.120  24.570  -5.480 0.0000000000
87076  -43.710  24.517  -6.119 0.0000000000
85953  -40.951  22.761  -6.938 0.0000000000
109964  -40.327  23.682  -6.013 0.0000000000
86466  -38.950  23.871  -5.277 0.0000000000
82310  -39.662  15.897  5.589 0.0000000000
81556  -40.797  15.434  4.651 0.0000000000
82318  -40.448  16.267  5.008 0.0000000000
88532  -51.207  28.243  8.220 0.0000000000
89098  -50.040  28.592  6.312 0.0000000000
78847  -50.336  12.349  -10.458 0.0000000000
82266  -48.063  16.850  10.090 0.0000000000
81520  -46.540  15.305  9.785 0.0000000000
82264  -46.393  16.534  10.576 0.0000000000
81459  -34.511  15.468  12.063 0.0000000000
81474  -33.220  15.372  11.318 0.0000000000
119250  -50.660  15.986  0.409 0.0000000000
81613  -49.493  15.501  -0.322 0.0000000000
82377  -43.340  16.850  -2.607 0.0000000000
120946  -44.871  15.340  -3.196 0.0000000000
82387  -43.825  16.824  -3.597 0.0000000000
81673  -44.743  15.888  -4.818 0.0000000000
83086  -43.907  17.933  -4.130 0.0000000000
86385  -43.906  23.972  6.111 0.0000000000
85866  -43.993  22.488  5.468 0.0000000000
86386  -44.937  23.773  6.023 0.0000000000
86448  -52.279  23.543  -2.923 0.0000000000
86447  -51.160  23.426  -2.388 0.0000000000
122004  -51.463  23.485  -4.730 0.0000000000
86483  -49.743  23.127  -6.705 0.0000000000
86485  -51.377  23.847  -6.958 0.0000000000
87096  -50.020  24.074  -8.455 0.0000000000
87070  -51.050  24.365  -6.379 0.0000000000
127065  -45.429  24.643  0.620 0.0000000000
105660  -44.828  24.423  -1.117 0.0000000000
86991  -44.518  24.522  -0.343 0.0000000000
87007  -43.227  24.491  -1.010 0.0000000000
86973  -43.134  24.880  0.309 0.0000000000
79401  -44.360  12.113  3.225 0.0000000000
79415  -45.256  12.716  1.850 0.0000000000
79408  -43.813  12.545  2.451 0.0000000000
81572  -41.846  15.381  2.173 0.0000000000
80781  -42.561  14.339  1.066 0.0000000000
81582  -42.119  15.281  1.159 0.0000000000
108759  -42.160  16.099  -0.047 0.0000000000
83043  -42.113  17.332  0.643 0.0000000000
88016  -47.460  26.775  8.845 0.0000000000
87519  -47.821  25.387  6.641 0.0000000000
88030  -48.881  26.642  8.004 0.0000000000
87532  -52.378  26.004  5.386 0.0000000000
86950  -51.915  25.366  5.073 0.0000000000
86959  -52.692  25.206  3.221 0.0000000000
86971  -53.374  24.778  1.433 0.0000000000
87568  -53.147  25.203  1.580 0.0000000000
87589  -52.072  25.311  -0.280 0.0000000000
87555  -51.835  25.526  2.342 0.0000000000
88077  -48.309  26.400  3.896 0.0000000000
117109  -49.148  25.491  2.891 0.0000000000
87541  -47.902  25.842  3.295 0.0000000000
87550  -46.748  25.488  2.481 0.0000000000
88075  -46.713  26.680  3.412 0.0000000000
80200  -46.295  14.247  -11.964 0.0000000000
84757  -36.509  20.445  6.487 0.0000000000
84760  -37.627  20.655  5.784 0.0000000000
85312  -36.699  21.258  6.719 0.0000000000
86370  -37.778  23.193  9.678 0.0000000000
85855  -38.165  22.891  7.595 0.0000000000
86372  -39.261  23.603  8.074 0.0000000000
86930  -40.602  24.204  7.456 0.0000000000
113768  -40.130  24.024  10.211 0.0000000000
117420  -39.418  26.324  9.280 0.0000000000
87464  -41.500  25.224  11.247 0.0000000000
87995  -42.451  25.993  11.875 0.0000000000
88004  -44.820  26.145  11.496 0.0000000000
88508  -43.561  27.214  11.516 0.0000000000
83044  -53.874  17.700  0.782 0.0000000000
83027  -53.643  17.534  2.518 0.0000000000
81544  -52.251  16.053  6.052 0.0000000000
80750  -50.429  14.551  5.573 0.0000000000
111619  -50.623  14.984  4.142 0.0000000000
80048  -49.645  13.980  5.354 0.0000000000
80046  -47.785  12.868  5.050 0.0000000000
79375  -47.598  12.945  6.614 0.0000000000
80017  -43.536  12.897  8.774 0.0000000000
79361  -44.413  12.234  7.604 0.0000000000
79351  -42.213  12.664  8.090 0.0000000000
110749  -43.175  18.730  17.275 0.0000000000
84136  -42.209  20.316  15.444 0.0000000000
83535  -42.201  18.909  13.631 0.0000000000
83537  -44.136  18.998  13.436 0.0000000000
83546  -42.642  18.435  12.910 0.0000000000
82233  -42.884  16.699  11.503 0.0000000000
119260  -41.004  17.223  11.861 0.0000000000
82988  -36.292  17.720  7.313 0.0000000000
82978  -35.290  17.178  8.280 0.0000000000
81720  -54.816  15.248  -8.512 0.0000000000
80813  -46.590  14.437  -0.523 0.0000000000
80828  -47.454  14.791  -0.869 0.0000000000
80827  -46.724  14.800  -1.391 0.0000000000
106123  -47.809  14.025  -5.055 0.0000000000
80859  -48.338  14.478  -4.369 0.0000000000
80140  -49.091  13.775  -5.980 0.0000000000
80161  -50.957  13.829  -8.481 0.0000000000
106558  -49.847  13.487  -8.322 0.0000000000
80170  -49.663  13.872  -9.926 0.0000000000
80169  -48.857  13.689  -8.487 0.0000000000
81700  -46.285  15.712  -7.446 0.0000000000
80912  -47.244  15.328  -8.875 0.0000000000
126359  -46.728  16.626  -8.543 0.0000000000
82443  -46.861  16.423  -9.746 0.0000000000
82435  -46.733  17.222  -8.936 0.0000000000
84763  -40.332  20.748  4.870 0.0000000000
84224  -40.737  18.894  4.716 0.0000000000
84768  -42.045  20.069  4.603 0.0000000000
84774  -45.088  19.951  3.690 0.0000000000
84235  -44.054  19.143  3.314 0.0000000000
84241  -44.606  20.105  2.246 0.0000000000
84244  -43.225  19.622  0.841 0.0000000000
108236  -44.243  20.558  0.917 0.0000000000
86403  -48.877  23.164  4.595 0.0000000000
85330  -47.852  21.858  4.096 0.0000000000
85337  -48.652  22.102  2.916 0.0000000000
115755  -47.503  22.952  -1.809 0.0000000000
85903  -47.469  22.560  -0.770 0.0000000000
85912  -46.160  22.608  -1.560 0.0000000000
85910  -44.925  22.083  -1.532 0.0000000000
85928  -44.976  21.968  -3.119 0.0000000000
85380  -44.788  20.943  -4.262 0.0000000000
85381  -45.487  21.350  -4.731 0.0000000000
84844  -47.850  19.650  -7.979 0.0000000000
84843  -47.260  19.280  -7.647 0.0000000000
84299  -47.440  19.179  -8.341 0.0000000000
106990  -47.091  18.199  -8.764 0.0000000000
83725  -46.501  18.160  -8.932 0.0000000000
118623  -45.238  18.085  -8.457 0.0000000000
106198  -46.266  19.359  -8.653 0.0000000000
121067  -45.491  22.841  -8.300 0.0000000000
85400  -44.915  21.076  -8.444 0.0000000000
109115  -49.771  24.564  -2.406 0.0000000000
127209  -49.034  24.515  -4.037 0.0000000000
87026  -48.063  24.448  -2.979 0.0000000000
105644  -44.077  24.590  -3.785 0.0000000000
105886  -45.289  24.523  -4.899 0.0000000000
87063  -43.847  24.583  -5.255 0.0000000000
86491  -42.395  23.898  -7.042 0.0000000000
87074  -41.955  24.239  -6.175 0.0000000000
119946  -40.781  23.413  -6.483 0.0000000000
87061  -41.465  24.352  -5.469 0.0000000000
123117  -40.769  24.659  -2.685 0.0000000000
105888  -40.455  24.675  -3.509 0.0000000000
106217  -39.570  24.899  -3.439 0.0000000000
112349  -39.008  24.699  -4.388 0.0000000000
79390  -41.683  12.806  4.688 0.0000000000
80063  -42.323  13.225  3.138 0.0000000000
80764  -41.452  14.585  3.768 0.0000000000
81565  -41.557  15.280  3.387 0.0000000000
82326  -41.871  16.572  3.288 0.0000000000
88031  -50.145  27.066  7.981 0.0000000000
88543  -50.992  27.709  8.343 0.0000000000
88559  -51.895  27.100  6.672 0.0000000000
88068  -51.830  26.421  4.857 0.0000000000
88079  -50.942  26.176  4.084 0.0000000000
111332  -50.662  26.597  4.758 0.0000000000
88591  -49.059  27.628  5.135 0.0000000000
79517  -48.189  13.659  -11.497 0.0000000000
85303  -35.624  21.491  9.172 0.0000000000
85297  -36.169  21.848  8.816 0.0000000000
85834  -36.106  22.539  10.066 0.0000000000
80729  -49.010  14.556  8.105 0.0000000000
80028  -47.418  13.215  7.469 0.0000000000
80726  -46.641  13.998  8.853 0.0000000000
80719  -45.298  14.252  9.617 0.0000000000
80717  -43.517  13.999  9.823 0.0000000000
117240  -41.268  20.772  17.540 0.0000000000
83521  -39.246  18.826  14.429 0.0000000000
81516  -35.927  15.907  9.832 0.0000000000
82274  -34.723  16.203  9.394 0.0000000000
81514  -34.207  15.818  9.832 0.0000000000
82255  -32.931  15.844  10.239 0.0000000000
81625  -44.291  15.119  -1.848 0.0000000000
111008  -45.987  14.991  -2.555 0.0000000000
81657  -45.581  15.080  -3.165 0.0000000000
80843  -46.003  14.809  -3.818 0.0000000000
80871  -46.392  14.298  -5.534 0.0000000000
80887  -47.113  14.192  -7.370 0.0000000000
80870  -45.666  14.923  -5.545 0.0000000000
111894  -45.770  15.386  -6.379 0.0000000000
83099  -45.353  17.197  -6.184 0.0000000000
85864  -41.655  22.552  5.223 0.0000000000
84765  -42.377  20.895  4.752 0.0000000000
108677  -43.445  21.785  5.165 0.0000000000
85327  -44.944  20.917  4.746 0.0000000000
84773  -46.079  20.656  3.987 0.0000000000
85886  -50.401  22.806  1.543 0.0000000000
85892  -49.650  22.656  1.059 0.0000000000
85905  -50.452  23.027  -0.822 0.0000000000
86436  -49.242  23.158  -1.985 0.0000000000
85931  -47.685  23.000  -3.707 0.0000000000
85939  -46.485  22.316  -4.628 0.0000000000
85949  -48.691  22.861  -5.752 0.0000000000
122634  -48.477  21.820  -7.112 0.0000000000
85402  -48.427  21.209  -8.051 0.0000000000
84855  -46.999  20.152  -8.584 0.0000000000
85408  -48.281  21.703  -8.247 0.0000000000
122732  -47.769  23.450  -8.305 0.0000000000
109426  -47.251  24.506  -7.301 0.0000000000
86994  -47.144  24.420  -0.566 0.0000000000
124748  -46.859  24.458  -2.100 0.0000000000
119854  -46.170  24.474  -1.672 0.0000000000
105654  -45.236  24.450  -2.098 0.0000000000
105650  -43.725  24.417  -2.831 0.0000000000
87039  -42.272  24.439  -3.798 0.0000000000
105651  -42.753  24.601  -2.850 0.0000000000
87006  -42.048  24.680  -1.620 0.0000000000
87005  -41.304  24.766  -1.371 0.0000000000
80072  -47.475  13.390  2.256 0.0000000000
80799  -48.095  14.537  0.417 0.0000000000
80081  -46.542  13.388  1.377 0.0000000000
80094  -45.358  13.539  0.586 0.0000000000
80796  -44.966  14.003  -0.133 0.0000000000
80070  -43.181  13.103  1.891 0.0000000000
112501  -43.634  13.678  0.665 0.0000000000
80811  -44.284  14.426  -0.631 0.0000000000
81611  -43.114  15.189  -0.792 0.0000000000
82366  -42.658  16.574  -1.383 0.0000000000
117107  -42.622  18.269  -1.718 0.0000000000
110568  -45.192  25.576  7.346 0.0000000000
86935  -45.464  24.398  6.377 0.0000000000
87518  -46.797  25.284  6.694 0.0000000000
86946  -47.984  23.964  5.803 0.0000000000
86404  -49.630  23.468  4.451 0.0000000000
87530  -50.556  25.361  5.964 0.0000000000
86953  -51.151  24.555  4.674 0.0000000000
86412  -50.857  23.288  2.753 0.0000000000
86417  -51.965  23.599  1.680 0.0000000000
86431  -53.284  23.846  -0.761 0.0000000000
115517  -53.343  24.179  -2.440 0.0000000000
126346  -51.558  24.468  -3.874 0.0000000000
87012  -51.716  24.918  -1.825 0.0000000000
87011  -50.413  24.733  -1.596 0.0000000000
117689  -49.228  24.639  -0.820 0.0000000000
87553  -49.931  25.479  2.590 0.0000000000
86970  -48.814  25.039  1.389 0.0000000000
86995  -48.506  24.591  -0.311 0.0000000000
86968  -46.961  24.624  1.136 0.0000000000
87562  -46.366  25.006  1.813 0.0000000000
87548  -45.030  25.780  2.110 0.0000000000
83625  -38.062  18.103  5.924 0.0000000000
83634  -39.258  18.352  5.286 0.0000000000
84220  -38.492  19.405  5.473 0.0000000000
84761  -38.480  20.421  5.437 0.0000000000
111560  -39.778  21.488  5.107 0.0000000000
120990  -37.779  22.332  6.866 0.0000000000
85862  -38.926  22.387  5.768 0.0000000000
86392  -40.356  23.237  5.653 0.0000000000
86382  -40.914  23.815  6.294 0.0000000000
86932  -42.131  24.518  6.764 0.0000000000
86920  -42.815  25.011  7.199 0.0000000000
118628  -39.652  24.191  10.675 0.0000000000
86892  -40.830  24.387  10.296 0.0000000000
87485  -42.412  25.101  9.911 0.0000000000
87499  -44.328  25.844  8.163 0.0000000000
87487  -44.819  26.168  8.969 0.0000000000
88005  -45.897  26.523  10.856 0.0000000000
121454  -47.541  27.408  11.042 0.0000000000
126448  -52.163  16.782  0.516 0.0000000000
81584  -50.366  15.449  1.676 0.0000000000
82313  -53.324  17.055  5.300 0.0000000000
83022  -53.594  17.436  3.370 0.0000000000
82327  -52.236  16.386  3.243 0.0000000000
81567  -50.692  15.281  3.326 0.0000000000
80773  -49.375  14.535  2.482 0.0000000000
80064  -47.591  13.207  3.137 0.0000000000
79394  -46.549  12.304  4.332 0.0000000000
78722  -44.325  11.525  4.922 0.0000000000
110561  -46.208  12.458  7.133 0.0000000000
123285  -44.227  11.719  6.520 0.0000000000
126806  -42.527  11.846  5.594 0.0000000000
79381  -41.524  12.590  5.530 0.0000000000
82889  -47.024  18.407  17.323 0.0000000000
84115  -43.253  20.525  17.063 0.0000000000
84116  -45.363  19.786  17.023 0.0000000000
84710  -46.313  20.373  15.856 0.0000000000
84145  -45.411  19.866  14.346 0.0000000000
83538  -45.145  19.116  13.284 0.0000000000
82938  -45.623  17.747  11.669 0.0000000000
118624  -44.540  16.651  11.307 0.0000000000
81500  -42.663  15.332  10.761 0.0000000000
80701  -42.173  14.647  10.307 0.0000000000
82302  -38.617  16.356  6.386 0.0000000000
82995  -36.830  18.012  6.674 0.0000000000
83622  -35.935  19.071  6.770 0.0000000000
84211  -35.319  19.303  7.329 0.0000000000
84750  -34.658  20.160  8.574 0.0000000000
79471  -53.936  13.204  -7.581 0.0000000000
79492  -53.664  13.237  -9.177 0.0000000000
79500  -52.704  13.604  -10.196 0.0000000000
81612  -48.756  15.242  -0.611 0.0000000000
81644  -49.573  15.768  -2.282 0.0000000000
81659  -47.347  15.116  -3.022 0.0000000000
80860  -49.394  14.665  -4.412 0.0000000000
81689  -51.294  15.075  -5.332 0.0000000000
80890  -51.774  14.471  -7.149 0.0000000000
80928  -52.594  14.440  -10.173 0.0000000000
79513  -51.855  13.440  -10.534 0.0000000000
120665  -51.040  13.861  -11.374 0.0000000000
80937  -49.469  14.278  -11.420 0.0000000000
80947  -48.666  14.808  -11.706 0.0000000000
80913  -47.752  14.818  -9.135 0.0000000000
80925  -48.111  15.278  -10.169 0.0000000000
81740  -47.591  15.371  -11.655 0.0000000000
81733  -46.078  15.466  -11.199 0.0000000000
111607  -45.268  15.462  -10.618 0.0000000000
81723  -44.912  15.666  -9.887 0.0000000000
83640  -40.928  17.838  4.692 0.0000000000
109849  -41.639  17.493  4.374 0.0000000000
83020  -42.281  17.341  3.337 0.0000000000
84227  -43.557  19.432  4.340 0.0000000000
83655  -43.461  18.647  3.599 0.0000000000
123043  -42.742  18.284  2.162 0.0000000000
83670  -42.357  18.281  0.512 0.0000000000
84253  -42.646  19.355  -0.579 0.0000000000
83696  -42.688  19.096  -1.825 0.0000000000
107781  -46.145  22.687  5.336 0.0000000000
85329  -46.606  21.132  4.164 0.0000000000
85334  -46.304  21.034  2.392 0.0000000000
85884  -48.058  22.259  1.260 0.0000000000
85348  -46.337  21.842  0.777 0.0000000000
85340  -45.805  21.271  1.536 0.0000000000
84795  -44.109  21.295  -0.485 0.0000000000
84803  -43.247  20.692  -1.528 0.0000000000
84277  -43.277  19.350  -2.987 0.0000000000
83709  -43.857  18.834  -4.146 0.0000000000
83716  -45.551  18.137  -6.346 0.0000000000
85387  -46.119  20.852  -5.728 0.0000000000
84293  -46.032  18.963  -6.642 0.0000000000
121735  -46.715  17.569  -7.726 0.0000000000
83110  -46.969  17.712  -9.130 0.0000000000
82441  -45.829  16.818  -9.136 0.0000000000
125030  -45.209  19.591  -8.378 0.0000000000
106074  -50.234  24.514  -5.500 0.0000000000
120471  -47.772  24.573  -6.162 0.0000000000
87079  -46.369  24.635  -6.986 0.0000000000
105647  -46.553  24.502  -3.501 0.0000000000
87065  -45.439  24.604  -5.807 0.0000000000
87088  -44.816  24.368  -7.159 0.0000000000
124604  -42.643  23.196  -7.504 0.0000000000
85954  -41.824  22.797  -7.395 0.0000000000
84839  -40.721  21.210  -6.620 0.0000000000
124494  -41.133  24.490  -4.847 0.0000000000
87059  -39.886  24.107  -5.427 0.0000000000
88084  -44.662  26.542  2.283 0.0000000000
88089  -43.528  26.129  1.522 0.0000000000
87572  -42.512  25.295  0.500 0.0000000000
87571  -41.675  25.676  0.375 0.0000000000
87585  -40.494  25.539  -0.420 0.0000000000
123596  -39.159  16.293  5.841 0.0000000000
113754  -39.667  16.709  5.451 0.0000000000
78839  -50.734  12.220  -10.217 0.0000000000
82958  -48.421  17.741  10.539 0.0000000000
82957  -47.599  17.446  10.668 0.0000000000
114698  -47.211  16.712  10.389 0.0000000000
82956  -46.745  17.264  10.839 0.0000000000
81448  -34.877  15.843  13.071 0.0000000000
81583  -49.801  15.178  1.390 0.0000000000
124888  -50.035  15.620  0.267 0.0000000000
81599  -49.446  15.205  0.680 0.0000000000
83076  -42.930  17.605  -2.259 0.0000000000
83077  -43.417  17.750  -3.081 0.0000000000
86933  -43.670  24.868  6.752 0.0000000000
86934  -44.565  24.555  6.499 0.0000000000
86459  -52.708  23.713  -3.864 0.0000000000
86468  -52.247  23.663  -4.648 0.0000000000
86477  -51.705  23.698  -6.159 0.0000000000
86478  -52.338  23.891  -5.905 0.0000000000
87083  -51.474  24.128  -6.935 0.0000000000
87071  -52.086  23.979  -6.153 0.0000000000
86966  -44.966  24.740  0.955 0.0000000000
86976  -45.022  24.514  0.235 0.0000000000
86975  -44.326  24.639  0.404 0.0000000000
108030  -43.648  24.620  -0.171 0.0000000000
86974  -43.695  24.877  0.622 0.0000000000
79400  -43.481  12.255  3.340 0.0000000000
82332  -41.852  16.306  2.611 0.0000000000
82338  -41.879  16.200  1.761 0.0000000000
82347  -41.979  16.311  0.728 0.0000000000
83032  -42.080  17.037  1.559 0.0000000000
88017  -48.253  27.056  8.812 0.0000000000
88029  -47.823  26.490  7.982 0.0000000000
88069  -52.488  25.867  4.670 0.0000000000
87538  -52.689  25.862  4.232 0.0000000000
87546  -52.591  25.726  3.801 0.0000000000
87556  -52.868  25.128  2.664 0.0000000000
124702  -52.708  25.376  2.322 0.0000000000
87567  -52.300  25.459  1.537 0.0000000000
88065  -47.809  27.064  4.201 0.0000000000
88076  -47.466  26.507  3.646 0.0000000000
88600  -47.075  27.207  3.895 0.0000000000
80190  -47.293  13.188  -11.212 0.0000000000
80189  -46.241  13.611  -11.502 0.0000000000
84754  -36.079  20.882  7.139 0.0000000000
86358  -38.381  23.517  10.062 0.0000000000
86371  -38.469  23.318  8.661 0.0000000000
86359  -39.024  23.613  9.606 0.0000000000
86903  -39.863  23.931  8.901 0.0000000000
117472  -39.477  23.822  10.266 0.0000000000
88496  -43.257  26.357  12.060 0.0000000000
83662  -55.012  18.336  1.726 0.0000000000
83028  -54.390  17.999  2.100 0.0000000000
80039  -49.228  13.645  6.287 0.0000000000
80047  -48.692  13.348  5.466 0.0000000000
80038  -48.424  13.290  6.389 0.0000000000
80009  -43.090  13.407  9.302 0.0000000000
80016  -42.683  12.930  8.734 0.0000000000
110733  -41.945  13.067  8.645 0.0000000000
80015  -41.336  12.977  8.135 0.0000000000
80007  -41.265  13.533  8.957 0.0000000000
83523  -41.736  19.405  14.435 0.0000000000
83534  -41.294  18.716  13.596 0.0000000000
83545  -41.742  18.342  12.897 0.0000000000
82923  -42.185  17.813  12.366 0.0000000000
114731  -41.346  17.741  12.353 0.0000000000
112884  -36.718  16.579  8.413 0.0000000000
123127  -36.357  16.858  8.100 0.0000000000
82287  -35.954  16.666  8.462 0.0000000000
110869  -53.106  15.754  -6.087 0.0000000000
80139  -48.148  13.707  -5.841 0.0000000000
80150  -49.602  13.577  -6.947 0.0000000000
109395  -48.972  13.531  -7.565 0.0000000000
82413  -45.998  16.242  -6.974 0.0000000000
81711  -46.700  15.756  -8.223 0.0000000000
82436  -46.870  16.550  -9.105 0.0000000000
85319  -40.534  21.511  5.022 0.0000000000
84767  -41.033  19.964  4.656 0.0000000000
84764  -41.331  21.013  4.753 0.0000000000
84777  -45.247  20.153  2.899 0.0000000000
84236  -44.650  19.659  3.110 0.0000000000
84782  -44.586  20.482  1.519 0.0000000000
85874  -49.214  22.832  4.039 0.0000000000
85877  -48.916  22.381  3.543 0.0000000000
122978  -46.913  22.892  -3.147 0.0000000000
85922  -46.690  22.686  -2.292 0.0000000000
106085  -46.164  22.588  -3.132 0.0000000000
107151  -45.481  22.355  -2.869 0.0000000000
85929  -45.540  22.282  -3.563 0.0000000000
85374  -45.088  21.742  -3.926 0.0000000000
84845  -48.126  20.310  -8.115 0.0000000000
84304  -47.094  18.701  -8.585 0.0000000000
84303  -46.202  18.692  -8.745 0.0000000000
84305  -47.117  19.350  -8.622 0.0000000000
86494  -45.959  23.679  -7.981 0.0000000000
85962  -44.685  22.811  -8.168 0.0000000000
85961  -44.044  23.239  -7.861 0.0000000000
106911  -48.728  24.504  -2.266 0.0000000000
87051  -43.548  24.479  -4.556 0.0000000000
87062  -43.040  24.467  -5.405 0.0000000000
125606  -42.496  24.414  -5.805 0.0000000000
123487  -42.241  24.435  -5.351 0.0000000000
106676  -40.678  24.736  -1.939 0.0000000000
80054  -41.407  13.727  4.298 0.0000000000
80756  -41.049  14.637  4.417 0.0000000000
82319  -41.230  16.190  4.309 0.0000000000
81557  -41.306  15.410  4.022 0.0000000000
119068  -41.586  16.068  3.666 0.0000000000
83013  -41.805  16.881  4.008 0.0000000000
88531  -50.333  27.756  8.916 0.0000000000
89069  -50.582  28.251  9.112 0.0000000000
89086  -51.272  28.334  7.515 0.0000000000
89077  -51.528  27.759  7.582 0.0000000000
88558  -51.665  27.603  7.058 0.0000000000
88059  -51.993  26.478  5.897 0.0000000000
88576  -51.584  27.296  6.387 0.0000000000
116794  -51.230  26.969  5.506 0.0000000000
88574  -49.363  28.187  5.601 0.0000000000
89116  -48.627  28.294  5.179 0.0000000000
78846  -49.628  12.027  -10.379 0.0000000000
79510  -49.209  12.656  -10.828 0.0000000000
79518  -49.010  13.337  -11.296 0.0000000000
85296  -35.490  21.834  10.210 0.0000000000
121686  -36.037  21.998  9.842 0.0000000000
85833  -35.421  22.354  10.244 0.0000000000
81530  -49.417  15.381  8.508 0.0000000000
80727  -47.479  14.303  8.628 0.0000000000
80721  -47.860  15.019  9.150 0.0000000000
81519  -45.726  15.025  9.995 0.0000000000
109409  -46.177  14.489  9.447 0.0000000000
80704  -44.850  14.762  10.183 0.0000000000
80718  -44.404  14.093  9.736 0.0000000000
80703  -43.970  14.623  10.319 0.0000000000
82214  -36.369  15.961  12.036 0.0000000000
81477  -35.916  15.651  11.307 0.0000000000
81496  -36.353  15.825  10.555 0.0000000000
81495  -35.449  15.597  10.533 0.0000000000
81515  -35.044  15.777  9.847 0.0000000000
81494  -34.512  15.517  10.535 0.0000000000
81493  -32.718  15.590  10.804 0.0000000000
82254  -32.275  16.068  10.392 0.0000000000
81641  -45.156  15.095  -2.421 0.0000000000
81640  -44.324  15.520  -2.703 0.0000000000
81674  -45.121  15.243  -4.028 0.0000000000
80857  -46.483  14.463  -4.544 0.0000000000
126965  -45.983  14.541  -5.042 0.0000000000
117605  -45.243  15.292  -4.937 0.0000000000
82401  -44.643  16.768  -5.112 0.0000000000
81688  -45.360  15.651  -5.707 0.0000000000
82412  -45.248  16.386  -5.902 0.0000000000
85865  -42.518  22.272  5.204 0.0000000000
114052  -43.159  22.806  5.480 0.0000000000
85867  -44.818  22.300  5.418 0.0000000000
85322  -44.408  21.639  5.174 0.0000000000
85323  -45.120  21.581  5.105 0.0000000000
84772  -45.430  20.434  4.188 0.0000000000
85328  -45.752  21.195  4.611 0.0000000000
86429  -51.461  23.191  0.265 0.0000000000
85893  -50.518  22.873  0.649 0.0000000000
86457  -49.828  23.428  -3.630 0.0000000000
86446  -50.080  23.392  -2.685 0.0000000000
106801  -49.034  23.334  -2.869 0.0000000000
85932  -48.220  23.217  -3.023 0.0000000000
113893  -48.762  23.373  -3.711 0.0000000000
85940  -48.533  23.285  -4.680 0.0000000000
85955  -48.960  22.440  -6.913 0.0000000000
85956  -49.628  22.836  -7.629 0.0000000000
85398  -48.848  22.019  -7.739 0.0000000000
85965  -48.973  22.130  -8.094 0.0000000000
85970  -49.575  23.007  -8.192 0.0000000000
87081  -49.506  24.372  -7.986 0.0000000000
87095  -49.222  24.100  -8.231 0.0000000000
87091  -48.375  24.323  -7.731 0.0000000000
86495  -47.476  24.137  -8.021 0.0000000000
87080  -47.945  24.607  -6.964 0.0000000000
107962  -46.588  24.511  0.237 0.0000000000
105658  -46.952  24.425  -1.370 0.0000000000
86993  -46.228  24.337  -0.705 0.0000000000
124249  -44.415  24.449  -1.642 0.0000000000
105655  -44.352  24.418  -2.291 0.0000000000
119913  -43.244  24.441  -2.325 0.0000000000
116424  -42.544  24.644  -1.109 0.0000000000
105196  -41.941  24.817  -0.832 0.0000000000
80082  -47.259  13.614  1.525 0.0000000000
79416  -46.176  12.896  1.906 0.0000000000
80079  -44.813  13.083  1.188 0.0000000000
80080  -45.736  13.182  1.245 0.0000000000
80093  -44.400  13.535  0.579 0.0000000000
125592  -42.060  13.881  2.898 0.0000000000
108791  -42.487  13.479  2.426 0.0000000000
108670  -42.561  13.862  1.722 0.0000000000
80794  -42.547  14.785  0.527 0.0000000000
80795  -43.114  14.218  0.390 0.0000000000
80092  -43.917  13.971  0.022 0.0000000000
80810  -43.459  14.562  -0.383 0.0000000000
80824  -43.820  14.888  -1.079 0.0000000000
108087  -42.096  16.807  -0.071 0.0000000000
82357  -42.403  16.328  -0.663 0.0000000000
106789  -42.333  17.130  -0.805 0.0000000000
83066  -42.604  17.398  -1.527 0.0000000000
120940  -42.386  17.997  -0.960 0.0000000000
87500  -46.192  25.885  7.489 0.0000000000
87517  -45.846  25.127  6.768 0.0000000000
87520  -48.920  25.484  6.663 0.0000000000
86938  -48.407  24.781  6.165 0.0000000000
86947  -48.924  24.222  5.678 0.0000000000
86401  -49.318  23.817  5.085 0.0000000000
87504  -50.774  26.416  7.222 0.0000000000
87521  -51.197  26.111  6.439 0.0000000000
86954  -51.886  24.859  4.379 0.0000000000
86406  -51.378  24.251  3.928 0.0000000000
86405  -50.463  23.797  4.244 0.0000000000
86413  -51.701  24.006  3.063 0.0000000000
118700  -51.587  23.599  2.352 0.0000000000
86414  -52.510  24.209  2.275 0.0000000000
86981  -53.607  24.910  0.560 0.0000000000
86421  -53.302  24.330  0.704 0.0000000000
86999  -53.513  24.419  -1.123 0.0000000000
86439  -53.544  24.062  -1.977 0.0000000000
87014  -53.368  24.457  -1.697 0.0000000000
87013  -52.918  24.707  -1.950 0.0000000000
87599  -52.572  25.183  -1.098 0.0000000000
87588  -50.916  25.177  -0.081 0.0000000000
86998  -51.288  25.091  -0.949 0.0000000000
86997  -50.108  24.839  -0.645 0.0000000000
87587  -50.022  25.032  0.129 0.0000000000
87544  -51.186  25.675  3.168 0.0000000000
87543  -49.892  25.783  3.394 0.0000000000
87552  -48.393  25.456  2.756 0.0000000000
106062  -49.011  25.278  2.211 0.0000000000
86979  -48.601  24.732  0.545 0.0000000000
86969  -47.906  24.778  1.236 0.0000000000
86978  -47.675  24.486  0.260 0.0000000000
87549  -45.880  25.606  2.354 0.0000000000
87561  -45.447  25.117  1.670 0.0000000000
80199  -45.223  13.995  -12.035 0.0000000000
80197  -43.858  14.129  -11.677 0.0000000000
83632  -37.895  18.926  5.763 0.0000000000
83633  -38.583  18.595  5.562 0.0000000000
85317  -38.870  21.498  5.434 0.0000000000
85853  -36.749  22.250  8.490 0.0000000000
85310  -37.049  21.994  7.269 0.0000000000
85854  -37.482  22.658  8.257 0.0000000000
86379  -38.814  23.232  7.228 0.0000000000
85859  -38.503  22.650  6.530 0.0000000000
85860  -39.167  22.991  6.268 0.0000000000
85863  -39.608  22.767  5.671 0.0000000000
86391  -39.746  23.263  6.114 0.0000000000
86381  -40.165  23.670  6.578 0.0000000000
86918  -41.442  24.583  7.746 0.0000000000
86931  -41.365  24.292  6.779 0.0000000000
86919  -42.123  24.919  7.764 0.0000000000
88001  -39.851  25.660  10.284 0.0000000000
87472  -39.057  24.258  10.576 0.0000000000
87473  -39.719  24.712  10.763 0.0000000000
86891  -40.271  24.322  10.788 0.0000000000
86882  -40.767  24.669  11.041 0.0000000000
87475  -42.315  25.240  11.164 0.0000000000
87474  -41.530  24.781  10.694 0.0000000000
87486  -43.325  25.524  8.971 0.0000000000
105167  -44.080  25.774  9.596 0.0000000000
87990  -45.249  26.814  12.625 0.0000000000
87998  -46.494  26.789  12.021 0.0000000000
88006  -47.007  26.939  11.000 0.0000000000
88500  -46.502  27.114  12.207 0.0000000000
107049  -54.186  17.720  0.120 0.0000000000
82334  -52.241  16.646  1.761 0.0000000000
83033  -52.803  17.215  1.004 0.0000000000
82339  -51.526  16.258  1.521 0.0000000000
122151  -50.881  15.873  1.192 0.0000000000
122786  -51.012  15.776  1.993 0.0000000000
81551  -51.833  15.726  5.539 0.0000000000
82312  -52.482  16.335  5.259 0.0000000000
82322  -52.857  16.692  4.528 0.0000000000
83015  -53.598  17.389  4.295 0.0000000000
82321  -52.362  16.351  4.083 0.0000000000
82320  -51.856  15.965  3.851 0.0000000000
80757  -49.647  14.147  4.349 0.0000000000
124895  -49.607  14.248  3.793 0.0000000000
80774  -50.012  14.866  2.882 0.0000000000
114457  -49.507  14.396  3.283 0.0000000000
80065  -48.902  14.044  2.971 0.0000000000
116392  -48.375  13.513  3.493 0.0000000000
109326  -46.948  12.432  5.096 0.0000000000
79395  -47.233  12.593  4.455 0.0000000000
110957  -46.169  12.109  5.035 0.0000000000
79393  -45.661  11.942  4.196 0.0000000000
113871  -45.510  11.810  4.980 0.0000000000
80027  -46.646  12.946  7.738 0.0000000000
79363  -46.950  12.808  7.087 0.0000000000
79355  -45.792  12.709  7.950 0.0000000000
79360  -43.282  12.063  7.210 0.0000000000
78694  -43.962  11.901  7.125 0.0000000000
78701  -43.449  11.733  6.507 0.0000000000
78711  -43.158  11.616  5.671 0.0000000000
78700  -42.684  11.836  6.235 0.0000000000
79382  -42.102  12.180  5.151 0.0000000000
79369  -41.509  12.468  6.356 0.0000000000
84155  -47.147  19.451  12.642 0.0000000000
82887  -45.563  17.429  17.400 0.0000000000
82888  -46.452  17.397  17.245 0.0000000000
82897  -47.110  17.442  16.796 0.0000000000
110755  -46.229  18.213  17.507 0.0000000000
119056  -40.609  21.404  16.960 0.0000000000
84113  -41.817  21.038  17.372 0.0000000000
84702  -42.019  21.249  17.071 0.0000000000
116277  -43.141  20.549  15.730 0.0000000000
84127  -43.592  20.640  16.574 0.0000000000
84128  -44.739  20.467  16.287 0.0000000000
115612  -45.625  20.301  16.390 0.0000000000
107625  -45.445  20.380  15.519 0.0000000000
84138  -46.009  20.376  14.971 0.0000000000
84137  -44.680  20.123  14.995 0.0000000000
83547  -43.548  18.467  12.827 0.0000000000
83548  -44.491  18.453  12.649 0.0000000000
83549  -45.542  18.444  12.326 0.0000000000
82926  -44.809  17.824  11.993 0.0000000000
112420  -45.060  17.176  11.528 0.0000000000
82937  -44.245  17.258  11.704 0.0000000000
119138  -42.221  16.817  11.528 0.0000000000
81479  -43.182  16.009  11.149 0.0000000000
81478  -42.238  16.144  11.148 0.0000000000
81499  -41.764  15.437  10.641 0.0000000000
82296  -37.880  16.217  7.671 0.0000000000
81534  -38.497  15.527  7.426 0.0000000000
120716  -38.258  16.047  6.969 0.0000000000
82301  -37.831  16.801  6.850 0.0000000000
82996  -37.567  17.646  6.462 0.0000000000
82989  -37.085  17.341  7.053 0.0000000000
82987  -35.579  17.660  7.684 0.0000000000
83614  -36.235  18.392  6.875 0.0000000000
82285  -34.016  16.542  9.223 0.0000000000
82286  -34.833  16.622  8.780 0.0000000000
82970  -33.464  17.324  9.024 0.0000000000
84191  -34.016  19.694  8.985 0.0000000000
84743  -34.251  20.660  9.701 0.0000000000
80152  -53.446  13.248  -6.589 0.0000000000
80153  -54.365  13.770  -7.274 0.0000000000
80904  -54.153  15.151  -8.851 0.0000000000
80173  -54.239  13.978  -9.278 0.0000000000
80182  -53.524  13.783  -9.839 0.0000000000
80929  -53.713  14.373  -9.749 0.0000000000
125684  -47.498  14.312  0.412 0.0000000000
80815  -48.145  14.830  -0.384 0.0000000000
127033  -48.284  15.282  -1.780 0.0000000000
81658  -46.442  14.988  -3.065 0.0000000000
80845  -47.852  14.800  -3.665 0.0000000000
80874  -49.642  14.272  -5.301 0.0000000000
80861  -50.145  14.677  -4.792 0.0000000000
80875  -50.563  14.511  -5.517 0.0000000000
80876  -51.492  14.742  -6.114 0.0000000000
80172  -51.880  14.366  -9.662 0.0000000000
80939  -52.185  14.319  -10.542 0.0000000000
80180  -51.797  14.235  -10.582 0.0000000000
80192  -51.486  14.117  -11.096 0.0000000000
80179  -50.889  14.243  -11.097 0.0000000000
80927  -49.735  14.322  -11.170 0.0000000000
80936  -48.860  14.877  -11.387 0.0000000000
80900  -47.445  14.452  -8.225 0.0000000000
81719  -47.486  15.699  -9.723 0.0000000000
81726  -47.714  15.817  -10.552 0.0000000000
81735  -47.940  15.694  -11.198 0.0000000000
81734  -47.168  15.874  -11.000 0.0000000000
81739  -46.600  15.223  -11.732 0.0000000000
82448  -45.994  16.264  -9.880 0.0000000000
81724  -46.523  16.074  -10.337 0.0000000000
110842  -45.403  16.202  -9.421 0.0000000000
83635  -40.052  18.155  4.992 0.0000000000
84225  -41.807  19.155  4.501 0.0000000000
83641  -41.695  18.234  4.470 0.0000000000
83014  -42.237  17.713  4.091 0.0000000000
83649  -42.865  18.151  3.844 0.0000000000
85321  -43.244  20.875  4.844 0.0000000000
84769  -42.994  20.094  4.634 0.0000000000
84231  -43.940  19.067  3.967 0.0000000000
83654  -42.891  18.114  3.078 0.0000000000
106757  -42.363  17.909  1.427 0.0000000000
84239  -42.810  18.831  1.344 0.0000000000
84785  -43.614  20.336  0.480 0.0000000000
84243  -42.678  19.134  0.268 0.0000000000
84254  -42.988  19.911  -0.081 0.0000000000
84262  -42.681  19.465  -1.268 0.0000000000
84793  -42.862  20.062  -0.972 0.0000000000
86945  -47.001  23.760  5.917 0.0000000000
86387  -45.981  23.595  5.865 0.0000000000
86398  -46.689  23.179  5.427 0.0000000000
111760  -47.165  21.772  4.407 0.0000000000
112248  -47.371  21.365  3.597 0.0000000000
84776  -46.488  20.812  3.318 0.0000000000
85335  -47.078  21.278  2.634 0.0000000000
85891  -48.745  22.533  0.613 0.0000000000
105217  -48.886  22.400  1.549 0.0000000000
85890  -47.775  22.480  0.304 0.0000000000
85902  -46.539  22.425  -0.797 0.0000000000
106047  -46.820  22.440  0.112 0.0000000000
85347  -45.512  21.627  0.442 0.0000000000
85346  -44.753  21.436  -0.044 0.0000000000
85357  -45.295  21.948  -0.455 0.0000000000
85368  -44.386  21.588  -2.632 0.0000000000
85363  -44.373  21.748  -1.789 0.0000000000
85362  -43.703  21.251  -2.118 0.0000000000
84809  -43.332  20.517  -2.399 0.0000000000
84816  -43.538  20.135  -3.244 0.0000000000
84284  -43.660  19.417  -3.714 0.0000000000
84824  -43.862  19.973  -4.013 0.0000000000
84825  -44.485  20.086  -4.647 0.0000000000
84292  -44.756  19.321  -5.329 0.0000000000
126846  -45.062  18.803  -5.779 0.0000000000
85947  -47.069  22.059  -5.612 0.0000000000
85382  -46.189  21.750  -5.227 0.0000000000
85388  -47.007  21.194  -6.253 0.0000000000
82425  -46.863  17.303  -8.404 0.0000000000
83726  -47.054  17.913  -8.856 0.0000000000
83109  -46.353  17.865  -9.023 0.0000000000
81710  -44.720  16.031  -8.887 0.0000000000
81709  -44.555  16.304  -8.273 0.0000000000
85406  -46.846  20.958  -8.534 0.0000000000
84850  -46.036  20.151  -8.575 0.0000000000
85401  -45.955  21.025  -8.523 0.0000000000
107392  -43.903  21.047  -8.269 0.0000000000
84848  -44.090  20.290  -8.092 0.0000000000
123055  -51.233  24.567  -3.249 0.0000000000
105638  -50.462  24.516  -4.618 0.0000000000
87041  -49.799  24.531  -3.898 0.0000000000
105640  -47.724  24.512  -4.576 0.0000000000
105639  -48.611  24.516  -4.659 0.0000000000
105634  -48.153  24.545  -5.450 0.0000000000
87067  -47.085  24.620  -6.528 0.0000000000
105653  -46.287  24.463  -2.585 0.0000000000
105642  -45.939  24.524  -4.205 0.0000000000
87064  -44.587  24.594  -5.542 0.0000000000
87077  -44.681  24.563  -6.409 0.0000000000
87087  -43.959  24.344  -6.979 0.0000000000
86492  -43.353  23.742  -7.409 0.0000000000
86482  -43.204  24.268  -6.841 0.0000000000
86481  -41.459  23.598  -6.753 0.0000000000
85394  -41.191  21.852  -7.283 0.0000000000
85393  -40.545  22.080  -6.829 0.0000000000
85946  -40.186  22.787  -6.432 0.0000000000
85945  -39.423  22.334  -6.042 0.0000000000
110822  -39.537  23.288  -5.895 0.0000000000
87038  -41.314  24.580  -3.943 0.0000000000
107411  -39.822  24.707  -4.160 0.0000000000
87048  -40.414  24.551  -4.615 0.0000000000
123705  -39.609  24.464  -4.815 0.0000000000
88608  -43.333  26.901  1.621 0.0000000000
87558  -42.999  25.711  1.104 0.0000000000
88088  -42.924  26.378  1.329 0.0000000000
106437  -41.244  25.494  -0.110 0.0000000000
81549  -40.173  15.344  5.344 0.0000000000
110611  -50.738  28.904  8.554 0.0000000000
89076  -51.032  29.141  7.987 0.0000000000
89085  -50.681  29.202  7.196 0.0000000000
89688  -50.062  29.567  6.462 0.0000000000
79511  -50.101  12.743  -11.051 0.0000000000
85832  -34.489  22.188  10.421 0.0000000000
82280  -48.711  16.579  9.637 0.0000000000
81522  -48.168  15.933  9.500 0.0000000000
81521  -47.320  15.582  9.603 0.0000000000
81505  -46.852  16.041  10.098 0.0000000000
81504  -46.089  15.776  10.322 0.0000000000
81503  -45.278  15.545  10.495 0.0000000000
81475  -34.056  15.349  11.261 0.0000000000
112921  -33.706  15.376  11.989 0.0000000000
82358  -51.114  16.384  -0.236 0.0000000000
81614  -50.329  15.988  -0.334 0.0000000000
117485  -49.964  15.919  -0.970 0.0000000000
82367  -43.155  16.126  -1.990 0.0000000000
81639  -43.749  16.089  -2.814 0.0000000000
81656  -44.366  15.887  -3.649 0.0000000000
82388  -44.338  16.486  -4.291 0.0000000000
82400  -44.198  17.131  -4.449 0.0000000000
86395  -43.071  23.649  5.857 0.0000000000
119291  -43.709  23.238  5.718 0.0000000000
86396  -44.437  23.149  5.691 0.0000000000
86397  -45.312  22.955  5.566 0.0000000000
105662  -52.053  23.464  -2.061 0.0000000000
111988  -51.284  23.339  -1.458 0.0000000000
86458  -51.302  23.459  -3.670 0.0000000000
86467  -50.555  23.432  -4.505 0.0000000000
86475  -49.558  23.278  -5.497 0.0000000000
119690  -50.275  23.411  -5.225 0.0000000000
86476  -50.774  23.407  -6.311 0.0000000000
86484  -50.600  23.469  -7.582 0.0000000000
86503  -50.179  23.637  -8.353 0.0000000000
86497  -50.978  23.973  -7.670 0.0000000000
87082  -50.732  24.254  -7.362 0.0000000000
87069  -49.981  24.541  -6.489 0.0000000000
86992  -45.254  24.553  -0.487 0.0000000000
105661  -44.041  24.449  -0.990 0.0000000000
107749  -45.251  12.139  3.290 0.0000000000
79410  -45.738  12.493  2.600 0.0000000000
79409  -44.777  12.406  2.522 0.0000000000
79414  -44.360  12.734  1.838 0.0000000000
126919  -43.763  12.832  1.836 0.0000000000
118521  -41.726  15.089  2.793 0.0000000000
119541  -42.196  14.627  1.684 0.0000000000
81597  -42.316  15.473  0.289 0.0000000000
88028  -46.892  26.456  8.159 0.0000000000
87501  -47.287  25.916  7.310 0.0000000000
87502  -48.362  25.991  7.285 0.0000000000
87522  -51.890  26.435  6.135 0.0000000000
87531  -51.756  25.772  5.800 0.0000000000
86955  -52.633  25.549  3.969 0.0000000000
86961  -52.542  24.640  2.916 0.0000000000
86962  -53.093  24.863  2.325 0.0000000000
86972  -53.493  24.984  1.171 0.0000000000
107540  -53.418  25.117  0.598 0.0000000000
87590  -53.185  25.194  -0.325 0.0000000000
122886  -52.760  25.343  0.937 0.0000000000
87575  -51.746  25.373  0.642 0.0000000000
87566  -51.132  25.402  1.500 0.0000000000
87542  -48.793  25.814  3.434 0.0000000000
87551  -47.578  25.436  2.616 0.0000000000
87540  -47.109  25.978  3.081 0.0000000000
80944  -45.074  14.259  -11.974 0.0000000000
84216  -36.525  19.594  6.415 0.0000000000
84758  -37.114  20.088  6.056 0.0000000000
123981  -37.060  20.802  6.190 0.0000000000
85313  -37.470  21.512  6.264 0.0000000000
126577  -37.962  23.027  8.552 0.0000000000
86373  -39.872  23.856  7.512 0.0000000000
86904  -40.747  24.364  8.940 0.0000000000
88002  -40.587  25.889  10.689 0.0000000000
87463  -40.723  25.064  11.213 0.0000000000
87994  -41.300  25.610  11.269 0.0000000000
87465  -42.383  25.677  11.648 0.0000000000
87466  -43.227  25.625  11.742 0.0000000000
87477  -44.019  25.723  10.988 0.0000000000
87460  -43.828  26.066  12.249 0.0000000000
87989  -44.433  26.550  12.377 0.0000000000
83034  -54.538  18.041  1.298 0.0000000000
109839  -53.683  17.601  1.632 0.0000000000
119858  -52.427  16.626  2.472 0.0000000000
81550  -51.125  15.140  5.811 0.0000000000
116832  -51.420  15.429  4.990 0.0000000000
81559  -51.275  15.463  4.137 0.0000000000
81558  -50.884  14.971  4.881 0.0000000000
80758  -50.241  14.517  4.674 0.0000000000
80058  -49.153  13.699  4.687 0.0000000000
80057  -48.500  13.362  4.429 0.0000000000
79385  -47.311  12.615  5.828 0.0000000000
80018  -44.416  12.958  8.738 0.0000000000
79354  -44.873  12.586  8.124 0.0000000000
79353  -43.996  12.505  8.217 0.0000000000
79352  -43.122  12.476  8.126 0.0000000000
79359  -42.637  12.301  7.430 0.0000000000
79358  -41.611  12.548  7.294 0.0000000000
84134  -40.297  19.721  15.178 0.0000000000
84125  -41.711  21.061  16.330 0.0000000000
84135  -41.251  20.047  15.322 0.0000000000
83524  -42.646  19.574  14.592 0.0000000000
83525  -43.379  19.725  14.754 0.0000000000
84144  -43.968  19.542  14.381 0.0000000000
83536  -43.198  19.063  13.731 0.0000000000
82924  -43.033  17.882  12.311 0.0000000000
82936  -43.385  17.295  11.824 0.0000000000
82935  -42.577  17.307  11.874 0.0000000000
82934  -41.756  17.232  11.831 0.0000000000
124968  -41.310  16.949  11.596 0.0000000000
82289  -37.975  16.132  8.733 0.0000000000
82288  -37.306  16.456  8.151 0.0000000000
82294  -36.724  16.990  7.734 0.0000000000
82979  -36.012  17.160  7.878 0.0000000000
80905  -55.189  15.167  -8.190 0.0000000000
81703  -53.771  15.407  -7.825 0.0000000000
81627  -47.550  15.072  -1.649 0.0000000000
81642  -47.826  15.192  -2.356 0.0000000000
80858  -47.411  14.396  -4.370 0.0000000000
80873  -48.750  14.097  -5.140 0.0000000000
80889  -50.684  14.004  -6.629 0.0000000000
80151  -50.384  13.667  -7.545 0.0000000000
80914  -48.537  14.365  -9.504 0.0000000000
80899  -46.868  14.972  -8.113 0.0000000000
120016  -46.999  15.827  -8.808 0.0000000000
81718  -47.071  16.132  -9.473 0.0000000000
113052  -40.044  19.829  4.877 0.0000000000
84771  -44.636  20.104  4.353 0.0000000000
84228  -44.129  19.584  4.230 0.0000000000
84232  -44.479  19.490  3.831 0.0000000000
107892  -44.035  19.524  2.401 0.0000000000
84240  -43.452  19.401  1.713 0.0000000000
84781  -43.942  20.039  1.447 0.0000000000
85870  -48.235  22.928  4.746 0.0000000000
85869  -47.725  22.410  4.584 0.0000000000
85873  -48.473  22.414  4.185 0.0000000000
85332  -48.212  21.894  3.565 0.0000000000
85914  -48.402  22.835  -1.379 0.0000000000
85913  -46.853  22.718  -1.462 0.0000000000
85901  -45.743  22.369  -0.926 0.0000000000
123619  -45.162  22.194  -1.073 0.0000000000
85911  -45.493  22.297  -1.609 0.0000000000
85920  -44.993  22.215  -2.277 0.0000000000
85373  -44.506  21.319  -3.450 0.0000000000
84817  -44.150  20.559  -3.755 0.0000000000
84826  -45.276  20.495  -5.165 0.0000000000
85396  -47.888  20.536  -7.445 0.0000000000
84836  -47.189  20.127  -6.908 0.0000000000
84298  -47.218  18.658  -8.364 0.0000000000
83108  -44.998  17.653  -8.336 0.0000000000
85963  -46.502  22.729  -8.418 0.0000000000
117057  -45.145  21.973  -8.352 0.0000000000
105645  -49.108  24.518  -3.224 0.0000000000
87040  -48.309  24.487  -3.842 0.0000000000
105643  -45.005  24.547  -3.959 0.0000000000
87052  -44.423  24.551  -4.680 0.0000000000
87075  -42.782  24.346  -6.259 0.0000000000
86474  -41.076  24.041  -6.125 0.0000000000
87060  -40.693  24.260  -5.444 0.0000000000
119953  -41.166  24.577  -3.099 0.0000000000
87037  -38.697  25.120  -3.520 0.0000000000
79391  -42.361  12.361  4.348 0.0000000000
79399  -42.670  12.535  3.538 0.0000000000
80055  -41.978  13.024  3.861 0.0000000000
80062  -41.808  13.822  3.496 0.0000000000
80765  -41.753  14.523  3.117 0.0000000000
81566  -41.723  15.814  2.989 0.0000000000
125563  -42.024  16.801  2.957 0.0000000000
88018  -49.304  27.425  8.759 0.0000000000
88032  -51.318  27.145  7.612 0.0000000000
88544  -51.410  27.629  7.770 0.0000000000
88048  -51.915  26.909  6.589 0.0000000000
88080  -52.164  26.039  4.060 0.0000000000
88067  -49.851  27.068  4.968 0.0000000000
88575  -50.297  27.681  5.845 0.0000000000
88066  -48.698  27.015  4.513 0.0000000000
108543  -48.178  27.673  4.682 0.0000000000
85844  -36.464  22.412  9.623 0.0000000000
85835  -36.698  22.916  10.102 0.0000000000
81535  -49.815  14.907  7.757 0.0000000000
80734  -48.661  13.920  7.552 0.0000000000
80029  -48.159  13.431  7.154 0.0000000000
80022  -48.000  13.755  7.998 0.0000000000
80021  -47.113  13.502  8.232 0.0000000000
80020  -46.239  13.291  8.431 0.0000000000
80720  -47.028  14.734  9.314 0.0000000000
80012  -45.801  13.690  9.118 0.0000000000
80011  -44.867  13.551  9.215 0.0000000000
80010  -43.965  13.428  9.308 0.0000000000
80716  -42.636  14.002  9.804 0.0000000000
83502  -41.302  19.806  17.505 0.0000000000
84100  -40.606  20.922  17.508 0.0000000000
84708  -39.826  21.182  16.789 0.0000000000
84123  -39.492  20.331  15.855 0.0000000000
83513  -38.735  19.358  15.141 0.0000000000
126111  -39.540  19.394  14.930 0.0000000000
122533  -39.951  18.916  14.331 0.0000000000
82275  -35.477  16.269  9.144 0.0000000000
82273  -33.432  16.089  9.840 0.0000000000
109011  -33.563  15.561  10.520 0.0000000000
111843  -32.708  16.417  9.835 0.0000000000
80826  -45.149  14.789  -1.592 0.0000000000
80834  -45.957  14.896  -1.892 0.0000000000
120455  -47.041  14.065  -5.006 0.0000000000
80872  -47.242  13.821  -5.720 0.0000000000
80148  -47.601  13.710  -6.594 0.0000000000
80886  -46.725  14.135  -6.500 0.0000000000
80885  -46.082  14.787  -6.446 0.0000000000
82424  -46.094  16.862  -7.009 0.0000000000
85320  -41.944  21.696  5.010 0.0000000000
118641  -42.703  21.502  5.011 0.0000000000
85326  -44.101  20.881  4.857 0.0000000000
84775  -45.700  20.422  3.510 0.0000000000
85881  -50.242  22.820  2.396 0.0000000000
85885  -49.625  22.538  1.969 0.0000000000
115118  -49.695  22.745  -0.015 0.0000000000
85915  -49.428  22.935  -1.055 0.0000000000
105405  -50.233  23.272  -1.715 0.0000000000
85923  -48.289  23.051  -2.280 0.0000000000
119719  -47.520  22.954  -2.690 0.0000000000
85930  -46.745  22.718  -3.894 0.0000000000
121425  -47.495  22.792  -4.923 0.0000000000
85948  -48.005  22.321  -6.154 0.0000000000
85397  -48.334  21.137  -7.713 0.0000000000
84856  -47.730  20.403  -8.407 0.0000000000
84857  -48.118  20.839  -8.263 0.0000000000
85407  -47.340  21.532  -8.466 0.0000000000
86502  -49.468  23.663  -8.371 0.0000000000
85968  -47.570  22.610  -8.391 0.0000000000
85964  -46.901  23.608  -8.215 0.0000000000
87089  -45.676  24.351  -7.383 0.0000000000
106221  -47.606  24.480  -1.164 0.0000000000
87008  -47.668  24.471  -1.990 0.0000000000
105659  -45.567  24.346  -1.233 0.0000000000
105649  -44.699  24.375  -3.032 0.0000000000
105887  -43.178  24.449  -3.723 0.0000000000
105657  -42.810  24.443  -1.844 0.0000000000
87024  -42.187  24.556  -2.333 0.0000000000
87023  -41.424  24.583  -2.291 0.0000000000
120395  -48.577  14.335  1.684 0.0000000000
114984  -48.375  14.407  1.204 0.0000000000
80083  -48.047  13.967  1.770 0.0000000000
80782  -47.584  14.111  0.956 0.0000000000
124049  -46.921  13.753  0.971 0.0000000000
80095  -46.244  13.652  0.752 0.0000000000
80798  -46.891  14.112  0.360 0.0000000000
80797  -45.970  14.005  0.074 0.0000000000
118967  -45.719  14.314  -0.522 0.0000000000
80812  -45.094  14.475  -0.888 0.0000000000
79407  -42.976  12.777  2.753 0.0000000000
80077  -43.116  13.667  1.135 0.0000000000
80825  -44.529  14.712  -1.230 0.0000000000
81624  -43.443  15.462  -1.522 0.0000000000
81610  -42.562  15.608  -0.438 0.0000000000
81623  -42.785  15.827  -1.183 0.0000000000
82376  -42.877  16.874  -1.985 0.0000000000
122917  -45.083  24.985  6.768 0.0000000000
86936  -46.404  24.443  6.310 0.0000000000
86937  -47.407  24.604  6.232 0.0000000000
86400  -48.481  23.530  5.206 0.0000000000
86409  -49.888  23.191  3.824 0.0000000000
87503  -49.572  26.090  7.376 0.0000000000
111629  -50.114  25.659  6.696 0.0000000000
86949  -50.920  24.943  5.354 0.0000000000
86948  -49.870  24.558  5.517 0.0000000000
86952  -50.192  24.170  4.897 0.0000000000
85878  -50.098  22.937  3.171 0.0000000000
86416  -51.036  23.135  1.981 0.0000000000
119276  -51.282  23.150  1.147 0.0000000000
86420  -52.432  23.601  0.744 0.0000000000
86418  -52.957  24.137  1.509 0.0000000000
107603  -53.102  23.904  0.035 0.0000000000
86430  -52.471  23.507  -0.255 0.0000000000
106488  -52.968  23.680  -2.314 0.0000000000
86449  -53.520  23.946  -2.699 0.0000000000
125334  -53.152  23.896  -4.243 0.0000000000
107078  -52.297  24.291  -4.297 0.0000000000
87029  -52.989  24.297  -2.950 0.0000000000
87028  -52.030  24.645  -2.673 0.0000000000
87027  -50.879  24.654  -2.487 0.0000000000
87010  -49.379  24.587  -1.605 0.0000000000
87554  -50.741  25.484  2.244 0.0000000000
87565  -49.900  25.227  1.622 0.0000000000
86980  -49.486  25.022  0.723 0.0000000000
86996  -49.302  24.753  -0.061 0.0000000000
119615  -47.876  24.506  -0.597 0.0000000000
87563  -47.282  25.043  1.902 0.0000000000
86967  -45.927  24.666  0.995 0.0000000000
87560  -44.603  25.293  1.467 0.0000000000
83003  -38.752  17.804  5.639 0.0000000000
83004  -39.483  17.547  5.345 0.0000000000
127246  -39.030  19.010  5.255 0.0000000000
84219  -37.779  19.791  5.693 0.0000000000
84221  -39.179  19.713  5.137 0.0000000000
84762  -39.426  20.620  5.098 0.0000000000
85309  -36.405  21.602  7.674 0.0000000000
85314  -38.195  22.015  5.939 0.0000000000
123906  -40.218  22.290  5.272 0.0000000000
122774  -40.890  22.711  5.303 0.0000000000
86393  -41.267  23.309  5.603 0.0000000000
86383  -41.721  23.923  6.085 0.0000000000
119203  -42.426  24.021  6.035 0.0000000000
86384  -43.004  24.383  6.397 0.0000000000
87498  -43.488  25.415  7.674 0.0000000000
87497  -42.600  25.268  8.354 0.0000000000
87488  -45.345  26.172  8.170 0.0000000000
88015  -45.608  26.417  9.245 0.0000000000
88014  -44.865  26.128  10.154 0.0000000000
112590  -46.696  26.703  9.482 0.0000000000
88007  -47.682  27.192  9.938 0.0000000000
88501  -47.109  27.607  11.811 0.0000000000
109331  -53.358  17.492  0.161 0.0000000000
82349  -52.582  17.149  0.066 0.0000000000
82348  -51.908  16.726  -0.111 0.0000000000
116912  -51.444  16.393  0.628 0.0000000000
81600  -50.212  15.517  0.932 0.0000000000
83021  -52.944  17.007  2.898 0.0000000000
81568  -51.472  15.806  3.266 0.0000000000
81575  -51.081  15.649  2.693 0.0000000000
81574  -50.498  15.337  2.447 0.0000000000
81573  -49.867  15.011  2.075 0.0000000000
80772  -48.714  14.228  2.181 0.0000000000
80073  -48.207  13.707  2.619 0.0000000000
80056  -47.790  12.972  4.037 0.0000000000
79403  -47.022  12.659  3.695 0.0000000000
79402  -46.173  12.358  3.472 0.0000000000
78728  -44.855  11.860  3.831 0.0000000000
78727  -44.082  11.760  4.095 0.0000000000
79374  -46.819  12.539  6.475 0.0000000000
125945  -46.185  12.242  6.373 0.0000000000
79362  -45.274  12.314  7.422 0.0000000000
79373  -45.525  12.076  6.662 0.0000000000
78702  -44.899  11.683  6.188 0.0000000000
78712  -44.084  11.520  5.739 0.0000000000
78721  -43.571  11.604  4.907 0.0000000000
78720  -42.758  11.819  4.945 0.0000000000
80045  -41.121  13.287  5.166 0.0000000000
80044  -40.418  13.750  5.639 0.0000000000
80749  -39.946  14.596  5.788 0.0000000000
83560  -46.835  18.310  11.703 0.0000000000
82194  -47.509  17.445  15.962 0.0000000000
82898  -47.593  18.281  16.626 0.0000000000
83508  -47.480  18.962  16.813 0.0000000000
108410  -42.016  20.415  17.469 0.0000000000
83503  -42.853  20.004  17.378 0.0000000000
83504  -43.726  19.626  17.261 0.0000000000
84703  -42.833  20.951  16.905 0.0000000000
110297  -44.219  20.147  16.954 0.0000000000
83505  -44.649  19.205  17.314 0.0000000000
84117  -46.283  19.889  16.744 0.0000000000
84130  -47.591  19.545  16.383 0.0000000000
84711  -47.088  20.306  15.638 0.0000000000
84717  -46.765  20.450  15.012 0.0000000000
84139  -46.336  20.115  14.213 0.0000000000
118983  -44.628  19.499  14.039 0.0000000000
105985  -45.924  19.588  13.575 0.0000000000
83539  -46.134  19.184  12.849 0.0000000000
83550  -46.501  18.712  12.213 0.0000000000
83559  -46.165  18.194  11.822 0.0000000000
82939  -46.402  17.727  11.398 0.0000000000
82235  -45.857  17.055  11.131 0.0000000000
117058  -45.199  16.645  11.161 0.0000000000
82262  -44.865  16.094  10.916 0.0000000000
82234  -43.706  16.672  11.413 0.0000000000
81480  -44.053  16.045  11.013 0.0000000000
81501  -43.555  15.302  10.739 0.0000000000
80702  -43.082  14.593  10.365 0.0000000000
80715  -41.739  14.054  9.698 0.0000000000
82922  -40.525  17.595  12.338 0.0000000000
82231  -40.841  16.671  11.355 0.0000000000
82260  -40.426  16.110  10.704 0.0000000000
120870  -41.015  15.582  10.515 0.0000000000
80700  -41.195  14.814  10.115 0.0000000000
124820  -40.959  14.182  9.506 0.0000000000
82997  -38.303  17.288  6.185 0.0000000000
83624  -37.391  18.450  6.240 0.0000000000
83623  -36.662  18.779  6.455 0.0000000000
84756  -35.793  19.986  6.919 0.0000000000
84753  -35.191  20.071  7.696 0.0000000000
125672  -35.387  16.641  8.627 0.0000000000
84210  -34.835  19.495  7.867 0.0000000000
84751  -35.269  20.794  8.364 0.0000000000
84744  -34.979  21.103  9.449 0.0000000000
85288  -34.723  21.525  10.279 0.0000000000
85824  -34.307  21.791  10.519 0.0000000000
84740  -33.517  20.714  10.174 0.0000000000
85287  -33.619  21.502  10.424 0.0000000000
79470  -53.123  12.622  -7.405 0.0000000000
80163  -54.469  13.804  -8.226 0.0000000000
79481  -53.904  13.116  -8.422 0.0000000000
79480  -53.115  12.627  -8.495 0.0000000000
79491  -52.990  12.961  -9.446 0.0000000000
79499  -52.197  12.672  -9.769 0.0000000000
81598  -48.800  14.977  0.084 0.0000000000
81629  -49.148  15.536  -1.388 0.0000000000
81628  -48.222  15.154  -1.114 0.0000000000
81645  -50.284  16.086  -2.306 0.0000000000
81626  -46.831  15.044  -2.276 0.0000000000
81660  -48.267  15.221  -3.010 0.0000000000
81675  -50.213  15.175  -4.222 0.0000000000
81676  -50.792  15.111  -4.765 0.0000000000
81702  -52.693  15.237  -6.756 0.0000000000
80891  -52.718  14.858  -7.782 0.0000000000
80903  -53.220  15.004  -8.913 0.0000000000
80902  -51.146  13.937  -7.578 0.0000000000
80162  -52.057  14.422  -8.450 0.0000000000
80915  -52.725  14.678  -9.583 0.0000000000
80181  -52.993  14.275  -10.249 0.0000000000
80193  -52.267  14.098  -10.623 0.0000000000
79512  -51.003  13.216  -11.027 0.0000000000
80204  -50.375  13.667  -11.339 0.0000000000
80191  -50.613  14.066  -11.382 0.0000000000
80203  -49.660  13.858  -11.456 0.0000000000
80202  -48.940  14.173  -11.629 0.0000000000
109485  -48.274  14.491  -11.800 0.0000000000
80160  -48.044  13.728  -7.600 0.0000000000
80901  -48.076  14.104  -8.540 0.0000000000
81727  -48.368  15.486  -11.040 0.0000000000
81741  -48.320  15.260  -11.567 0.0000000000
80946  -46.977  14.792  -11.991 0.0000000000
80945  -45.952  14.497  -11.977 0.0000000000
81738  -45.747  14.835  -11.820 0.0000000000
81732  -45.121  14.807  -11.543 0.0000000000
80935  -44.295  14.585  -11.256 0.0000000000
83005  -40.283  17.255  5.010 0.0000000000
84226  -42.764  19.288  4.419 0.0000000000
83643  -43.297  18.766  4.108 0.0000000000
110155  -42.401  17.588  2.369 0.0000000000
83681  -42.431  18.566  -0.351 0.0000000000
122454  -42.515  18.813  -1.120 0.0000000000
85868  -46.940  22.491  5.002 0.0000000000
85872  -46.389  21.816  4.876 0.0000000000
84778  -45.831  20.611  2.762 0.0000000000
125923  -48.998  22.332  2.318 0.0000000000
85343  -48.361  22.047  2.151 0.0000000000
85342  -47.572  21.720  1.911 0.0000000000
85883  -47.188  22.090  1.019 0.0000000000
85341  -46.698  21.557  1.732 0.0000000000
126563  -45.824  20.863  2.196 0.0000000000
85339  -44.874  21.041  0.969 0.0000000000
84786  -44.142  20.936  0.236 0.0000000000
85356  -44.582  21.793  -0.933 0.0000000000
85355  -43.820  21.343  -1.229 0.0000000000
84263  -42.841  19.931  -1.870 0.0000000000
84270  -42.943  19.388  -2.367 0.0000000000
83703  -43.494  18.658  -3.429 0.0000000000
84835  -46.057  19.911  -6.278 0.0000000000
84849  -45.007  20.241  -8.388 0.0000000000
87053  -51.299  24.438  -5.424 0.0000000000
120326  -49.507  24.506  -4.665 0.0000000000
105574  -49.163  24.527  -5.504 0.0000000000
87068  -48.768  24.557  -6.473 0.0000000000
87025  -47.144  24.480  -2.819 0.0000000000
105646  -47.432  24.472  -3.684 0.0000000000
105641  -46.814  24.533  -4.423 0.0000000000
105636  -46.155  24.542  -5.151 0.0000000000
87066  -46.285  24.599  -6.104 0.0000000000
87078  -45.539  24.605  -6.670 0.0000000000
109577  -44.194  23.943  -7.457 0.0000000000
85960  -42.548  22.440  -7.687 0.0000000000
85395  -42.111  21.604  -7.640 0.0000000000
85386  -40.024  21.806  -6.374 0.0000000000
87049  -41.850  24.490  -4.665 0.0000000000
120172  -38.195  24.127  -4.780 0.0000000000
88074  -46.087  26.850  3.162 0.0000000000
88085  -45.495  26.506  2.692 0.0000000000
88090  -44.238  25.922  1.802 0.0000000000
88083  -43.987  26.693  1.925 0.0000000000
87559  -43.768  25.394  1.208 0.0000000000
87573  -43.216  25.211  0.756 0.0000000000
88095  -42.234  26.175  0.957 0.0000000000
87586  -41.871  25.158  -0.129 0.0000000000
86989  -41.233  25.120  -0.626 0.0000000000
78713  -44.931  11.653  5.365 0.0000000000
78723  -44.917  11.693  4.546 0.0000000000
79370  -42.213  12.160  6.706 0.0000000000
79372  -44.729  11.967  6.945 0.0000000000
79380  -40.879  12.930  5.939 0.0000000000
79384  -46.545  12.286  5.774 0.0000000000
80053  -40.863  13.973  4.911 0.0000000000
80071  -46.869  13.180  1.922 0.0000000000
80164  -54.967  14.517  -7.872 0.0000000000
80728  -48.270  14.507  8.484 0.0000000000
80766  -50.072  14.620  3.758 0.0000000000
80800  -48.780  14.746  0.784 0.0000000000
80917  -54.214  14.763  -9.211 0.0000000000
80918  -54.739  14.655  -8.652 0.0000000000
80938  -50.059  14.012  -11.481 0.0000000000
81661  -49.679  15.309  -3.652 0.0000000000
81713  -55.146  15.630  -7.772 0.0000000000
82232  -41.619  16.652  11.394 0.0000000000
82263  -45.603  16.303  10.737 0.0000000000
82265  -47.512  16.252  9.911 0.0000000000
82328  -52.946  16.842  3.732 0.0000000000
82340  -52.063  16.584  1.078 0.0000000000
82886  -44.790  17.933  17.358 0.0000000000
82933  -40.246  17.087  11.765 0.0000000000
83026  -52.943  17.124  2.045 0.0000000000
83045  -54.887  18.042  0.468 0.0000000000
83060  -54.923  17.849  -0.234 0.0000000000
83507  -46.284  19.114  17.329 0.0000000000
83561  -47.561  18.606  11.575 0.0000000000
84101  -41.128  21.220  17.266 0.0000000000
84114  -42.477  20.879  17.234 0.0000000000
84118  -47.011  19.389  16.968 0.0000000000
84126  -42.581  20.986  16.482 0.0000000000
84129  -47.032  19.999  16.313 0.0000000000
84146  -46.704  19.804  13.413 0.0000000000
84701  -40.108  21.140  17.248 0.0000000000
84709  -41.241  21.398  16.870 0.0000000000
85318  -39.449  22.123  5.392 0.0000000000
85921  -45.807  22.535  -2.288 0.0000000000
85938  -45.749  22.075  -4.327 0.0000000000
85957  -50.099  23.175  -8.078 0.0000000000
85969  -48.668  22.860  -8.298 0.0000000000
86410  -50.703  23.513  3.517 0.0000000000
86422  -53.485  24.510  -0.152 0.0000000000
86437  -52.505  23.532  -1.323 0.0000000000
86438  -53.352  23.856  -1.769 0.0000000000
86450  -53.418  24.036  -3.226 0.0000000000
86460  -53.330  23.940  -3.720 0.0000000000
86469  -52.463  23.815  -5.240 0.0000000000
86470  -52.962  23.965  -4.682 0.0000000000
86479  -52.566  24.021  -5.496 0.0000000000
86486  -51.922  24.011  -6.460 0.0000000000
86487  -52.337  24.027  -6.034 0.0000000000
86496  -50.541  23.701  -8.094 0.0000000000
86498  -51.489  23.831  -6.986 0.0000000000
86501  -48.487  23.836  -8.252 0.0000000000
86504  -50.511  23.938  -8.231 0.0000000000
86881  -40.236  24.611  10.966 0.0000000000
86963  -53.328  25.002  1.812 0.0000000000
87042  -50.729  24.522  -3.860 0.0000000000
87043  -52.241  24.421  -3.499 0.0000000000
87044  -53.194  24.055  -3.909 0.0000000000
87054  -52.145  24.236  -5.126 0.0000000000
87090  -46.564  24.284  -7.620 0.0000000000
87092  -50.363  24.207  -8.086 0.0000000000
87459  -43.138  25.922  12.125 0.0000000000
87467  -44.061  25.879  11.938 0.0000000000
87537  -52.491  25.722  4.495 0.0000000000
87576  -52.700  25.345  0.305 0.0000000000
87591  -53.445  24.985  -1.050 0.0000000000
87996  -44.626  26.336  12.281 0.0000000000
87997  -45.570  26.537  12.199 0.0000000000
88081  -52.943  26.126  4.059 0.0000000000
88497  -44.104  26.729  12.289 0.0000000000
88510  -47.105  27.258  11.740 0.0000000000
88545  -51.734  27.278  7.171 0.0000000000
105501  -49.762  24.485  -7.446 0.0000000000
105637  -51.430  24.460  -4.534 0.0000000000
108093  -53.215  23.720  -3.162 0.0000000000
108568  -47.996  12.939  5.887 0.0000000000
108811  -42.046  12.079  5.941 0.0000000000
111027  -43.658  12.233  7.670 0.0000000000
111127  -51.174  23.430  -5.405 0.0000000000
117225  -51.958  23.646  -5.365 0.0000000000
117340  -43.144  19.882  -2.586 0.0000000000
118916  -47.963  14.952  -12.004 0.0000000000
119682  -43.759  26.252  12.269 0.0000000000
120674  -50.701  22.969  -0.108 0.0000000000
122088  -49.493  22.739  3.512 0.0000000000
122684  -35.594  20.602  7.571 0.0000000000
124689  -49.763  24.658  -1.141 0.0000000000
126211  -53.113  24.528  1.906 0.0000000000
126665  -43.175  12.253  7.631 0.0000000000
126898  -43.059  20.881  16.554 0.0000000000
126934  -52.410  16.312  4.601 0.0000000000
127119  -39.540  20.937  17.372 0.0000000000
127162  -48.522  14.147  8.078 0.0000000000
