#!ascii label  , from subject sub-v2s15x29745_ses-1 vox2ras=TkReg
1540
45144  -30.830  -22.317  47.656 0.0000000000
63172  -48.938  -6.009  32.894 0.0000000000
113153  -40.949  -12.846  39.381 0.0000000000
117228  -3.676  -26.590  44.418 0.0000000000
50457  -20.165  -17.576  49.479 0.0000000000
123664  -12.491  -22.157  46.231 0.0000000000
126280  -10.139  -21.095  54.010 0.0000000000
57220  -46.389  -12.054  34.129 0.0000000000
44239  -13.369  -23.304  39.361 0.0000000000
38455  -4.535  -29.422  51.050 0.0000000000
105918  -30.915  -17.965  39.059 0.0000000000
46139  -26.800  -21.255  45.123 0.0000000000
50496  -26.354  -17.355  47.359 0.0000000000
64150  -51.272  -5.104  30.052 0.0000000000
117581  -42.742  -11.567  36.774 0.0000000000
47251  -16.703  -20.715  46.516 0.0000000000
49514  -11.001  -18.220  41.126 0.0000000000
41358  -8.853  -27.196  45.272 0.0000000000
40423  -9.385  -27.317  41.436 0.0000000000
40420  -4.792  -26.985  41.148 0.0000000000
42297  -12.481  -25.411  52.896 0.0000000000
39376  -9.629  -28.300  55.594 0.0000000000
115183  -37.887  -14.119  40.924 0.0000000000
53691  -22.762  -14.765  50.496 0.0000000000
109370  -21.549  -17.298  45.856 0.0000000000
46095  -11.209  -20.857  50.072 0.0000000000
41334  -8.961  -26.090  49.378 0.0000000000
58189  -49.080  -10.880  32.552 0.0000000000
44198  -14.541  -23.996  49.774 0.0000000000
43289  -17.369  -24.518  48.269 0.0000000000
45157  -13.302  -22.558  42.655 0.0000000000
123169  -8.929  -27.942  37.886 0.0000000000
103505  -7.151  -22.044  58.159 0.0000000000
41320  -7.093  -26.942  53.318 0.0000000000
125552  -3.192  -27.586  48.300 0.0000000000
46145  -33.243  -22.169  46.392 0.0000000000
47304  -30.676  -20.906  44.005 0.0000000000
47316  -31.153  -19.915  43.514 0.0000000000
46124  -28.935  -21.650  47.140 0.0000000000
46170  -27.831  -21.067  42.766 0.0000000000
48363  -29.277  -19.565  48.192 0.0000000000
63185  -50.002  -5.244  31.459 0.0000000000
61337  -45.990  -7.481  30.424 0.0000000000
62280  -48.423  -6.355  29.963 0.0000000000
62293  -49.326  -6.543  28.674 0.0000000000
56175  -41.794  -11.794  37.690 0.0000000000
56192  -36.921  -12.730  36.295 0.0000000000
56208  -38.253  -12.313  35.402 0.0000000000
118582  -39.475  -11.841  34.262 0.0000000000
40370  -6.547  -27.993  45.115 0.0000000000
39456  -7.175  -28.307  43.437 0.0000000000
40401  -4.213  -26.469  42.617 0.0000000000
41423  -2.552  -26.474  40.463 0.0000000000
122308  -0.548  -26.399  41.737 0.0000000000
40311  -12.498  -27.793  49.855 0.0000000000
39399  -11.247  -28.661  51.318 0.0000000000
51628  -37.293  -15.615  42.162 0.0000000000
126151  -33.834  -17.422  41.700 0.0000000000
106523  -32.203  -16.818  38.268 0.0000000000
51652  -34.178  -15.942  40.147 0.0000000000
53879  -34.870  -14.744  39.196 0.0000000000
116293  -25.217  -13.811  51.356 0.0000000000
48395  -24.376  -19.608  45.295 0.0000000000
49432  -23.728  -18.357  46.938 0.0000000000
60362  -52.940  -9.343  28.329 0.0000000000
60374  -53.936  -9.649  27.738 0.0000000000
46067  -10.865  -21.188  52.079 0.0000000000
43269  -11.251  -23.966  50.751 0.0000000000
43263  -11.139  -24.081  52.203 0.0000000000
56240  -48.218  -12.376  33.240 0.0000000000
57255  -42.290  -11.445  31.669 0.0000000000
105245  -44.821  -12.221  30.776 0.0000000000
57266  -46.279  -11.928  30.286 0.0000000000
104476  -13.518  -21.085  51.547 0.0000000000
47218  -15.786  -21.146  49.845 0.0000000000
110662  -11.094  -19.919  45.054 0.0000000000
47310  -12.029  -20.099  43.594 0.0000000000
45153  -12.902  -22.526  44.257 0.0000000000
40465  -6.438  -27.309  39.424 0.0000000000
106948  -9.042  -28.044  39.368 0.0000000000
42391  -6.071  -25.233  38.409 0.0000000000
118974  -9.135  -21.454  59.323 0.0000000000
38432  -6.735  -29.803  53.005 0.0000000000
40286  -7.175  -27.587  55.666 0.0000000000
106717  -5.682  -28.270  52.147 0.0000000000
40308  -5.642  -27.049  51.015 0.0000000000
39397  -1.767  -28.905  50.461 0.0000000000
49497  -32.679  -18.407  42.330 0.0000000000
52583  -26.261  -15.265  50.383 0.0000000000
50459  -28.045  -17.185  49.611 0.0000000000
117261  -26.661  -19.167  46.092 0.0000000000
63220  -52.653  -5.538  28.756 0.0000000000
126562  -50.353  -7.425  27.979 0.0000000000
57201  -44.323  -11.522  35.288 0.0000000000
57233  -41.323  -11.399  33.532 0.0000000000
50508  -18.550  -17.519  46.345 0.0000000000
49423  -18.598  -18.776  48.604 0.0000000000
47336  -12.787  -20.375  40.940 0.0000000000
113316  -11.801  -24.571  46.677 0.0000000000
42333  -11.224  -25.190  44.291 0.0000000000
41366  -10.037  -26.824  43.575 0.0000000000
39503  -7.057  -28.019  40.848 0.0000000000
41442  -4.210  -26.404  39.466 0.0000000000
121150  -12.643  -23.953  55.376 0.0000000000
43251  -12.050  -24.728  57.574 0.0000000000
125676  -11.314  -27.347  54.738 0.0000000000
38446  -8.944  -29.619  52.331 0.0000000000
104217  -38.928  -13.417  39.826 0.0000000000
55104  -35.833  -13.591  37.995 0.0000000000
115157  -21.719  -16.633  49.823 0.0000000000
51496  -24.459  -16.138  49.030 0.0000000000
50473  -22.596  -17.161  48.444 0.0000000000
111966  -20.965  -17.194  47.338 0.0000000000
47268  -9.867  -20.170  46.903 0.0000000000
47231  -9.436  -20.520  48.618 0.0000000000
46109  -11.806  -21.433  48.369 0.0000000000
42315  -11.218  -24.922  48.181 0.0000000000
41340  -9.098  -26.281  47.915 0.0000000000
107264  -6.659  -27.622  47.153 0.0000000000
60302  -49.004  -7.952  33.380 0.0000000000
59282  -45.794  -9.535  30.083 0.0000000000
45113  -13.624  -22.713  53.761 0.0000000000
43270  -13.336  -24.798  50.990 0.0000000000
40320  -13.188  -27.092  48.809 0.0000000000
47219  -18.735  -20.838  49.409 0.0000000000
44209  -19.308  -23.032  50.570 0.0000000000
45126  -17.839  -23.195  51.312 0.0000000000
42311  -16.667  -25.258  49.610 0.0000000000
41347  -14.810  -26.150  47.489 0.0000000000
49490  -9.315  -18.733  42.363 0.0000000000
122100  -12.434  -20.372  42.194 0.0000000000
44235  -13.195  -23.218  40.594 0.0000000000
42346  -11.257  -25.397  42.725 0.0000000000
41426  -11.393  -26.263  40.687 0.0000000000
40471  -12.159  -27.226  38.439 0.0000000000
104570  -9.929  -21.813  56.436 0.0000000000
42271  -8.886  -25.039  57.832 0.0000000000
43254  -8.695  -24.719  56.715 0.0000000000
42288  -10.289  -24.964  54.754 0.0000000000
42299  -8.383  -26.077  51.297 0.0000000000
110698  -6.187  -27.638  49.072 0.0000000000
40358  -3.421  -27.026  45.969 0.0000000000
38492  -1.794  -29.397  47.744 0.0000000000
39425  -0.673  -28.410  47.382 0.0000000000
118310  -1.001  -25.811  43.448 0.0000000000
45150  -32.064  -22.542  47.271 0.0000000000
47237  -31.592  -21.265  48.963 0.0000000000
122787  -30.809  -22.111  45.869 0.0000000000
46155  -31.654  -21.368  45.148 0.0000000000
45143  -30.197  -22.134  47.406 0.0000000000
46142  -29.896  -22.014  45.948 0.0000000000
46101  -30.270  -21.248  48.872 0.0000000000
47254  -29.672  -21.304  48.422 0.0000000000
64107  -49.967  -5.004  32.227 0.0000000000
62244  -48.100  -7.043  31.986 0.0000000000
124080  -47.012  -6.526  30.203 0.0000000000
62255  -48.348  -6.489  31.518 0.0000000000
62268  -49.151  -6.382  30.444 0.0000000000
104194  -40.992  -12.001  37.992 0.0000000000
56142  -43.622  -12.799  39.887 0.0000000000
55078  -42.545  -12.959  39.862 0.0000000000
108287  -37.476  -12.538  35.836 0.0000000000
109891  -39.171  -12.222  36.888 0.0000000000
56195  -40.039  -11.947  36.913 0.0000000000
40369  -5.481  -27.829  45.265 0.0000000000
39454  -5.354  -27.914  43.929 0.0000000000
40384  -3.893  -26.697  43.836 0.0000000000
41386  -3.008  -25.856  42.525 0.0000000000
41374  -2.379  -25.057  43.682 0.0000000000
39414  -12.293  -28.392  48.565 0.0000000000
39413  -11.800  -29.037  48.887 0.0000000000
50589  -35.252  -16.985  42.320 0.0000000000
120891  -33.820  -16.461  40.388 0.0000000000
51627  -35.859  -16.346  42.106 0.0000000000
52718  -36.249  -15.747  41.554 0.0000000000
61356  -54.295  -8.111  28.312 0.0000000000
60373  -53.430  -10.173  27.892 0.0000000000
62311  -55.470  -7.213  28.000 0.0000000000
46054  -10.688  -21.286  52.817 0.0000000000
109245  -11.356  -22.726  52.297 0.0000000000
44188  -11.243  -22.931  53.496 0.0000000000
56224  -47.407  -12.541  33.797 0.0000000000
57221  -48.457  -12.182  34.881 0.0000000000
57235  -44.800  -11.469  33.668 0.0000000000
57256  -43.894  -11.575  31.421 0.0000000000
105246  -45.297  -11.746  32.673 0.0000000000
106363  -46.318  -12.160  32.374 0.0000000000
48349  -15.015  -20.033  50.865 0.0000000000
48351  -16.947  -20.223  50.961 0.0000000000
50442  -21.266  -17.050  50.116 0.0000000000
49414  -19.830  -18.157  50.028 0.0000000000
45175  -13.595  -22.583  39.000 0.0000000000
47286  -11.584  -20.286  45.801 0.0000000000
47287  -12.377  -20.778  45.405 0.0000000000
45151  -12.644  -22.653  45.225 0.0000000000
105904  -4.994  -25.494  38.740 0.0000000000
41461  -6.371  -26.745  38.754 0.0000000000
43344  -5.372  -24.641  38.511 0.0000000000
103506  -8.580  -19.999  58.737 0.0000000000
103508  -10.633  -20.869  58.449 0.0000000000
38443  -5.494  -29.654  51.955 0.0000000000
39385  -5.317  -28.927  53.303 0.0000000000
38442  -4.818  -29.183  51.699 0.0000000000
40299  -4.061  -29.105  51.516 0.0000000000
38453  -2.605  -29.020  50.769 0.0000000000
47307  -33.512  -20.073  44.767 0.0000000000
48441  -32.166  -18.974  43.154 0.0000000000
48428  -33.691  -19.214  44.229 0.0000000000
49482  -34.056  -18.564  43.625 0.0000000000
116953  -27.804  -20.481  46.430 0.0000000000
49448  -28.225  -18.932  46.601 0.0000000000
48383  -26.483  -20.012  45.859 0.0000000000
48397  -25.825  -20.196  45.581 0.0000000000
63202  -51.861  -5.227  29.227 0.0000000000
62282  -50.173  -6.339  29.346 0.0000000000
62294  -50.370  -6.851  28.532 0.0000000000
63218  -50.876  -6.375  28.860 0.0000000000
63219  -51.782  -6.125  28.705 0.0000000000
57200  -43.158  -11.426  35.839 0.0000000000
56161  -45.670  -12.148  38.011 0.0000000000
109690  -44.932  -12.320  38.045 0.0000000000
57198  -41.019  -11.568  35.243 0.0000000000
57232  -40.552  -11.522  33.698 0.0000000000
104656  -41.681  -11.473  34.779 0.0000000000
104654  -42.840  -11.426  33.987 0.0000000000
112796  -11.795  -18.323  40.627 0.0000000000
49515  -12.352  -18.920  40.699 0.0000000000
121010  -12.230  -19.239  41.178 0.0000000000
41351  -10.276  -26.015  45.645 0.0000000000
41360  -10.431  -26.284  44.711 0.0000000000
110178  -9.837  -26.779  44.487 0.0000000000
39486  -5.670  -28.069  42.125 0.0000000000
39472  -7.448  -28.548  42.459 0.0000000000
40442  -5.522  -27.334  40.648 0.0000000000
40464  -5.623  -27.173  39.824 0.0000000000
41424  -4.703  -26.887  40.155 0.0000000000
106425  -3.681  -26.535  40.066 0.0000000000
43258  -12.613  -24.452  54.633 0.0000000000
42289  -12.279  -25.261  55.226 0.0000000000
41319  -11.807  -26.091  53.195 0.0000000000
38473  -10.415  -29.609  50.073 0.0000000000
38447  -10.003  -29.246  51.792 0.0000000000
104827  -8.953  -29.868  50.848 0.0000000000
105914  -7.836  -29.909  51.242 0.0000000000
55055  -38.362  -13.741  40.339 0.0000000000
123755  -36.807  -14.132  40.289 0.0000000000
53891  -35.294  -14.169  38.591 0.0000000000
55054  -37.423  -13.813  40.071 0.0000000000
55093  -37.431  -13.103  38.538 0.0000000000
53683  -22.206  -14.310  51.116 0.0000000000
52563  -21.866  -15.911  50.259 0.0000000000
52564  -22.561  -15.545  50.024 0.0000000000
51513  -26.197  -16.433  48.626 0.0000000000
52582  -25.416  -15.338  49.913 0.0000000000
51512  -25.207  -16.508  48.501 0.0000000000
50527  -22.890  -18.015  46.212 0.0000000000
50474  -23.505  -17.381  48.054 0.0000000000
122057  -22.401  -17.594  47.337 0.0000000000
50493  -22.113  -17.366  47.913 0.0000000000
50510  -21.264  -17.233  46.621 0.0000000000
122404  -20.004  -17.081  46.043 0.0000000000
111745  -9.904  -20.398  50.040 0.0000000000
47215  -10.130  -20.483  49.282 0.0000000000
47232  -10.356  -20.546  48.449 0.0000000000
45133  -11.889  -21.690  48.986 0.0000000000
44211  -12.333  -22.993  48.748 0.0000000000
44202  -11.839  -23.184  49.581 0.0000000000
42308  -10.319  -25.342  49.618 0.0000000000
112365  -10.256  -25.492  48.758 0.0000000000
115458  -9.219  -26.071  48.620 0.0000000000
40339  -8.095  -27.087  47.379 0.0000000000
40328  -7.858  -26.920  48.251 0.0000000000
60322  -49.105  -9.127  32.945 0.0000000000
121880  -50.717  -8.238  34.142 0.0000000000
59241  -50.399  -9.102  34.364 0.0000000000
58196  -47.224  -11.770  31.804 0.0000000000
58214  -46.303  -11.364  29.925 0.0000000000
58205  -47.445  -10.398  31.939 0.0000000000
60336  -47.077  -8.980  31.827 0.0000000000
123750  -13.097  -21.042  53.796 0.0000000000
45124  -13.587  -22.935  50.386 0.0000000000
116381  -13.286  -23.399  51.331 0.0000000000
43271  -13.954  -24.636  50.138 0.0000000000
114705  -13.369  -25.867  50.573 0.0000000000
42309  -13.868  -25.736  49.861 0.0000000000
48369  -17.520  -19.759  47.490 0.0000000000
48362  -18.356  -19.881  48.962 0.0000000000
111978  -17.275  -20.832  47.790 0.0000000000
44216  -17.066  -23.741  47.543 0.0000000000
45136  -18.412  -22.790  49.152 0.0000000000
44213  -18.190  -23.530  49.232 0.0000000000
44201  -18.735  -23.457  50.651 0.0000000000
43273  -18.270  -24.091  50.093 0.0000000000
44206  -16.916  -24.251  50.217 0.0000000000
42312  -17.264  -25.148  49.384 0.0000000000
42320  -15.423  -25.835  46.911 0.0000000000
48431  -8.848  -19.155  42.934 0.0000000000
104158  -13.148  -21.641  42.900 0.0000000000
47318  -12.077  -19.933  42.633 0.0000000000
46165  -13.071  -21.675  42.202 0.0000000000
46173  -13.070  -21.776  41.538 0.0000000000
44232  -13.017  -23.578  41.313 0.0000000000
41376  -10.459  -26.239  43.143 0.0000000000
42339  -11.128  -25.379  43.475 0.0000000000
41388  -10.394  -26.246  42.489 0.0000000000
105249  -8.970  -28.105  38.534 0.0000000000
40446  -10.252  -27.295  40.230 0.0000000000
40469  -10.663  -27.619  39.284 0.0000000000
41444  -11.794  -26.533  39.828 0.0000000000
40503  -10.507  -28.148  37.742 0.0000000000
107064  -10.701  -28.079  36.958 0.0000000000
103944  -9.098  -21.529  57.186 0.0000000000
41305  -11.017  -26.459  57.157 0.0000000000
113247  -10.395  -25.922  57.786 0.0000000000
41307  -9.280  -27.019  56.932 0.0000000000
40289  -6.446  -27.526  54.604 0.0000000000
41310  -7.543  -26.404  55.926 0.0000000000
42283  -8.290  -25.950  55.492 0.0000000000
43256  -9.563  -24.672  55.881 0.0000000000
42286  -8.730  -26.276  54.111 0.0000000000
42295  -9.376  -25.571  52.501 0.0000000000
41321  -7.857  -26.412  52.596 0.0000000000
119008  -4.035  -28.125  49.607 0.0000000000
40317  -5.971  -27.386  50.246 0.0000000000
40325  -4.192  -27.798  48.634 0.0000000000
104686  -4.804  -27.574  47.760 0.0000000000
40346  -2.557  -27.136  46.836 0.0000000000
38508  -1.361  -29.559  46.731 0.0000000000
38491  -0.999  -28.982  47.610 0.0000000000
47294  -34.488  -21.336  45.916 0.0000000000
112289  -29.951  -20.746  42.122 0.0000000000
47326  -30.823  -20.108  42.425 0.0000000000
47305  -31.314  -20.583  44.309 0.0000000000
47306  -32.285  -20.782  44.830 0.0000000000
46140  -27.693  -21.393  45.424 0.0000000000
46152  -28.344  -21.407  44.686 0.0000000000
46163  -29.211  -21.222  43.828 0.0000000000
48372  -29.201  -20.627  47.969 0.0000000000
63193  -50.678  -4.881  30.906 0.0000000000
62290  -46.710  -6.589  28.919 0.0000000000
62291  -47.592  -6.458  28.676 0.0000000000
104791  -47.846  -6.540  27.832 0.0000000000
106095  -48.746  -6.412  29.178 0.0000000000
63192  -49.795  -6.139  30.151 0.0000000000
120068  -42.460  -11.727  37.387 0.0000000000
56177  -43.920  -12.336  38.095 0.0000000000
56159  -43.689  -12.511  38.934 0.0000000000
57129  -44.538  -12.348  41.271 0.0000000000
55142  -35.364  -13.361  34.815 0.0000000000
55143  -35.963  -13.060  34.266 0.0000000000
56220  -36.744  -12.696  34.142 0.0000000000
56236  -37.564  -12.530  33.080 0.0000000000
105818  -38.216  -12.415  32.731 0.0000000000
56223  -38.928  -12.070  34.762 0.0000000000
57197  -40.543  -11.713  36.158 0.0000000000
124304  -8.033  -27.599  45.232 0.0000000000
40372  -8.393  -27.593  44.514 0.0000000000
39443  -6.848  -28.052  44.323 0.0000000000
39470  -5.477  -28.098  43.140 0.0000000000
110451  -4.892  -27.162  41.984 0.0000000000
104095  -3.817  -26.594  40.850 0.0000000000
41404  -2.797  -26.325  41.480 0.0000000000
41403  -1.347  -26.390  41.202 0.0000000000
120750  -12.541  -26.609  51.750 0.0000000000
40297  -12.028  -27.194  51.986 0.0000000000
39400  -11.638  -28.703  50.594 0.0000000000
52719  -38.147  -15.464  42.272 0.0000000000
50605  -32.374  -17.492  40.111 0.0000000000
50610  -31.599  -17.436  38.681 0.0000000000
50606  -32.861  -17.045  39.826 0.0000000000
107638  -33.250  -16.252  39.006 0.0000000000
52755  -33.520  -15.779  38.521 0.0000000000
52744  -34.509  -15.369  39.699 0.0000000000
52733  -36.666  -15.204  41.231 0.0000000000
53692  -23.867  -14.486  50.557 0.0000000000
49445  -25.155  -18.584  46.556 0.0000000000
50495  -25.294  -17.510  47.397 0.0000000000
49444  -24.156  -18.780  46.547 0.0000000000
123020  -23.354  -18.578  45.814 0.0000000000
60385  -52.695  -10.330  27.507 0.0000000000
59323  -53.040  -10.882  27.000 0.0000000000
59324  -53.926  -10.804  27.068 0.0000000000
60386  -54.248  -9.820  26.365 0.0000000000
46081  -11.088  -21.000  51.032 0.0000000000
104248  -11.651  -22.484  50.240 0.0000000000
44192  -11.447  -22.940  51.658 0.0000000000
43265  -10.866  -24.439  51.423 0.0000000000
42304  -9.961  -25.462  50.629 0.0000000000
57249  -48.675  -11.688  32.728 0.0000000000
58181  -49.432  -11.416  34.160 0.0000000000
57264  -42.989  -11.746  30.265 0.0000000000
120030  -43.804  -12.219  29.822 0.0000000000
117311  -44.909  -12.085  29.092 0.0000000000
105225  -45.695  -12.266  30.186 0.0000000000
105129  -46.643  -12.145  31.567 0.0000000000
47183  -13.445  -20.592  52.276 0.0000000000
47194  -13.888  -20.165  51.599 0.0000000000
46083  -14.176  -21.341  50.209 0.0000000000
45129  -14.748  -22.452  49.556 0.0000000000
44215  -16.390  -23.199  46.764 0.0000000000
43287  -16.168  -25.085  47.125 0.0000000000
48407  -9.700  -19.861  43.969 0.0000000000
48420  -10.331  -19.613  43.262 0.0000000000
47309  -10.918  -19.834  44.117 0.0000000000
46147  -12.976  -21.573  44.169 0.0000000000
107896  -13.131  -22.886  43.395 0.0000000000
40444  -7.536  -27.839  40.114 0.0000000000
40445  -8.340  -27.906  40.054 0.0000000000
109742  -7.791  -27.869  39.472 0.0000000000
104901  -7.685  -27.695  38.806 0.0000000000
41479  -7.728  -26.139  37.678 0.0000000000
49350  -7.401  -18.497  57.677 0.0000000000
103695  -7.395  -20.194  59.201 0.0000000000
103980  -7.115  -21.421  59.012 0.0000000000
39379  -7.950  -29.134  54.836 0.0000000000
39374  -7.730  -28.363  55.576 0.0000000000
38422  -5.827  -29.338  54.174 0.0000000000
115551  -5.585  -27.943  54.218 0.0000000000
40295  -6.235  -27.452  53.278 0.0000000000
40301  -6.188  -27.346  52.351 0.0000000000
104400  -5.441  -27.501  51.393 0.0000000000
40306  -4.107  -28.048  50.878 0.0000000000
40313  -1.926  -28.086  49.743 0.0000000000
49531  -30.462  -18.801  39.358 0.0000000000
48449  -31.073  -19.529  41.965 0.0000000000
49511  -31.342  -18.903  41.590 0.0000000000
49524  -31.907  -17.965  40.548 0.0000000000
49498  -33.372  -17.822  41.954 0.0000000000
49499  -34.463  -17.989  43.101 0.0000000000
114180  -26.776  -17.009  48.169 0.0000000000
50479  -28.470  -17.909  49.210 0.0000000000
50497  -27.411  -17.436  47.535 0.0000000000
50513  -26.903  -17.834  46.755 0.0000000000
48382  -25.669  -19.476  46.035 0.0000000000
104190  -49.827  -7.697  27.307 0.0000000000
61354  -52.184  -8.134  28.359 0.0000000000
62296  -52.410  -7.202  28.497 0.0000000000
57219  -45.295  -11.630  34.565 0.0000000000
120840  -46.569  -12.172  36.480 0.0000000000
56178  -46.212  -12.087  37.312 0.0000000000
56249  -39.418  -11.941  32.712 0.0000000000
57234  -42.147  -11.312  33.321 0.0000000000
104850  -43.814  -11.380  33.823 0.0000000000
50490  -19.373  -17.540  47.792 0.0000000000
50470  -19.194  -18.029  48.597 0.0000000000
49442  -17.863  -18.037  46.867 0.0000000000
49441  -17.192  -18.644  46.335 0.0000000000
48452  -13.172  -20.154  40.115 0.0000000000
46179  -13.295  -21.895  39.869 0.0000000000
44217  -12.558  -23.394  46.532 0.0000000000
44220  -12.477  -23.458  45.619 0.0000000000
42328  -11.274  -25.303  45.124 0.0000000000
41367  -10.513  -26.321  43.857 0.0000000000
40388  -9.550  -27.390  43.186 0.0000000000
40387  -8.747  -27.741  43.610 0.0000000000
39473  -8.373  -28.415  42.172 0.0000000000
39489  -8.398  -28.232  41.457 0.0000000000
104127  -6.913  -27.680  40.023 0.0000000000
44174  -12.793  -22.942  57.796 0.0000000000
43255  -12.778  -24.559  56.666 0.0000000000
41309  -12.198  -26.085  56.092 0.0000000000
108802  -10.885  -27.864  55.179 0.0000000000
112326  -11.087  -28.047  52.919 0.0000000000
40292  -10.586  -28.472  53.700 0.0000000000
39383  -9.047  -29.352  54.329 0.0000000000
38433  -7.886  -29.744  53.149 0.0000000000
38444  -6.560  -29.973  51.550 0.0000000000
38468  -5.452  -29.874  50.000 0.0000000000
55076  -40.544  -13.228  39.889 0.0000000000
55057  -41.827  -13.780  41.148 0.0000000000
55043  -41.178  -14.015  41.583 0.0000000000
106208  -31.178  -17.289  36.993 0.0000000000
55119  -35.071  -13.628  36.219 0.0000000000
56153  -37.971  -12.780  38.201 0.0000000000
51474  -21.620  -16.376  50.455 0.0000000000
50458  -21.317  -17.011  49.365 0.0000000000
52567  -25.599  -14.795  50.527 0.0000000000
52566  -24.624  -14.958  50.208 0.0000000000
52580  -23.707  -15.769  49.442 0.0000000000
50475  -24.351  -17.487  47.745 0.0000000000
51495  -23.600  -16.364  49.024 0.0000000000
115318  -23.003  -16.003  49.487 0.0000000000
51493  -21.994  -16.812  49.179 0.0000000000
50472  -21.539  -17.127  48.571 0.0000000000
108763  -20.798  -17.252  48.112 0.0000000000
121068  -19.480  -17.253  46.748 0.0000000000
61398  -52.793  -8.286  25.555 0.0000000000
62339  -51.942  -7.020  25.132 0.0000000000
63274  -51.245  -6.087  24.755 0.0000000000
106407  -10.039  -19.975  46.187 0.0000000000
47270  -11.601  -20.577  46.625 0.0000000000
47248  -9.627  -20.451  47.761 0.0000000000
47250  -11.294  -20.676  47.303 0.0000000000
45140  -12.475  -22.376  47.532 0.0000000000
44214  -12.591  -23.156  47.396 0.0000000000
43285  -11.558  -24.697  47.418 0.0000000000
42318  -10.285  -25.603  47.382 0.0000000000
43275  -11.429  -24.123  49.819 0.0000000000
42314  -10.549  -25.364  48.127 0.0000000000
41345  -9.611  -26.011  47.216 0.0000000000
125836  -7.645  -27.588  46.235 0.0000000000
40359  -6.258  -27.921  45.824 0.0000000000
104813  -5.276  -27.702  45.987 0.0000000000
62233  -48.872  -6.531  33.301 0.0000000000
57276  -45.285  -11.736  29.137 0.0000000000
58234  -45.204  -10.865  29.009 0.0000000000
60361  -45.068  -8.965  28.696 0.0000000000
60334  -45.973  -8.348  31.209 0.0000000000
61318  -47.880  -7.744  32.224 0.0000000000
44186  -13.568  -23.230  54.202 0.0000000000
43264  -13.144  -24.215  53.101 0.0000000000
46069  -13.446  -22.099  51.938 0.0000000000
44191  -13.105  -23.658  52.350 0.0000000000
42302  -12.718  -25.494  52.020 0.0000000000
40312  -12.950  -27.080  49.633 0.0000000000
49413  -19.426  -19.131  49.961 0.0000000000
48357  -19.704  -20.465  50.341 0.0000000000
124332  -20.033  -21.130  50.677 0.0000000000
46110  -17.676  -21.216  48.432 0.0000000000
46099  -19.205  -21.705  49.750 0.0000000000
46086  -19.980  -22.423  51.717 0.0000000000
45122  -19.379  -23.037  51.962 0.0000000000
117278  -18.575  -22.870  52.168 0.0000000000
47196  -17.704  -20.728  51.548 0.0000000000
45125  -17.037  -22.802  50.622 0.0000000000
44205  -15.920  -23.826  49.832 0.0000000000
125416  -15.900  -25.172  49.647 0.0000000000
42321  -15.899  -25.728  47.611 0.0000000000
41343  -15.410  -25.991  48.099 0.0000000000
107595  -14.994  -25.463  49.468 0.0000000000
116771  -14.036  -26.370  47.882 0.0000000000
49503  -10.456  -18.515  41.684 0.0000000000
48433  -10.558  -19.290  42.498 0.0000000000
48434  -11.414  -19.406  42.201 0.0000000000
48443  -11.770  -19.232  41.652 0.0000000000
110321  -12.398  -19.768  41.385 0.0000000000
46177  -13.121  -21.829  40.810 0.0000000000
110149  -13.113  -23.631  39.970 0.0000000000
43298  -11.988  -24.089  44.157 0.0000000000
43301  -12.121  -24.242  43.389 0.0000000000
122669  -12.253  -24.411  42.642 0.0000000000
40424  -9.937  -26.952  41.192 0.0000000000
41407  -11.083  -26.056  41.497 0.0000000000
43311  -12.278  -25.000  41.729 0.0000000000
43317  -12.610  -24.956  40.848 0.0000000000
42377  -12.736  -25.328  39.833 0.0000000000
42393  -12.985  -25.790  38.957 0.0000000000
123650  -12.736  -27.138  37.742 0.0000000000
112454  -11.029  -23.117  58.790 0.0000000000
44168  -9.239  -23.339  58.684 0.0000000000
44172  -7.860  -23.465  57.940 0.0000000000
41306  -7.846  -26.295  56.355 0.0000000000
44177  -8.414  -24.434  57.452 0.0000000000
45105  -8.252  -23.308  57.561 0.0000000000
104242  -10.145  -23.269  56.402 0.0000000000
113546  -10.677  -23.422  55.622 0.0000000000
44184  -11.012  -23.024  54.061 0.0000000000
44187  -10.975  -23.617  53.599 0.0000000000
122362  -9.961  -25.237  52.115 0.0000000000
41329  -8.642  -26.084  50.292 0.0000000000
41327  -6.852  -26.625  51.066 0.0000000000
41332  -7.257  -26.667  50.178 0.0000000000
41338  -7.621  -26.784  49.202 0.0000000000
40337  -6.461  -27.530  48.028 0.0000000000
104856  -5.028  -27.585  46.767 0.0000000000
40368  -3.755  -26.673  45.065 0.0000000000
38482  -4.943  -29.812  49.190 0.0000000000
38493  -3.470  -29.421  47.322 0.0000000000
108843  -2.458  -29.660  49.314 0.0000000000
38465  -1.254  -29.436  49.719 0.0000000000
39411  -0.567  -29.194  49.612 0.0000000000
122423  -1.079  -27.949  48.379 0.0000000000
111851  -0.540  -27.961  46.741 0.0000000000
40345  -1.442  -27.081  46.746 0.0000000000
41357  -1.453  -26.645  45.778 0.0000000000
40367  -1.971  -26.056  44.703 0.0000000000
40383  -2.841  -25.086  44.169 0.0000000000
41373  -1.300  -25.496  43.325 0.0000000000
40419  0.067  -26.839  41.098 0.0000000000
45149  -31.428  -22.441  47.208 0.0000000000
45139  -32.469  -22.609  47.827 0.0000000000
45138  -31.849  -22.353  48.422 0.0000000000
45148  -30.735  -22.351  46.963 0.0000000000
46133  -31.416  -22.261  46.547 0.0000000000
45137  -31.032  -22.252  48.248 0.0000000000
46126  -30.428  -21.928  47.996 0.0000000000
46114  -31.322  -21.865  48.809 0.0000000000
63173  -49.430  -5.572  32.594 0.0000000000
64108  -50.703  -4.403  32.532 0.0000000000
63174  -50.240  -5.096  32.905 0.0000000000
62245  -48.554  -6.531  32.494 0.0000000000
63183  -48.870  -6.010  32.138 0.0000000000
63184  -49.386  -5.586  31.808 0.0000000000
108334  -40.939  -12.464  38.707 0.0000000000
56141  -41.701  -12.673  39.245 0.0000000000
56155  -39.401  -12.559  38.371 0.0000000000
125942  -38.704  -12.510  37.694 0.0000000000
56156  -40.232  -12.336  38.225 0.0000000000
117683  -40.374  -12.058  37.575 0.0000000000
39441  -4.647  -27.362  44.512 0.0000000000
41387  -3.429  -25.736  43.405 0.0000000000
39419  -11.869  -28.912  48.070 0.0000000000
47169  -10.157  -20.924  53.316 0.0000000000
46043  -11.010  -21.849  53.128 0.0000000000
46042  -10.597  -21.456  53.582 0.0000000000
56212  -47.654  -12.378  35.097 0.0000000000
114493  -47.017  -12.500  34.772 0.0000000000
104652  -44.275  -11.462  32.901 0.0000000000
57236  -45.829  -11.759  33.428 0.0000000000
49394  -16.875  -18.841  51.779 0.0000000000
48339  -16.355  -19.435  51.297 0.0000000000
48340  -17.406  -19.703  51.475 0.0000000000
124501  -20.769  -17.283  49.634 0.0000000000
118649  -20.563  -17.747  50.287 0.0000000000
44253  -13.621  -23.531  38.682 0.0000000000
106915  -12.453  -21.513  45.916 0.0000000000
105554  -12.584  -22.144  45.690 0.0000000000
43343  -4.363  -24.511  38.662 0.0000000000
104356  -11.495  -21.124  58.214 0.0000000000
38441  -3.994  -29.134  51.459 0.0000000000
38454  -3.561  -29.278  50.908 0.0000000000
48412  -34.363  -19.826  44.638 0.0000000000
48429  -34.646  -19.195  44.264 0.0000000000
47272  -27.166  -20.687  46.015 0.0000000000
47290  -26.400  -20.786  45.439 0.0000000000
64151  -51.904  -4.404  29.794 0.0000000000
63201  -51.057  -5.777  29.337 0.0000000000
57184  -43.532  -11.724  36.742 0.0000000000
57169  -44.209  -12.175  37.295 0.0000000000
57183  -42.255  -11.448  36.280 0.0000000000
57199  -41.983  -11.430  35.504 0.0000000000
50583  -10.165  -17.969  41.329 0.0000000000
49505  -11.706  -18.755  41.192 0.0000000000
41359  -9.694  -26.585  45.422 0.0000000000
119696  -5.416  -27.474  41.412 0.0000000000
43261  -12.705  -24.728  53.581 0.0000000000
42293  -12.171  -25.430  53.692 0.0000000000
38459  -9.856  -29.592  50.834 0.0000000000
53864  -38.509  -14.197  41.214 0.0000000000
53840  -39.966  -14.663  42.018 0.0000000000
53839  -39.020  -14.736  41.872 0.0000000000
50477  -25.792  -17.024  48.032 0.0000000000
126139  -22.273  -17.601  45.818 0.0000000000
111535  -23.028  -18.038  47.014 0.0000000000
50511  -22.179  -17.553  46.626 0.0000000000
111007  -20.723  -17.093  45.929 0.0000000000
50525  -20.971  -17.066  45.143 0.0000000000
116118  -10.615  -20.529  49.879 0.0000000000
47216  -10.924  -20.652  49.217 0.0000000000
105169  -11.623  -21.593  49.725 0.0000000000
45128  -12.000  -22.345  49.283 0.0000000000
110010  -9.464  -25.718  49.933 0.0000000000
42307  -9.682  -25.754  49.060 0.0000000000
41339  -8.505  -26.476  48.696 0.0000000000
59256  -48.682  -9.868  32.576 0.0000000000
59240  -49.739  -9.705  33.497 0.0000000000
59257  -49.342  -10.203  32.849 0.0000000000
58197  -48.000  -11.333  32.383 0.0000000000
117282  -48.104  -10.402  32.424 0.0000000000
59255  -47.821  -9.497  32.312 0.0000000000
44197  -13.869  -23.717  50.078 0.0000000000
118375  -14.273  -25.156  49.881 0.0000000000
47252  -17.149  -20.335  47.096 0.0000000000
126647  -17.421  -20.305  47.620 0.0000000000
44212  -17.682  -23.816  48.590 0.0000000000
44207  -18.041  -24.171  49.551 0.0000000000
43284  -17.615  -24.706  49.053 0.0000000000
43279  -17.690  -24.621  49.736 0.0000000000
43283  -17.200  -25.179  48.631 0.0000000000
105984  -12.669  -20.786  42.712 0.0000000000
45158  -13.245  -22.390  41.878 0.0000000000
44227  -13.226  -23.181  41.972 0.0000000000
41375  -10.062  -26.780  42.755 0.0000000000
40405  -9.865  -26.694  41.991 0.0000000000
40468  -9.537  -28.110  38.746 0.0000000000
40485  -9.660  -28.172  37.998 0.0000000000
104848  -10.205  -28.064  38.569 0.0000000000
40502  -9.360  -27.766  37.327 0.0000000000
103501  -6.719  -21.287  58.748 0.0000000000
103502  -7.412  -21.583  57.982 0.0000000000
40287  -10.279  -27.933  55.636 0.0000000000
40285  -10.464  -27.063  56.769 0.0000000000
109817  -9.504  -27.917  56.029 0.0000000000
41316  -6.936  -27.000  54.373 0.0000000000
41314  -7.619  -26.587  54.919 0.0000000000
41317  -7.911  -26.612  53.660 0.0000000000
42290  -8.733  -26.165  52.941 0.0000000000
40324  -3.122  -28.008  49.093 0.0000000000
104857  -4.801  -28.064  49.387 0.0000000000
104687  -3.796  -27.460  47.814 0.0000000000
40335  -2.824  -27.318  47.668 0.0000000000
37583  -1.179  -30.651  45.440 0.0000000000
38524  -1.991  -30.228  46.085 0.0000000000
46146  -34.112  -21.902  46.372 0.0000000000
47315  -30.184  -21.004  43.409 0.0000000000
109761  -30.732  -20.436  43.330 0.0000000000
46144  -32.763  -21.805  45.871 0.0000000000
46156  -32.377  -21.423  45.367 0.0000000000
47292  -32.968  -21.212  45.340 0.0000000000
47293  -33.698  -20.890  45.375 0.0000000000
46132  -28.267  -21.520  46.292 0.0000000000
121778  -28.503  -21.587  45.645 0.0000000000
107014  -30.182  -21.676  45.243 0.0000000000
46164  -30.069  -21.291  44.361 0.0000000000
47314  -29.662  -20.978  42.804 0.0000000000
46125  -29.745  -21.761  47.775 0.0000000000
47253  -29.222  -21.430  47.722 0.0000000000
47273  -28.054  -21.179  46.473 0.0000000000
65130  -51.230  -3.934  31.381 0.0000000000
64123  -50.522  -4.475  31.822 0.0000000000
61345  -45.368  -7.805  29.674 0.0000000000
60354  -44.564  -7.839  29.030 0.0000000000
62277  -45.708  -7.234  29.650 0.0000000000
62279  -47.390  -6.432  29.641 0.0000000000
62278  -46.436  -6.735  29.805 0.0000000000
105784  -47.033  -6.542  28.081 0.0000000000
105244  -48.111  -6.369  29.178 0.0000000000
110135  -49.542  -5.884  30.930 0.0000000000
122824  -50.109  -5.614  30.711 0.0000000000
56176  -42.742  -12.133  38.121 0.0000000000
55046  -44.347  -12.806  41.273 0.0000000000
55121  -36.368  -12.910  35.990 0.0000000000
56206  -36.762  -12.731  35.536 0.0000000000
124046  -38.071  -12.413  36.191 0.0000000000
56207  -37.340  -12.533  34.886 0.0000000000
56235  -36.950  -12.638  33.447 0.0000000000
56222  -38.218  -12.305  34.426 0.0000000000
56209  -39.019  -12.079  35.491 0.0000000000
56174  -41.003  -11.723  37.099 0.0000000000
57167  -41.943  -11.549  36.939 0.0000000000
40360  -7.294  -27.783  45.637 0.0000000000
40371  -7.495  -27.805  44.815 0.0000000000
40385  -4.721  -27.446  43.549 0.0000000000
40402  -4.886  -27.381  42.757 0.0000000000
41405  -4.026  -26.566  41.767 0.0000000000
112120  -1.699  -26.023  42.061 0.0000000000
41330  -12.756  -27.144  50.445 0.0000000000
40303  -12.500  -27.251  51.237 0.0000000000
40310  -12.296  -27.931  50.623 0.0000000000
105752  -32.881  -17.329  40.485 0.0000000000
50599  -33.342  -16.954  40.457 0.0000000000
51639  -34.535  -16.272  40.821 0.0000000000
51651  -33.353  -16.531  39.709 0.0000000000
126036  -33.741  -16.205  39.921 0.0000000000
52743  -33.768  -15.891  39.420 0.0000000000
52756  -34.134  -15.247  38.861 0.0000000000
52731  -34.921  -15.631  40.474 0.0000000000
52732  -35.747  -15.341  40.830 0.0000000000
53685  -24.281  -13.903  51.212 0.0000000000
48381  -24.602  -19.436  46.104 0.0000000000
49460  -23.862  -19.211  46.051 0.0000000000
60371  -51.691  -9.278  27.561 0.0000000000
60384  -51.477  -9.676  26.774 0.0000000000
60372  -52.849  -9.993  27.994 0.0000000000
59307  -53.496  -10.714  27.612 0.0000000000
59308  -53.725  -10.610  27.521 0.0000000000
109960  -54.268  -9.718  27.317 0.0000000000
61368  -54.498  -8.763  27.810 0.0000000000
124731  -11.019  -21.107  51.578 0.0000000000
46068  -11.240  -21.586  51.547 0.0000000000
122882  -11.349  -23.420  52.104 0.0000000000
42301  -10.285  -25.115  51.408 0.0000000000
57248  -47.839  -12.163  32.515 0.0000000000
57238  -49.053  -11.815  33.408 0.0000000000
56226  -48.581  -12.261  33.770 0.0000000000
57265  -43.920  -12.082  30.510 0.0000000000
106285  -44.770  -12.343  29.786 0.0000000000
113250  -47.135  -12.280  32.308 0.0000000000
48328  -14.264  -19.360  52.064 0.0000000000
47207  -15.420  -20.528  50.307 0.0000000000
47206  -14.590  -20.639  50.502 0.0000000000
47217  -14.953  -21.116  49.868 0.0000000000
119373  -14.580  -21.730  49.701 0.0000000000
46097  -15.506  -21.865  49.559 0.0000000000
43293  -16.289  -24.111  46.936 0.0000000000
43292  -15.803  -24.493  46.302 0.0000000000
47299  -10.166  -19.909  44.798 0.0000000000
46137  -12.759  -21.628  45.033 0.0000000000
47301  -12.600  -20.792  44.447 0.0000000000
45155  -13.202  -22.079  43.480 0.0000000000
40466  -7.217  -27.634  39.393 0.0000000000
110092  -6.431  -26.051  38.437 0.0000000000
40483  -7.030  -27.261  38.744 0.0000000000
41462  -7.023  -26.505  38.299 0.0000000000
40500  -7.651  -27.195  38.158 0.0000000000
42392  -6.931  -25.549  38.069 0.0000000000
43345  -6.031  -24.192  38.292 0.0000000000
103834  -9.273  -20.843  59.216 0.0000000000
118885  -8.453  -20.390  59.248 0.0000000000
118719  -8.573  -20.924  59.384 0.0000000000
118729  -7.593  -20.817  59.292 0.0000000000
118973  -8.207  -21.531  59.178 0.0000000000
38425  -6.613  -29.896  53.999 0.0000000000
38423  -6.818  -29.381  54.433 0.0000000000
39382  -5.226  -28.698  54.053 0.0000000000
40294  -5.355  -28.153  53.567 0.0000000000
39398  -2.807  -28.762  50.814 0.0000000000
119574  -4.394  -28.282  51.303 0.0000000000
40305  -3.252  -28.330  50.686 0.0000000000
40314  -3.039  -28.142  50.086 0.0000000000
40304  -2.229  -28.452  50.399 0.0000000000
49522  -30.589  -19.089  40.300 0.0000000000
48448  -30.595  -20.069  41.544 0.0000000000
48440  -31.355  -19.453  42.830 0.0000000000
48450  -31.706  -18.880  42.245 0.0000000000
49523  -31.334  -18.585  40.759 0.0000000000
49512  -32.067  -18.351  41.418 0.0000000000
49513  -32.785  -17.939  41.558 0.0000000000
51499  -27.569  -16.534  50.037 0.0000000000
51514  -27.209  -16.616  48.968 0.0000000000
50478  -27.740  -17.272  48.543 0.0000000000
49425  -28.948  -18.717  48.769 0.0000000000
49447  -27.317  -18.585  46.346 0.0000000000
49434  -27.946  -18.097  46.959 0.0000000000
49446  -26.283  -18.515  46.378 0.0000000000
48411  -24.956  -20.281  44.832 0.0000000000
64169  -53.707  -5.126  29.106 0.0000000000
104795  -48.730  -6.635  27.870 0.0000000000
62310  -49.579  -6.921  27.893 0.0000000000
61366  -50.858  -8.267  27.764 0.0000000000
61353  -51.179  -7.719  28.221 0.0000000000
126616  -52.717  -6.372  28.576 0.0000000000
104226  -53.604  -6.223  28.762 0.0000000000
57202  -45.259  -11.927  35.693 0.0000000000
56197  -45.916  -12.243  36.759 0.0000000000
57186  -45.389  -12.199  36.463 0.0000000000
120726  -45.722  -11.930  38.552 0.0000000000
57154  -45.747  -11.402  38.590 0.0000000000
56143  -44.957  -12.221  39.987 0.0000000000
56160  -44.803  -12.370  38.968 0.0000000000
56238  -39.279  -11.926  33.440 0.0000000000
56248  -38.854  -12.198  32.760 0.0000000000
57244  -40.790  -11.531  32.934 0.0000000000
108808  -40.975  -11.539  32.085 0.0000000000
57245  -41.532  -11.398  32.752 0.0000000000
106755  -43.499  -11.399  34.727 0.0000000000
57218  -44.337  -11.418  34.448 0.0000000000
50489  -18.639  -17.672  47.276 0.0000000000
49525  -12.491  -18.485  40.046 0.0000000000
48451  -12.652  -19.630  40.751 0.0000000000
47337  -13.145  -21.054  40.442 0.0000000000
43291  -12.274  -24.140  46.173 0.0000000000
43290  -11.595  -24.844  45.790 0.0000000000
40386  -7.794  -27.889  43.984 0.0000000000
39487  -6.723  -28.487  41.793 0.0000000000
39488  -7.681  -28.478  41.576 0.0000000000
125105  -5.075  -26.777  39.505 0.0000000000
44180  -13.066  -23.712  56.798 0.0000000000
122430  -12.728  -24.342  56.367 0.0000000000
41315  -11.726  -26.024  54.546 0.0000000000
41312  -12.183  -25.931  55.594 0.0000000000
41311  -11.640  -26.738  55.517 0.0000000000
124200  -11.255  -27.390  55.308 0.0000000000
117825  -11.464  -27.667  52.241 0.0000000000
39392  -11.066  -28.251  51.992 0.0000000000
39387  -10.468  -28.763  52.671 0.0000000000
39386  -9.691  -29.263  52.804 0.0000000000
105274  -9.867  -29.117  53.626 0.0000000000
38434  -8.943  -29.561  53.465 0.0000000000
38457  -7.325  -29.997  50.532 0.0000000000
105946  -6.331  -29.758  50.833 0.0000000000
55075  -39.690  -13.287  39.846 0.0000000000
55056  -40.897  -13.631  40.728 0.0000000000
113726  -40.134  -13.574  40.541 0.0000000000
50614  -31.495  -17.270  37.765 0.0000000000
53900  -34.976  -14.076  37.585 0.0000000000
124284  -35.043  -13.774  36.893 0.0000000000
108546  -35.634  -13.431  36.999 0.0000000000
55094  -38.129  -13.206  39.187 0.0000000000
56139  -39.136  -12.925  39.119 0.0000000000
51497  -25.493  -15.910  49.209 0.0000000000
52581  -24.527  -15.514  49.583 0.0000000000
49433  -24.471  -18.113  47.101 0.0000000000
51510  -23.350  -16.904  48.623 0.0000000000
51494  -22.791  -16.624  49.094 0.0000000000
50492  -21.413  -17.279  47.861 0.0000000000
50491  -20.186  -17.258  47.509 0.0000000000
50509  -20.444  -17.147  46.681 0.0000000000
50524  -20.119  -16.984  45.307 0.0000000000
61383  -53.690  -8.359  26.491 0.0000000000
63262  -51.584  -5.298  25.268 0.0000000000
105529  -9.190  -20.160  46.158 0.0000000000
47269  -10.844  -20.151  46.615 0.0000000000
111008  -8.535  -20.563  48.840 0.0000000000
47230  -8.622  -20.583  47.930 0.0000000000
47233  -11.167  -20.830  48.257 0.0000000000
108007  -11.651  -21.162  47.734 0.0000000000
46122  -12.148  -21.676  47.665 0.0000000000
122332  -12.524  -22.866  48.069 0.0000000000
107112  -11.840  -24.292  48.160 0.0000000000
43282  -12.351  -23.532  48.105 0.0000000000
42319  -10.959  -25.241  47.457 0.0000000000
105762  -11.545  -23.386  50.276 0.0000000000
42313  -9.793  -25.771  48.132 0.0000000000
41344  -8.912  -26.661  47.044 0.0000000000
40350  -8.318  -27.208  46.406 0.0000000000
111119  -7.506  -27.474  46.890 0.0000000000
40349  -6.905  -27.749  46.379 0.0000000000
40348  -5.991  -27.772  46.563 0.0000000000
61309  -48.949  -7.084  33.633 0.0000000000
62234  -49.475  -6.684  33.642 0.0000000000
61310  -50.081  -7.597  33.794 0.0000000000
105935  -43.331  -13.785  41.760 0.0000000000
57272  -45.410  -12.159  29.534 0.0000000000
57273  -45.896  -11.956  29.678 0.0000000000
58215  -46.476  -10.463  30.411 0.0000000000
58225  -45.721  -11.171  29.442 0.0000000000
116315  -45.989  -10.515  29.802 0.0000000000
59298  -45.021  -10.076  28.545 0.0000000000
60355  -45.345  -8.687  29.494 0.0000000000
59270  -45.982  -9.208  30.974 0.0000000000
60320  -47.726  -8.527  32.270 0.0000000000
60319  -47.085  -8.012  31.979 0.0000000000
60321  -48.376  -8.239  32.689 0.0000000000
61319  -48.435  -7.267  32.888 0.0000000000
45111  -13.626  -22.475  54.530 0.0000000000
43259  -13.268  -23.953  53.899 0.0000000000
44189  -13.405  -23.487  53.435 0.0000000000
46056  -13.363  -21.345  52.340 0.0000000000
44193  -13.030  -24.205  51.563 0.0000000000
124185  -13.363  -22.934  51.944 0.0000000000
113876  -12.843  -24.376  52.289 0.0000000000
43267  -12.865  -24.903  51.755 0.0000000000
126163  -12.807  -26.043  51.624 0.0000000000
42305  -13.071  -25.578  51.175 0.0000000000
41335  -13.568  -26.466  49.395 0.0000000000
41331  -13.232  -26.412  50.178 0.0000000000
40329  -12.733  -27.681  48.235 0.0000000000
49424  -19.073  -18.668  49.180 0.0000000000
48356  -19.007  -20.072  49.692 0.0000000000
47220  -19.306  -20.948  49.896 0.0000000000
111911  -17.221  -21.663  47.892 0.0000000000
45132  -19.090  -22.631  49.745 0.0000000000
46100  -19.488  -22.330  50.202 0.0000000000
46085  -19.712  -22.370  50.850 0.0000000000
45127  -19.505  -22.925  51.374 0.0000000000
44194  -18.488  -23.293  51.540 0.0000000000
45121  -18.868  -23.219  52.055 0.0000000000
45120  -18.237  -23.021  51.908 0.0000000000
46070  -17.924  -22.140  51.886 0.0000000000
120399  -17.714  -22.770  51.459 0.0000000000
46084  -17.231  -21.900  50.788 0.0000000000
43278  -17.163  -24.861  49.959 0.0000000000
43277  -16.280  -24.757  49.865 0.0000000000
125901  -15.809  -25.521  46.984 0.0000000000
42322  -16.554  -25.418  48.119 0.0000000000
121875  -15.442  -25.976  47.517 0.0000000000
41337  -15.355  -25.928  48.914 0.0000000000
41342  -14.668  -26.188  48.372 0.0000000000
49501  -8.987  -18.233  41.998 0.0000000000
49502  -9.727  -18.355  41.836 0.0000000000
49491  -10.079  -18.822  42.176 0.0000000000
123993  -11.135  -19.751  43.460 0.0000000000
48421  -11.250  -19.680  42.922 0.0000000000
121193  -11.214  -19.107  41.826 0.0000000000
48435  -12.176  -19.798  41.980 0.0000000000
47327  -12.568  -20.406  41.631 0.0000000000
45162  -13.262  -22.665  41.222 0.0000000000
45165  -13.210  -22.486  40.476 0.0000000000
43297  -11.613  -24.606  44.376 0.0000000000
44222  -12.487  -23.399  44.673 0.0000000000
43304  -11.615  -24.866  43.093 0.0000000000
42347  -11.900  -24.989  42.416 0.0000000000
104322  -9.320  -27.630  40.446 0.0000000000
41425  -10.666  -26.611  40.923 0.0000000000
42367  -11.646  -25.773  41.187 0.0000000000
42368  -12.103  -25.394  41.275 0.0000000000
43312  -12.621  -24.319  41.457 0.0000000000
41427  -12.126  -25.754  40.482 0.0000000000
122039  -12.136  -26.780  39.115 0.0000000000
41445  -12.417  -26.113  39.486 0.0000000000
41463  -12.634  -26.584  38.663 0.0000000000
104422  -12.069  -27.612  37.738 0.0000000000
103516  -9.555  -21.335  55.705 0.0000000000
43250  -12.403  -23.869  57.717 0.0000000000
44170  -11.845  -23.391  58.468 0.0000000000
43249  -11.458  -24.332  58.256 0.0000000000
42272  -9.766  -25.284  58.130 0.0000000000
43248  -10.319  -24.629  58.456 0.0000000000
43247  -9.160  -24.613  58.278 0.0000000000
44173  -8.613  -23.913  58.344 0.0000000000
43246  -8.348  -24.334  57.825 0.0000000000
40282  -7.828  -27.267  56.299 0.0000000000
40281  -7.357  -26.754  55.923 0.0000000000
42279  -8.111  -25.876  56.441 0.0000000000
42274  -8.261  -25.655  56.662 0.0000000000
43253  -8.387  -25.104  56.939 0.0000000000
44178  -8.425  -24.191  57.294 0.0000000000
120609  -9.061  -23.473  56.965 0.0000000000
44179  -9.422  -24.015  56.574 0.0000000000
44181  -10.274  -23.936  56.024 0.0000000000
117320  -10.493  -24.216  55.407 0.0000000000
45110  -10.631  -22.630  54.785 0.0000000000
44183  -10.787  -23.815  54.524 0.0000000000
43260  -10.498  -24.468  53.691 0.0000000000
42294  -8.518  -25.859  52.122 0.0000000000
42300  -9.413  -25.595  51.548 0.0000000000
41323  -5.982  -27.009  51.505 0.0000000000
41324  -6.577  -26.696  51.754 0.0000000000
40309  -6.390  -26.881  50.639 0.0000000000
40318  -6.811  -27.105  49.699 0.0000000000
40327  -7.089  -27.281  48.676 0.0000000000
105242  -5.710  -27.664  48.189 0.0000000000
40347  -3.861  -27.379  46.950 0.0000000000
104609  -4.426  -27.442  46.191 0.0000000000
105153  -4.902  -29.538  48.101 0.0000000000
38509  -2.820  -29.591  46.657 0.0000000000
38480  -2.781  -29.518  48.299 0.0000000000
38479  -0.969  -29.873  48.932 0.0000000000
39418  -0.768  -28.768  48.415 0.0000000000
123187  -0.492  -29.370  49.385 0.0000000000
40322  -0.691  -28.551  48.936 0.0000000000
40344  -0.738  -27.782  47.623 0.0000000000
107941  -0.864  -27.238  46.557 0.0000000000
111561  -3.033  -26.298  44.755 0.0000000000
40382  -1.848  -24.976  44.014 0.0000000000
46135  -32.896  -22.598  47.022 0.0000000000
46127  -33.602  -22.167  47.734 0.0000000000
47238  -32.586  -21.220  48.678 0.0000000000
46154  -30.820  -21.294  44.809 0.0000000000
46143  -31.913  -21.918  45.864 0.0000000000
46134  -32.244  -22.267  46.605 0.0000000000
118504  -29.620  -22.021  47.164 0.0000000000
46141  -29.220  -21.885  46.417 0.0000000000
106708  -30.022  -22.283  46.709 0.0000000000
47236  -30.012  -21.105  49.022 0.0000000000
46112  -30.135  -21.541  48.479 0.0000000000
47222  -30.468  -20.392  49.116 0.0000000000
61330  -47.456  -7.307  31.667 0.0000000000
62265  -46.780  -6.770  30.626 0.0000000000
62254  -47.769  -6.778  31.367 0.0000000000
62266  -47.632  -6.487  30.675 0.0000000000
62267  -48.533  -6.415  30.780 0.0000000000
62256  -48.976  -6.223  31.216 0.0000000000
56157  -41.768  -12.227  38.457 0.0000000000
56158  -42.635  -12.550  39.047 0.0000000000
55059  -43.879  -13.171  40.978 0.0000000000
112533  -37.596  -12.570  36.620 0.0000000000
111589  -38.337  -12.420  36.843 0.0000000000
56193  -38.735  -12.231  36.158 0.0000000000
39442  -5.822  -28.036  44.552 0.0000000000
115523  -4.270  -26.548  43.180 0.0000000000
123956  -1.814  -25.545  42.859 0.0000000000
40319  -12.663  -27.770  49.077 0.0000000000
39407  -12.214  -28.438  49.351 0.0000000000
50588  -34.465  -17.196  41.931 0.0000000000
50600  -33.985  -16.890  41.184 0.0000000000
51626  -34.888  -16.619  41.575 0.0000000000
51640  -35.369  -16.045  41.179 0.0000000000
125609  -36.739  -16.035  42.353 0.0000000000
49459  -23.713  -18.983  45.244 0.0000000000
61355  -53.188  -8.353  28.464 0.0000000000
60363  -53.738  -9.188  28.156 0.0000000000
61358  -55.433  -7.192  28.073 0.0000000000
47182  -10.200  -20.753  52.404 0.0000000000
46055  -11.135  -21.890  52.386 0.0000000000
45114  -11.322  -22.486  53.024 0.0000000000
44190  -11.312  -23.389  52.847 0.0000000000
56225  -48.142  -12.484  34.231 0.0000000000
124870  -47.552  -12.511  34.483 0.0000000000
57204  -48.146  -11.935  35.498 0.0000000000
104653  -43.168  -11.377  32.994 0.0000000000
57247  -43.075  -11.282  31.965 0.0000000000
123052  -43.835  -11.403  32.240 0.0000000000
104651  -44.771  -11.805  31.845 0.0000000000
104865  -45.839  -12.195  31.696 0.0000000000
57237  -46.849  -12.380  33.055 0.0000000000
49392  -14.973  -19.028  51.868 0.0000000000
48338  -15.412  -19.458  51.329 0.0000000000
48350  -15.911  -20.025  50.818 0.0000000000
47208  -16.489  -20.881  50.368 0.0000000000
50435  -21.692  -17.036  50.931 0.0000000000
46186  -13.732  -21.532  38.975 0.0000000000
47300  -11.862  -20.212  44.766 0.0000000000
105958  -5.757  -26.168  38.725 0.0000000000
103512  -9.478  -20.513  58.782 0.0000000000
103955  -9.836  -21.397  59.031 0.0000000000
38431  -5.799  -29.628  52.647 0.0000000000
38424  -5.612  -29.438  53.758 0.0000000000
39390  -5.283  -29.327  52.280 0.0000000000
40300  -4.966  -28.559  51.666 0.0000000000
38440  -3.436  -29.034  51.190 0.0000000000
47317  -32.487  -20.018  44.583 0.0000000000
48426  -31.864  -19.544  43.803 0.0000000000
48427  -32.723  -19.320  44.104 0.0000000000
48442  -33.099  -18.699  43.401 0.0000000000
111955  -28.542  -20.860  42.254 0.0000000000
48371  -28.693  -19.643  47.240 0.0000000000
49435  -28.715  -18.700  47.440 0.0000000000
48385  -28.164  -19.784  46.627 0.0000000000
48384  -27.404  -19.623  46.202 0.0000000000
64152  -52.604  -4.607  29.232 0.0000000000
62295  -51.388  -7.047  28.502 0.0000000000
57185  -44.433  -11.868  36.368 0.0000000000
56196  -45.277  -12.270  37.211 0.0000000000
122604  -45.382  -12.172  38.596 0.0000000000
57231  -39.906  -11.689  33.794 0.0000000000
57217  -41.100  -11.443  34.309 0.0000000000
104655  -41.906  -11.401  34.120 0.0000000000
104851  -42.510  -11.423  34.821 0.0000000000
124764  -18.377  -17.493  45.605 0.0000000000
42324  -10.886  -25.487  45.937 0.0000000000
40373  -9.288  -27.293  44.111 0.0000000000
39471  -6.432  -28.448  42.759 0.0000000000
40421  -6.139  -27.819  41.185 0.0000000000
40443  -6.295  -27.559  40.318 0.0000000000
41441  -3.069  -26.370  39.547 0.0000000000
43257  -12.540  -24.700  55.642 0.0000000000
105462  -12.268  -25.146  54.317 0.0000000000
41318  -11.382  -26.807  53.841 0.0000000000
38460  -10.796  -29.205  50.915 0.0000000000
39391  -10.709  -28.802  51.701 0.0000000000
123764  -9.319  -29.646  51.453 0.0000000000
122796  -8.627  -29.854  51.596 0.0000000000
38470  -7.673  -30.128  49.741 0.0000000000
53865  -39.315  -13.857  40.977 0.0000000000
55042  -40.346  -13.958  41.428 0.0000000000
50615  -31.891  -16.828  37.272 0.0000000000
53880  -35.673  -14.282  39.508 0.0000000000
55072  -36.095  -13.757  38.860 0.0000000000
126012  -36.639  -13.610  38.988 0.0000000000
55092  -36.691  -13.341  38.395 0.0000000000
55074  -37.155  -13.474  39.123 0.0000000000
108432  -21.754  -15.062  50.753 0.0000000000
52579  -22.282  -16.262  49.655 0.0000000000
125924  -26.143  -15.642  49.784 0.0000000000
50494  -23.646  -17.887  47.439 0.0000000000
108196  -22.894  -17.621  47.716 0.0000000000
110116  -21.719  -17.369  47.298 0.0000000000
116676  -52.553  -10.712  25.929 0.0000000000
106764  -11.453  -21.067  49.117 0.0000000000
45134  -12.302  -22.210  48.403 0.0000000000
44210  -11.925  -23.805  48.933 0.0000000000
43268  -10.745  -24.800  50.469 0.0000000000
43274  -11.027  -24.883  49.568 0.0000000000
110221  -8.476  -26.668  47.838 0.0000000000
40338  -7.294  -27.371  47.731 0.0000000000
60303  -49.884  -8.670  33.657 0.0000000000
57259  -46.671  -11.824  30.930 0.0000000000
58204  -46.987  -11.059  31.020 0.0000000000
59271  -46.784  -9.812  31.260 0.0000000000
113613  -46.318  -8.880  31.441 0.0000000000
105591  -48.335  -9.015  32.541 0.0000000000
106123  -13.469  -21.791  54.030 0.0000000000
46082  -13.555  -21.827  50.725 0.0000000000
45119  -13.357  -22.630  51.185 0.0000000000
122924  -13.525  -23.964  50.752 0.0000000000
42306  -13.638  -25.308  50.442 0.0000000000
48370  -17.934  -19.286  48.094 0.0000000000
47234  -17.714  -20.294  48.216 0.0000000000
47235  -18.181  -20.772  48.853 0.0000000000
45142  -17.339  -22.729  47.920 0.0000000000
113489  -17.875  -22.993  48.699 0.0000000000
44208  -18.744  -23.558  49.904 0.0000000000
44200  -18.132  -23.585  50.691 0.0000000000
44199  -17.375  -23.576  50.575 0.0000000000
43272  -17.689  -24.290  50.200 0.0000000000
42317  -16.779  -25.551  49.008 0.0000000000
41353  -14.552  -26.079  46.585 0.0000000000
41346  -13.848  -26.417  47.154 0.0000000000
46172  -12.763  -21.012  41.921 0.0000000000
42338  -10.805  -25.871  43.445 0.0000000000
42345  -10.759  -25.791  42.956 0.0000000000
42357  -10.869  -25.881  42.289 0.0000000000
106370  -9.831  -27.829  39.429 0.0000000000
40447  -11.064  -26.967  40.018 0.0000000000
40470  -11.519  -27.292  39.053 0.0000000000
40487  -11.645  -27.656  38.206 0.0000000000
40504  -11.384  -27.995  37.436 0.0000000000
122562  -10.075  -28.078  37.347 0.0000000000
42277  -11.656  -25.583  57.260 0.0000000000
42273  -11.002  -25.198  58.070 0.0000000000
41304  -9.760  -26.510  57.401 0.0000000000
42276  -9.166  -25.721  57.671 0.0000000000
41313  -7.101  -27.049  55.298 0.0000000000
42280  -8.484  -25.309  56.306 0.0000000000
42284  -9.283  -25.385  55.373 0.0000000000
42287  -9.465  -25.661  54.467 0.0000000000
42292  -10.062  -25.215  53.788 0.0000000000
42291  -9.488  -25.698  53.397 0.0000000000
118456  -7.725  -26.124  51.960 0.0000000000
40315  -4.605  -28.063  50.187 0.0000000000
40316  -5.392  -27.855  49.775 0.0000000000
40326  -5.254  -27.870  48.783 0.0000000000
38507  -0.695  -29.016  46.569 0.0000000000
41356  -0.907  -26.516  45.067 0.0000000000
47334  -29.829  -20.664  41.405 0.0000000000
47345  -30.197  -20.413  41.207 0.0000000000
47335  -30.354  -20.483  41.814 0.0000000000
104314  -31.782  -20.093  44.292 0.0000000000
108801  -32.983  -20.616  44.987 0.0000000000
47291  -27.381  -21.142  45.822 0.0000000000
46151  -27.434  -21.348  44.458 0.0000000000
46162  -28.149  -21.229  43.676 0.0000000000
46153  -29.320  -21.588  45.171 0.0000000000
46171  -28.790  -21.036  42.903 0.0000000000
47324  -29.296  -20.842  42.154 0.0000000000
48364  -29.685  -20.571  48.930 0.0000000000
47274  -28.480  -20.897  47.164 0.0000000000
64135  -51.459  -4.206  30.529 0.0000000000
62289  -45.788  -6.893  29.084 0.0000000000
107304  -46.120  -6.745  28.232 0.0000000000
62292  -48.400  -6.460  28.534 0.0000000000
62281  -49.312  -6.421  29.638 0.0000000000
111262  -50.522  -5.687  30.096 0.0000000000
57168  -43.224  -11.903  37.391 0.0000000000
122778  -44.463  -12.525  39.683 0.0000000000
109140  -44.566  -12.597  40.546 0.0000000000
111868  -36.546  -12.784  34.839 0.0000000000
56246  -36.764  -12.779  32.625 0.0000000000
123123  -38.877  -12.071  34.064 0.0000000000
56194  -39.599  -11.930  36.017 0.0000000000
118298  -40.196  -11.711  35.372 0.0000000000
57182  -41.453  -11.539  36.225 0.0000000000
39455  -6.185  -28.201  43.735 0.0000000000
41422  -1.128  -26.782  40.562 0.0000000000
120001  -12.491  -26.065  52.305 0.0000000000
41322  -12.115  -26.605  52.404 0.0000000000
40302  -11.777  -27.973  51.419 0.0000000000
39401  -12.107  -28.425  50.034 0.0000000000
115127  -11.175  -29.268  50.119 0.0000000000
53838  -38.106  -14.789  41.628 0.0000000000
52720  -38.784  -15.329  42.289 0.0000000000
52703  -39.013  -15.895  42.784 0.0000000000
49532  -31.655  -17.743  39.700 0.0000000000
106729  -32.304  -17.221  39.252 0.0000000000
51663  -32.838  -16.717  39.051 0.0000000000
51664  -32.945  -16.283  38.312 0.0000000000
52767  -33.246  -15.815  37.603 0.0000000000
52768  -33.885  -15.278  37.974 0.0000000000
52745  -35.274  -14.911  40.080 0.0000000000
53862  -36.212  -14.529  40.419 0.0000000000
53684  -23.213  -14.092  51.088 0.0000000000
50512  -25.891  -17.861  46.808 0.0000000000
124405  -25.202  -17.981  46.950 0.0000000000
49443  -23.507  -18.543  46.463 0.0000000000
50526  -22.781  -17.905  45.408 0.0000000000
104260  -21.938  -17.401  44.998 0.0000000000
59322  -51.750  -10.182  26.190 0.0000000000
59342  -53.833  -11.014  26.255 0.0000000000
61385  -54.967  -7.808  27.810 0.0000000000
47204  -10.482  -20.576  50.716 0.0000000000
45123  -11.453  -21.558  50.647 0.0000000000
44196  -11.558  -23.140  50.962 0.0000000000
45118  -11.318  -22.284  51.821 0.0000000000
43266  -11.312  -23.727  51.529 0.0000000000
58190  -49.532  -10.636  33.179 0.0000000000
122988  -49.272  -11.222  32.878 0.0000000000
57205  -49.006  -11.515  34.983 0.0000000000
107265  -43.056  -11.391  31.081 0.0000000000
56267  -42.060  -11.916  29.869 0.0000000000
57271  -44.063  -12.110  29.044 0.0000000000
57257  -45.545  -12.277  31.041 0.0000000000
57258  -46.227  -12.224  30.864 0.0000000000
48327  -13.646  -19.764  52.417 0.0000000000
48337  -14.642  -19.680  51.438 0.0000000000
47195  -14.379  -20.243  51.035 0.0000000000
47205  -13.937  -20.841  50.889 0.0000000000
46096  -13.965  -22.187  49.882 0.0000000000
44203  -14.163  -23.058  49.705 0.0000000000
111976  -16.418  -21.031  45.805 0.0000000000
46131  -16.556  -21.552  46.542 0.0000000000
45147  -16.452  -22.377  46.631 0.0000000000
122250  -16.832  -22.807  47.192 0.0000000000
43288  -16.853  -24.739  47.736 0.0000000000
48406  -8.710  -19.834  43.971 0.0000000000
48419  -9.228  -19.528  43.360 0.0000000000
46157  -12.876  -21.098  43.545 0.0000000000
110229  -12.857  -23.576  42.824 0.0000000000
40422  -8.704  -27.786  40.984 0.0000000000
40467  -8.317  -28.033  39.068 0.0000000000
40484  -8.294  -27.781  38.284 0.0000000000
40501  -8.454  -27.239  37.516 0.0000000000
112829  -7.841  -18.994  57.576 0.0000000000
103509  -7.565  -19.802  57.516 0.0000000000
103504  -6.860  -20.389  58.872 0.0000000000
103500  -6.825  -20.798  59.161 0.0000000000
103503  -7.086  -21.719  58.442 0.0000000000
39380  -9.130  -28.799  55.189 0.0000000000
39375  -8.607  -28.090  56.007 0.0000000000
39378  -7.015  -28.599  55.000 0.0000000000
39373  -6.680  -28.070  55.110 0.0000000000
39377  -6.057  -28.564  54.499 0.0000000000
119653  -6.239  -27.929  54.701 0.0000000000
40291  -6.293  -27.383  54.063 0.0000000000
40307  -4.967  -27.538  50.908 0.0000000000
106308  -3.814  -28.176  50.440 0.0000000000
49538  -30.293  -18.479  38.344 0.0000000000
48459  -30.825  -19.361  41.193 0.0000000000
123252  -31.042  -18.333  39.929 0.0000000000
124327  -31.490  -18.129  40.248 0.0000000000
50598  -32.554  -17.740  40.887 0.0000000000
112209  -33.616  -18.166  42.750 0.0000000000
50575  -34.086  -17.660  42.316 0.0000000000
50576  -34.850  -17.502  42.650 0.0000000000
52584  -26.998  -15.823  50.320 0.0000000000
50498  -28.346  -17.882  47.956 0.0000000000
48396  -25.139  -19.978  45.522 0.0000000000
61365  -48.945  -7.093  27.242 0.0000000000
61381  -49.114  -7.609  26.556 0.0000000000
61367  -51.987  -8.789  28.092 0.0000000000
112542  -53.465  -7.241  28.581 0.0000000000
62297  -54.525  -7.047  28.677 0.0000000000
57203  -46.168  -12.230  35.221 0.0000000000
56211  -46.821  -12.352  35.652 0.0000000000
56210  -46.036  -12.306  36.101 0.0000000000
57153  -45.430  -12.025  39.218 0.0000000000
57246  -42.298  -11.350  32.485 0.0000000000
50471  -19.976  -17.453  48.528 0.0000000000
50456  -19.514  -18.101  49.304 0.0000000000
50469  -18.742  -17.967  48.059 0.0000000000
49431  -18.165  -18.357  47.746 0.0000000000
49430  -17.536  -18.835  47.244 0.0000000000
48380  -17.109  -19.468  46.797 0.0000000000
114470  -16.539  -20.169  45.921 0.0000000000
49516  -12.919  -19.228  40.097 0.0000000000
47346  -13.473  -20.921  39.625 0.0000000000
105548  -12.584  -22.749  46.013 0.0000000000
43295  -12.005  -24.213  45.047 0.0000000000
42327  -10.908  -25.766  44.931 0.0000000000
42332  -10.925  -25.813  44.043 0.0000000000
40404  -9.540  -27.284  42.274 0.0000000000
39457  -8.171  -28.250  43.088 0.0000000000
40403  -9.026  -27.955  42.699 0.0000000000
39474  -9.071  -27.949  41.777 0.0000000000
39504  -7.947  -28.028  40.843 0.0000000000
41443  -5.694  -26.828  39.164 0.0000000000
41460  -5.016  -26.349  39.039 0.0000000000
116642  -13.070  -23.566  57.193 0.0000000000
43252  -12.926  -24.252  57.120 0.0000000000
42285  -12.548  -25.230  56.084 0.0000000000
42282  -12.387  -25.400  56.533 0.0000000000
41308  -11.432  -26.708  56.354 0.0000000000
40288  -10.958  -27.410  55.889 0.0000000000
39381  -10.279  -28.452  55.105 0.0000000000
40296  -11.489  -27.094  52.898 0.0000000000
40293  -11.078  -27.678  53.814 0.0000000000
40290  -10.750  -28.177  54.552 0.0000000000
39384  -10.048  -28.819  54.471 0.0000000000
38426  -7.862  -29.791  54.171 0.0000000000
38445  -7.841  -30.013  52.228 0.0000000000
117795  -6.920  -30.139  52.168 0.0000000000
38456  -5.460  -29.542  50.986 0.0000000000
56140  -40.103  -12.730  39.077 0.0000000000
55077  -41.571  -13.236  40.097 0.0000000000
124604  -31.023  -17.531  37.491 0.0000000000
50619  -30.512  -17.500  36.500 0.0000000000
50620  -30.959  -16.968  36.385 0.0000000000
55130  -35.434  -13.369  35.551 0.0000000000
113391  -36.361  -12.990  36.664 0.0000000000
56171  -37.046  -12.785  37.063 0.0000000000
55106  -37.219  -12.905  37.851 0.0000000000
56172  -37.799  -12.630  37.392 0.0000000000
56154  -38.656  -12.753  38.505 0.0000000000
105401  -21.433  -15.582  50.938 0.0000000000
53693  -24.925  -14.290  50.763 0.0000000000
52565  -23.560  -15.234  49.983 0.0000000000
50476  -24.979  -17.082  48.018 0.0000000000
51511  -24.219  -16.808  48.419 0.0000000000
123883  -23.176  -15.613  49.712 0.0000000000
105393  -20.732  -17.234  48.950 0.0000000000
114481  -19.220  -17.176  45.646 0.0000000000
60400  -54.274  -10.497  26.155 0.0000000000
61417  -53.099  -9.225  25.437 0.0000000000
61416  -52.261  -7.817  24.737 0.0000000000
64220  -50.984  -5.042  24.880 0.0000000000
47284  -9.619  -20.028  45.445 0.0000000000
47285  -10.588  -19.939  45.671 0.0000000000
46130  -12.145  -20.911  46.283 0.0000000000
47249  -10.553  -20.454  47.549 0.0000000000
46121  -11.886  -21.098  47.076 0.0000000000
104764  -12.319  -21.744  46.785 0.0000000000
45146  -12.570  -22.599  46.755 0.0000000000
43286  -12.299  -24.033  47.215 0.0000000000
114231  -11.270  -25.099  46.706 0.0000000000
110962  -10.712  -25.461  46.818 0.0000000000
42323  -10.194  -25.791  46.560 0.0000000000
41350  -9.592  -26.266  46.345 0.0000000000
43281  -11.407  -24.568  48.942 0.0000000000
43280  -10.871  -25.176  48.888 0.0000000000
41349  -9.043  -26.753  46.109 0.0000000000
40361  -8.053  -27.511  45.785 0.0000000000
63162  -49.652  -5.940  33.320 0.0000000000
56198  -47.321  -12.133  35.973 0.0000000000
55058  -42.740  -13.445  40.810 0.0000000000
57281  -43.871  -11.748  27.857 0.0000000000
57282  -44.416  -11.421  28.103 0.0000000000
58233  -44.843  -11.061  28.433 0.0000000000
121995  -44.692  -10.181  27.953 0.0000000000
59297  -44.579  -9.227  28.089 0.0000000000
60344  -45.619  -8.503  30.373 0.0000000000
60335  -46.539  -8.309  31.611 0.0000000000
61329  -46.631  -7.513  31.342 0.0000000000
44182  -13.246  -23.087  55.007 0.0000000000
44185  -13.086  -23.668  54.554 0.0000000000
106018  -13.330  -21.201  53.123 0.0000000000
120190  -13.326  -22.018  53.022 0.0000000000
45115  -13.290  -22.834  52.774 0.0000000000
42298  -12.794  -24.845  52.624 0.0000000000
41326  -12.940  -26.411  51.008 0.0000000000
39420  -12.330  -28.310  47.731 0.0000000000
49404  -20.184  -18.683  50.539 0.0000000000
49412  -18.845  -19.305  49.328 0.0000000000
48352  -20.044  -19.607  50.619 0.0000000000
108851  -20.686  -21.562  51.781 0.0000000000
45135  -17.813  -22.160  48.497 0.0000000000
46111  -18.523  -21.735  49.055 0.0000000000
125519  -19.688  -21.552  50.362 0.0000000000
114458  -20.148  -21.675  51.019 0.0000000000
46072  -20.446  -21.963  52.414 0.0000000000
45117  -19.816  -22.278  52.223 0.0000000000
44195  -19.095  -23.313  51.493 0.0000000000
45116  -19.236  -22.713  52.271 0.0000000000
46071  -18.703  -22.085  52.424 0.0000000000
47209  -17.302  -21.120  51.031 0.0000000000
46098  -16.430  -21.771  49.898 0.0000000000
109821  -16.220  -22.438  49.758 0.0000000000
45130  -15.625  -22.840  49.617 0.0000000000
107438  -15.398  -24.188  49.740 0.0000000000
43276  -15.083  -24.834  49.757 0.0000000000
42316  -16.062  -25.751  48.587 0.0000000000
42310  -16.047  -25.576  49.274 0.0000000000
41336  -14.446  -26.086  49.165 0.0000000000
41341  -13.829  -26.485  48.591 0.0000000000
40330  -13.295  -26.890  47.837 0.0000000000
50582  -9.402  -17.816  41.471 0.0000000000
48432  -9.684  -19.241  42.697 0.0000000000
49492  -10.771  -18.986  41.965 0.0000000000
49504  -11.109  -18.794  41.588 0.0000000000
47328  -12.904  -21.081  41.241 0.0000000000
45167  -13.268  -22.839  39.863 0.0000000000
43330  -13.287  -24.033  39.275 0.0000000000
43300  -11.518  -24.720  43.784 0.0000000000
44224  -12.625  -23.441  43.776 0.0000000000
41406  -10.424  -26.369  41.765 0.0000000000
42358  -11.569  -25.482  41.915 0.0000000000
126509  -12.356  -24.540  42.076 0.0000000000
44231  -12.657  -23.913  42.014 0.0000000000
43318  -12.890  -24.018  40.694 0.0000000000
43329  -12.954  -24.469  39.993 0.0000000000
42378  -13.237  -24.952  39.196 0.0000000000
41464  -13.195  -26.309  38.128 0.0000000000
40521  -12.275  -27.642  36.869 0.0000000000
40520  -11.450  -27.800  36.547 0.0000000000
119162  -10.438  -21.586  54.383 0.0000000000
46016  -11.901  -21.671  58.318 0.0000000000
45101  -11.209  -22.314  58.713 0.0000000000
45100  -10.336  -22.616  58.849 0.0000000000
43245  -10.816  -23.865  58.714 0.0000000000
44169  -10.151  -23.342  58.817 0.0000000000
44166  -9.577  -22.705  58.864 0.0000000000
44165  -8.903  -22.690  58.797 0.0000000000
45102  -7.498  -22.391  58.280 0.0000000000
111505  -7.536  -22.974  57.941 0.0000000000
40283  -8.889  -27.529  56.513 0.0000000000
111932  -8.378  -26.823  56.669 0.0000000000
41303  -8.553  -26.131  57.040 0.0000000000
42275  -8.523  -25.139  57.249 0.0000000000
44175  -7.982  -23.803  57.774 0.0000000000
103507  -7.902  -22.388  57.709 0.0000000000
103515  -9.442  -22.554  56.977 0.0000000000
103989  -10.501  -22.564  56.095 0.0000000000
103909  -10.165  -21.780  55.345 0.0000000000
45112  -10.996  -22.240  53.797 0.0000000000
43262  -10.772  -24.244  52.932 0.0000000000
42296  -10.105  -25.047  52.933 0.0000000000
109754  -10.534  -24.735  52.173 0.0000000000
42303  -9.224  -25.842  50.747 0.0000000000
107129  -6.956  -26.657  52.294 0.0000000000
41325  -7.337  -26.370  51.538 0.0000000000
41328  -7.761  -26.381  50.695 0.0000000000
41333  -8.133  -26.397  49.727 0.0000000000
40336  -5.776  -27.645  47.391 0.0000000000
105561  -4.527  -27.268  45.469 0.0000000000
107267  -4.480  -29.669  50.215 0.0000000000
104688  -4.041  -29.436  47.902 0.0000000000
38481  -3.892  -29.647  48.765 0.0000000000
38467  -3.696  -29.646  49.833 0.0000000000
38466  -2.500  -29.365  50.304 0.0000000000
38452  -1.674  -29.114  50.333 0.0000000000
38451  -0.784  -29.138  49.942 0.0000000000
38478  -0.620  -29.698  48.846 0.0000000000
38464  -0.620  -29.522  49.397 0.0000000000
39405  -1.066  -28.698  50.114 0.0000000000
39412  -1.004  -28.371  49.332 0.0000000000
40323  -2.007  -27.748  48.581 0.0000000000
39431  -0.641  -28.513  46.033 0.0000000000
40334  -1.528  -27.293  47.673 0.0000000000
117293  -2.250  -26.732  46.167 0.0000000000
40357  -2.606  -26.438  45.431 0.0000000000
41402  0.174  -26.812  41.096 0.0000000000
40284  -9.942  -27.562  56.348 0.0000000000
40298  -3.628  -28.594  51.176 0.0000000000
40486  -11.012  -27.920  38.377 0.0000000000
42278  -12.552  -24.934  57.009 0.0000000000
42281  -11.792  -26.074  56.631 0.0000000000
43244  -9.699  -24.032  58.684 0.0000000000
43294  -11.561  -24.863  44.860 0.0000000000
44167  -8.358  -23.031  58.416 0.0000000000
44171  -12.076  -22.517  58.394 0.0000000000
44176  -13.192  -23.241  57.015 0.0000000000
44204  -15.022  -23.346  49.583 0.0000000000
45097  -8.956  -22.113  59.112 0.0000000000
45098  -9.660  -22.031  59.039 0.0000000000
45099  -8.042  -22.215  58.870 0.0000000000
45131  -16.498  -23.357  50.128 0.0000000000
45145  -31.529  -22.622  47.809 0.0000000000
46015  -10.827  -21.385  58.627 0.0000000000
46113  -30.622  -21.676  48.572 0.0000000000
46115  -32.746  -21.926  48.434 0.0000000000
46123  -16.893  -21.180  47.219 0.0000000000
47223  -30.732  -21.133  48.959 0.0000000000
47271  -16.838  -20.020  46.472 0.0000000000
47325  -30.359  -20.646  42.575 0.0000000000
50587  -33.256  -17.451  41.170 0.0000000000
55073  -36.542  -13.886  39.655 0.0000000000
55120  -35.816  -13.205  36.120 0.0000000000
56173  -39.647  -12.280  37.616 0.0000000000
56179  -46.974  -11.901  36.752 0.0000000000
56221  -37.526  -12.496  33.922 0.0000000000
56237  -38.397  -12.292  33.486 0.0000000000
56239  -47.536  -12.464  32.894 0.0000000000
57222  -48.883  -12.051  34.291 0.0000000000
57223  -49.497  -11.178  33.409 0.0000000000
57267  -46.611  -11.407  30.460 0.0000000000
59292  -45.433  -9.952  29.311 0.0000000000
62253  -47.215  -6.819  31.180 0.0000000000
105942  -11.539  -22.310  51.175 0.0000000000
114923  -33.710  -22.373  46.801 0.0000000000
115915  -32.079  -21.810  48.840 0.0000000000
118888  -9.991  -20.921  58.840 0.0000000000
119590  -6.710  -27.625  55.082 0.0000000000
119957  -10.383  -21.963  58.857 0.0000000000
121864  -44.320  -12.166  41.747 0.0000000000
122118  -33.569  -21.583  45.877 0.0000000000
123873  -7.057  -28.164  55.446 0.0000000000
124241  -7.722  -27.856  56.034 0.0000000000
124377  -11.607  -22.900  58.676 0.0000000000
125061  -44.767  -11.621  28.748 0.0000000000
126135  -43.208  -13.098  40.347 0.0000000000
