#!ascii label  , from subject sub-v2s15x29745_ses-1 vox2ras=TkReg
847
43513  -27.946  -24.112  29.776 0.0000000000
43319  -19.100  -23.835  40.363 0.0000000000
42470  -21.475  -25.657  34.068 0.0000000000
59417  -47.580  -9.943  19.819 0.0000000000
58328  -55.204  -10.733  21.282 0.0000000000
122176  -15.840  -25.312  43.314 0.0000000000
125442  -43.110  -8.305  20.203 0.0000000000
46393  -30.130  -21.284  28.163 0.0000000000
42531  -24.687  -25.083  31.799 0.0000000000
44228  -17.993  -22.995  43.047 0.0000000000
40391  -19.739  -27.572  42.622 0.0000000000
46366  -24.137  -21.353  28.931 0.0000000000
48660  -25.390  -19.607  26.884 0.0000000000
42430  -18.599  -25.554  36.869 0.0000000000
47440  -22.098  -20.573  32.965 0.0000000000
51880  -38.182  -16.029  19.700 0.0000000000
54064  -42.347  -14.423  19.808 0.0000000000
54073  -46.108  -14.035  18.954 0.0000000000
36816  -12.587  -31.066  40.859 0.0000000000
36789  -8.500  -31.930  42.599 0.0000000000
121072  -27.874  -18.118  24.720 0.0000000000
50734  -31.646  -17.495  22.613 0.0000000000
50761  -34.930  -16.707  21.011 0.0000000000
37662  -16.051  -29.884  40.730 0.0000000000
42370  -20.609  -24.230  41.233 0.0000000000
41428  -19.878  -26.389  40.007 0.0000000000
43497  -25.653  -24.652  30.238 0.0000000000
121018  -18.249  -21.538  41.113 0.0000000000
44233  -18.716  -22.590  41.832 0.0000000000
43308  -20.314  -23.536  42.952 0.0000000000
48569  -24.445  -19.496  31.521 0.0000000000
46334  -22.800  -21.322  31.153 0.0000000000
55273  -38.451  -13.246  19.883 0.0000000000
108681  -39.991  -15.675  19.566 0.0000000000
56347  -39.900  -12.505  19.621 0.0000000000
57354  -44.449  -11.710  18.879 0.0000000000
117943  -46.505  -11.906  18.471 0.0000000000
55295  -47.703  -14.301  18.528 0.0000000000
57358  -48.669  -11.906  18.684 0.0000000000
57360  -50.477  -12.288  18.878 0.0000000000
111327  -26.474  -16.658  28.236 0.0000000000
49695  -26.604  -18.269  25.702 0.0000000000
52849  -27.672  -15.763  26.477 0.0000000000
52865  -30.159  -15.129  23.962 0.0000000000
54034  -32.030  -14.684  22.952 0.0000000000
51844  -33.085  -16.817  21.873 0.0000000000
54039  -34.006  -14.656  21.793 0.0000000000
54041  -35.481  -14.329  21.349 0.0000000000
119775  -19.646  -25.999  35.197 0.0000000000
114387  -14.700  -27.417  41.261 0.0000000000
40427  -16.070  -27.397  40.936 0.0000000000
107099  -6.637  -34.153  43.678 0.0000000000
35041  -4.838  -33.195  43.981 0.0000000000
59402  -41.027  -9.625  20.739 0.0000000000
47534  -31.052  -20.572  27.288 0.0000000000
42512  -22.848  -24.735  32.540 0.0000000000
44226  -16.822  -23.581  43.346 0.0000000000
41410  -17.188  -26.368  41.782 0.0000000000
42359  -18.913  -25.240  42.388 0.0000000000
58318  -56.942  -9.302  21.871 0.0000000000
44438  -25.259  -23.379  28.784 0.0000000000
45388  -26.539  -22.272  27.508 0.0000000000
48613  -24.620  -19.960  28.601 0.0000000000
120271  -18.410  -22.137  39.504 0.0000000000
42395  -18.445  -25.240  38.441 0.0000000000
45189  -18.703  -22.647  37.526 0.0000000000
44305  -19.701  -23.408  35.895 0.0000000000
44323  -20.193  -23.520  34.559 0.0000000000
46248  -21.349  -21.286  34.167 0.0000000000
44358  -21.633  -23.224  32.612 0.0000000000
44375  -22.761  -23.177  31.454 0.0000000000
44396  -23.725  -23.377  30.376 0.0000000000
48766  -38.240  -18.903  20.639 0.0000000000
110213  -42.081  -11.855  19.502 0.0000000000
55285  -43.586  -13.532  19.885 0.0000000000
57362  -52.376  -12.275  18.929 0.0000000000
36802  -10.389  -31.685  41.765 0.0000000000
34086  -9.259  -34.326  43.171 0.0000000000
46428  -27.889  -21.188  26.476 0.0000000000
47560  -29.228  -20.609  25.912 0.0000000000
47598  -30.142  -20.195  24.940 0.0000000000
52857  -29.163  -15.233  24.924 0.0000000000
50727  -29.606  -17.310  23.575 0.0000000000
48704  -32.196  -19.667  24.228 0.0000000000
48724  -33.209  -19.083  23.421 0.0000000000
126294  -35.138  -19.172  22.352 0.0000000000
49765  -36.073  -18.834  21.128 0.0000000000
126650  -36.418  -16.830  20.411 0.0000000000
55271  -36.853  -13.797  20.927 0.0000000000
38614  -19.844  -29.299  39.108 0.0000000000
39490  -12.700  -28.763  41.679 0.0000000000
37661  -14.401  -30.144  40.451 0.0000000000
105888  -17.954  -28.969  41.380 0.0000000000
35026  -3.187  -33.297  44.516 0.0000000000
43320  -19.819  -23.496  41.290 0.0000000000
41429  -20.758  -25.674  40.754 0.0000000000
42369  -20.054  -25.248  40.161 0.0000000000
43512  -27.067  -24.329  29.673 0.0000000000
45166  -18.568  -22.486  40.883 0.0000000000
45164  -18.311  -22.111  41.372 0.0000000000
44236  -18.982  -23.032  40.890 0.0000000000
44234  -19.609  -22.868  42.384 0.0000000000
56341  -38.655  -12.454  20.271 0.0000000000
56346  -39.129  -12.785  19.758 0.0000000000
114159  -39.512  -11.280  20.513 0.0000000000
110833  -46.887  -9.398  19.722 0.0000000000
58347  -46.250  -10.358  18.636 0.0000000000
59416  -47.018  -10.104  18.993 0.0000000000
58349  -47.853  -11.616  18.612 0.0000000000
58337  -47.818  -10.738  19.155 0.0000000000
57344  -49.126  -11.449  19.299 0.0000000000
51750  -27.154  -15.926  27.822 0.0000000000
54028  -32.113  -14.213  23.679 0.0000000000
54035  -32.843  -14.485  22.608 0.0000000000
55260  -34.020  -13.664  23.021 0.0000000000
55261  -34.889  -13.601  22.724 0.0000000000
42469  -20.707  -25.638  34.367 0.0000000000
41528  -20.857  -26.969  35.095 0.0000000000
118259  -21.887  -26.749  34.969 0.0000000000
104536  -15.599  -26.474  42.085 0.0000000000
41392  -16.355  -26.140  42.292 0.0000000000
124017  -54.662  -11.266  20.690 0.0000000000
34083  -5.904  -33.801  43.935 0.0000000000
45347  -30.528  -21.891  29.387 0.0000000000
46414  -30.390  -20.814  27.504 0.0000000000
121061  -23.907  -24.942  32.067 0.0000000000
42495  -25.696  -25.637  33.467 0.0000000000
45160  -17.214  -22.063  42.712 0.0000000000
45156  -16.895  -22.724  43.340 0.0000000000
45154  -16.377  -22.515  44.075 0.0000000000
43306  -17.955  -23.550  43.093 0.0000000000
113791  -17.706  -24.575  42.680 0.0000000000
43307  -19.133  -23.025  43.299 0.0000000000
43309  -20.937  -24.137  42.954 0.0000000000
42352  -20.659  -24.495  43.220 0.0000000000
45361  -24.131  -22.075  28.844 0.0000000000
46409  -24.787  -21.618  27.739 0.0000000000
47491  -24.267  -20.583  29.104 0.0000000000
47347  -18.579  -20.147  39.296 0.0000000000
109000  -18.451  -21.974  38.662 0.0000000000
46188  -18.602  -21.243  38.319 0.0000000000
45206  -19.843  -22.155  36.655 0.0000000000
45220  -20.167  -22.647  35.923 0.0000000000
44306  -20.070  -23.123  35.244 0.0000000000
46229  -20.579  -22.216  35.300 0.0000000000
48533  -22.941  -19.542  34.016 0.0000000000
47424  -21.883  -20.583  33.811 0.0000000000
46269  -21.160  -21.929  33.595 0.0000000000
118551  -21.452  -21.866  32.957 0.0000000000
44359  -22.313  -23.524  32.075 0.0000000000
45295  -22.105  -21.900  32.028 0.0000000000
46335  -23.267  -21.362  30.372 0.0000000000
45319  -23.396  -22.177  30.187 0.0000000000
45344  -23.829  -22.435  29.510 0.0000000000
44415  -24.654  -23.334  29.184 0.0000000000
105487  -37.889  -17.776  20.012 0.0000000000
49781  -39.333  -18.381  20.257 0.0000000000
50780  -39.334  -16.961  19.738 0.0000000000
52927  -41.519  -15.392  19.770 0.0000000000
51866  -40.938  -16.833  19.992 0.0000000000
60471  -41.904  -8.837  20.007 0.0000000000
58334  -41.483  -10.120  19.710 0.0000000000
58335  -42.394  -10.215  19.409 0.0000000000
56357  -45.047  -12.321  18.724 0.0000000000
56351  -44.285  -12.462  19.127 0.0000000000
55275  -44.910  -13.519  19.547 0.0000000000
54043  -45.207  -14.479  20.899 0.0000000000
57361  -51.451  -12.270  18.980 0.0000000000
57347  -51.751  -12.075  19.756 0.0000000000
57348  -52.609  -12.035  19.819 0.0000000000
37646  -11.669  -30.378  41.531 0.0000000000
38573  -11.060  -30.000  42.880 0.0000000000
36803  -11.022  -31.602  41.596 0.0000000000
34087  -10.113  -34.129  43.520 0.0000000000
34057  -9.060  -34.709  44.771 0.0000000000
46426  -26.032  -20.938  26.640 0.0000000000
46411  -26.887  -21.853  27.095 0.0000000000
47557  -26.599  -20.423  26.153 0.0000000000
121515  -27.286  -18.251  25.219 0.0000000000
48684  -27.788  -19.652  25.233 0.0000000000
48700  -28.660  -19.510  24.690 0.0000000000
47597  -29.317  -20.168  25.086 0.0000000000
48701  -29.624  -19.678  24.467 0.0000000000
107426  -30.033  -14.598  25.657 0.0000000000
52878  -31.001  -15.907  22.884 0.0000000000
52872  -29.946  -15.758  23.614 0.0000000000
50728  -30.342  -17.742  23.252 0.0000000000
49723  -30.497  -18.609  23.455 0.0000000000
49724  -31.820  -18.698  23.238 0.0000000000
48723  -32.420  -19.154  23.620 0.0000000000
49725  -32.564  -18.657  23.025 0.0000000000
51845  -33.738  -16.784  21.580 0.0000000000
49762  -34.020  -18.351  21.936 0.0000000000
49763  -34.491  -18.081  21.562 0.0000000000
48751  -35.636  -19.165  21.891 0.0000000000
49777  -35.795  -18.085  20.793 0.0000000000
49778  -36.552  -18.416  20.645 0.0000000000
50762  -35.704  -17.072  20.682 0.0000000000
55267  -35.935  -13.793  21.778 0.0000000000
54042  -36.188  -14.135  21.066 0.0000000000
55268  -36.521  -13.672  21.500 0.0000000000
42412  -18.420  -25.419  37.692 0.0000000000
41466  -18.884  -26.469  38.700 0.0000000000
125064  -19.120  -27.448  37.703 0.0000000000
39508  -15.426  -28.740  40.383 0.0000000000
111293  -14.250  -29.390  40.406 0.0000000000
111952  -15.340  -30.058  40.542 0.0000000000
121679  -18.382  -26.954  41.495 0.0000000000
39511  -18.100  -27.663  41.224 0.0000000000
39493  -19.254  -27.765  41.953 0.0000000000
43313  -21.006  -23.994  42.487 0.0000000000
41413  -21.342  -25.764  41.537 0.0000000000
110764  -20.915  -26.641  41.009 0.0000000000
125708  -20.711  -28.603  41.293 0.0000000000
43477  -25.217  -24.928  31.032 0.0000000000
111602  -26.051  -25.385  32.312 0.0000000000
46174  -17.778  -21.011  41.689 0.0000000000
45163  -17.783  -21.807  41.932 0.0000000000
44229  -19.090  -22.848  42.928 0.0000000000
44230  -19.859  -22.971  43.189 0.0000000000
109661  -20.319  -23.307  42.554 0.0000000000
48582  -24.036  -19.902  30.757 0.0000000000
48583  -24.569  -19.640  30.031 0.0000000000
48551  -22.715  -20.002  32.650 0.0000000000
46291  -22.410  -20.629  32.199 0.0000000000
48568  -23.637  -19.807  31.660 0.0000000000
54060  -38.278  -14.705  19.676 0.0000000000
52925  -39.333  -15.593  19.557 0.0000000000
114596  -39.051  -14.833  19.539 0.0000000000
54062  -40.395  -14.238  19.487 0.0000000000
110864  -41.166  -13.768  19.501 0.0000000000
59420  -43.725  -9.553  18.895 0.0000000000
59422  -44.933  -9.322  18.633 0.0000000000
57355  -45.224  -11.518  18.614 0.0000000000
56358  -45.671  -12.977  18.683 0.0000000000
54074  -46.862  -14.309  18.803 0.0000000000
106762  -47.084  -13.730  18.488 0.0000000000
107037  -48.557  -13.384  18.313 0.0000000000
124010  -49.453  -13.655  18.298 0.0000000000
57359  -49.518  -12.067  18.848 0.0000000000
57345  -49.984  -11.696  19.528 0.0000000000
35973  -13.432  -32.192  41.575 0.0000000000
35074  -11.852  -32.952  41.993 0.0000000000
106155  -12.967  -33.429  42.888 0.0000000000
50686  -25.567  -17.990  27.133 0.0000000000
48661  -25.881  -19.191  26.378 0.0000000000
50695  -26.036  -17.346  26.758 0.0000000000
51774  -26.953  -16.992  25.695 0.0000000000
51775  -27.564  -16.543  25.403 0.0000000000
54012  -30.661  -14.522  25.261 0.0000000000
54019  -31.314  -14.369  24.828 0.0000000000
52874  -31.229  -15.177  23.093 0.0000000000
52879  -31.813  -15.738  22.536 0.0000000000
51827  -32.235  -16.851  22.301 0.0000000000
52880  -32.688  -15.946  22.068 0.0000000000
52889  -33.437  -16.045  21.673 0.0000000000
51846  -34.222  -16.186  21.330 0.0000000000
51862  -34.946  -15.839  21.012 0.0000000000
54040  -34.749  -14.446  21.605 0.0000000000
41526  -19.167  -26.264  35.770 0.0000000000
40523  -19.486  -27.729  36.492 0.0000000000
40543  -19.769  -27.470  35.759 0.0000000000
124290  -15.402  -27.560  40.892 0.0000000000
117600  -16.243  -28.661  40.506 0.0000000000
35056  -7.655  -33.597  42.646 0.0000000000
36775  -7.325  -31.455  43.498 0.0000000000
35055  -6.818  -33.003  43.066 0.0000000000
36774  -6.080  -31.804  43.728 0.0000000000
36773  -5.370  -32.172  43.763 0.0000000000
105903  -31.814  -20.494  27.167 0.0000000000
42492  -21.887  -25.158  33.432 0.0000000000
41549  -22.551  -26.252  34.581 0.0000000000
44225  -16.299  -23.337  43.941 0.0000000000
107026  -16.298  -24.650  43.356 0.0000000000
42348  -16.356  -25.405  42.843 0.0000000000
41393  -17.097  -25.479  42.479 0.0000000000
42349  -17.942  -25.357  42.294 0.0000000000
41412  -19.063  -26.234  42.006 0.0000000000
120109  -19.742  -23.170  43.273 0.0000000000
41394  -19.914  -25.534  42.850 0.0000000000
40410  -20.066  -26.495  43.082 0.0000000000
58317  -55.894  -9.893  22.072 0.0000000000
44417  -26.536  -23.836  29.080 0.0000000000
44440  -26.838  -23.329  28.549 0.0000000000
45364  -26.208  -22.795  28.009 0.0000000000
46410  -25.439  -21.456  27.257 0.0000000000
48633  -24.914  -19.984  27.612 0.0000000000
49633  -24.830  -19.346  29.303 0.0000000000
49650  -25.106  -18.979  28.304 0.0000000000
50675  -25.486  -18.049  27.982 0.0000000000
51725  -26.480  -16.703  29.218 0.0000000000
45168  -18.473  -22.690  40.049 0.0000000000
43331  -18.843  -24.434  39.592 0.0000000000
106422  -18.373  -22.803  39.073 0.0000000000
120995  -18.420  -24.065  37.847 0.0000000000
110607  -18.673  -23.823  37.156 0.0000000000
46199  -19.306  -21.519  37.169 0.0000000000
44287  -18.854  -23.084  37.045 0.0000000000
43393  -18.858  -24.939  36.389 0.0000000000
42449  -19.306  -25.336  35.621 0.0000000000
115184  -20.098  -24.202  34.525 0.0000000000
44338  -20.442  -23.965  33.933 0.0000000000
46230  -21.127  -21.407  35.228 0.0000000000
46247  -20.831  -21.999  34.435 0.0000000000
44339  -20.933  -23.453  33.354 0.0000000000
43427  -21.550  -24.504  33.182 0.0000000000
43452  -21.897  -23.999  32.625 0.0000000000
43453  -22.528  -24.216  32.238 0.0000000000
43476  -23.410  -24.153  31.344 0.0000000000
45296  -22.507  -21.939  31.510 0.0000000000
44376  -23.325  -23.581  31.070 0.0000000000
43495  -23.916  -24.128  30.742 0.0000000000
43496  -24.762  -24.396  30.367 0.0000000000
43511  -26.138  -24.307  29.574 0.0000000000
126614  -18.357  -21.232  40.365 0.0000000000
50781  -40.126  -16.938  19.829 0.0000000000
125882  -40.489  -10.916  19.838 0.0000000000
106469  -41.206  -11.660  19.539 0.0000000000
56350  -42.230  -12.721  19.519 0.0000000000
57342  -42.867  -11.232  19.354 0.0000000000
125019  -42.875  -12.711  19.530 0.0000000000
54065  -42.959  -13.963  19.982 0.0000000000
52911  -44.418  -14.795  20.957 0.0000000000
57363  -53.222  -12.118  19.144 0.0000000000
57349  -53.330  -11.966  19.968 0.0000000000
57329  -54.291  -11.034  21.255 0.0000000000
37630  -9.721  -30.690  42.749 0.0000000000
36790  -9.359  -31.620  42.253 0.0000000000
35073  -11.059  -33.006  41.851 0.0000000000
35058  -9.627  -33.544  42.074 0.0000000000
35057  -8.630  -33.628  42.335 0.0000000000
126823  -8.031  -34.475  43.589 0.0000000000
119908  -27.838  -22.535  28.104 0.0000000000
45390  -28.276  -21.993  27.675 0.0000000000
114848  -28.878  -21.542  27.397 0.0000000000
47577  -27.119  -19.965  25.654 0.0000000000
47559  -28.280  -20.679  25.972 0.0000000000
118644  -29.572  -21.221  27.451 0.0000000000
46430  -29.778  -20.816  26.753 0.0000000000
47581  -30.618  -20.488  25.697 0.0000000000
47582  -31.569  -20.481  25.517 0.0000000000
120025  -28.230  -15.409  26.312 0.0000000000
51792  -28.487  -16.510  24.495 0.0000000000
54017  -29.885  -14.876  24.824 0.0000000000
51793  -28.988  -16.187  24.162 0.0000000000
49721  -29.015  -17.734  23.967 0.0000000000
48720  -29.989  -19.191  23.862 0.0000000000
48703  -31.341  -19.735  24.297 0.0000000000
49743  -32.715  -18.200  22.495 0.0000000000
109576  -33.966  -19.037  23.161 0.0000000000
48764  -36.881  -18.990  20.977 0.0000000000
107124  -37.140  -18.034  20.292 0.0000000000
109050  -37.183  -17.071  20.140 0.0000000000
52905  -35.601  -15.594  20.735 0.0000000000
52906  -36.328  -15.450  20.457 0.0000000000
52907  -37.094  -15.393  20.095 0.0000000000
115155  -37.367  -13.959  20.364 0.0000000000
56340  -38.004  -12.908  20.596 0.0000000000
41446  -19.368  -25.975  39.449 0.0000000000
40472  -19.615  -27.467  39.818 0.0000000000
125830  -20.173  -29.106  37.835 0.0000000000
38587  -12.334  -29.649  41.382 0.0000000000
39491  -13.358  -28.357  41.148 0.0000000000
39505  -13.005  -29.170  40.873 0.0000000000
36817  -13.347  -31.019  40.673 0.0000000000
35974  -14.271  -32.048  41.843 0.0000000000
40428  -16.880  -27.237  41.112 0.0000000000
40451  -17.338  -27.808  40.933 0.0000000000
38603  -17.334  -28.919  41.007 0.0000000000
34053  -4.442  -34.508  45.769 0.0000000000
35027  -4.271  -33.398  44.532 0.0000000000
36757  -4.530  -31.843  44.137 0.0000000000
121481  -28.134  -23.617  29.278 0.0000000000
43332  -19.673  -24.394  40.334 0.0000000000
57326  -38.896  -11.777  20.810 0.0000000000
121013  -48.206  -10.366  19.884 0.0000000000
55247  -33.339  -13.665  23.632 0.0000000000
41547  -21.115  -26.276  34.592 0.0000000000
41548  -21.881  -26.115  34.449 0.0000000000
112373  -15.585  -25.880  42.803 0.0000000000
46367  -30.692  -21.369  28.789 0.0000000000
42514  -24.360  -25.249  32.645 0.0000000000
42515  -25.359  -25.386  32.643 0.0000000000
123957  -17.429  -22.627  42.897 0.0000000000
123641  -24.425  -21.688  28.322 0.0000000000
47389  -20.918  -21.289  36.674 0.0000000000
119991  -20.185  -21.417  36.846 0.0000000000
46214  -20.688  -21.860  36.177 0.0000000000
123386  -20.300  -22.677  35.301 0.0000000000
111209  -22.487  -19.929  33.465 0.0000000000
46270  -21.573  -21.245  33.299 0.0000000000
46290  -21.886  -21.366  32.501 0.0000000000
45277  -21.722  -22.272  32.489 0.0000000000
47490  -23.713  -20.982  29.650 0.0000000000
46365  -23.690  -21.732  29.549 0.0000000000
45345  -24.355  -22.709  28.950 0.0000000000
50779  -38.159  -16.846  19.787 0.0000000000
50764  -38.804  -17.593  19.879 0.0000000000
124040  -38.783  -16.929  19.722 0.0000000000
54063  -41.478  -14.575  19.600 0.0000000000
52928  -42.202  -15.101  19.960 0.0000000000
60472  -42.495  -8.496  20.523 0.0000000000
59412  -42.095  -9.355  19.633 0.0000000000
60481  -42.705  -8.725  19.670 0.0000000000
55293  -45.560  -13.588  18.944 0.0000000000
55292  -44.921  -13.011  18.973 0.0000000000
54066  -45.617  -13.871  19.654 0.0000000000
114884  -45.092  -13.939  20.326 0.0000000000
57334  -52.100  -11.665  20.403 0.0000000000
36804  -11.756  -31.139  41.317 0.0000000000
47556  -25.896  -20.067  26.417 0.0000000000
48699  -27.839  -18.876  24.888 0.0000000000
49707  -28.626  -18.492  24.313 0.0000000000
51826  -31.308  -16.644  22.674 0.0000000000
50733  -30.935  -17.342  22.861 0.0000000000
49741  -31.168  -18.156  22.990 0.0000000000
49742  -31.996  -18.182  22.709 0.0000000000
50746  -34.342  -17.186  21.379 0.0000000000
49764  -35.266  -18.520  21.367 0.0000000000
50747  -35.072  -17.629  21.116 0.0000000000
41482  -18.560  -26.278  37.325 0.0000000000
40488  -18.777  -26.816  37.862 0.0000000000
40522  -18.841  -27.221  36.962 0.0000000000
38602  -15.816  -29.383  40.458 0.0000000000
38601  -15.005  -29.445  40.343 0.0000000000
37649  -15.728  -30.471  41.087 0.0000000000
37650  -16.573  -30.059  41.350 0.0000000000
40430  -18.841  -27.329  41.652 0.0000000000
36777  -8.855  -30.987  42.937 0.0000000000
104068  -8.653  -30.649  43.810 0.0000000000
45346  -29.364  -22.499  28.909 0.0000000000
42361  -21.570  -24.792  42.286 0.0000000000
42360  -21.273  -24.699  41.619 0.0000000000
40452  -20.256  -27.052  40.457 0.0000000000
40453  -20.644  -27.741  41.001 0.0000000000
42544  -26.087  -25.118  31.015 0.0000000000
42533  -26.426  -25.318  31.749 0.0000000000
47329  -18.005  -20.127  41.353 0.0000000000
45161  -17.937  -22.475  42.373 0.0000000000
117201  -24.845  -19.350  30.794 0.0000000000
48552  -24.921  -19.311  32.250 0.0000000000
55279  -38.015  -13.989  19.865 0.0000000000
55280  -38.816  -13.969  19.631 0.0000000000
55281  -39.585  -13.463  19.562 0.0000000000
55282  -40.512  -13.223  19.524 0.0000000000
60494  -44.270  -8.960  18.770 0.0000000000
60495  -44.900  -8.663  18.809 0.0000000000
58346  -45.442  -10.662  18.569 0.0000000000
57356  -46.032  -11.271  18.522 0.0000000000
110197  -45.818  -12.157  18.540 0.0000000000
56359  -46.550  -12.865  18.458 0.0000000000
56361  -48.060  -12.637  18.351 0.0000000000
56362  -49.011  -12.705  18.460 0.0000000000
123443  -49.797  -12.690  18.550 0.0000000000
58339  -49.505  -11.015  20.108 0.0000000000
50687  -25.922  -17.315  27.655 0.0000000000
51749  -26.484  -16.641  27.262 0.0000000000
51763  -27.108  -16.130  26.853 0.0000000000
51762  -26.619  -16.771  26.401 0.0000000000
108141  -27.229  -16.302  26.069 0.0000000000
54027  -31.519  -14.576  23.630 0.0000000000
112646  -32.489  -15.162  22.374 0.0000000000
54036  -33.579  -14.226  22.362 0.0000000000
52881  -33.215  -15.085  21.964 0.0000000000
52890  -33.851  -15.430  21.584 0.0000000000
52891  -34.468  -15.242  21.364 0.0000000000
41527  -19.637  -26.805  35.433 0.0000000000
40545  -21.475  -27.410  35.598 0.0000000000
40525  -21.071  -27.896  36.243 0.0000000000
114628  -15.478  -27.027  41.417 0.0000000000
40449  -15.802  -28.052  40.558 0.0000000000
35044  -6.846  -33.945  42.984 0.0000000000
35042  -5.507  -33.399  43.809 0.0000000000
35945  -5.413  -32.962  43.655 0.0000000000
125039  -30.921  -20.679  27.772 0.0000000000
47535  -31.457  -20.603  27.984 0.0000000000
117223  -22.874  -25.208  33.235 0.0000000000
42472  -23.399  -25.774  34.024 0.0000000000
43302  -16.101  -24.062  43.753 0.0000000000
43305  -17.004  -24.548  42.913 0.0000000000
42350  -18.818  -23.959  42.996 0.0000000000
42351  -19.831  -24.233  43.001 0.0000000000
44439  -25.956  -23.359  28.545 0.0000000000
45363  -25.317  -22.752  28.110 0.0000000000
45386  -25.106  -22.123  27.667 0.0000000000
47532  -24.948  -20.889  27.488 0.0000000000
48584  -25.137  -19.022  30.115 0.0000000000
112415  -24.463  -19.959  29.386 0.0000000000
50664  -25.627  -17.954  29.369 0.0000000000
106961  -25.433  -18.180  28.750 0.0000000000
50676  -25.879  -17.434  28.707 0.0000000000
44240  -18.537  -23.574  39.589 0.0000000000
45176  -18.483  -22.699  38.184 0.0000000000
44270  -18.546  -23.318  37.703 0.0000000000
45205  -19.469  -22.886  36.515 0.0000000000
44288  -19.141  -23.619  36.517 0.0000000000
43378  -19.361  -24.313  35.891 0.0000000000
44322  -19.834  -23.880  35.162 0.0000000000
43408  -20.427  -24.829  34.207 0.0000000000
47412  -21.683  -20.622  34.710 0.0000000000
47413  -22.126  -20.113  35.185 0.0000000000
47402  -21.675  -20.742  35.623 0.0000000000
45258  -21.213  -22.577  33.070 0.0000000000
45257  -20.767  -22.650  33.794 0.0000000000
111401  -21.361  -23.919  33.026 0.0000000000
43475  -22.868  -23.886  31.634 0.0000000000
47456  -22.764  -20.718  31.493 0.0000000000
46311  -22.353  -21.284  31.788 0.0000000000
126670  -23.635  -22.781  30.110 0.0000000000
44395  -23.237  -22.797  30.800 0.0000000000
44397  -24.350  -23.751  29.936 0.0000000000
43510  -25.192  -24.013  29.510 0.0000000000
44416  -25.800  -23.790  29.074 0.0000000000
46180  -18.438  -21.196  39.358 0.0000000000
46178  -18.429  -20.505  40.088 0.0000000000
48754  -38.393  -19.415  21.283 0.0000000000
108179  -39.804  -19.050  20.735 0.0000000000
51882  -39.679  -16.280  19.637 0.0000000000
51883  -40.439  -16.188  19.705 0.0000000000
58322  -40.498  -10.162  20.670 0.0000000000
57332  -40.106  -10.868  20.165 0.0000000000
58333  -40.714  -10.427  19.939 0.0000000000
57341  -41.811  -10.987  19.509 0.0000000000
57340  -40.967  -10.929  19.705 0.0000000000
56349  -41.512  -12.329  19.514 0.0000000000
58345  -44.111  -10.305  18.804 0.0000000000
58336  -43.313  -10.318  19.150 0.0000000000
115134  -43.855  -11.082  19.074 0.0000000000
55286  -44.205  -13.156  19.489 0.0000000000
110042  -43.476  -12.731  19.472 0.0000000000
116498  -42.861  -13.212  19.617 0.0000000000
54052  -43.786  -14.274  20.449 0.0000000000
111474  -45.118  -15.238  21.462 0.0000000000
115707  -47.733  -14.796  18.847 0.0000000000
56364  -51.235  -12.703  18.590 0.0000000000
125450  -51.911  -12.552  18.685 0.0000000000
56365  -52.509  -12.734  18.514 0.0000000000
57335  -52.968  -11.628  20.454 0.0000000000
57336  -53.894  -11.628  20.493 0.0000000000
37631  -10.496  -30.553  42.296 0.0000000000
36791  -10.077  -31.195  41.995 0.0000000000
122630  -9.910  -31.722  41.897 0.0000000000
117216  -12.096  -33.457  42.616 0.0000000000
118010  -11.328  -33.509  42.391 0.0000000000
34106  -9.875  -34.091  42.618 0.0000000000
34105  -8.984  -34.177  42.546 0.0000000000
34104  -8.231  -34.182  42.650 0.0000000000
34085  -8.424  -34.393  42.981 0.0000000000
118374  -8.243  -35.139  45.085 0.0000000000
45365  -27.105  -22.739  28.069 0.0000000000
44441  -27.823  -23.162  28.644 0.0000000000
46412  -27.599  -21.695  27.022 0.0000000000
45389  -27.363  -22.213  27.556 0.0000000000
46413  -28.311  -21.517  27.033 0.0000000000
110429  -26.350  -18.887  25.932 0.0000000000
48683  -26.458  -19.620  25.963 0.0000000000
47579  -28.488  -20.193  25.350 0.0000000000
47578  -27.777  -20.241  25.579 0.0000000000
46429  -28.874  -21.106  26.688 0.0000000000
47580  -29.855  -20.415  25.536 0.0000000000
47599  -31.006  -20.243  24.859 0.0000000000
54011  -29.360  -14.898  25.608 0.0000000000
54010  -28.864  -14.955  26.312 0.0000000000
52856  -28.599  -15.422  25.510 0.0000000000
105186  -28.136  -16.091  25.068 0.0000000000
52863  -28.746  -15.766  24.672 0.0000000000
54018  -30.666  -14.685  24.443 0.0000000000
51809  -29.502  -16.358  23.709 0.0000000000
50726  -28.965  -16.929  23.993 0.0000000000
49722  -29.579  -18.370  23.704 0.0000000000
48722  -31.634  -19.231  23.750 0.0000000000
48721  -30.837  -19.250  23.803 0.0000000000
47600  -31.894  -20.241  24.771 0.0000000000
50744  -32.893  -17.578  22.166 0.0000000000
49727  -33.991  -18.733  22.441 0.0000000000
48737  -34.749  -19.136  22.872 0.0000000000
48752  -36.616  -19.286  21.665 0.0000000000
48753  -37.497  -19.378  21.489 0.0000000000
50763  -36.446  -17.606  20.467 0.0000000000
51864  -36.755  -16.183  20.244 0.0000000000
52892  -35.153  -15.018  21.088 0.0000000000
54050  -36.724  -14.580  20.484 0.0000000000
54059  -37.533  -14.662  19.967 0.0000000000
56337  -37.706  -12.888  21.464 0.0000000000
104184  -18.597  -25.029  39.036 0.0000000000
42379  -18.699  -25.695  38.906 0.0000000000
40489  -19.299  -27.815  38.992 0.0000000000
104599  -19.363  -26.882  39.258 0.0000000000
39524  -19.546  -28.451  39.519 0.0000000000
119560  -19.960  -29.052  39.998 0.0000000000
39559  -19.998  -28.256  36.999 0.0000000000
39545  -20.417  -28.813  37.472 0.0000000000
41529  -22.873  -26.713  35.100 0.0000000000
38575  -12.273  -29.158  42.260 0.0000000000
40408  -14.217  -27.033  41.919 0.0000000000
40407  -13.469  -27.152  42.440 0.0000000000
40426  -13.779  -27.602  41.522 0.0000000000
39506  -13.775  -28.894  40.587 0.0000000000
38600  -13.505  -29.743  40.536 0.0000000000
37660  -13.663  -30.455  40.558 0.0000000000
36806  -13.932  -31.470  41.031 0.0000000000
36818  -14.046  -30.810  40.656 0.0000000000
39510  -17.717  -28.363  41.079 0.0000000000
39509  -16.989  -28.490  40.756 0.0000000000
35014  -3.698  -33.908  45.407 0.0000000000
35040  -3.917  -32.947  44.229 0.0000000000
35930  -3.636  -32.251  44.230 0.0000000000
43498  -26.601  -24.745  30.321 0.0000000000
125675  -38.979  -13.349  19.680 0.0000000000
56342  -39.369  -11.880  19.965 0.0000000000
125513  -39.770  -11.349  20.014 0.0000000000
59414  -45.598  -8.981  18.797 0.0000000000
59423  -46.323  -9.491  18.859 0.0000000000
58348  -46.946  -11.147  18.633 0.0000000000
57357  -47.205  -12.192  18.429 0.0000000000
122868  -48.426  -11.275  18.998 0.0000000000
58338  -48.640  -10.888  19.665 0.0000000000
52841  -27.717  -15.569  27.144 0.0000000000
55246  -32.678  -14.072  23.327 0.0000000000
55259  -33.272  -13.970  22.972 0.0000000000
54037  -34.362  -13.969  22.197 0.0000000000
41546  -20.262  -26.380  34.920 0.0000000000
40546  -22.465  -27.224  35.653 0.0000000000
41409  -16.250  -26.742  41.540 0.0000000000
109837  -53.956  -12.002  19.644 0.0000000000
57350  -54.682  -11.620  20.007 0.0000000000
110780  -6.811  -34.553  44.532 0.0000000000
34071  -6.087  -34.145  44.609 0.0000000000
34054  -5.499  -34.314  45.292 0.0000000000
34070  -5.277  -33.686  44.487 0.0000000000
119285  -30.817  -20.883  28.187 0.0000000000
42513  -23.507  -25.032  32.612 0.0000000000
42493  -23.900  -25.420  33.329 0.0000000000
42494  -24.856  -25.549  33.405 0.0000000000
45159  -16.637  -21.920  43.396 0.0000000000
44437  -24.826  -22.926  28.578 0.0000000000
45362  -24.668  -22.322  28.213 0.0000000000
47510  -24.526  -20.875  28.191 0.0000000000
46198  -18.706  -21.858  37.733 0.0000000000
109686  -19.664  -20.710  37.311 0.0000000000
45236  -20.413  -22.754  34.643 0.0000000000
47425  -22.263  -19.964  34.330 0.0000000000
123113  -22.233  -22.665  31.911 0.0000000000
47472  -23.076  -20.841  30.893 0.0000000000
45318  -22.978  -22.004  30.888 0.0000000000
44414  -24.060  -23.081  29.653 0.0000000000
49780  -38.481  -18.394  20.223 0.0000000000
48767  -38.941  -19.011  20.677 0.0000000000
50765  -39.739  -17.667  19.997 0.0000000000
52926  -40.693  -15.311  19.586 0.0000000000
51884  -41.230  -16.050  19.859 0.0000000000
59403  -41.446  -9.244  20.404 0.0000000000
59410  -41.081  -9.799  20.154 0.0000000000
59411  -41.561  -9.381  19.914 0.0000000000
55274  -44.336  -13.725  20.159 0.0000000000
54053  -44.577  -14.242  20.600 0.0000000000
37632  -11.114  -30.328  41.991 0.0000000000
37645  -10.897  -30.980  41.698 0.0000000000
34073  -8.746  -34.428  43.877 0.0000000000
117232  -26.209  -21.692  27.035 0.0000000000
46427  -26.896  -21.277  26.497 0.0000000000
105832  -27.020  -19.094  25.456 0.0000000000
52873  -30.555  -15.529  23.372 0.0000000000
51810  -30.382  -16.575  23.204 0.0000000000
106500  -31.186  -18.800  23.418 0.0000000000
50745  -33.688  -17.606  21.785 0.0000000000
49745  -34.693  -18.846  21.950 0.0000000000
43360  -18.359  -24.697  38.082 0.0000000000
41465  -18.498  -26.021  38.168 0.0000000000
120736  -19.137  -27.237  38.445 0.0000000000
106594  -19.461  -27.927  38.119 0.0000000000
117080  -15.009  -28.082  40.605 0.0000000000
40448  -14.176  -28.143  40.810 0.0000000000
39507  -14.604  -28.777  40.424 0.0000000000
37648  -14.823  -30.839  40.880 0.0000000000
36807  -15.394  -31.143  41.600 0.0000000000
41411  -18.178  -26.242  41.767 0.0000000000
40429  -17.690  -27.074  41.274 0.0000000000
39492  -18.583  -28.286  41.506 0.0000000000
106699  -29.972  -22.388  29.327 0.0000000000
45367  -29.263  -21.830  28.138 0.0000000000
43310  -21.327  -24.427  42.827 0.0000000000
41414  -21.892  -25.961  42.252 0.0000000000
109304  -24.461  -24.647  31.054 0.0000000000
46167  -17.371  -21.420  42.321 0.0000000000
47474  -24.089  -20.277  29.881 0.0000000000
48567  -22.987  -20.141  31.915 0.0000000000
47457  -23.313  -20.321  31.178 0.0000000000
47473  -23.516  -20.597  30.414 0.0000000000
52923  -37.844  -15.393  19.765 0.0000000000
51881  -38.859  -16.299  19.641 0.0000000000
52924  -38.580  -15.469  19.607 0.0000000000
111073  -39.831  -14.996  19.511 0.0000000000
54061  -39.525  -14.295  19.519 0.0000000000
60482  -43.518  -8.809  19.138 0.0000000000
59421  -44.358  -9.674  18.684 0.0000000000
108094  -44.654  -10.916  18.728 0.0000000000
114142  -45.589  -9.791  18.604 0.0000000000
55294  -46.297  -13.683  18.715 0.0000000000
56360  -47.339  -13.052  18.337 0.0000000000
106973  -47.844  -13.605  18.309 0.0000000000
36805  -12.962  -31.670  40.999 0.0000000000
114908  -12.263  -31.643  41.263 0.0000000000
35972  -12.518  -32.369  41.622 0.0000000000
35059  -12.542  -33.075  42.234 0.0000000000
49679  -25.482  -18.767  26.899 0.0000000000
49680  -25.972  -18.244  26.371 0.0000000000
50707  -26.428  -17.503  26.028 0.0000000000
49696  -26.923  -17.671  25.531 0.0000000000
50718  -27.517  -17.397  25.086 0.0000000000
121809  -31.222  -14.515  24.175 0.0000000000
54020  -31.800  -14.191  24.280 0.0000000000
54026  -30.851  -14.877  23.738 0.0000000000
55266  -35.153  -13.865  21.990 0.0000000000
55262  -35.716  -13.547  22.552 0.0000000000
55250  -36.253  -13.393  23.309 0.0000000000
42448  -18.890  -25.685  36.205 0.0000000000
41502  -18.771  -26.407  36.499 0.0000000000
41503  -19.123  -27.108  36.072 0.0000000000
39560  -20.715  -28.343  36.922 0.0000000000
40544  -20.540  -27.537  35.638 0.0000000000
41408  -14.874  -26.745  41.929 0.0000000000
35957  -7.580  -32.300  42.863 0.0000000000
36776  -8.084  -31.250  43.209 0.0000000000
35947  -6.750  -32.076  43.353 0.0000000000
35043  -6.167  -33.424  43.486 0.0000000000
35946  -6.105  -32.548  43.473 0.0000000000
36758  -5.369  -31.544  44.125 0.0000000000
59396  -40.774  -9.654  21.393 0.0000000000
60450  -41.769  -8.730  21.800 0.0000000000
113977  -42.408  -8.358  21.509 0.0000000000
47562  -32.145  -20.513  26.276 0.0000000000
42471  -22.423  -25.723  34.010 0.0000000000
126427  -22.921  -25.977  34.320 0.0000000000
40409  -19.488  -26.851  42.281 0.0000000000
125677  -19.440  -25.315  42.572 0.0000000000
44418  -27.402  -23.768  29.153 0.0000000000
45387  -25.706  -22.204  27.526 0.0000000000
47533  -25.387  -20.501  26.980 0.0000000000
49634  -25.260  -18.604  29.367 0.0000000000
117709  -25.230  -19.187  27.406 0.0000000000
49666  -25.369  -18.585  27.520 0.0000000000
51717  -26.595  -16.756  30.175 0.0000000000
43348  -18.428  -24.434  38.776 0.0000000000
44255  -18.394  -23.613  38.510 0.0000000000
126313  -18.380  -24.222  38.312 0.0000000000
112608  -18.544  -24.668  37.239 0.0000000000
47375  -18.908  -20.904  37.691 0.0000000000
45190  -19.093  -22.342  37.074 0.0000000000
120800  -18.869  -24.254  36.634 0.0000000000
125588  -19.667  -25.424  35.101 0.0000000000
43407  -19.755  -24.797  34.968 0.0000000000
42468  -20.033  -25.553  34.728 0.0000000000
42491  -21.106  -25.051  33.726 0.0000000000
46215  -21.305  -21.213  36.231 0.0000000000
117281  -20.477  -23.268  33.988 0.0000000000
43426  -20.940  -24.322  33.527 0.0000000000
43428  -22.239  -24.630  32.843 0.0000000000
43454  -23.227  -24.538  31.936 0.0000000000
108018  -23.898  -24.596  31.464 0.0000000000
113953  -22.742  -22.520  31.320 0.0000000000
46175  -18.253  -20.742  40.907 0.0000000000
110050  -18.394  -21.949  40.356 0.0000000000
50766  -40.600  -17.616  20.192 0.0000000000
58321  -39.799  -10.692  20.991 0.0000000000
57339  -40.282  -11.529  19.732 0.0000000000
56348  -40.771  -12.368  19.521 0.0000000000
55283  -41.364  -13.020  19.481 0.0000000000
55284  -42.047  -13.674  19.568 0.0000000000
59413  -42.922  -9.442  19.275 0.0000000000
57343  -43.647  -11.910  19.257 0.0000000000
112721  -42.881  -12.190  19.463 0.0000000000
52910  -43.593  -15.145  20.733 0.0000000000
110317  -53.937  -12.265  18.748 0.0000000000
58315  -53.910  -10.704  21.949 0.0000000000
37618  -9.932  -30.158  43.700 0.0000000000
35971  -11.560  -32.121  41.558 0.0000000000
35970  -10.693  -32.303  41.696 0.0000000000
118056  -10.529  -33.629  42.222 0.0000000000
35072  -10.364  -33.033  41.844 0.0000000000
35969  -9.896  -32.390  41.857 0.0000000000
35959  -9.028  -32.677  42.180 0.0000000000
35958  -8.263  -32.834  42.465 0.0000000000
34084  -7.541  -34.315  43.031 0.0000000000
34072  -7.423  -34.467  43.997 0.0000000000
110502  -8.173  -34.647  44.376 0.0000000000
34056  -7.524  -34.850  44.716 0.0000000000
47558  -27.401  -20.641  26.003 0.0000000000
47561  -30.512  -20.606  26.659 0.0000000000
106197  -29.992  -20.593  26.125 0.0000000000
110906  -31.286  -20.537  26.445 0.0000000000
126352  -28.006  -15.446  26.742 0.0000000000
53997  -29.011  -14.670  26.945 0.0000000000
51776  -27.856  -15.875  25.779 0.0000000000
51791  -27.943  -16.769  24.837 0.0000000000
50719  -28.324  -17.440  24.436 0.0000000000
52864  -29.419  -15.533  24.193 0.0000000000
49708  -29.263  -19.098  24.138 0.0000000000
48702  -30.479  -19.730  24.349 0.0000000000
47583  -32.467  -20.442  25.402 0.0000000000
48705  -33.065  -19.545  24.095 0.0000000000
120589  -32.296  -17.675  22.437 0.0000000000
49726  -33.292  -18.669  22.764 0.0000000000
49744  -33.397  -18.228  22.207 0.0000000000
48765  -37.629  -19.005  20.852 0.0000000000
109382  -37.182  -18.624  20.580 0.0000000000
49779  -37.745  -18.503  20.368 0.0000000000
51865  -37.524  -16.153  19.910 0.0000000000
125317  -35.425  -16.286  20.764 0.0000000000
51863  -36.023  -16.230  20.522 0.0000000000
54049  -35.878  -14.822  20.810 0.0000000000
55272  -37.437  -13.358  20.849 0.0000000000
126471  -37.820  -13.458  20.276 0.0000000000
56338  -38.271  -12.332  21.175 0.0000000000
57321  -38.654  -11.808  21.800 0.0000000000
42380  -19.281  -25.152  39.559 0.0000000000
39512  -19.884  -28.120  40.339 0.0000000000
40506  -19.437  -27.913  37.292 0.0000000000
38638  -19.849  -28.608  37.762 0.0000000000
38627  -20.014  -29.251  38.286 0.0000000000
38639  -20.544  -29.368  37.918 0.0000000000
113122  -20.637  -29.772  38.750 0.0000000000
37664  -20.732  -30.144  40.132 0.0000000000
38574  -11.737  -29.683  42.380 0.0000000000
37647  -12.317  -30.429  40.977 0.0000000000
40425  -12.954  -27.879  41.948 0.0000000000
38599  -12.775  -29.868  40.772 0.0000000000
104831  -14.716  -31.503  41.443 0.0000000000
40450  -16.588  -27.945  40.677 0.0000000000
37663  -16.651  -29.295  40.774 0.0000000000
39476  -19.337  -28.555  42.216 0.0000000000
38576  -17.982  -29.554  42.024 0.0000000000
37651  -17.196  -29.895  41.947 0.0000000000
126623  -4.957  -34.360  45.570 0.0000000000
34069  -4.735  -33.925  45.307 0.0000000000
35944  -4.647  -32.576  43.923 0.0000000000
35929  -2.589  -32.701  44.301 0.0000000000
37659  -12.995  -30.444  40.641 0.0000000000
38588  -17.293  -29.457  41.367 0.0000000000
38615  -20.383  -29.766  39.644 0.0000000000
39534  -19.555  -28.664  38.623 0.0000000000
40524  -20.206  -27.936  36.271 0.0000000000
52834  -27.540  -15.570  28.551 0.0000000000
60461  -41.862  -8.798  20.871 0.0000000000
107640  -44.849  -10.121  18.597 0.0000000000
111934  -20.143  -27.103  35.292 0.0000000000
113601  -6.682  -31.505  43.762 0.0000000000
