#!ascii label  , from subject sub-v2s15x29737_ses-1 vox2ras=TkReg
941
49712  -34.781  -18.565  36.449 0.0000000000
48788  -17.287  -18.908  37.797 0.0000000000
46869  -25.753  -21.255  36.637 0.0000000000
64581  -39.230  -2.678  17.951 0.0000000000
64600  -44.754  -2.437  13.502 0.0000000000
46768  -12.385  -21.546  42.038 0.0000000000
63752  -36.177  -3.792  21.504 0.0000000000
53319  -34.323  -13.879  34.819 0.0000000000
47830  -30.649  -20.655  36.154 0.0000000000
110628  -15.033  -19.837  40.264 0.0000000000
43978  -15.354  -24.347  44.320 0.0000000000
50688  -31.590  -17.499  34.890 0.0000000000
52445  -31.338  -15.213  35.635 0.0000000000
48791  -21.426  -19.745  37.498 0.0000000000
50684  -27.344  -17.379  35.469 0.0000000000
53495  -33.704  -14.032  23.671 0.0000000000
117946  -36.736  -10.104  22.373 0.0000000000
60163  -39.185  -7.922  20.270 0.0000000000
117723  -6.865  -25.596  44.392 0.0000000000
40811  -3.735  -27.221  47.244 0.0000000000
54227  -27.840  -13.927  33.851 0.0000000000
55264  -28.399  -12.424  30.427 0.0000000000
53427  -30.053  -14.132  27.092 0.0000000000
124416  -10.981  -24.688  43.482 0.0000000000
46825  -18.174  -21.244  40.011 0.0000000000
49676  -19.066  -18.441  40.067 0.0000000000
47833  -33.139  -20.095  36.598 0.0000000000
51588  -15.796  -16.714  38.644 0.0000000000
107954  -16.532  -19.960  38.641 0.0000000000
45902  -17.211  -22.483  40.291 0.0000000000
126327  -31.714  -16.857  38.026 0.0000000000
50686  -29.811  -17.647  35.090 0.0000000000
57230  -32.886  -10.550  23.123 0.0000000000
113990  -35.098  -12.262  22.593 0.0000000000
117188  -34.038  -8.649  22.471 0.0000000000
61109  -36.951  -6.450  20.168 0.0000000000
62053  -38.517  -5.269  18.276 0.0000000000
60173  -41.063  -7.906  19.222 0.0000000000
62067  -40.479  -5.498  17.373 0.0000000000
119123  -42.209  -4.087  16.135 0.0000000000
54200  -27.045  -13.227  37.109 0.0000000000
53316  -29.027  -14.671  34.939 0.0000000000
55173  -26.075  -12.650  35.090 0.0000000000
57159  -26.514  -10.353  30.489 0.0000000000
57175  -27.721  -10.675  28.286 0.0000000000
54323  -28.856  -12.933  28.275 0.0000000000
56281  -28.781  -10.824  26.932 0.0000000000
56291  -30.614  -11.738  25.562 0.0000000000
47813  -23.273  -20.845  36.427 0.0000000000
45872  -9.500  -23.056  42.411 0.0000000000
123922  -11.177  -23.405  41.960 0.0000000000
37688  -4.254  -30.557  49.358 0.0000000000
36855  -2.505  -31.112  51.114 0.0000000000
62020  -34.310  -5.491  23.109 0.0000000000
55175  -32.079  -12.192  35.297 0.0000000000
47828  -28.238  -20.734  36.471 0.0000000000
47768  -13.722  -20.692  41.847 0.0000000000
45004  -13.857  -23.618  41.589 0.0000000000
45006  -15.608  -23.515  41.385 0.0000000000
64602  -46.240  -2.990  12.951 0.0000000000
49739  -33.057  -18.048  34.597 0.0000000000
51657  -33.521  -16.471  34.562 0.0000000000
115909  -32.582  -16.009  35.582 0.0000000000
51607  -17.574  -16.243  37.293 0.0000000000
49698  -19.404  -18.157  37.738 0.0000000000
51628  -19.769  -16.316  36.120 0.0000000000
49720  -21.769  -18.138  35.761 0.0000000000
48812  -23.990  -19.502  35.415 0.0000000000
50665  -25.556  -17.340  36.321 0.0000000000
48832  -26.538  -19.219  34.626 0.0000000000
48835  -29.050  -19.367  34.688 0.0000000000
48837  -31.301  -19.092  34.683 0.0000000000
52569  -34.702  -15.203  25.965 0.0000000000
119635  -36.021  -7.462  21.411 0.0000000000
59163  -37.984  -8.221  21.227 0.0000000000
62950  -43.520  -4.119  15.520 0.0000000000
41904  -5.191  -26.187  45.692 0.0000000000
39701  -5.926  -28.974  47.893 0.0000000000
113178  -32.859  -14.849  34.542 0.0000000000
54229  -30.578  -13.632  34.256 0.0000000000
54242  -29.192  -13.004  33.013 0.0000000000
56219  -25.690  -11.164  33.126 0.0000000000
55226  -27.535  -12.667  31.738 0.0000000000
55229  -30.179  -11.687  32.341 0.0000000000
54282  -30.687  -12.791  31.135 0.0000000000
53387  -31.524  -14.730  29.274 0.0000000000
52519  -32.742  -15.408  28.203 0.0000000000
53449  -31.422  -14.455  25.314 0.0000000000
109475  -32.262  -12.118  23.822 0.0000000000
48767  -21.031  -19.534  39.927 0.0000000000
44957  -7.100  -23.127  44.068 0.0000000000
42977  -8.778  -25.207  43.736 0.0000000000
44001  -13.157  -24.601  43.344 0.0000000000
36835  -0.216  -31.423  51.876 0.0000000000
125236  -17.909  -20.370  39.078 0.0000000000
106864  -18.560  -19.667  39.919 0.0000000000
49688  -18.748  -18.755  38.948 0.0000000000
48792  -34.220  -19.300  36.766 0.0000000000
49695  -16.871  -18.459  37.706 0.0000000000
49687  -16.170  -18.450  38.245 0.0000000000
48780  -17.180  -19.766  38.342 0.0000000000
47800  -17.371  -20.545  38.859 0.0000000000
59118  -32.808  -9.067  23.497 0.0000000000
58165  -33.764  -9.487  22.570 0.0000000000
59138  -33.492  -7.960  22.800 0.0000000000
63759  -38.384  -2.927  18.985 0.0000000000
62917  -37.842  -4.402  18.794 0.0000000000
62918  -38.794  -3.916  17.826 0.0000000000
62054  -39.642  -5.547  17.660 0.0000000000
62924  -39.472  -4.015  17.356 0.0000000000
63772  -40.577  -3.235  16.563 0.0000000000
54210  -26.779  -13.365  36.172 0.0000000000
58075  -27.089  -9.171  29.259 0.0000000000
56274  -28.255  -11.179  27.593 0.0000000000
58114  -28.938  -9.972  26.845 0.0000000000
58115  -29.821  -9.778  26.469 0.0000000000
46867  -23.996  -21.148  36.439 0.0000000000
46840  -23.608  -21.477  37.957 0.0000000000
46842  -25.468  -21.554  38.220 0.0000000000
45873  -10.933  -22.507  41.996 0.0000000000
45874  -11.742  -22.269  41.828 0.0000000000
63788  -44.437  -3.287  13.771 0.0000000000
36856  -3.330  -31.220  50.497 0.0000000000
53308  -35.627  -14.614  35.728 0.0000000000
54220  -33.790  -13.196  34.986 0.0000000000
46872  -29.121  -20.806  36.667 0.0000000000
46859  -30.225  -21.225  37.716 0.0000000000
48758  -15.155  -18.979  39.896 0.0000000000
48757  -14.609  -19.037  40.758 0.0000000000
48749  -14.092  -19.126  41.662 0.0000000000
46786  -14.619  -21.428  40.906 0.0000000000
115814  -14.567  -22.326  41.059 0.0000000000
46804  -15.211  -22.071  40.660 0.0000000000
120495  -18.299  -22.490  41.705 0.0000000000
44991  -17.562  -23.429  42.214 0.0000000000
50698  -31.753  -17.956  34.600 0.0000000000
50689  -32.229  -17.402  34.736 0.0000000000
51636  -32.365  -16.244  35.972 0.0000000000
52428  -18.150  -15.720  37.080 0.0000000000
51627  -19.028  -16.475  36.512 0.0000000000
53303  -19.542  -15.173  36.524 0.0000000000
52456  -21.778  -16.117  35.747 0.0000000000
51645  -23.012  -16.830  35.726 0.0000000000
110918  -23.170  -19.249  35.557 0.0000000000
50681  -24.140  -17.808  35.687 0.0000000000
50651  -26.800  -16.727  37.008 0.0000000000
50666  -26.453  -17.241  36.080 0.0000000000
48831  -25.937  -18.595  34.827 0.0000000000
49724  -26.759  -18.570  34.648 0.0000000000
48816  -27.480  -19.830  34.923 0.0000000000
123157  -27.946  -18.727  34.503 0.0000000000
50687  -30.674  -17.643  35.032 0.0000000000
49728  -30.285  -18.368  34.636 0.0000000000
50697  -31.057  -18.020  34.695 0.0000000000
48838  -32.044  -19.007  34.708 0.0000000000
52584  -33.672  -14.988  24.761 0.0000000000
108010  -35.185  -14.797  25.154 0.0000000000
53478  -35.265  -14.338  24.296 0.0000000000
57250  -36.187  -10.843  22.399 0.0000000000
55367  -36.465  -12.218  22.840 0.0000000000
62032  -35.159  -4.715  22.203 0.0000000000
61098  -35.144  -6.438  21.688 0.0000000000
61107  -35.556  -5.949  21.185 0.0000000000
60170  -38.646  -7.263  19.710 0.0000000000
60161  -37.331  -7.387  20.651 0.0000000000
59182  -38.944  -8.321  21.051 0.0000000000
59144  -39.436  -8.859  22.244 0.0000000000
62937  -43.175  -4.398  16.111 0.0000000000
64591  -42.570  -2.677  15.138 0.0000000000
63780  -43.159  -3.415  15.112 0.0000000000
43973  -6.519  -24.333  44.441 0.0000000000
43949  -5.380  -24.792  45.449 0.0000000000
41918  -6.276  -25.869  44.878 0.0000000000
39718  -6.419  -28.302  47.492 0.0000000000
113048  -5.838  -30.181  49.956 0.0000000000
52457  -32.087  -15.238  34.999 0.0000000000
52468  -33.101  -15.646  34.663 0.0000000000
53318  -31.384  -14.709  34.680 0.0000000000
53325  -27.739  -14.196  34.686 0.0000000000
53327  -29.442  -14.237  34.208 0.0000000000
54228  -28.898  -13.792  33.641 0.0000000000
54243  -29.594  -13.429  33.832 0.0000000000
54241  -28.478  -13.477  33.093 0.0000000000
58060  -25.891  -9.726  33.135 0.0000000000
56235  -26.967  -11.732  30.718 0.0000000000
56234  -26.396  -11.656  31.559 0.0000000000
55245  -27.573  -12.326  30.963 0.0000000000
55228  -29.237  -12.408  31.862 0.0000000000
110671  -28.854  -12.422  30.987 0.0000000000
55248  -30.002  -12.104  31.632 0.0000000000
55265  -29.246  -12.595  30.529 0.0000000000
118483  -29.644  -13.781  27.503 0.0000000000
53403  -30.063  -14.151  28.671 0.0000000000
53404  -30.586  -14.636  28.162 0.0000000000
52505  -32.042  -15.162  28.752 0.0000000000
52525  -31.609  -15.323  27.097 0.0000000000
52545  -32.135  -15.458  26.475 0.0000000000
53429  -31.116  -14.852  26.068 0.0000000000
119699  -31.431  -11.342  25.354 0.0000000000
56292  -31.380  -12.022  25.040 0.0000000000
57207  -32.104  -10.835  25.342 0.0000000000
118062  -20.363  -18.487  38.029 0.0000000000
49690  -20.242  -18.455  38.832 0.0000000000
48782  -20.826  -19.074  38.188 0.0000000000
44020  -10.413  -24.253  42.615 0.0000000000
44019  -9.014  -24.229  42.775 0.0000000000
125765  -10.279  -25.078  44.024 0.0000000000
44023  -14.242  -24.413  42.411 0.0000000000
44022  -13.420  -24.467  42.632 0.0000000000
119891  -14.533  -24.541  44.113 0.0000000000
105966  -18.613  -21.100  42.090 0.0000000000
47770  -18.640  -20.403  41.365 0.0000000000
49655  -18.854  -18.356  41.546 0.0000000000
49657  -19.675  -18.207  40.960 0.0000000000
47831  -31.599  -20.626  36.295 0.0000000000
46860  -31.567  -21.172  37.944 0.0000000000
51570  -15.462  -16.463  39.226 0.0000000000
116104  -15.551  -18.831  39.073 0.0000000000
106432  -15.688  -19.807  39.253 0.0000000000
113278  -15.867  -21.885  40.190 0.0000000000
124262  -16.774  -21.121  39.149 0.0000000000
46806  -17.539  -21.820  39.900 0.0000000000
51634  -31.404  -16.898  36.668 0.0000000000
111988  -32.225  -16.390  36.885 0.0000000000
51612  -27.930  -16.593  37.065 0.0000000000
50685  -28.866  -17.572  35.130 0.0000000000
118826  -30.463  -16.845  36.908 0.0000000000
55364  -33.469  -12.360  22.924 0.0000000000
54419  -34.855  -12.965  22.885 0.0000000000
56332  -33.959  -11.628  22.569 0.0000000000
57249  -35.194  -10.813  22.316 0.0000000000
58167  -35.532  -9.292  22.248 0.0000000000
62045  -36.442  -5.005  20.194 0.0000000000
62915  -37.287  -4.247  19.473 0.0000000000
62050  -38.035  -5.652  18.812 0.0000000000
61113  -39.013  -6.784  18.960 0.0000000000
60172  -40.251  -7.727  19.377 0.0000000000
61116  -39.480  -6.307  18.237 0.0000000000
61117  -40.960  -6.793  18.213 0.0000000000
61140  -42.018  -6.097  17.531 0.0000000000
62936  -41.133  -4.015  16.493 0.0000000000
64585  -40.821  -2.409  16.331 0.0000000000
41920  -7.841  -26.148  44.883 0.0000000000
41907  -7.366  -26.633  45.526 0.0000000000
41894  -7.862  -26.799  46.865 0.0000000000
53294  -28.982  -14.665  37.145 0.0000000000
123161  -29.471  -14.907  35.617 0.0000000000
53304  -27.864  -14.403  36.061 0.0000000000
53314  -27.294  -14.015  35.515 0.0000000000
54219  -26.465  -13.250  34.616 0.0000000000
118115  -26.374  -9.214  31.547 0.0000000000
58074  -26.700  -9.620  30.022 0.0000000000
57166  -26.853  -10.444  29.787 0.0000000000
55274  -27.890  -11.993  29.141 0.0000000000
55275  -28.539  -12.594  28.998 0.0000000000
55283  -28.331  -12.236  28.317 0.0000000000
55293  -28.732  -12.446  27.617 0.0000000000
55294  -29.169  -12.645  26.939 0.0000000000
54345  -30.138  -13.377  26.069 0.0000000000
56283  -29.815  -11.890  25.976 0.0000000000
47811  -22.052  -20.216  36.870 0.0000000000
110530  -21.749  -20.640  38.784 0.0000000000
46839  -22.758  -21.219  37.826 0.0000000000
44987  -10.353  -23.403  42.158 0.0000000000
43999  -11.211  -24.500  42.980 0.0000000000
38580  -3.842  -29.489  48.578 0.0000000000
40780  -3.056  -27.876  48.612 0.0000000000
38567  -3.151  -29.279  49.212 0.0000000000
38557  -2.171  -29.175  50.700 0.0000000000
38547  -1.819  -29.701  51.222 0.0000000000
55174  -30.945  -11.690  35.045 0.0000000000
46870  -26.688  -21.155  36.842 0.0000000000
122927  -26.076  -21.417  37.511 0.0000000000
48739  -13.458  -19.749  42.814 0.0000000000
46769  -13.219  -21.107  41.979 0.0000000000
45886  -12.423  -22.563  41.614 0.0000000000
45887  -13.888  -22.651  41.331 0.0000000000
45005  -14.716  -23.368  41.369 0.0000000000
44025  -15.673  -24.301  42.672 0.0000000000
45013  -16.124  -23.048  40.873 0.0000000000
44990  -16.627  -23.872  42.166 0.0000000000
44972  -16.681  -23.886  43.678 0.0000000000
112449  -45.734  -2.286  13.179 0.0000000000
49730  -33.607  -18.545  35.055 0.0000000000
50691  -34.673  -17.471  35.058 0.0000000000
50700  -33.298  -17.290  34.583 0.0000000000
52458  -32.828  -15.790  34.892 0.0000000000
119867  -32.246  -15.692  35.949 0.0000000000
52433  -32.600  -15.663  37.534 0.0000000000
53296  -31.197  -14.875  37.598 0.0000000000
53295  -29.969  -14.819  37.388 0.0000000000
54202  -28.437  -14.273  37.768 0.0000000000
49696  -17.373  -18.252  37.531 0.0000000000
107083  -18.663  -18.470  37.936 0.0000000000
50660  -18.753  -17.260  36.850 0.0000000000
50661  -19.628  -17.118  36.445 0.0000000000
49708  -20.614  -18.108  36.621 0.0000000000
126474  -20.788  -15.358  36.107 0.0000000000
50677  -20.796  -17.042  35.798 0.0000000000
49709  -21.266  -18.588  36.334 0.0000000000
115932  -22.520  -19.334  35.782 0.0000000000
47843  -23.479  -20.054  35.570 0.0000000000
47824  -24.559  -20.877  35.867 0.0000000000
50664  -24.803  -17.232  36.370 0.0000000000
49723  -24.648  -18.428  35.401 0.0000000000
114141  -25.110  -18.929  34.980 0.0000000000
47846  -26.033  -20.423  35.359 0.0000000000
47847  -26.961  -20.385  35.461 0.0000000000
123576  -28.637  -20.207  35.414 0.0000000000
47849  -29.274  -20.112  35.255 0.0000000000
49727  -29.228  -18.440  34.595 0.0000000000
48818  -29.969  -19.607  34.843 0.0000000000
47851  -31.210  -20.259  35.506 0.0000000000
48820  -31.668  -19.666  35.040 0.0000000000
48822  -33.258  -19.256  35.453 0.0000000000
51606  -16.866  -16.366  37.674 0.0000000000
54404  -36.092  -13.529  23.679 0.0000000000
61091  -34.064  -6.300  22.741 0.0000000000
60144  -34.980  -7.627  21.977 0.0000000000
59141  -36.100  -8.556  22.010 0.0000000000
61108  -36.230  -6.401  20.679 0.0000000000
113019  -37.169  -7.894  21.188 0.0000000000
58169  -37.376  -9.354  22.267 0.0000000000
58170  -39.162  -9.379  22.556 0.0000000000
62951  -44.239  -4.494  15.289 0.0000000000
63786  -43.782  -3.327  14.364 0.0000000000
65404  -44.248  -1.639  13.678 0.0000000000
43948  -4.796  -24.921  45.942 0.0000000000
40812  -4.417  -27.327  46.592 0.0000000000
40814  -6.421  -27.479  46.253 0.0000000000
39736  -4.958  -27.978  46.645 0.0000000000
39716  -4.472  -28.513  47.287 0.0000000000
37705  -5.090  -29.942  48.637 0.0000000000
51658  -34.272  -16.238  34.551 0.0000000000
52459  -34.394  -15.398  34.591 0.0000000000
53331  -33.133  -14.404  34.445 0.0000000000
109685  -29.894  -14.721  34.805 0.0000000000
53329  -31.451  -14.255  34.464 0.0000000000
54231  -32.556  -13.740  34.452 0.0000000000
55191  -31.770  -12.906  34.625 0.0000000000
106408  -30.700  -12.695  34.428 0.0000000000
56192  -30.306  -11.505  33.890 0.0000000000
56191  -25.724  -11.994  34.439 0.0000000000
55208  -26.298  -12.787  33.386 0.0000000000
112074  -26.028  -10.919  31.745 0.0000000000
55225  -26.356  -12.210  32.201 0.0000000000
54239  -26.868  -13.108  32.926 0.0000000000
54260  -28.859  -12.866  32.495 0.0000000000
55209  -29.552  -12.226  32.399 0.0000000000
54311  -29.580  -13.521  29.187 0.0000000000
53372  -31.027  -14.180  29.842 0.0000000000
52527  -33.742  -15.489  27.054 0.0000000000
52566  -32.729  -15.168  25.157 0.0000000000
53476  -32.564  -14.219  24.243 0.0000000000
54356  -30.749  -13.241  25.396 0.0000000000
55323  -31.655  -12.996  24.437 0.0000000000
55343  -32.727  -12.684  23.473 0.0000000000
56314  -32.523  -11.381  23.574 0.0000000000
119886  -32.573  -9.398  24.152 0.0000000000
49689  -19.475  -18.355  38.567 0.0000000000
49666  -19.852  -18.251  40.295 0.0000000000
47790  -21.621  -20.540  39.618 0.0000000000
42974  -6.976  -24.690  43.998 0.0000000000
45855  -8.187  -23.025  43.173 0.0000000000
43995  -7.639  -24.538  43.537 0.0000000000
42976  -7.944  -25.235  43.715 0.0000000000
42938  -8.626  -26.025  45.059 0.0000000000
45003  -12.504  -23.463  41.719 0.0000000000
44021  -11.962  -24.284  42.558 0.0000000000
43976  -12.145  -24.701  44.152 0.0000000000
36037  -1.971  -32.541  52.343 0.0000000000
124066  -1.247  -31.080  52.019 0.0000000000
38545  -0.689  -29.884  51.565 0.0000000000
50672  -35.105  -17.815  35.852 0.0000000000
48781  -17.888  -19.742  38.591 0.0000000000
48789  -17.890  -19.082  37.973 0.0000000000
49711  -34.029  -18.971  35.848 0.0000000000
60121  -33.034  -7.684  24.442 0.0000000000
115453  -32.948  -8.209  23.471 0.0000000000
60129  -33.279  -7.367  23.406 0.0000000000
64577  -39.103  -2.512  18.543 0.0000000000
63762  -38.754  -3.130  18.151 0.0000000000
63768  -39.253  -3.262  17.594 0.0000000000
63769  -39.860  -3.276  17.081 0.0000000000
58100  -28.504  -9.298  27.360 0.0000000000
46868  -24.838  -21.257  36.506 0.0000000000
46855  -25.142  -21.459  37.344 0.0000000000
46755  -12.031  -20.918  42.858 0.0000000000
46767  -11.432  -21.649  42.298 0.0000000000
63789  -44.940  -3.880  13.666 0.0000000000
54221  -35.032  -13.839  35.422 0.0000000000
119804  -34.449  -13.363  35.363 0.0000000000
46873  -30.027  -20.948  36.834 0.0000000000
46874  -31.025  -21.081  37.094 0.0000000000
111752  -14.428  -19.883  41.118 0.0000000000
47778  -14.819  -20.640  40.652 0.0000000000
108364  -15.288  -21.329  40.362 0.0000000000
51635  -31.952  -16.822  35.777 0.0000000000
52429  -18.885  -15.322  36.777 0.0000000000
52444  -23.069  -15.776  36.611 0.0000000000
51630  -22.637  -16.187  35.938 0.0000000000
50680  -23.351  -17.451  35.637 0.0000000000
51631  -23.923  -16.890  36.126 0.0000000000
50667  -27.331  -16.876  36.302 0.0000000000
50683  -26.595  -17.880  35.053 0.0000000000
49725  -27.469  -18.165  34.670 0.0000000000
119425  -28.055  -17.593  35.072 0.0000000000
50671  -31.192  -17.209  35.637 0.0000000000
53477  -33.776  -14.550  24.194 0.0000000000
53451  -34.447  -14.702  24.539 0.0000000000
53496  -34.550  -14.151  23.791 0.0000000000
56335  -36.688  -11.458  22.618 0.0000000000
109671  -37.622  -10.195  22.510 0.0000000000
62910  -35.696  -4.210  21.754 0.0000000000
62038  -35.482  -5.015  21.348 0.0000000000
62039  -36.062  -4.399  20.896 0.0000000000
60162  -38.292  -7.733  20.472 0.0000000000
59164  -39.617  -8.587  21.724 0.0000000000
64596  -42.653  -1.893  14.790 0.0000000000
42956  -6.492  -25.119  44.441 0.0000000000
42955  -5.816  -25.297  45.080 0.0000000000
53317  -30.248  -15.054  35.704 0.0000000000
53326  -28.523  -14.294  34.360 0.0000000000
55263  -27.687  -12.120  30.090 0.0000000000
55246  -28.205  -12.557  31.275 0.0000000000
53414  -30.002  -14.230  27.838 0.0000000000
53415  -30.527  -14.615  27.359 0.0000000000
52517  -31.096  -15.042  27.641 0.0000000000
52524  -31.017  -14.994  26.846 0.0000000000
53428  -30.558  -14.487  26.604 0.0000000000
48790  -20.886  -18.808  37.235 0.0000000000
48783  -21.330  -19.948  38.404 0.0000000000
43998  -10.323  -24.715  43.323 0.0000000000
43974  -10.873  -24.903  43.946 0.0000000000
42961  -10.594  -25.169  44.652 0.0000000000
115591  -14.832  -24.489  42.756 0.0000000000
44002  -14.138  -24.618  43.233 0.0000000000
41881  -3.703  -26.339  47.314 0.0000000000
52448  -35.844  -15.587  35.849 0.0000000000
106827  -18.446  -21.206  40.690 0.0000000000
47780  -18.522  -20.404  40.359 0.0000000000
48765  -18.767  -18.792  39.958 0.0000000000
48759  -18.639  -19.087  40.808 0.0000000000
49664  -18.948  -18.383  40.756 0.0000000000
49656  -19.119  -18.175  41.314 0.0000000000
49665  -19.320  -18.282  40.560 0.0000000000
47832  -32.473  -20.406  36.460 0.0000000000
52416  -15.774  -15.947  38.908 0.0000000000
48778  -16.078  -19.211  38.568 0.0000000000
49686  -15.607  -18.154  38.822 0.0000000000
47788  -16.270  -20.766  39.232 0.0000000000
46824  -17.738  -21.052  39.392 0.0000000000
46807  -18.127  -21.900  40.513 0.0000000000
51616  -32.117  -16.778  37.719 0.0000000000
51632  -28.886  -16.677  36.718 0.0000000000
51615  -31.245  -16.739  38.218 0.0000000000
119922  -31.259  -16.807  37.617 0.0000000000
56315  -33.129  -11.462  22.918 0.0000000000
57247  -33.676  -10.857  22.593 0.0000000000
57248  -34.324  -10.260  22.396 0.0000000000
58166  -34.627  -9.374  22.347 0.0000000000
120993  -35.098  -9.990  22.277 0.0000000000
59140  -35.033  -8.453  22.138 0.0000000000
62912  -36.735  -4.118  20.209 0.0000000000
108930  -38.033  -5.008  18.604 0.0000000000
61112  -38.232  -6.454  19.188 0.0000000000
61115  -38.652  -6.024  18.497 0.0000000000
60178  -39.807  -7.090  18.813 0.0000000000
62066  -39.885  -4.774  17.267 0.0000000000
61138  -40.288  -6.213  17.829 0.0000000000
62068  -41.364  -5.480  17.169 0.0000000000
62926  -40.738  -4.785  16.891 0.0000000000
64584  -40.200  -2.463  16.925 0.0000000000
53293  -28.116  -14.419  36.902 0.0000000000
54211  -27.399  -13.930  36.557 0.0000000000
108361  -26.388  -12.823  35.816 0.0000000000
118288  -26.599  -13.360  35.314 0.0000000000
114058  -27.369  -9.885  28.733 0.0000000000
117762  -27.003  -9.947  29.371 0.0000000000
57167  -27.248  -10.563  29.127 0.0000000000
116747  -27.103  -10.999  29.571 0.0000000000
56264  -27.509  -11.263  29.024 0.0000000000
56265  -27.941  -11.577  28.317 0.0000000000
56275  -28.788  -11.758  27.056 0.0000000000
115478  -29.322  -12.043  26.502 0.0000000000
56282  -29.401  -11.251  26.394 0.0000000000
57196  -29.995  -10.603  26.127 0.0000000000
47812  -22.651  -20.843  37.030 0.0000000000
46826  -24.889  -21.634  38.926 0.0000000000
105125  -23.957  -21.589  38.830 0.0000000000
44988  -11.155  -24.058  42.328 0.0000000000
39699  -3.396  -28.751  48.514 0.0000000000
37703  -3.595  -29.999  49.188 0.0000000000
38558  -2.901  -29.777  49.862 0.0000000000
37670  -2.517  -30.329  50.676 0.0000000000
37655  -1.727  -30.530  51.566 0.0000000000
55176  -33.197  -12.477  35.424 0.0000000000
56179  -32.481  -11.688  36.072 0.0000000000
47827  -27.314  -20.762  36.238 0.0000000000
46871  -27.625  -21.055  37.096 0.0000000000
48748  -13.867  -19.953  41.988 0.0000000000
47758  -13.409  -20.378  42.433 0.0000000000
46784  -13.153  -22.061  41.566 0.0000000000
46785  -13.884  -21.520  41.415 0.0000000000
45888  -15.330  -22.853  40.966 0.0000000000
44043  -15.141  -23.945  41.708 0.0000000000
44044  -15.770  -24.004  41.877 0.0000000000
45901  -16.569  -22.410  40.275 0.0000000000
45014  -16.891  -23.088  40.773 0.0000000000
45008  -17.201  -23.385  41.445 0.0000000000
112295  -17.146  -23.707  42.940 0.0000000000
111712  -16.420  -24.105  42.989 0.0000000000
50690  -33.873  -17.786  34.753 0.0000000000
51646  -32.428  -16.798  34.998 0.0000000000
51656  -32.871  -16.811  34.706 0.0000000000
51617  -32.697  -16.209  37.613 0.0000000000
53279  -30.296  -14.556  38.214 0.0000000000
106284  -17.864  -17.608  37.241 0.0000000000
51608  -18.179  -16.615  36.936 0.0000000000
50648  -20.043  -17.697  36.762 0.0000000000
50662  -20.407  -17.403  36.237 0.0000000000
51643  -21.828  -16.830  35.599 0.0000000000
51642  -21.211  -16.564  35.689 0.0000000000
50678  -21.500  -17.306  35.670 0.0000000000
50663  -21.055  -17.775  35.950 0.0000000000
49710  -21.937  -19.006  36.005 0.0000000000
49721  -22.501  -18.591  35.668 0.0000000000
49722  -23.925  -18.723  35.465 0.0000000000
47844  -24.256  -20.239  35.484 0.0000000000
109411  -26.015  -17.004  36.925 0.0000000000
50649  -25.386  -16.878  37.267 0.0000000000
110428  -25.024  -17.833  35.737 0.0000000000
48814  -25.703  -19.616  34.862 0.0000000000
48815  -26.618  -19.896  34.914 0.0000000000
48834  -28.119  -19.324  34.643 0.0000000000
48817  -28.425  -19.913  35.055 0.0000000000
50669  -29.519  -16.952  36.060 0.0000000000
48836  -30.543  -19.078  34.612 0.0000000000
123450  -29.809  -19.000  34.526 0.0000000000
48819  -30.834  -19.696  34.952 0.0000000000
49738  -32.302  -18.316  34.599 0.0000000000
49729  -32.792  -18.784  34.801 0.0000000000
116620  -17.361  -16.991  37.291 0.0000000000
50646  -17.102  -17.744  37.448 0.0000000000
124398  -34.364  -15.368  26.651 0.0000000000
109229  -35.980  -14.608  25.480 0.0000000000
53431  -36.508  -14.577  26.153 0.0000000000
55345  -35.564  -13.260  23.240 0.0000000000
55366  -35.684  -12.575  22.834 0.0000000000
61090  -33.599  -6.719  23.293 0.0000000000
60153  -35.380  -7.182  21.685 0.0000000000
59160  -35.717  -7.861  21.797 0.0000000000
62046  -36.923  -5.547  19.789 0.0000000000
117423  -36.463  -5.766  20.265 0.0000000000
59162  -37.360  -8.343  21.560 0.0000000000
59143  -37.955  -8.771  21.955 0.0000000000
118224  -38.288  -9.432  22.397 0.0000000000
118438  -38.744  -8.956  22.213 0.0000000000
58171  -40.026  -9.175  22.628 0.0000000000
62085  -42.672  -4.905  16.569 0.0000000000
62086  -43.605  -4.943  16.631 0.0000000000
64597  -43.227  -2.583  14.570 0.0000000000
65403  -43.384  -1.613  14.213 0.0000000000
64598  -43.895  -2.526  13.908 0.0000000000
42937  -5.230  -25.465  45.596 0.0000000000
42918  -4.576  -25.786  46.163 0.0000000000
41893  -4.739  -26.733  46.118 0.0000000000
40815  -7.257  -27.140  46.366 0.0000000000
40826  -6.739  -27.053  45.782 0.0000000000
40797  -6.832  -27.713  46.961 0.0000000000
39737  -5.969  -28.049  46.705 0.0000000000
39717  -5.449  -28.565  47.222 0.0000000000
38598  -4.939  -29.153  47.675 0.0000000000
38581  -4.597  -29.572  48.249 0.0000000000
38582  -5.445  -29.505  48.322 0.0000000000
50701  -34.095  -17.001  34.565 0.0000000000
52469  -33.724  -15.800  34.524 0.0000000000
117606  -33.521  -15.117  34.514 0.0000000000
53328  -30.461  -14.277  34.392 0.0000000000
54230  -31.573  -13.696  34.400 0.0000000000
113318  -30.030  -12.462  33.954 0.0000000000
122488  -30.412  -11.743  34.436 0.0000000000
55210  -29.745  -12.116  33.183 0.0000000000
57133  -25.704  -10.383  33.630 0.0000000000
57117  -25.605  -11.140  34.066 0.0000000000
56204  -25.698  -11.770  33.665 0.0000000000
55207  -25.885  -12.322  33.732 0.0000000000
56205  -25.928  -12.143  32.968 0.0000000000
57152  -26.208  -10.216  31.267 0.0000000000
56247  -26.380  -11.046  30.948 0.0000000000
55244  -26.882  -12.259  31.555 0.0000000000
119766  -26.885  -12.688  32.263 0.0000000000
115124  -26.448  -12.623  32.735 0.0000000000
54258  -27.522  -13.075  32.431 0.0000000000
54259  -28.178  -13.264  32.598 0.0000000000
56221  -30.398  -11.340  33.083 0.0000000000
54310  -29.057  -13.170  28.900 0.0000000000
116030  -30.742  -14.520  29.012 0.0000000000
52506  -32.853  -15.129  29.107 0.0000000000
122268  -33.466  -15.235  28.723 0.0000000000
109582  -33.768  -15.389  27.989 0.0000000000
109348  -33.096  -15.517  27.460 0.0000000000
52565  -31.912  -15.192  25.669 0.0000000000
108604  -32.774  -15.426  25.855 0.0000000000
52583  -33.044  -14.812  24.560 0.0000000000
53450  -32.219  -14.774  24.886 0.0000000000
55303  -30.247  -12.544  25.710 0.0000000000
55313  -30.848  -12.416  25.318 0.0000000000
56302  -31.764  -12.351  24.411 0.0000000000
55324  -32.107  -12.864  23.967 0.0000000000
125735  -32.770  -11.997  23.283 0.0000000000
58131  -32.466  -10.164  24.497 0.0000000000
109431  -18.669  -17.967  37.363 0.0000000000
49678  -20.357  -18.541  39.733 0.0000000000
48760  -20.402  -18.593  40.512 0.0000000000
48761  -21.008  -19.474  40.895 0.0000000000
47791  -22.128  -21.102  39.262 0.0000000000
46808  -21.974  -21.059  40.091 0.0000000000
105012  -26.407  -21.495  38.404 0.0000000000
44969  -7.053  -24.023  43.925 0.0000000000
45856  -8.953  -22.392  42.971 0.0000000000
44985  -8.891  -23.423  42.693 0.0000000000
43997  -9.342  -24.751  43.238 0.0000000000
43996  -8.467  -24.686  43.247 0.0000000000
42958  -8.300  -25.670  44.315 0.0000000000
42959  -9.155  -25.559  44.511 0.0000000000
108429  -13.161  -23.051  41.501 0.0000000000
110708  -13.182  -23.808  41.776 0.0000000000
115656  -12.685  -24.447  42.767 0.0000000000
44000  -12.211  -24.572  43.347 0.0000000000
113712  -12.808  -24.667  44.016 0.0000000000
36035  -0.625  -32.091  52.293 0.0000000000
36824  -1.118  -31.809  52.412 0.0000000000
36836  -0.702  -31.216  52.101 0.0000000000
37654  -0.953  -30.470  51.909 0.0000000000
47789  -18.257  -20.482  39.619 0.0000000000
112591  -18.382  -19.649  39.233 0.0000000000
110179  -33.553  -19.587  36.270 0.0000000000
50641  -16.506  -17.744  37.817 0.0000000000
50640  -15.897  -17.551  38.421 0.0000000000
48779  -16.718  -19.204  38.103 0.0000000000
47799  -16.900  -20.671  38.820 0.0000000000
51598  -31.989  -16.815  38.340 0.0000000000
58146  -33.058  -9.637  22.973 0.0000000000
117770  -33.499  -10.157  22.667 0.0000000000
117836  -33.266  -8.811  22.900 0.0000000000
63758  -37.780  -3.613  19.187 0.0000000000
63761  -38.285  -3.750  18.474 0.0000000000
62052  -38.410  -4.545  18.239 0.0000000000
62919  -39.035  -4.809  17.718 0.0000000000
107391  -39.006  -5.594  18.000 0.0000000000
62925  -40.226  -4.026  16.881 0.0000000000
55159  -26.502  -12.520  36.637 0.0000000000
56158  -26.224  -11.774  36.511 0.0000000000
107895  -26.118  -12.161  35.880 0.0000000000
57185  -27.838  -9.714  27.993 0.0000000000
57186  -28.294  -10.287  27.461 0.0000000000
57195  -29.361  -10.473  26.523 0.0000000000
58101  -29.260  -9.289  26.863 0.0000000000
46853  -23.396  -21.244  37.116 0.0000000000
46854  -24.231  -21.419  37.213 0.0000000000
46841  -24.534  -21.562  38.077 0.0000000000
45002  -11.713  -22.997  41.671 0.0000000000
62959  -44.409  -4.115  14.266 0.0000000000
62960  -44.875  -4.886  14.658 0.0000000000
36873  -4.194  -31.133  49.939 0.0000000000
37687  -3.405  -30.522  49.846 0.0000000000
36857  -4.341  -31.560  50.554 0.0000000000
36838  -3.057  -31.787  51.151 0.0000000000
55177  -34.075  -12.746  35.701 0.0000000000
55192  -32.873  -13.051  34.740 0.0000000000
116926  -28.525  -21.028  37.326 0.0000000000
46858  -29.383  -21.101  37.505 0.0000000000
46844  -30.385  -21.439  38.531 0.0000000000
50622  -14.927  -17.415  40.042 0.0000000000
49663  -14.778  -18.214  40.375 0.0000000000
49654  -14.263  -18.180  41.305 0.0000000000
47769  -14.215  -20.669  41.350 0.0000000000
45889  -17.547  -22.890  40.891 0.0000000000
45009  -17.916  -23.049  41.562 0.0000000000
44974  -17.877  -23.207  43.003 0.0000000000
50699  -32.550  -17.643  34.607 0.0000000000
52439  -18.679  -15.955  36.653 0.0000000000
52440  -19.318  -15.755  36.387 0.0000000000
52442  -21.373  -15.368  36.136 0.0000000000
52443  -22.242  -15.485  36.310 0.0000000000
51644  -22.313  -16.702  35.655 0.0000000000
50679  -22.420  -17.513  35.595 0.0000000000
106476  -23.223  -18.247  35.553 0.0000000000
50682  -25.783  -17.839  35.475 0.0000000000
126587  -26.981  -19.508  34.707 0.0000000000
48833  -27.313  -19.059  34.520 0.0000000000
49736  -28.531  -18.806  34.511 0.0000000000
50670  -30.484  -17.126  35.900 0.0000000000
49737  -31.078  -18.491  34.621 0.0000000000
110800  -31.678  -18.554  34.606 0.0000000000
52568  -34.191  -15.139  25.256 0.0000000000
53479  -36.053  -14.313  24.746 0.0000000000
56334  -35.734  -11.707  22.506 0.0000000000
62902  -34.805  -4.788  22.956 0.0000000000
114589  -34.498  -5.770  22.420 0.0000000000
62037  -34.977  -5.635  21.836 0.0000000000
61110  -37.762  -6.924  19.904 0.0000000000
118156  -38.782  -8.621  21.761 0.0000000000
59145  -40.275  -8.799  22.303 0.0000000000
63774  -42.383  -3.322  15.600 0.0000000000
62949  -42.897  -3.891  15.690 0.0000000000
43972  -5.974  -24.600  44.973 0.0000000000
41905  -5.816  -26.440  45.408 0.0000000000
38568  -5.763  -29.782  49.095 0.0000000000
52467  -32.282  -14.838  34.673 0.0000000000
116777  -25.764  -10.403  32.902 0.0000000000
56256  -26.794  -11.049  30.199 0.0000000000
55227  -28.328  -12.808  31.987 0.0000000000
122804  -28.819  -12.483  31.461 0.0000000000
55247  -29.397  -12.403  31.229 0.0000000000
55266  -29.937  -12.651  30.846 0.0000000000
54324  -29.444  -13.652  28.278 0.0000000000
53405  -31.265  -14.970  28.462 0.0000000000
113007  -32.244  -14.856  29.432 0.0000000000
52518  -31.805  -15.334  27.923 0.0000000000
52526  -32.353  -15.498  27.309 0.0000000000
52544  -31.516  -15.218  26.407 0.0000000000
56293  -31.976  -11.514  24.468 0.0000000000
49699  -20.139  -18.121  37.396 0.0000000000
115175  -19.979  -18.258  38.185 0.0000000000
48766  -20.850  -19.197  39.063 0.0000000000
44986  -9.619  -23.818  42.463 0.0000000000
120510  -9.765  -24.408  42.836 0.0000000000
42978  -9.637  -25.116  43.837 0.0000000000
42960  -9.877  -25.348  44.559 0.0000000000
44041  -13.638  -24.201  42.032 0.0000000000
43977  -13.684  -24.627  44.134 0.0000000000
53320  -34.847  -14.599  34.883 0.0000000000
46770  -18.584  -21.098  42.832 0.0000000000
47759  -18.633  -20.038  42.468 0.0000000000
48750  -18.576  -19.009  41.851 0.0000000000
51554  -15.094  -16.612  39.812 0.0000000000
50632  -15.391  -17.289  39.203 0.0000000000
49675  -15.220  -18.140  39.572 0.0000000000
47779  -15.473  -20.641  39.882 0.0000000000
121823  -15.873  -21.268  39.807 0.0000000000
46805  -16.568  -21.567  39.608 0.0000000000
45907  -17.034  -21.982  39.762 0.0000000000
46823  -17.104  -21.310  39.264 0.0000000000
45903  -17.710  -22.358  40.502 0.0000000000
45890  -18.091  -22.501  41.037 0.0000000000
46787  -18.485  -21.737  41.351 0.0000000000
50668  -28.269  -16.949  35.919 0.0000000000
54401  -33.414  -13.310  23.357 0.0000000000
54402  -34.264  -13.539  23.277 0.0000000000
55344  -34.056  -12.939  22.909 0.0000000000
55365  -34.375  -12.316  22.652 0.0000000000
56333  -34.796  -11.641  22.441 0.0000000000
116829  -34.398  -11.048  22.410 0.0000000000
117251  -35.851  -10.082  22.311 0.0000000000
58168  -36.449  -9.321  22.232 0.0000000000
62048  -36.931  -4.821  19.727 0.0000000000
62049  -37.452  -5.122  19.161 0.0000000000
61111  -37.500  -6.055  19.439 0.0000000000
60171  -39.458  -7.498  19.525 0.0000000000
60164  -39.879  -8.055  19.987 0.0000000000
60179  -40.635  -7.314  18.742 0.0000000000
112520  -40.252  -6.757  18.370 0.0000000000
62084  -41.698  -4.819  16.660 0.0000000000
63773  -41.472  -3.160  16.017 0.0000000000
41919  -7.063  -26.187  44.761 0.0000000000
112672  -7.846  -26.681  46.179 0.0000000000
53306  -29.639  -14.953  36.492 0.0000000000
53305  -28.703  -14.748  36.088 0.0000000000
53315  -28.146  -14.488  35.241 0.0000000000
111042  -27.070  -13.768  34.628 0.0000000000
54226  -26.823  -13.412  33.799 0.0000000000
58067  -26.436  -9.664  30.789 0.0000000000
56257  -27.335  -11.515  29.798 0.0000000000
116781  -28.299  -12.387  29.658 0.0000000000
125033  -28.345  -11.849  27.743 0.0000000000
54336  -29.204  -13.206  27.549 0.0000000000
54344  -29.657  -13.450  26.816 0.0000000000
122291  -30.186  -13.951  26.484 0.0000000000
55302  -29.670  -12.663  26.291 0.0000000000
125991  -30.064  -11.246  25.895 0.0000000000
57206  -30.726  -10.943  25.785 0.0000000000
57197  -31.649  -10.713  25.837 0.0000000000
48799  -21.609  -19.404  36.654 0.0000000000
47801  -21.964  -20.663  37.793 0.0000000000
47802  -22.273  -21.089  38.462 0.0000000000
106384  -22.948  -21.413  38.802 0.0000000000
45857  -9.950  -22.416  42.442 0.0000000000
43954  -15.585  -24.128  45.237 0.0000000000
39715  -3.641  -28.176  47.673 0.0000000000
111859  -3.286  -27.395  48.003 0.0000000000
39685  -2.795  -28.342  49.555 0.0000000000
38566  -2.662  -29.005  49.965 0.0000000000
39684  -2.380  -28.485  50.417 0.0000000000
39675  -1.852  -28.301  50.923 0.0000000000
62021  -34.710  -4.952  23.689 0.0000000000
63733  -35.719  -3.932  23.073 0.0000000000
63748  -36.140  -3.671  22.317 0.0000000000
56177  -31.072  -10.817  35.400 0.0000000000
46856  -27.013  -21.287  37.746 0.0000000000
120820  -30.881  -21.307  37.979 0.0000000000
47757  -12.812  -20.706  42.653 0.0000000000
44042  -14.454  -24.086  41.818 0.0000000000
44024  -15.030  -24.274  42.141 0.0000000000
45900  -15.812  -22.479  40.587 0.0000000000
45007  -16.395  -23.528  41.411 0.0000000000
44004  -15.919  -24.276  43.591 0.0000000000
65405  -45.232  -1.575  13.395 0.0000000000
49731  -34.397  -18.242  35.441 0.0000000000
52447  -32.542  -15.986  36.711 0.0000000000
53297  -32.224  -15.078  37.905 0.0000000000
52446  -31.960  -15.435  36.924 0.0000000000
53307  -30.699  -15.124  36.673 0.0000000000
54201  -27.698  -13.855  37.507 0.0000000000
54193  -28.115  -13.699  38.350 0.0000000000
49697  -17.902  -18.405  37.577 0.0000000000
50647  -19.423  -17.740  37.075 0.0000000000
120813  -19.997  -14.827  36.545 0.0000000000
52441  -20.172  -15.491  36.125 0.0000000000
51629  -20.502  -16.328  35.854 0.0000000000
52455  -20.947  -15.829  35.823 0.0000000000
48800  -22.243  -19.755  36.160 0.0000000000
47822  -22.676  -20.392  36.311 0.0000000000
48811  -22.827  -19.926  35.732 0.0000000000
125791  -23.183  -20.427  35.909 0.0000000000
47823  -23.770  -20.676  35.880 0.0000000000
47825  -25.437  -20.938  35.892 0.0000000000
115381  -24.459  -19.024  35.254 0.0000000000
121247  -25.290  -18.334  35.264 0.0000000000
48813  -24.752  -19.609  35.168 0.0000000000
47845  -25.125  -20.383  35.376 0.0000000000
47826  -26.361  -20.881  36.020 0.0000000000
47848  -27.986  -20.352  35.588 0.0000000000
120469  -28.830  -20.475  35.875 0.0000000000
47829  -29.702  -20.565  36.001 0.0000000000
49726  -28.337  -18.214  34.636 0.0000000000
47850  -30.281  -20.217  35.382 0.0000000000
47852  -32.079  -20.166  35.647 0.0000000000
48801  -32.855  -19.889  35.901 0.0000000000
48821  -32.465  -19.501  35.180 0.0000000000
116697  -16.248  -16.163  38.304 0.0000000000
52426  -16.740  -15.654  38.144 0.0000000000
51589  -16.300  -16.949  38.001 0.0000000000
117980  -16.802  -17.181  37.567 0.0000000000
53452  -35.582  -14.913  26.070 0.0000000000
109970  -34.939  -13.590  23.327 0.0000000000
54403  -35.397  -13.841  23.701 0.0000000000
54376  -35.880  -14.004  24.084 0.0000000000
55346  -36.313  -12.919  23.233 0.0000000000
60143  -33.778  -7.135  22.735 0.0000000000
59139  -34.280  -7.777  22.347 0.0000000000
61097  -34.622  -6.217  22.113 0.0000000000
60152  -34.566  -6.938  22.152 0.0000000000
62044  -35.964  -5.406  20.697 0.0000000000
60154  -36.550  -7.300  21.023 0.0000000000
123656  -36.749  -6.914  20.625 0.0000000000
59161  -36.594  -8.009  21.565 0.0000000000
59142  -37.019  -8.681  21.951 0.0000000000
122014  -38.683  -10.340  22.800 0.0000000000
63781  -43.768  -3.928  14.854 0.0000000000
66227  -44.700  -0.790  13.623 0.0000000000
43928  -4.204  -24.939  46.622 0.0000000000
41892  -4.155  -26.530  46.667 0.0000000000
40796  -4.177  -27.894  47.022 0.0000000000
41906  -6.534  -26.596  45.283 0.0000000000
40825  -6.050  -27.078  45.698 0.0000000000
40824  -5.352  -26.929  45.816 0.0000000000
40813  -5.596  -27.517  46.182 0.0000000000
112233  -4.970  -27.347  46.211 0.0000000000
39700  -4.073  -29.029  47.877 0.0000000000
37704  -4.390  -30.043  48.792 0.0000000000
37689  -5.160  -30.317  49.215 0.0000000000
110758  -5.081  -30.822  49.819 0.0000000000
53332  -33.977  -14.538  34.538 0.0000000000
124254  -30.662  -14.850  34.893 0.0000000000
53330  -32.327  -14.307  34.455 0.0000000000
54232  -33.477  -13.814  34.553 0.0000000000
55172  -25.824  -11.874  35.268 0.0000000000
57118  -25.749  -10.385  34.515 0.0000000000
57102  -25.683  -11.190  34.953 0.0000000000
55190  -26.120  -12.788  34.191 0.0000000000
113792  -25.959  -10.040  32.212 0.0000000000
57146  -25.825  -10.806  32.441 0.0000000000
56220  -25.958  -11.542  32.294 0.0000000000
54240  -27.575  -13.460  33.117 0.0000000000
56193  -30.712  -11.005  34.580 0.0000000000
55249  -30.920  -12.111  31.882 0.0000000000
55276  -28.994  -12.807  29.683 0.0000000000
54297  -29.755  -13.128  30.029 0.0000000000
54298  -30.494  -13.397  30.349 0.0000000000
53386  -30.262  -13.881  29.527 0.0000000000
52528  -34.498  -15.335  27.395 0.0000000000
105364  -32.951  -15.535  26.695 0.0000000000
52546  -33.730  -15.424  26.083 0.0000000000
126340  -33.200  -15.114  24.914 0.0000000000
53494  -33.090  -13.942  23.758 0.0000000000
53448  -30.671  -14.121  25.858 0.0000000000
124498  -31.036  -13.887  25.359 0.0000000000
55314  -31.277  -12.727  24.892 0.0000000000
54374  -31.396  -13.575  24.876 0.0000000000
53475  -31.879  -14.196  24.671 0.0000000000
54375  -32.003  -13.554  24.295 0.0000000000
54400  -32.633  -13.479  23.790 0.0000000000
57229  -32.429  -10.727  23.946 0.0000000000
58145  -32.673  -9.883  23.616 0.0000000000
59107  -32.704  -8.676  24.309 0.0000000000
49677  -19.557  -18.349  39.640 0.0000000000
121946  -21.304  -20.042  39.163 0.0000000000
47781  -21.525  -20.387  40.464 0.0000000000
42975  -7.197  -25.166  43.960 0.0000000000
120464  -7.624  -22.805  43.714 0.0000000000
44971  -8.261  -23.977  42.993 0.0000000000
44970  -7.621  -23.640  43.464 0.0000000000
42957  -7.521  -25.692  44.281 0.0000000000
42939  -9.333  -25.788  45.339 0.0000000000
44989  -11.858  -23.830  42.048 0.0000000000
44040  -12.737  -24.152  42.185 0.0000000000
115439  -11.488  -24.702  43.736 0.0000000000
43953  -14.706  -24.409  45.003 0.0000000000
123891  -14.208  -24.543  44.561 0.0000000000
121219  -12.576  -24.693  44.431 0.0000000000
43975  -11.460  -24.930  44.608 0.0000000000
64601  -45.259  -3.147  13.371 0.0000000000
36053  -2.856  -32.357  51.672 0.0000000000
36837  -2.011  -31.570  51.836 0.0000000000
38546  -1.303  -29.766  51.485 0.0000000000
36853  0.230  -31.262  51.375 0.0000000000
37653  -0.247  -30.647  51.707 0.0000000000
37669  -0.047  -29.969  51.372 0.0000000000
44003  -15.080  -24.495  43.434 0.0000000000
52567  -33.375  -15.259  25.302 0.0000000000
61099  -35.786  -6.801  21.229 0.0000000000
62031  -34.690  -5.231  22.478 0.0000000000
63747  -35.570  -4.124  22.440 0.0000000000
110746  -33.229  -14.357  24.049 0.0000000000
119818  -23.325  -16.367  36.199 0.0000000000
120551  -35.285  -4.358  22.838 0.0000000000
123021  -20.209  -16.836  36.032 0.0000000000
123300  -5.641  -25.843  45.305 0.0000000000
126088  -15.811  -18.664  38.651 0.0000000000
