#!ascii label  , from subject sub-v2s15x29737_ses-1 vox2ras=TkReg
1331
77121  -42.303  13.422  8.523 0.0000000000
73881  -53.448  9.648  -2.181 0.0000000000
81075  -48.776  20.262  13.639 0.0000000000
118038  -50.994  7.292  5.998 0.0000000000
125555  -48.571  6.551  13.836 0.0000000000
77131  -51.550  13.132  6.064 0.0000000000
80606  -51.293  19.019  4.438 0.0000000000
81763  -45.691  21.826  5.383 0.0000000000
72836  -42.389  7.561  16.248 0.0000000000
73766  -45.794  8.352  7.347 0.0000000000
75256  -48.792  10.170  3.746 0.0000000000
76536  -47.456  12.380  8.708 0.0000000000
82210  -52.563  21.971  15.618 0.0000000000
79941  -54.619  17.463  11.643 0.0000000000
82262  -55.792  22.677  8.211 0.0000000000
105837  -51.006  20.546  3.784 0.0000000000
111624  -49.551  23.952  8.160 0.0000000000
74616  -49.601  8.270  -2.408 0.0000000000
78788  -39.789  15.762  11.524 0.0000000000
123201  -44.490  17.817  9.404 0.0000000000
112246  -55.440  7.751  8.400 0.0000000000
72127  -49.948  6.675  9.607 0.0000000000
72922  -43.963  6.847  10.315 0.0000000000
74454  -43.462  9.691  13.611 0.0000000000
76607  -52.035  13.108  1.286 0.0000000000
75961  -47.102  11.627  2.457 0.0000000000
78278  -50.785  14.599  11.000 0.0000000000
78823  -47.865  16.424  7.367 0.0000000000
106388  -45.858  15.014  0.391 0.0000000000
79460  -50.263  16.797  -3.193 0.0000000000
80642  -46.230  20.027  0.571 0.0000000000
75195  -43.871  10.564  8.412 0.0000000000
75198  -45.944  10.534  7.914 0.0000000000
105157  -45.066  13.194  8.416 0.0000000000
83518  -53.314  25.134  12.937 0.0000000000
81706  -53.200  21.832  12.066 0.0000000000
83544  -54.511  24.605  11.000 0.0000000000
82259  -51.707  22.555  9.174 0.0000000000
73892  -51.532  8.551  -2.690 0.0000000000
78763  -38.961  16.442  14.081 0.0000000000
78775  -41.396  15.843  13.813 0.0000000000
105760  -48.891  6.475  11.796 0.0000000000
107011  -47.104  6.064  10.002 0.0000000000
72106  -45.953  5.902  11.737 0.0000000000
73663  -42.435  9.057  15.136 0.0000000000
74468  -38.047  9.749  11.581 0.0000000000
76517  -37.347  12.745  11.031 0.0000000000
75894  -35.416  11.714  12.276 0.0000000000
73813  -52.763  8.112  3.114 0.0000000000
75941  -49.900  12.207  5.359 0.0000000000
75258  -50.613  11.375  2.964 0.0000000000
77168  -51.678  13.322  3.762 0.0000000000
75963  -49.197  12.322  2.043 0.0000000000
77166  -49.445  13.499  4.131 0.0000000000
80548  -46.620  19.399  11.504 0.0000000000
78797  -47.993  16.704  10.114 0.0000000000
79940  -50.138  18.250  11.379 0.0000000000
80568  -52.105  19.092  8.111 0.0000000000
79386  -51.266  17.500  9.693 0.0000000000
79989  -49.416  18.438  6.077 0.0000000000
78856  -45.833  15.956  3.678 0.0000000000
79430  -47.624  17.609  2.258 0.0000000000
78349  -47.866  15.832  -1.011 0.0000000000
80037  -50.961  18.464  0.158 0.0000000000
81165  -48.252  20.375  4.897 0.0000000000
81209  -48.898  20.495  1.037 0.0000000000
81181  -46.466  20.584  3.270 0.0000000000
80632  -44.890  20.340  1.609 0.0000000000
81786  -44.167  21.660  3.361 0.0000000000
72982  -47.506  7.438  6.265 0.0000000000
73800  -49.642  8.235  4.004 0.0000000000
73787  -47.081  8.958  5.564 0.0000000000
75929  -47.595  11.263  6.622 0.0000000000
76539  -49.458  12.362  7.336 0.0000000000
81053  -51.089  20.385  16.878 0.0000000000
80508  -52.563  19.422  13.883 0.0000000000
108731  -54.218  19.615  14.425 0.0000000000
126124  -54.576  19.863  10.627 0.0000000000
120963  -55.203  20.022  5.798 0.0000000000
80629  -54.478  20.020  2.301 0.0000000000
81138  -53.802  20.910  5.994 0.0000000000
81127  -50.124  21.008  7.339 0.0000000000
82887  -47.506  22.933  6.718 0.0000000000
73861  -47.244  8.720  -1.618 0.0000000000
78283  -40.509  15.449  9.572 0.0000000000
78296  -43.402  15.355  8.442 0.0000000000
79377  -41.795  17.209  10.039 0.0000000000
79924  -43.764  17.441  13.010 0.0000000000
114292  -46.085  17.720  15.073 0.0000000000
80488  -44.545  19.148  15.621 0.0000000000
81051  -47.582  19.145  17.504 0.0000000000
72972  -53.490  7.446  7.454 0.0000000000
72954  -52.667  7.389  9.274 0.0000000000
72157  -50.141  6.752  7.415 0.0000000000
72138  -47.454  6.428  8.207 0.0000000000
72949  -44.705  7.579  8.890 0.0000000000
72861  -48.484  7.636  15.779 0.0000000000
73642  -45.037  9.870  16.255 0.0000000000
74443  -45.887  10.368  14.789 0.0000000000
72078  -46.215  7.006  14.284 0.0000000000
72900  -42.660  7.708  12.085 0.0000000000
76523  -40.459  12.661  9.480 0.0000000000
76005  -55.789  12.181  -2.162 0.0000000000
113400  -50.685  9.273  2.428 0.0000000000
75286  -53.018  11.664  0.513 0.0000000000
76011  -53.378  11.720  -1.717 0.0000000000
75320  -50.709  10.705  -0.692 0.0000000000
74571  -47.973  9.807  0.133 0.0000000000
75297  -45.851  10.422  0.010 0.0000000000
78299  -46.102  15.324  8.952 0.0000000000
77114  -48.737  13.737  9.831 0.0000000000
110365  -51.336  13.144  8.196 0.0000000000
78792  -53.203  15.759  11.972 0.0000000000
77710  -51.897  14.381  8.898 0.0000000000
77733  -49.086  14.346  6.730 0.0000000000
77140  -45.974  14.319  4.877 0.0000000000
77182  -44.763  13.532  2.165 0.0000000000
116063  -44.672  12.140  -0.282 0.0000000000
81220  -50.958  19.771  -0.294 0.0000000000
80055  -48.417  18.526  -1.498 0.0000000000
78877  -44.811  16.895  0.154 0.0000000000
79437  -43.812  17.683  1.716 0.0000000000
80022  -42.447  18.315  2.946 0.0000000000
76532  -43.385  12.140  8.374 0.0000000000
75917  -44.298  11.595  8.314 0.0000000000
77122  -43.276  13.117  8.329 0.0000000000
82830  -54.203  24.928  11.927 0.0000000000
117788  -53.987  25.129  10.857 0.0000000000
73893  -52.084  8.967  -2.690 0.0000000000
72089  -48.652  6.505  13.224 0.0000000000
72096  -47.472  6.212  12.418 0.0000000000
105130  -47.221  6.336  13.201 0.0000000000
74460  -37.415  9.400  11.979 0.0000000000
75176  -36.802  10.770  11.518 0.0000000000
73001  -52.263  7.455  5.470 0.0000000000
73013  -51.804  7.538  4.660 0.0000000000
76554  -51.222  12.692  5.340 0.0000000000
76566  -51.729  12.938  4.748 0.0000000000
76556  -51.735  12.982  4.840 0.0000000000
77167  -50.719  13.536  3.935 0.0000000000
77143  -50.954  13.496  5.614 0.0000000000
81089  -47.920  20.021  12.222 0.0000000000
80550  -48.266  19.689  11.353 0.0000000000
80527  -49.669  20.048  12.046 0.0000000000
80581  -51.743  19.185  6.089 0.0000000000
80574  -51.042  18.967  6.977 0.0000000000
80000  -50.316  18.678  4.880 0.0000000000
80012  -48.720  18.344  3.725 0.0000000000
80013  -49.697  18.496  3.344 0.0000000000
80036  -49.719  18.160  0.963 0.0000000000
125028  -51.321  18.762  1.920 0.0000000000
81146  -46.669  20.901  5.323 0.0000000000
81182  -47.265  20.414  3.575 0.0000000000
81180  -45.755  20.853  4.077 0.0000000000
81787  -44.920  21.322  3.727 0.0000000000
81775  -45.276  21.492  4.684 0.0000000000
72981  -46.790  7.777  6.453 0.0000000000
73778  -47.190  8.111  5.849 0.0000000000
73767  -46.261  8.418  6.685 0.0000000000
116797  -46.699  11.907  8.457 0.0000000000
75205  -46.854  10.861  7.070 0.0000000000
75925  -47.352  11.467  7.597 0.0000000000
75930  -48.744  11.926  6.672 0.0000000000
116650  -48.326  12.457  8.762 0.0000000000
81669  -52.660  20.904  17.967 0.0000000000
112769  -53.151  20.544  16.697 0.0000000000
81692  -53.602  21.041  15.183 0.0000000000
82243  -55.153  23.042  9.756 0.0000000000
125037  -54.151  20.849  11.260 0.0000000000
81736  -55.609  22.031  8.510 0.0000000000
80571  -55.104  20.227  8.267 0.0000000000
81753  -55.732  22.014  7.274 0.0000000000
81139  -55.242  20.989  5.711 0.0000000000
81752  -55.222  21.934  7.264 0.0000000000
82866  -50.947  23.421  9.443 0.0000000000
81740  -51.011  22.026  8.569 0.0000000000
82258  -49.384  22.637  8.221 0.0000000000
81747  -48.672  21.705  7.371 0.0000000000
82886  -48.889  23.595  7.602 0.0000000000
73878  -48.536  7.923  -2.440 0.0000000000
106565  -40.034  15.793  10.356 0.0000000000
78804  -40.711  16.254  9.969 0.0000000000
78795  -40.478  16.375  11.015 0.0000000000
79344  -42.668  16.770  14.147 0.0000000000
105072  -42.575  16.641  13.313 0.0000000000
79352  -44.055  17.214  13.971 0.0000000000
122531  -45.184  17.932  13.492 0.0000000000
79341  -44.984  17.490  15.416 0.0000000000
80504  -44.673  19.665  13.923 0.0000000000
111480  -46.244  19.202  16.576 0.0000000000
81063  -47.474  20.266  15.982 0.0000000000
81681  -48.866  20.822  16.939 0.0000000000
81691  -48.393  22.003  15.665 0.0000000000
72974  -55.056  7.657  7.153 0.0000000000
72973  -54.514  7.515  7.794 0.0000000000
72936  -52.195  7.368  9.916 0.0000000000
72935  -51.480  7.212  9.816 0.0000000000
72953  -51.442  7.077  8.354 0.0000000000
72141  -50.110  6.679  8.761 0.0000000000
72140  -48.899  6.535  8.038 0.0000000000
72139  -48.354  6.430  8.720 0.0000000000
72113  -45.324  6.116  10.452 0.0000000000
72123  -45.529  6.259  9.631 0.0000000000
72932  -44.205  7.285  9.516 0.0000000000
72837  -43.384  7.964  16.410 0.0000000000
74426  -43.945  10.151  14.697 0.0000000000
74455  -44.077  10.047  13.778 0.0000000000
73690  -45.151  9.230  14.246 0.0000000000
117569  -44.175  8.484  13.646 0.0000000000
72891  -44.361  7.380  13.394 0.0000000000
73720  -42.914  8.485  12.743 0.0000000000
76522  -39.614  12.962  9.741 0.0000000000
76520  -39.074  12.386  10.169 0.0000000000
75306  -56.916  11.744  -1.260 0.0000000000
74538  -48.745  9.356  3.821 0.0000000000
112617  -50.029  8.590  3.380 0.0000000000
74539  -49.416  9.720  3.222 0.0000000000
75965  -52.135  13.020  2.334 0.0000000000
75271  -51.943  12.160  1.854 0.0000000000
75980  -52.523  12.495  0.473 0.0000000000
76003  -53.731  12.301  -0.988 0.0000000000
75991  -52.356  12.547  0.230 0.0000000000
75321  -51.689  11.168  -1.126 0.0000000000
117363  -50.950  12.038  0.504 0.0000000000
75962  -48.125  11.807  2.334 0.0000000000
75988  -49.003  11.182  0.982 0.0000000000
75975  -47.585  11.215  1.820 0.0000000000
112908  -46.896  10.265  0.721 0.0000000000
75974  -46.651  11.195  1.763 0.0000000000
79388  -43.680  17.022  8.862 0.0000000000
78298  -45.163  15.382  8.609 0.0000000000
78808  -45.501  17.045  9.030 0.0000000000
78798  -48.853  16.228  10.523 0.0000000000
78288  -48.392  14.953  10.117 0.0000000000
77700  -49.086  14.381  10.292 0.0000000000
77115  -50.060  13.083  9.544 0.0000000000
77106  -50.713  13.531  9.971 0.0000000000
79929  -53.650  18.030  13.568 0.0000000000
79365  -52.077  17.543  12.576 0.0000000000
78784  -53.741  16.348  12.291 0.0000000000
79384  -49.579  17.401  8.541 0.0000000000
78812  -50.895  16.584  9.559 0.0000000000
78300  -49.178  15.864  8.406 0.0000000000
77720  -50.020  15.164  8.357 0.0000000000
78303  -47.943  15.607  7.288 0.0000000000
121032  -47.231  14.614  6.103 0.0000000000
115695  -46.447  15.364  5.756 0.0000000000
78870  -45.969  15.779  1.939 0.0000000000
77764  -45.144  14.661  2.551 0.0000000000
77768  -44.918  14.249  1.869 0.0000000000
76606  -44.699  12.406  0.758 0.0000000000
77190  -44.952  13.693  0.251 0.0000000000
77202  -44.980  12.663  -2.266 0.0000000000
77776  -45.540  14.359  -0.246 0.0000000000
78357  -49.464  15.869  -3.390 0.0000000000
77790  -48.310  14.864  -4.356 0.0000000000
81186  -53.476  20.486  2.674 0.0000000000
81213  -53.302  20.226  0.863 0.0000000000
107348  -51.644  20.489  1.463 0.0000000000
81217  -47.255  20.306  0.450 0.0000000000
80644  -47.895  19.908  -0.241 0.0000000000
80046  -47.566  19.334  -0.534 0.0000000000
79453  -46.845  17.369  -1.329 0.0000000000
107457  -45.448  17.665  0.417 0.0000000000
106448  -44.038  16.803  0.542 0.0000000000
79439  -45.312  18.360  1.087 0.0000000000
81193  -43.661  20.576  2.437 0.0000000000
80024  -43.887  19.052  2.490 0.0000000000
81179  -42.905  19.926  3.165 0.0000000000
80009  -41.958  18.761  3.462 0.0000000000
74486  -45.139  9.304  8.144 0.0000000000
75203  -45.668  9.759  7.666 0.0000000000
75197  -45.288  10.209  8.164 0.0000000000
107036  -45.980  11.807  8.445 0.0000000000
76535  -46.520  12.569  8.659 0.0000000000
81697  -52.877  21.643  13.272 0.0000000000
82829  -53.254  23.717  12.233 0.0000000000
82848  -54.598  24.258  10.935 0.0000000000
122262  -55.002  23.787  10.001 0.0000000000
82260  -53.393  22.697  9.092 0.0000000000
82868  -53.915  24.032  10.085 0.0000000000
110766  -51.373  23.929  9.787 0.0000000000
73890  -50.332  7.781  -2.963 0.0000000000
78257  -39.906  15.507  13.466 0.0000000000
78780  -40.752  15.660  13.330 0.0000000000
78774  -40.673  15.703  13.931 0.0000000000
72108  -49.663  6.695  11.191 0.0000000000
72116  -48.496  6.408  10.107 0.0000000000
104985  -47.886  6.217  11.536 0.0000000000
119043  -46.352  5.815  11.117 0.0000000000
72105  -45.238  6.106  11.236 0.0000000000
72857  -41.970  8.149  15.650 0.0000000000
114603  -40.668  8.678  14.205 0.0000000000
75178  -38.849  10.497  10.986 0.0000000000
75901  -37.705  11.891  10.840 0.0000000000
75898  -37.286  11.221  11.224 0.0000000000
75895  -36.056  11.804  11.770 0.0000000000
75245  -49.337  11.155  4.012 0.0000000000
75257  -49.659  10.684  3.311 0.0000000000
75953  -50.376  11.728  3.709 0.0000000000
75955  -52.051  13.039  3.227 0.0000000000
76590  -52.061  13.102  2.807 0.0000000000
76598  -51.606  13.209  1.850 0.0000000000
77175  -50.826  13.502  3.145 0.0000000000
76576  -49.595  13.325  3.284 0.0000000000
76574  -47.343  12.682  3.659 0.0000000000
79947  -45.468  18.693  10.435 0.0000000000
79382  -45.998  17.732  9.451 0.0000000000
114730  -47.001  18.849  10.306 0.0000000000
79371  -48.523  17.429  10.436 0.0000000000
78799  -50.044  16.140  11.192 0.0000000000
79962  -53.114  18.563  9.739 0.0000000000
79951  -52.236  17.663  10.192 0.0000000000
79968  -51.241  18.635  8.702 0.0000000000
124435  -49.747  18.323  7.645 0.0000000000
79398  -48.204  17.633  6.531 0.0000000000
78841  -46.721  16.492  5.641 0.0000000000
79415  -47.388  17.584  4.609 0.0000000000
79429  -47.004  17.344  2.968 0.0000000000
78871  -46.648  16.301  1.411 0.0000000000
78348  -46.804  15.487  -0.246 0.0000000000
78872  -47.520  16.740  0.803 0.0000000000
79448  -48.664  17.077  -0.077 0.0000000000
79450  -51.411  18.003  -2.159 0.0000000000
81166  -49.207  20.390  4.621 0.0000000000
81185  -50.020  20.502  2.619 0.0000000000
105839  -48.659  20.347  3.965 0.0000000000
81197  -47.334  20.459  2.501 0.0000000000
81207  -46.659  20.486  1.115 0.0000000000
80633  -45.615  20.251  1.132 0.0000000000
81206  -45.671  20.554  1.519 0.0000000000
81794  -44.168  21.226  2.392 0.0000000000
81793  -43.668  21.238  2.442 0.0000000000
72984  -49.233  7.074  6.056 0.0000000000
73011  -50.021  7.672  4.646 0.0000000000
72997  -48.709  7.546  5.460 0.0000000000
73798  -47.725  8.964  4.945 0.0000000000
74529  -48.106  9.727  4.395 0.0000000000
75204  -46.268  10.150  7.110 0.0000000000
74521  -47.000  9.758  5.724 0.0000000000
75243  -47.848  10.312  4.840 0.0000000000
75940  -48.901  11.602  5.441 0.0000000000
75931  -49.362  12.078  6.016 0.0000000000
76540  -50.809  12.694  7.018 0.0000000000
81065  -50.046  20.346  15.591 0.0000000000
81091  -50.225  20.291  12.844 0.0000000000
81078  -52.101  20.120  14.353 0.0000000000
80509  -53.771  18.911  14.102 0.0000000000
80511  -54.308  18.354  13.414 0.0000000000
81707  -53.628  20.823  12.788 0.0000000000
81094  -54.457  19.462  12.509 0.0000000000
79954  -54.578  18.323  11.199 0.0000000000
80565  -54.486  19.458  9.121 0.0000000000
80576  -53.435  19.419  7.325 0.0000000000
80594  -53.718  19.448  4.519 0.0000000000
125024  -53.466  19.403  3.043 0.0000000000
80609  -55.180  20.076  4.098 0.0000000000
81170  -54.745  20.377  4.087 0.0000000000
81151  -52.212  20.598  4.838 0.0000000000
81741  -52.454  21.989  8.522 0.0000000000
81128  -51.238  20.916  7.272 0.0000000000
117724  -50.146  20.543  5.968 0.0000000000
81135  -49.270  20.734  6.526 0.0000000000
81756  -47.530  21.632  6.599 0.0000000000
82266  -46.857  22.594  6.309 0.0000000000
77120  -41.567  13.587  8.732 0.0000000000
106785  -42.859  14.085  8.410 0.0000000000
78294  -41.945  15.476  8.748 0.0000000000
78806  -42.121  16.747  9.326 0.0000000000
79379  -43.332  17.479  9.431 0.0000000000
79350  -41.896  16.540  12.591 0.0000000000
79361  -42.650  17.527  11.235 0.0000000000
112151  -44.236  18.381  11.197 0.0000000000
105500  -45.185  18.490  12.472 0.0000000000
80505  -46.717  19.036  13.349 0.0000000000
80506  -47.614  19.062  14.587 0.0000000000
80473  -44.446  18.588  16.107 0.0000000000
79889  -45.725  18.018  16.697 0.0000000000
79891  -46.802  18.313  16.878 0.0000000000
80491  -48.218  18.683  16.852 0.0000000000
80470  -48.678  19.089  17.941 0.0000000000
81666  -50.173  20.390  18.413 0.0000000000
82196  -50.843  22.381  17.267 0.0000000000
105335  -53.692  7.497  5.924 0.0000000000
72986  -52.272  7.395  6.398 0.0000000000
124759  -53.770  7.475  9.838 0.0000000000
72956  -54.512  7.521  8.786 0.0000000000
111417  -52.838  7.385  7.995 0.0000000000
119333  -51.861  7.285  7.037 0.0000000000
120209  -50.392  6.935  6.829 0.0000000000
72164  -48.819  6.766  6.691 0.0000000000
72154  -47.607  6.622  7.433 0.0000000000
72967  -45.762  7.625  7.770 0.0000000000
72125  -47.396  6.278  9.142 0.0000000000
72136  -45.743  6.531  8.779 0.0000000000
73753  -45.384  8.374  7.982 0.0000000000
74485  -44.416  9.106  8.560 0.0000000000
74416  -46.563  10.724  15.743 0.0000000000
73664  -43.583  9.278  15.674 0.0000000000
74414  -45.217  10.520  15.321 0.0000000000
74430  -46.864  10.515  15.576 0.0000000000
73666  -46.458  9.833  15.053 0.0000000000
72881  -47.017  7.200  14.854 0.0000000000
105683  -47.073  6.568  14.031 0.0000000000
72087  -46.360  6.426  13.379 0.0000000000
72094  -43.933  6.755  11.974 0.0000000000
72103  -43.871  6.710  11.134 0.0000000000
76530  -41.753  12.823  8.759 0.0000000000
77110  -40.180  13.663  9.413 0.0000000000
77699  -39.604  14.339  9.760 0.0000000000
77698  -38.783  14.759  10.805 0.0000000000
78263  -38.729  15.003  12.543 0.0000000000
73867  -56.644  10.280  -1.300 0.0000000000
74590  -55.951  10.930  -2.149 0.0000000000
114657  -54.388  10.530  -2.464 0.0000000000
73811  -50.469  7.946  3.906 0.0000000000
73825  -51.443  8.881  2.300 0.0000000000
74548  -50.720  10.026  2.216 0.0000000000
74559  -52.290  10.379  1.221 0.0000000000
74572  -53.198  10.615  0.628 0.0000000000
75304  -54.775  12.222  -1.037 0.0000000000
120950  -54.328  11.991  -1.923 0.0000000000
74604  -53.710  10.484  -2.546 0.0000000000
75345  -52.327  9.828  -2.558 0.0000000000
75332  -51.077  10.017  -1.571 0.0000000000
74588  -50.139  9.769  -1.205 0.0000000000
75989  -50.024  11.618  0.726 0.0000000000
75319  -49.763  10.331  -0.393 0.0000000000
74586  -48.406  9.379  -0.630 0.0000000000
74585  -47.539  9.336  -0.611 0.0000000000
74584  -46.744  9.443  -0.867 0.0000000000
75316  -45.640  10.144  -1.220 0.0000000000
77716  -43.745  13.975  8.336 0.0000000000
77124  -45.605  13.876  8.604 0.0000000000
116948  -46.453  13.437  8.822 0.0000000000
78286  -46.720  15.711  9.318 0.0000000000
77708  -47.524  14.359  9.511 0.0000000000
76525  -48.245  12.924  9.271 0.0000000000
76526  -49.312  12.662  9.016 0.0000000000
120203  -50.345  12.650  8.002 0.0000000000
107165  -51.428  13.235  6.964 0.0000000000
79927  -50.996  18.642  11.970 0.0000000000
79364  -50.994  17.447  11.777 0.0000000000
78270  -52.061  14.994  11.461 0.0000000000
78801  -52.941  15.572  10.611 0.0000000000
78280  -52.896  15.128  10.604 0.0000000000
113927  -52.272  14.201  9.591 0.0000000000
77126  -51.915  13.927  8.402 0.0000000000
77734  -51.213  13.833  7.296 0.0000000000
77130  -50.824  13.719  6.578 0.0000000000
77142  -49.513  13.848  5.991 0.0000000000
76573  -46.400  12.845  3.783 0.0000000000
112270  -45.794  15.224  4.733 0.0000000000
77164  -45.272  13.369  3.324 0.0000000000
76584  -45.707  12.210  2.737 0.0000000000
75972  -45.189  11.756  1.280 0.0000000000
75986  -44.962  11.629  0.242 0.0000000000
77783  -47.506  14.737  -2.626 0.0000000000
80029  -52.440  19.000  0.863 0.0000000000
80049  -51.771  18.853  -0.863 0.0000000000
80057  -51.074  17.832  -2.432 0.0000000000
81210  -50.124  20.417  0.725 0.0000000000
80655  -50.306  18.807  -1.597 0.0000000000
80062  -49.457  17.775  -2.479 0.0000000000
78887  -47.102  16.674  -2.238 0.0000000000
78893  -45.392  15.956  -1.761 0.0000000000
78353  -43.418  15.610  -0.908 0.0000000000
79438  -44.584  18.325  1.681 0.0000000000
79428  -43.030  17.814  2.313 0.0000000000
82897  -45.919  23.542  5.214 0.0000000000
82896  -45.087  23.160  4.942 0.0000000000
82278  -44.383  22.688  4.493 0.0000000000
82290  -43.112  22.579  3.173 0.0000000000
81792  -42.856  21.903  2.632 0.0000000000
76531  -42.559  12.516  8.521 0.0000000000
73880  -52.409  8.907  -2.298 0.0000000000
72081  -49.999  6.884  13.868 0.0000000000
72090  -49.647  6.708  13.058 0.0000000000
105159  -47.913  6.379  13.021 0.0000000000
72088  -47.951  6.495  13.768 0.0000000000
73715  -37.073  8.800  12.712 0.0000000000
73000  -51.359  7.431  5.362 0.0000000000
76555  -51.628  13.034  5.538 0.0000000000
77144  -51.625  13.094  5.202 0.0000000000
81074  -48.084  19.914  13.421 0.0000000000
81106  -48.809  20.113  11.977 0.0000000000
107174  -49.285  20.314  12.701 0.0000000000
80593  -52.157  19.271  4.972 0.0000000000
80592  -50.965  18.946  5.385 0.0000000000
110146  -50.425  18.674  4.016 0.0000000000
80014  -50.814  18.744  2.945 0.0000000000
80618  -51.582  19.066  3.422 0.0000000000
81764  -46.412  21.501  5.673 0.0000000000
81163  -46.018  21.103  5.016 0.0000000000
82279  -45.015  22.226  5.004 0.0000000000
75920  -47.055  11.662  8.198 0.0000000000
75921  -47.907  12.020  8.223 0.0000000000
82198  -52.730  21.587  17.155 0.0000000000
81683  -53.435  20.808  17.108 0.0000000000
115988  -53.610  21.107  16.440 0.0000000000
82251  -55.372  22.817  8.863 0.0000000000
81729  -55.117  22.034  9.538 0.0000000000
81124  -55.602  21.451  7.685 0.0000000000
81744  -55.866  22.450  7.802 0.0000000000
81743  -55.879  22.500  7.863 0.0000000000
82879  -50.136  23.475  8.798 0.0000000000
106837  -49.810  22.853  8.556 0.0000000000
82878  -49.275  23.149  8.200 0.0000000000
110072  -49.897  7.122  -3.118 0.0000000000
109580  -49.399  7.315  -3.100 0.0000000000
73889  -48.603  7.118  -3.231 0.0000000000
106310  -43.072  17.467  14.872 0.0000000000
79345  -43.649  17.331  14.677 0.0000000000
79346  -44.348  17.393  14.801 0.0000000000
79340  -44.340  17.602  15.513 0.0000000000
81689  -47.290  21.409  14.716 0.0000000000
81690  -47.821  21.388  15.327 0.0000000000
72975  -56.323  8.334  8.032 0.0000000000
126311  -55.437  7.768  7.689 0.0000000000
72934  -50.897  6.932  9.170 0.0000000000
119401  -49.344  6.549  8.784 0.0000000000
72126  -48.962  6.494  9.501 0.0000000000
72122  -44.714  6.538  9.921 0.0000000000
72931  -43.520  7.396  9.994 0.0000000000
73739  -43.561  8.061  9.507 0.0000000000
74440  -43.795  10.114  14.011 0.0000000000
73689  -44.524  9.691  13.870 0.0000000000
73709  -43.851  9.443  13.582 0.0000000000
120208  -43.315  9.274  13.256 0.0000000000
75903  -39.378  11.553  10.352 0.0000000000
74573  -54.430  11.068  -0.027 0.0000000000
76599  -52.118  13.061  1.858 0.0000000000
75979  -52.228  12.844  1.392 0.0000000000
76600  -52.266  12.789  0.896 0.0000000000
75990  -51.873  12.733  0.683 0.0000000000
75283  -47.140  10.649  1.288 0.0000000000
79389  -44.547  17.196  8.932 0.0000000000
78818  -44.890  16.361  8.691 0.0000000000
78277  -49.793  14.856  10.771 0.0000000000
78276  -48.947  15.269  10.483 0.0000000000
77701  -50.187  14.130  10.515 0.0000000000
79355  -54.598  17.336  12.318 0.0000000000
79354  -54.186  16.927  12.565 0.0000000000
79366  -54.378  16.639  11.842 0.0000000000
79393  -48.300  16.952  7.644 0.0000000000
78819  -48.892  16.780  8.233 0.0000000000
78824  -48.424  16.121  7.912 0.0000000000
78312  -47.245  15.609  6.671 0.0000000000
78832  -47.336  16.228  6.852 0.0000000000
77769  -45.444  15.059  1.589 0.0000000000
77775  -45.172  14.382  0.891 0.0000000000
78889  -49.885  16.287  -3.520 0.0000000000
78365  -49.739  16.035  -3.548 0.0000000000
78896  -50.003  16.310  -3.612 0.0000000000
78900  -49.112  16.273  -3.694 0.0000000000
105836  -52.243  20.573  3.450 0.0000000000
104978  -51.999  20.564  2.460 0.0000000000
80643  -46.861  20.077  0.203 0.0000000000
80045  -46.562  19.097  0.101 0.0000000000
79447  -46.297  17.932  -0.130 0.0000000000
111491  -45.914  18.438  0.503 0.0000000000
80044  -45.846  19.335  0.804 0.0000000000
80625  -43.441  19.476  2.820 0.0000000000
106640  -44.711  10.674  8.319 0.0000000000
76533  -44.659  12.470  8.359 0.0000000000
107012  -45.178  11.851  8.394 0.0000000000
76534  -45.555  12.477  8.491 0.0000000000
82224  -52.314  22.854  13.081 0.0000000000
82821  -52.316  24.088  13.351 0.0000000000
108893  -54.368  25.149  11.454 0.0000000000
111907  -54.975  23.714  10.078 0.0000000000
82857  -54.737  24.055  10.472 0.0000000000
122583  -54.362  24.478  10.630 0.0000000000
84221  -52.308  25.199  10.443 0.0000000000
119738  -52.378  24.479  10.372 0.0000000000
84230  -50.889  24.878  9.171 0.0000000000
73879  -51.673  8.395  -2.540 0.0000000000
73075  -51.208  7.947  -2.889 0.0000000000
73891  -51.213  8.346  -2.814 0.0000000000
112846  -39.162  15.632  13.701 0.0000000000
78773  -39.840  15.865  14.037 0.0000000000
72109  -50.442  6.954  11.681 0.0000000000
72107  -48.698  6.429  10.922 0.0000000000
104986  -46.879  5.923  11.713 0.0000000000
107948  -45.237  6.180  11.943 0.0000000000
74462  -39.345  9.291  11.975 0.0000000000
74469  -38.864  9.785  11.446 0.0000000000
120299  -38.235  10.244  11.268 0.0000000000
75899  -38.098  10.989  10.965 0.0000000000
75177  -37.477  10.312  11.435 0.0000000000
75946  -49.106  11.466  4.817 0.0000000000
75947  -50.390  12.200  4.569 0.0000000000
77158  -51.871  13.024  4.261 0.0000000000
76577  -51.966  12.999  4.010 0.0000000000
76578  -52.003  13.061  3.582 0.0000000000
77176  -51.803  13.320  3.042 0.0000000000
76575  -48.398  12.894  3.478 0.0000000000
80547  -46.060  19.167  10.922 0.0000000000
79948  -46.248  18.847  10.322 0.0000000000
80558  -46.830  19.276  10.794 0.0000000000
107465  -49.433  18.885  11.140 0.0000000000
80560  -48.597  19.019  10.804 0.0000000000
79372  -49.285  18.013  10.802 0.0000000000
110608  -49.395  16.840  10.790 0.0000000000
79363  -50.100  17.168  11.264 0.0000000000
80564  -53.713  19.079  9.065 0.0000000000
79969  -52.362  18.750  9.089 0.0000000000
79980  -50.413  18.730  6.360 0.0000000000
79973  -50.319  18.620  7.357 0.0000000000
79979  -49.609  18.407  6.940 0.0000000000
79972  -49.178  18.027  7.417 0.0000000000
79408  -48.408  18.063  5.688 0.0000000000
79988  -47.563  17.536  5.359 0.0000000000
79997  -47.957  17.954  4.898 0.0000000000
80025  -48.040  18.130  3.285 0.0000000000
79421  -47.288  17.633  3.728 0.0000000000
125909  -47.557  17.804  2.968 0.0000000000
79440  -46.993  16.950  2.029 0.0000000000
79441  -47.952  17.416  1.226 0.0000000000
79442  -49.306  17.642  0.301 0.0000000000
80047  -50.815  18.061  -0.831 0.0000000000
79449  -50.373  17.377  -1.665 0.0000000000
125335  -46.996  20.523  1.714 0.0000000000
81196  -46.403  20.627  2.054 0.0000000000
105519  -45.472  20.891  2.713 0.0000000000
122764  -44.618  21.232  2.691 0.0000000000
81785  -43.530  21.684  2.817 0.0000000000
72983  -48.350  7.199  6.129 0.0000000000
72996  -47.885  7.767  5.644 0.0000000000
73788  -47.586  8.396  5.392 0.0000000000
74528  -47.462  9.702  5.118 0.0000000000
74513  -46.839  10.341  6.331 0.0000000000
75230  -47.500  10.543  5.594 0.0000000000
75231  -48.215  10.997  5.102 0.0000000000
75939  -48.288  11.422  5.875 0.0000000000
76543  -49.798  12.373  6.630 0.0000000000
76544  -50.901  12.632  6.112 0.0000000000
81066  -51.461  20.479  15.322 0.0000000000
81068  -53.987  20.155  15.826 0.0000000000
81079  -53.552  19.630  14.851 0.0000000000
80493  -54.097  19.588  14.792 0.0000000000
80510  -54.126  18.990  14.080 0.0000000000
81080  -54.358  19.136  13.523 0.0000000000
81108  -54.439  20.008  11.438 0.0000000000
80553  -54.634  18.954  11.534 0.0000000000
80561  -54.624  19.336  10.362 0.0000000000
79964  -54.527  18.952  10.187 0.0000000000
80566  -54.720  19.898  9.241 0.0000000000
110590  -55.340  20.493  7.240 0.0000000000
80577  -54.964  19.845  6.773 0.0000000000
80583  -54.419  19.664  6.311 0.0000000000
105759  -54.466  19.658  5.343 0.0000000000
106048  -54.957  19.824  4.224 0.0000000000
80595  -55.224  20.068  4.896 0.0000000000
81130  -54.580  21.381  6.586 0.0000000000
81153  -54.519  20.648  5.089 0.0000000000
81152  -53.542  20.592  4.657 0.0000000000
116918  -52.868  20.660  5.448 0.0000000000
81749  -50.494  21.483  7.941 0.0000000000
81136  -50.748  20.673  6.617 0.0000000000
123206  -49.870  20.730  6.790 0.0000000000
81126  -49.297  21.122  7.162 0.0000000000
82263  -48.008  22.570  7.188 0.0000000000
81757  -48.098  21.522  6.898 0.0000000000
82267  -47.416  22.232  6.734 0.0000000000
81755  -46.854  21.852  6.285 0.0000000000
73888  -47.693  7.302  -3.045 0.0000000000
106892  -46.667  8.762  -2.189 0.0000000000
77706  -41.122  14.981  9.013 0.0000000000
77714  -41.891  14.380  8.621 0.0000000000
78805  -41.436  16.530  9.632 0.0000000000
79378  -42.532  17.358  9.687 0.0000000000
79368  -42.344  17.484  10.408 0.0000000000
78781  -41.387  15.918  13.054 0.0000000000
105973  -43.096  17.378  12.356 0.0000000000
79362  -43.304  17.854  11.290 0.0000000000
79937  -43.868  18.030  11.905 0.0000000000
79938  -44.591  18.443  11.712 0.0000000000
79915  -45.482  17.619  14.600 0.0000000000
79926  -45.934  18.449  13.456 0.0000000000
79916  -46.591  18.227  14.702 0.0000000000
80487  -43.719  19.035  15.502 0.0000000000
79888  -45.031  18.083  16.456 0.0000000000
80474  -45.204  18.583  16.486 0.0000000000
80476  -46.708  18.681  17.087 0.0000000000
80477  -47.659  18.785  17.450 0.0000000000
80490  -47.533  18.424  16.423 0.0000000000
80478  -48.285  18.855  17.705 0.0000000000
80492  -48.966  18.886  16.839 0.0000000000
80469  -48.307  19.019  17.855 0.0000000000
81042  -49.211  19.865  18.198 0.0000000000
81682  -49.634  21.209  17.528 0.0000000000
82187  -51.418  21.531  18.095 0.0000000000
73779  -56.074  8.304  6.151 0.0000000000
72988  -54.219  7.527  6.757 0.0000000000
72987  -53.201  7.444  6.621 0.0000000000
104982  -52.926  7.457  5.948 0.0000000000
105843  -53.109  7.440  10.028 0.0000000000
111418  -53.585  7.445  9.238 0.0000000000
72955  -53.640  7.440  8.327 0.0000000000
124864  -53.004  7.409  8.683 0.0000000000
72952  -50.580  6.774  8.179 0.0000000000
72971  -52.005  7.266  7.739 0.0000000000
72970  -51.082  7.021  7.329 0.0000000000
72165  -49.687  6.827  6.730 0.0000000000
72156  -49.299  6.630  7.370 0.0000000000
120182  -48.150  6.478  7.934 0.0000000000
72155  -48.443  6.593  7.342 0.0000000000
72153  -46.777  6.703  7.649 0.0000000000
105158  -47.825  6.276  9.854 0.0000000000
72933  -44.982  6.814  9.140 0.0000000000
72950  -45.325  7.381  8.409 0.0000000000
73752  -44.875  8.356  8.486 0.0000000000
72071  -48.138  7.012  15.105 0.0000000000
124634  -44.574  8.701  16.631 0.0000000000
73643  -46.023  10.467  16.408 0.0000000000
72858  -42.789  8.554  15.740 0.0000000000
108291  -43.113  9.458  15.182 0.0000000000
74427  -44.924  10.423  14.706 0.0000000000
74428  -45.665  10.569  14.917 0.0000000000
74429  -46.220  10.622  15.181 0.0000000000
72879  -45.507  7.980  14.407 0.0000000000
72880  -46.265  8.162  14.859 0.0000000000
72086  -45.317  6.894  13.614 0.0000000000
72901  -43.328  7.374  12.417 0.0000000000
72902  -43.960  7.079  12.745 0.0000000000
72911  -43.220  7.152  11.580 0.0000000000
75909  -40.760  11.793  9.667 0.0000000000
75188  -41.713  10.708  9.584 0.0000000000
75910  -41.514  11.504  9.379 0.0000000000
75914  -41.971  11.970  8.840 0.0000000000
76524  -41.255  12.317  9.210 0.0000000000
111975  -41.023  13.192  9.065 0.0000000000
77109  -39.402  13.683  9.804 0.0000000000
76519  -38.222  12.702  10.524 0.0000000000
77691  -37.635  14.288  11.838 0.0000000000
77694  -38.352  14.708  11.687 0.0000000000
77692  -38.065  14.692  12.610 0.0000000000
77686  -38.484  14.978  13.111 0.0000000000
73868  -57.496  10.088  -0.788 0.0000000000
74591  -57.663  11.161  -1.232 0.0000000000
75323  -56.190  12.140  -1.988 0.0000000000
75324  -56.664  11.738  -1.809 0.0000000000
74606  -56.056  11.798  -2.338 0.0000000000
74605  -55.341  11.184  -2.481 0.0000000000
75336  -55.697  11.844  -2.387 0.0000000000
73824  -50.207  8.976  2.844 0.0000000000
104714  -50.853  8.467  3.094 0.0000000000
75269  -50.149  10.316  2.716 0.0000000000
75270  -51.084  11.101  2.298 0.0000000000
75285  -52.407  11.993  1.143 0.0000000000
74558  -51.608  10.738  1.694 0.0000000000
75303  -53.753  11.925  -0.211 0.0000000000
75335  -53.942  11.268  -2.475 0.0000000000
75334  -52.867  10.803  -2.336 0.0000000000
74619  -53.016  10.243  -2.607 0.0000000000
76597  -50.392  12.849  1.857 0.0000000000
75978  -50.948  12.595  1.163 0.0000000000
75977  -49.667  12.017  1.381 0.0000000000
75300  -48.472  10.479  0.574 0.0000000000
75301  -49.406  10.759  0.347 0.0000000000
75318  -48.878  10.053  -0.114 0.0000000000
75282  -46.316  10.695  0.938 0.0000000000
75298  -46.496  10.081  0.110 0.0000000000
75317  -46.134  9.884  -0.700 0.0000000000
77715  -42.676  14.943  8.495 0.0000000000
122196  -43.370  14.640  8.392 0.0000000000
77718  -45.080  14.552  8.511 0.0000000000
77719  -45.833  14.678  8.758 0.0000000000
124280  -46.376  14.142  8.908 0.0000000000
79370  -47.242  17.227  9.747 0.0000000000
78809  -46.492  16.842  9.353 0.0000000000
78810  -47.399  16.211  9.687 0.0000000000
77709  -48.221  14.362  9.822 0.0000000000
78287  -47.606  15.146  9.689 0.0000000000
117599  -47.951  13.649  9.496 0.0000000000
125352  -48.499  13.352  9.564 0.0000000000
113965  -49.033  13.175  9.644 0.0000000000
77116  -51.287  13.310  9.073 0.0000000000
76527  -50.536  12.866  8.815 0.0000000000
76541  -51.417  13.120  7.369 0.0000000000
77129  -51.586  13.552  7.711 0.0000000000
81092  -51.332  20.067  13.195 0.0000000000
80528  -50.670  19.683  12.339 0.0000000000
80529  -51.901  19.012  12.899 0.0000000000
78783  -52.791  16.383  12.499 0.0000000000
109917  -51.770  16.474  12.181 0.0000000000
78791  -51.624  15.644  11.837 0.0000000000
118045  -52.616  15.339  11.649 0.0000000000
79374  -53.403  16.571  10.824 0.0000000000
79373  -52.189  16.710  10.318 0.0000000000
78290  -51.418  15.331  9.363 0.0000000000
78800  -52.094  15.653  9.982 0.0000000000
78291  -52.320  14.589  9.586 0.0000000000
77712  -52.520  14.618  9.916 0.0000000000
77711  -52.250  14.161  9.198 0.0000000000
104478  -49.859  14.433  7.315 0.0000000000
77724  -50.518  14.494  7.835 0.0000000000
123541  -46.558  14.158  5.292 0.0000000000
77141  -47.260  14.039  5.576 0.0000000000
110979  -46.722  13.704  4.959 0.0000000000
77153  -46.150  13.467  4.343 0.0000000000
78850  -46.442  16.532  4.844 0.0000000000
78849  -45.975  15.930  4.481 0.0000000000
78326  -45.602  15.398  4.103 0.0000000000
77763  -44.890  14.026  2.577 0.0000000000
77758  -45.110  14.172  3.299 0.0000000000
77173  -44.966  13.573  2.809 0.0000000000
76572  -45.703  12.698  3.286 0.0000000000
77174  -45.072  12.769  2.546 0.0000000000
75959  -45.415  11.961  2.122 0.0000000000
126411  -44.947  12.324  1.747 0.0000000000
76000  -45.275  10.897  -0.420 0.0000000000
76612  -44.696  12.074  -1.522 0.0000000000
78347  -46.517  14.845  -0.894 0.0000000000
78355  -47.672  15.297  -1.714 0.0000000000
77799  -47.694  14.530  -5.368 0.0000000000
108909  -54.439  19.843  2.473 0.0000000000
80627  -53.096  19.106  1.827 0.0000000000
80628  -53.798  19.796  1.695 0.0000000000
81221  -52.411  19.519  0.227 0.0000000000
80648  -52.781  19.288  0.387 0.0000000000
80647  -51.786  19.031  -0.980 0.0000000000
80058  -51.442  18.452  -1.471 0.0000000000
81199  -49.461  20.514  1.899 0.0000000000
80654  -48.813  19.214  -1.132 0.0000000000
80645  -49.232  19.678  -0.659 0.0000000000
80056  -49.889  18.327  -2.173 0.0000000000
79454  -48.210  17.672  -1.963 0.0000000000
78878  -45.704  17.140  -0.453 0.0000000000
78885  -45.013  16.412  -0.756 0.0000000000
78354  -44.308  15.815  -1.223 0.0000000000
78884  -43.929  16.282  -0.287 0.0000000000
78869  -43.614  17.071  1.092 0.0000000000
78876  -43.263  16.526  0.436 0.0000000000
111797  -43.169  17.294  1.611 0.0000000000
80035  -45.196  19.284  1.464 0.0000000000
80034  -44.525  19.149  2.070 0.0000000000
80023  -43.248  18.636  2.791 0.0000000000
79427  -42.058  17.683  2.426 0.0000000000
120767  -44.486  23.773  4.286 0.0000000000
82906  -43.032  23.522  3.334 0.0000000000
75916  -43.442  11.347  8.422 0.0000000000
126212  -43.933  12.513  8.301 0.0000000000
104981  -44.190  13.200  8.317 0.0000000000
84222  -53.565  25.961  11.090 0.0000000000
84232  -52.449  26.196  10.324 0.0000000000
79334  -38.000  17.283  14.057 0.0000000000
79335  -38.853  17.610  14.275 0.0000000000
119142  -49.046  6.530  12.530 0.0000000000
72097  -48.309  6.387  12.426 0.0000000000
72095  -46.597  6.117  12.521 0.0000000000
74467  -36.628  10.046  11.794 0.0000000000
73002  -53.174  7.504  5.267 0.0000000000
73014  -52.667  7.553  4.627 0.0000000000
73024  -52.262  7.715  3.878 0.0000000000
77157  -51.617  13.243  4.474 0.0000000000
77156  -50.840  13.500  4.739 0.0000000000
77155  -49.290  13.641  5.055 0.0000000000
80526  -47.058  19.585  12.271 0.0000000000
80549  -47.417  19.584  11.397 0.0000000000
80551  -49.116  19.601  11.447 0.0000000000
80552  -50.002  19.307  11.630 0.0000000000
80575  -51.993  19.207  7.139 0.0000000000
79990  -50.082  18.624  5.579 0.0000000000
79999  -49.408  18.477  5.123 0.0000000000
79998  -48.595  18.301  4.655 0.0000000000
110680  -49.414  18.479  4.268 0.0000000000
80026  -49.018  18.314  2.487 0.0000000000
79431  -48.524  17.930  1.681 0.0000000000
117758  -50.099  18.397  1.499 0.0000000000
80028  -51.275  18.610  1.031 0.0000000000
110739  -47.358  20.582  5.157 0.0000000000
105840  -47.704  20.369  4.244 0.0000000000
81164  -46.700  20.599  4.439 0.0000000000
81774  -44.525  21.921  4.342 0.0000000000
120449  -46.713  8.498  6.125 0.0000000000
74512  -46.491  9.332  6.293 0.0000000000
75919  -46.303  11.287  8.209 0.0000000000
75924  -46.579  11.014  7.710 0.0000000000
75926  -48.293  11.920  7.490 0.0000000000
76537  -48.907  12.353  8.188 0.0000000000
81045  -52.021  20.780  18.267 0.0000000000
120279  -52.236  20.490  16.411 0.0000000000
81046  -53.018  20.821  17.566 0.0000000000
81056  -53.943  20.421  16.161 0.0000000000
124675  -54.142  20.305  15.471 0.0000000000
81718  -53.770  22.131  11.261 0.0000000000
112663  -53.744  21.303  11.674 0.0000000000
81728  -54.355  21.880  10.577 0.0000000000
81107  -54.472  20.839  10.453 0.0000000000
81117  -54.824  20.688  9.523 0.0000000000
81122  -55.249  20.844  8.575 0.0000000000
80578  -55.438  20.740  6.249 0.0000000000
80584  -55.312  20.592  5.547 0.0000000000
81131  -55.406  21.290  6.561 0.0000000000
82248  -50.608  22.770  8.999 0.0000000000
81739  -49.914  22.234  8.344 0.0000000000
81748  -49.541  21.625  7.729 0.0000000000
82264  -49.134  22.214  7.882 0.0000000000
82885  -48.591  22.911  7.675 0.0000000000
82888  -48.198  23.259  7.138 0.0000000000
73877  -47.668  8.086  -2.295 0.0000000000
78796  -41.196  16.759  10.562 0.0000000000
78766  -41.907  16.252  14.136 0.0000000000
78782  -41.958  16.121  13.735 0.0000000000
79351  -43.288  16.978  13.762 0.0000000000
79925  -44.494  17.833  12.947 0.0000000000
79914  -44.765  17.469  14.205 0.0000000000
79903  -45.708  17.640  15.877 0.0000000000
125220  -45.297  19.592  14.683 0.0000000000
80489  -45.474  19.163  16.139 0.0000000000
123204  -46.835  19.244  16.957 0.0000000000
81041  -48.288  19.741  18.181 0.0000000000
81680  -48.129  20.460  16.519 0.0000000000
72989  -55.197  7.750  6.441 0.0000000000
116921  -51.825  7.252  9.187 0.0000000000
119340  -52.294  7.325  8.544 0.0000000000
117159  -49.740  6.610  8.087 0.0000000000
72114  -46.195  5.869  10.319 0.0000000000
73740  -44.236  8.240  8.979 0.0000000000
73688  -42.280  9.338  14.454 0.0000000000
74425  -43.134  9.695  14.507 0.0000000000
74441  -44.458  10.240  14.143 0.0000000000
74442  -45.227  10.209  14.416 0.0000000000
73691  -45.758  9.455  14.617 0.0000000000
72878  -44.759  8.139  13.994 0.0000000000
72890  -43.564  8.057  13.266 0.0000000000
75184  -40.859  10.728  10.394 0.0000000000
75905  -41.116  11.093  9.943 0.0000000000
75908  -39.926  12.081  9.905 0.0000000000
77104  -38.903  13.241  10.123 0.0000000000
105569  -57.516  11.443  -1.121 0.0000000000
75305  -55.718  12.053  -1.336 0.0000000000
75322  -55.589  12.246  -1.744 0.0000000000
73809  -48.975  8.605  4.057 0.0000000000
73810  -49.336  8.921  3.494 0.0000000000
73823  -49.757  9.147  3.075 0.0000000000
74547  -50.079  9.573  2.712 0.0000000000
75964  -51.559  12.259  2.652 0.0000000000
75992  -53.263  12.320  -0.273 0.0000000000
76608  -52.831  12.474  0.007 0.0000000000
76002  -52.648  12.158  -0.719 0.0000000000
76010  -52.486  11.321  -1.612 0.0000000000
76001  -51.511  11.932  -0.164 0.0000000000
75976  -48.576  11.527  1.630 0.0000000000
75284  -48.038  10.812  1.234 0.0000000000
75299  -47.591  10.300  0.722 0.0000000000
78816  -43.316  16.234  8.593 0.0000000000
78297  -44.178  15.796  8.473 0.0000000000
78817  -44.110  16.544  8.633 0.0000000000
78285  -45.851  16.107  8.941 0.0000000000
78275  -48.190  15.725  10.124 0.0000000000
77105  -49.599  13.621  10.051 0.0000000000
80530  -52.990  18.623  13.650 0.0000000000
79928  -52.838  17.952  13.271 0.0000000000
79353  -53.389  17.159  12.972 0.0000000000
78793  -53.808  15.989  11.569 0.0000000000
79385  -50.305  17.558  9.141 0.0000000000
125279  -51.571  16.638  9.939 0.0000000000
78811  -50.016  16.829  9.100 0.0000000000
78289  -50.285  15.990  9.173 0.0000000000
118680  -49.887  15.715  8.722 0.0000000000
78301  -50.748  15.176  8.835 0.0000000000
78304  -49.100  15.195  7.854 0.0000000000
77723  -48.630  14.885  7.256 0.0000000000
77746  -48.151  14.250  6.153 0.0000000000
77732  -47.742  14.922  6.714 0.0000000000
77731  -46.885  15.202  6.225 0.0000000000
77744  -46.102  15.088  5.311 0.0000000000
78861  -45.827  15.894  2.822 0.0000000000
78332  -45.380  15.168  3.334 0.0000000000
78336  -45.500  15.322  2.471 0.0000000000
76596  -44.666  12.953  1.608 0.0000000000
77189  -44.757  13.679  1.290 0.0000000000
118541  -44.670  13.147  0.738 0.0000000000
77196  -44.741  12.857  -0.389 0.0000000000
77197  -45.310  13.615  -1.161 0.0000000000
78888  -49.206  16.133  -2.261 0.0000000000
78356  -48.667  15.658  -2.397 0.0000000000
78364  -48.790  15.523  -3.610 0.0000000000
77791  -48.328  15.126  -4.951 0.0000000000
81201  -54.360  20.118  2.235 0.0000000000
80637  -53.920  19.983  1.613 0.0000000000
107432  -53.513  20.278  1.704 0.0000000000
124832  -52.660  20.358  1.384 0.0000000000
81211  -51.463  20.196  0.488 0.0000000000
81208  -47.663  20.487  1.291 0.0000000000
81218  -48.350  20.262  0.238 0.0000000000
80054  -47.214  18.335  -0.829 0.0000000000
79446  -44.535  17.482  1.022 0.0000000000
80626  -44.181  19.978  2.196 0.0000000000
80010  -42.749  19.063  3.283 0.0000000000
80617  -42.148  19.468  3.546 0.0000000000
74498  -45.526  9.037  7.605 0.0000000000
75918  -45.410  11.086  8.285 0.0000000000
82217  -52.266  22.298  14.168 0.0000000000
121512  -52.863  22.533  12.322 0.0000000000
81717  -53.675  22.909  11.472 0.0000000000
82242  -54.611  23.122  10.522 0.0000000000
118593  -55.002  23.274  9.598 0.0000000000
82261  -55.323  22.837  8.766 0.0000000000
110268  -54.531  23.457  9.598 0.0000000000
82250  -52.552  23.188  9.684 0.0000000000
82867  -51.848  23.620  9.918 0.0000000000
83555  -50.763  24.033  9.374 0.0000000000
83569  -50.261  24.393  8.633 0.0000000000
78264  -39.419  15.340  12.535 0.0000000000
78265  -40.096  15.565  12.685 0.0000000000
123108  -39.544  16.768  14.262 0.0000000000
78764  -40.290  16.477  14.288 0.0000000000
78765  -41.185  16.182  14.229 0.0000000000
118713  -50.455  6.955  10.983 0.0000000000
72117  -49.321  6.574  10.306 0.0000000000
104984  -47.857  6.213  10.552 0.0000000000
72115  -47.043  5.908  10.867 0.0000000000
121884  -45.797  5.854  10.964 0.0000000000
72112  -44.597  6.420  10.753 0.0000000000
72835  -41.494  7.332  16.072 0.0000000000
72856  -41.145  7.934  15.485 0.0000000000
73662  -41.662  8.683  15.040 0.0000000000
73661  -40.908  8.427  14.893 0.0000000000
73687  -41.461  8.987  14.346 0.0000000000
75182  -38.859  11.106  10.673 0.0000000000
75902  -38.520  11.766  10.553 0.0000000000
108800  -37.072  11.955  11.176 0.0000000000
75897  -36.628  11.505  11.486 0.0000000000
76516  -36.559  12.434  11.549 0.0000000000
75244  -48.458  10.606  4.406 0.0000000000
75948  -51.267  12.505  4.119 0.0000000000
75954  -51.342  12.380  3.443 0.0000000000
77183  -51.917  13.274  2.429 0.0000000000
76589  -51.122  13.376  2.438 0.0000000000
76588  -49.918  13.115  2.512 0.0000000000
76587  -48.739  12.585  2.748 0.0000000000
76586  -47.684  12.207  2.985 0.0000000000
79957  -44.779  18.340  9.881 0.0000000000
79381  -45.171  17.790  9.362 0.0000000000
79958  -45.677  18.380  9.820 0.0000000000
79959  -46.446  18.341  9.874 0.0000000000
120573  -47.736  17.614  10.111 0.0000000000
80559  -47.641  19.285  10.772 0.0000000000
79950  -47.854  18.475  10.376 0.0000000000
125879  -49.475  16.178  10.816 0.0000000000
78268  -50.335  15.289  11.187 0.0000000000
79953  -54.399  18.027  10.922 0.0000000000
79375  -54.203  17.043  11.261 0.0000000000
79952  -53.367  17.906  10.517 0.0000000000
110561  -52.374  18.263  9.889 0.0000000000
79961  -51.564  18.244  9.508 0.0000000000
79974  -51.092  18.854  7.799 0.0000000000
79967  -50.302  18.414  8.246 0.0000000000
79960  -50.660  18.191  9.076 0.0000000000
79966  -49.564  18.032  8.104 0.0000000000
79971  -48.498  17.560  7.206 0.0000000000
116442  -47.720  17.014  6.967 0.0000000000
78842  -47.160  16.654  6.297 0.0000000000
107438  -47.642  17.366  6.124 0.0000000000
79414  -46.953  17.086  5.107 0.0000000000
79420  -46.774  17.136  4.348 0.0000000000
80011  -47.943  18.073  4.160 0.0000000000
78862  -46.358  16.636  3.089 0.0000000000
109884  -46.334  16.327  2.280 0.0000000000
78341  -46.271  15.655  0.920 0.0000000000
78879  -47.132  16.114  0.294 0.0000000000
78880  -48.197  16.431  -0.497 0.0000000000
78881  -49.400  16.691  -1.473 0.0000000000
79455  -50.345  16.727  -2.966 0.0000000000
79456  -50.729  17.407  -2.774 0.0000000000
81167  -50.092  20.464  4.458 0.0000000000
123779  -50.685  20.537  3.012 0.0000000000
105838  -49.782  20.448  3.666 0.0000000000
81184  -49.041  20.405  2.974 0.0000000000
81198  -48.398  20.444  2.206 0.0000000000
81183  -48.066  20.323  3.275 0.0000000000
123711  -46.721  20.282  0.598 0.0000000000
80634  -46.272  20.274  0.813 0.0000000000
81205  -45.074  20.648  1.631 0.0000000000
81195  -44.804  20.959  1.953 0.0000000000
81194  -44.422  20.904  1.963 0.0000000000
106820  -50.186  7.128  6.131 0.0000000000
72999  -50.518  7.407  5.375 0.0000000000
72998  -49.615  7.421  5.381 0.0000000000
73010  -49.034  7.946  4.659 0.0000000000
73789  -48.204  8.184  5.068 0.0000000000
73799  -48.391  8.769  4.443 0.0000000000
74499  -45.911  9.205  7.046 0.0000000000
76545  -51.507  13.076  6.516 0.0000000000
81064  -49.007  19.780  15.222 0.0000000000
81076  -49.665  20.471  13.814 0.0000000000
81077  -50.756  20.439  13.964 0.0000000000
81067  -52.915  20.199  15.643 0.0000000000
79930  -54.182  17.638  13.158 0.0000000000
79931  -54.570  17.891  12.740 0.0000000000
81698  -54.131  20.284  14.516 0.0000000000
81093  -54.129  20.369  12.185 0.0000000000
109969  -54.311  19.892  13.446 0.0000000000
80531  -54.569  18.553  12.657 0.0000000000
79942  -54.784  17.945  12.024 0.0000000000
79963  -54.142  18.690  9.967 0.0000000000
80569  -53.139  19.232  8.350 0.0000000000
80570  -54.431  19.635  8.013 0.0000000000
105801  -53.122  19.406  6.325 0.0000000000
80582  -53.008  19.373  5.470 0.0000000000
80607  -52.706  19.303  3.817 0.0000000000
80608  -54.382  19.636  3.290 0.0000000000
80621  -54.835  19.974  2.966 0.0000000000
80596  -55.134  20.311  4.769 0.0000000000
110988  -55.142  20.138  4.067 0.0000000000
81187  -54.545  20.283  3.068 0.0000000000
81169  -53.251  20.567  3.867 0.0000000000
81168  -51.832  20.563  4.222 0.0000000000
81742  -54.401  22.303  8.161 0.0000000000
81751  -53.450  21.593  7.629 0.0000000000
81129  -52.793  21.048  6.986 0.0000000000
81750  -51.773  21.403  7.903 0.0000000000
81137  -52.060  20.721  6.363 0.0000000000
116919  -51.413  20.586  5.705 0.0000000000
81150  -50.868  20.514  4.905 0.0000000000
81149  -49.730  20.456  5.219 0.0000000000
123071  -49.300  20.524  5.895 0.0000000000
119070  -48.819  20.457  5.451 0.0000000000
81134  -48.602  21.130  6.815 0.0000000000
81133  -47.930  21.083  6.428 0.0000000000
81148  -47.958  20.636  5.746 0.0000000000
81147  -47.162  21.124  5.971 0.0000000000
82270  -46.258  22.237  5.870 0.0000000000
78295  -42.726  15.661  8.575 0.0000000000
78284  -41.232  15.828  9.271 0.0000000000
78814  -41.804  16.174  9.071 0.0000000000
78815  -42.428  16.215  8.799 0.0000000000
78807  -42.872  16.865  9.033 0.0000000000
79956  -43.947  18.082  9.775 0.0000000000
104788  -40.553  16.067  12.178 0.0000000000
78789  -41.172  16.575  11.740 0.0000000000
79360  -41.856  17.159  11.194 0.0000000000
125704  -42.375  17.129  12.119 0.0000000000
79369  -43.084  17.847  10.266 0.0000000000
79945  -43.889  18.254  10.668 0.0000000000
126356  -44.306  18.352  10.165 0.0000000000
79946  -44.648  18.522  10.697 0.0000000000
79939  -45.290  18.812  11.287 0.0000000000
80525  -45.879  19.089  11.908 0.0000000000
122098  -46.408  19.233  12.413 0.0000000000
117019  -47.400  19.532  13.258 0.0000000000
80507  -48.235  19.349  14.954 0.0000000000
79324  -44.448  18.065  16.032 0.0000000000
119513  -45.282  17.765  16.259 0.0000000000
80475  -45.940  18.569  16.824 0.0000000000
79890  -46.293  18.257  16.853 0.0000000000
79904  -46.368  17.826  16.260 0.0000000000
79917  -47.041  18.142  15.755 0.0000000000
81052  -49.696  19.548  17.856 0.0000000000
122201  -48.688  19.243  17.954 0.0000000000
81043  -49.546  19.798  18.202 0.0000000000
81044  -50.964  20.242  18.312 0.0000000000
81668  -51.870  20.860  18.413 0.0000000000
82188  -52.191  21.383  18.036 0.0000000000
82197  -51.524  22.451  17.135 0.0000000000
82795  -50.725  23.261  16.380 0.0000000000
73003  -54.532  7.616  5.855 0.0000000000
120494  -51.659  7.382  5.960 0.0000000000
105841  -52.602  7.374  7.201 0.0000000000
72985  -51.436  7.269  6.549 0.0000000000
72163  -47.936  6.842  6.750 0.0000000000
72969  -47.094  7.038  6.901 0.0000000000
72968  -46.334  7.475  7.226 0.0000000000
106140  -48.219  6.379  9.466 0.0000000000
72137  -46.578  6.429  8.487 0.0000000000
72124  -46.385  6.151  9.367 0.0000000000
72951  -46.009  6.877  7.976 0.0000000000
75196  -44.597  9.944  8.386 0.0000000000
72079  -48.557  6.690  14.428 0.0000000000
74403  -46.842  10.746  16.549 0.0000000000
74417  -47.192  10.790  16.131 0.0000000000
73665  -44.453  10.123  15.446 0.0000000000
74415  -45.850  10.682  15.521 0.0000000000
73644  -47.678  10.038  16.097 0.0000000000
73667  -47.212  9.222  15.628 0.0000000000
72860  -47.588  7.712  15.444 0.0000000000
72859  -46.870  8.296  15.289 0.0000000000
126010  -47.607  7.056  15.002 0.0000000000
119816  -47.716  6.735  14.543 0.0000000000
105919  -45.695  6.247  12.624 0.0000000000
72085  -44.714  6.566  12.560 0.0000000000
72104  -44.596  6.406  11.585 0.0000000000
72921  -43.160  7.264  10.701 0.0000000000
73708  -42.821  9.435  12.997 0.0000000000
73719  -42.286  9.010  12.139 0.0000000000
74472  -41.747  9.493  11.796 0.0000000000
72910  -42.478  7.749  11.356 0.0000000000
72920  -42.499  7.892  10.659 0.0000000000
73733  -42.922  7.870  10.060 0.0000000000
77111  -40.985  14.080  8.951 0.0000000000
77705  -40.349  14.604  9.386 0.0000000000
78274  -39.395  15.296  10.649 0.0000000000
78267  -39.035  15.200  11.564 0.0000000000
78256  -39.050  15.237  13.226 0.0000000000
78772  -38.283  16.022  13.829 0.0000000000
78255  -37.534  15.481  13.615 0.0000000000
73851  -55.504  8.913  -0.243 0.0000000000
73866  -55.206  9.586  -1.111 0.0000000000
74589  -54.652  10.000  -1.874 0.0000000000
73012  -50.922  7.571  4.640 0.0000000000
73023  -51.366  7.766  3.874 0.0000000000
73812  -51.849  8.205  3.091 0.0000000000
118691  -52.678  9.738  1.202 0.0000000000
75993  -54.057  12.244  -0.877 0.0000000000
76004  -54.896  12.227  -1.624 0.0000000000
76012  -55.041  11.924  -2.352 0.0000000000
110759  -54.779  11.283  -2.517 0.0000000000
74603  -52.774  9.627  -2.525 0.0000000000
74618  -52.413  9.492  -2.557 0.0000000000
74617  -51.885  9.038  -2.735 0.0000000000
75333  -51.979  10.401  -2.012 0.0000000000
74602  -51.555  9.354  -2.463 0.0000000000
74601  -50.563  8.895  -2.274 0.0000000000
74600  -49.672  9.066  -1.578 0.0000000000
75302  -50.362  11.169  0.087 0.0000000000
74587  -49.275  9.572  -0.836 0.0000000000
74599  -48.877  8.812  -1.441 0.0000000000
73862  -47.989  8.699  -1.366 0.0000000000
74570  -47.158  9.810  0.135 0.0000000000
77123  -44.637  13.949  8.403 0.0000000000
77717  -44.220  14.817  8.385 0.0000000000
106196  -45.840  13.110  8.601 0.0000000000
77113  -47.311  13.108  9.078 0.0000000000
77707  -46.757  14.748  9.224 0.0000000000
77112  -47.064  13.898  9.224 0.0000000000
78790  -50.840  16.434  11.672 0.0000000000
123388  -50.775  15.685  11.523 0.0000000000
78269  -51.223  15.071  11.427 0.0000000000
120927  -53.968  16.300  11.350 0.0000000000
78802  -53.526  15.737  11.059 0.0000000000
78271  -53.292  15.448  11.221 0.0000000000
77696  -52.742  14.881  10.931 0.0000000000
77695  -51.861  14.587  11.011 0.0000000000
77702  -51.464  14.075  10.374 0.0000000000
77117  -52.117  13.871  8.939 0.0000000000
77125  -51.733  13.656  8.369 0.0000000000
77721  -51.210  14.471  8.318 0.0000000000
77725  -51.530  13.961  7.783 0.0000000000
76585  -46.555  12.205  3.089 0.0000000000
78319  -46.247  15.807  5.321 0.0000000000
106683  -45.412  14.688  4.120 0.0000000000
77152  -45.457  13.832  4.039 0.0000000000
77165  -45.740  13.224  3.781 0.0000000000
75960  -46.139  11.711  2.347 0.0000000000
75973  -45.841  11.394  1.567 0.0000000000
75987  -45.536  11.112  0.656 0.0000000000
77782  -46.064  14.280  -1.570 0.0000000000
77789  -46.889  14.064  -3.448 0.0000000000
80015  -51.967  19.087  2.274 0.0000000000
80636  -53.159  19.699  1.057 0.0000000000
80039  -52.607  19.069  0.193 0.0000000000
80038  -52.153  18.901  -0.281 0.0000000000
80048  -51.629  18.632  -1.273 0.0000000000
80063  -50.493  17.331  -2.918 0.0000000000
104979  -50.915  20.563  2.272 0.0000000000
81200  -50.547  20.531  1.589 0.0000000000
81219  -49.677  20.108  -0.085 0.0000000000
80646  -50.713  19.350  -1.027 0.0000000000
79459  -49.743  16.908  -3.314 0.0000000000
78895  -48.183  16.913  -2.663 0.0000000000
78886  -46.051  16.601  -1.461 0.0000000000
80033  -43.864  18.393  2.229 0.0000000000
80021  -41.591  18.164  2.997 0.0000000000
83585  -49.999  24.858  7.681 0.0000000000
83590  -47.888  23.678  6.393 0.0000000000
105082  -47.111  23.363  6.089 0.0000000000
82890  -46.361  23.062  5.805 0.0000000000
82269  -45.663  22.683  5.451 0.0000000000
83604  -46.193  24.744  4.032 0.0000000000
82291  -43.829  22.328  3.860 0.0000000000
82907  -43.727  24.062  3.682 0.0000000000
82277  -43.660  23.135  3.991 0.0000000000
72118  -50.060  6.767  10.472 0.0000000000
75337  -56.163  12.030  -2.221 0.0000000000
77107  -51.671  13.713  9.594 0.0000000000
77703  -52.422  14.524  10.324 0.0000000000
77745  -46.564  14.676  5.624 0.0000000000
78279  -52.746  14.925  10.089 0.0000000000
78311  -46.721  15.925  6.204 0.0000000000
78820  -49.565  16.453  8.730 0.0000000000
78857  -46.290  16.582  4.038 0.0000000000
79325  -44.821  17.754  16.091 0.0000000000
79380  -43.999  17.546  9.225 0.0000000000
79383  -46.660  17.690  9.638 0.0000000000
79390  -50.023  18.016  8.648 0.0000000000
79394  -48.956  17.506  7.881 0.0000000000
79407  -47.153  17.053  5.727 0.0000000000
79918  -54.047  18.339  13.736 0.0000000000
79949  -47.141  18.111  9.952 0.0000000000
79978  -48.847  18.097  6.654 0.0000000000
80027  -50.249  18.525  2.293 0.0000000000
80050  -52.309  18.914  -0.285 0.0000000000
80610  -55.027  20.052  3.505 0.0000000000
80619  -52.766  19.279  2.755 0.0000000000
80620  -53.832  19.553  2.386 0.0000000000
80622  -54.768  20.022  2.775 0.0000000000
80635  -52.937  19.518  0.815 0.0000000000
80649  -52.891  19.661  0.686 0.0000000000
81032  -50.709  20.397  18.434 0.0000000000
81054  -52.182  20.565  17.568 0.0000000000
81055  -53.622  20.712  16.690 0.0000000000
81069  -54.239  19.992  15.400 0.0000000000
81090  -48.585  20.231  12.670 0.0000000000
81212  -52.466  20.146  0.778 0.0000000000
81657  -51.332  20.634  18.429 0.0000000000
81667  -51.065  20.708  18.528 0.0000000000
81746  -47.962  21.970  7.141 0.0000000000
82186  -50.529  21.450  17.926 0.0000000000
82249  -51.388  23.058  9.503 0.0000000000
82257  -48.962  22.666  7.923 0.0000000000
83556  -51.465  24.548  9.828 0.0000000000
104775  -50.820  7.124  6.568 0.0000000000
109156  -49.150  6.633  13.855 0.0000000000
115131  -48.095  18.053  2.533 0.0000000000
117105  -48.603  20.703  6.196 0.0000000000
117269  -48.528  22.331  7.545 0.0000000000
117407  -49.577  15.638  10.826 0.0000000000
118795  -46.677  17.111  3.654 0.0000000000
119428  -55.519  21.377  6.853 0.0000000000
120710  -47.091  18.777  14.291 0.0000000000
121459  -55.040  19.969  3.589 0.0000000000
122974  -55.432  21.005  5.909 0.0000000000
123361  -52.400  15.822  12.174 0.0000000000
125347  -48.538  18.305  10.562 0.0000000000
125480  -49.878  18.566  4.597 0.0000000000
125942  -52.720  14.797  10.393 0.0000000000
126270  -51.880  19.432  -0.297 0.0000000000
