#!ascii label  , from subject sub-v2s15x29737_ses-1 vox2ras=TkReg
2124
26650  -25.452  -44.661  -17.385 0.5000000000
124663  -25.890  -44.668  -17.619 0.5000000000
27383  -26.337  -43.346  -17.196 0.4000000060
27402  -26.486  -44.219  -17.462 0.5000000000
28181  -26.890  -42.240  -16.486 0.5000000000
29048  -27.558  -41.389  -16.148 0.5000000000
47562  -27.651  -21.675  -23.816 0.5000000000
47580  -28.170  -20.893  -23.918 0.4000000060
48544  -28.141  -19.788  -24.715 0.4000000060
114651  -28.900  -21.056  -23.088 0.4000000060
48523  -28.897  -20.224  -23.574 0.6000000238
48524  -29.493  -20.630  -22.673 0.5000000000
49449  -28.783  -19.178  -24.409 0.5000000000
48509  -30.253  -20.136  -22.125 0.5000000000
49432  -29.603  -19.522  -23.269 0.4000000060
50392  -29.864  -18.437  -23.717 0.4000000060
49415  -30.853  -19.439  -21.752 0.5000000000
49433  -30.369  -19.084  -22.658 0.5000000000
112830  -26.357  -47.032  -16.715 0.5000000000
25844  -25.969  -45.713  -17.645 0.4000000060
26652  -26.471  -44.921  -17.638 0.5000000000
26636  -27.350  -44.466  -17.215 0.5000000000
27385  -28.492  -43.270  -16.291 0.5000000000
28183  -28.835  -42.397  -16.074 0.5000000000
125622  -28.317  -41.339  -16.021 0.5000000000
29931  -28.367  -40.716  -16.175 0.5000000000
46546  -26.013  -22.752  -24.405 0.5000000000
46564  -26.746  -22.034  -24.392 0.5000000000
47578  -26.405  -21.714  -24.911 0.5000000000
48543  -27.519  -20.308  -25.082 0.5000000000
52231  -33.080  -16.800  -24.909 0.3000000119
50408  -29.378  -17.772  -25.077 0.4000000060
52218  -32.780  -16.427  -24.389 0.3000000119
51347  -31.442  -16.959  -23.519 0.4000000060
51346  -30.815  -17.241  -23.920 0.3000000119
51357  -31.165  -16.738  -24.658 0.4000000060
25853  -25.690  -45.014  -17.521 0.5000000000
28182  -27.657  -42.821  -16.418 0.5000000000
27384  -27.385  -43.707  -16.834 0.5000000000
29930  -27.229  -40.630  -16.305 0.5000000000
52210  -33.297  -16.018  -23.568 0.3000000119
52217  -31.909  -16.561  -24.258 0.3000000119
13331  -35.982  -61.815  -11.922 0.3000000119
13330  -35.004  -61.377  -11.441 0.3000000119
113147  -35.331  -61.523  -12.535 0.4000000060
13349  -34.567  -61.192  -12.345 0.4000000060
13360  -35.562  -61.577  -13.573 0.4000000060
112963  -34.619  -61.250  -13.185 0.4000000060
14069  -34.044  -60.758  -13.735 0.4000000060
13359  -34.723  -61.159  -14.145 0.4000000060
14845  -33.435  -59.513  -13.968 0.4000000060
13313  -35.445  -61.514  -10.391 0.3000000119
121223  -34.755  -61.195  -10.503 0.3000000119
14041  -34.212  -60.834  -10.991 0.4000000060
109074  -34.101  -60.841  -11.867 0.4000000060
114960  -33.932  -60.851  -12.782 0.4000000060
14057  -33.381  -60.418  -12.288 0.4000000060
14068  -33.340  -60.197  -13.294 0.4000000060
14844  -32.909  -59.366  -13.396 0.4000000060
116462  -32.832  -57.545  -13.987 0.4000000060
15570  -32.837  -58.406  -13.703 0.4000000060
13983  -34.040  -60.127  -8.721 0.3000000119
14007  -33.775  -60.309  -9.590 0.3000000119
14788  -32.801  -59.211  -9.417 0.3000000119
14024  -33.605  -60.391  -10.551 0.4000000060
14823  -32.945  -60.022  -11.102 0.4000000060
14040  -33.510  -60.450  -11.441 0.4000000060
14822  -32.541  -59.589  -11.754 0.4000000060
15563  -32.358  -58.981  -12.601 0.4000000060
115829  -31.683  -56.867  -12.705 0.4000000060
16320  -32.258  -57.999  -13.041 0.4000000060
116532  -31.289  -54.787  -12.959 0.4000000060
17655  -31.447  -55.559  -12.951 0.4000000060
16327  -32.255  -57.104  -13.411 0.4000000060
14767  -34.385  -59.582  -7.966 0.3000000119
13984  -34.842  -60.365  -8.447 0.3000000119
14765  -33.109  -59.062  -8.589 0.3000000119
111689  -32.539  -59.147  -10.134 0.3000000119
14808  -32.506  -59.378  -10.874 0.3000000119
15557  -32.153  -58.868  -11.532 0.4000000060
15556  -31.900  -58.251  -12.087 0.4000000060
17009  -31.340  -56.336  -12.426 0.4000000060
112330  -31.332  -57.005  -11.969 0.4000000060
16319  -31.778  -57.500  -12.458 0.4000000060
17654  -30.967  -55.010  -12.331 0.4000000060
14766  -33.694  -59.044  -7.932 0.3000000119
15505  -33.235  -58.563  -8.063 0.3000000119
118784  -32.565  -58.685  -9.015 0.3000000119
16276  -32.143  -58.015  -9.081 0.3000000119
15522  -31.922  -58.108  -9.902 0.4000000060
15541  -32.091  -58.610  -10.575 0.4000000060
16293  -31.555  -57.756  -10.601 0.4000000060
15540  -31.792  -58.258  -11.274 0.4000000060
18294  -30.594  -54.121  -10.618 0.3000000119
17645  -30.732  -55.201  -11.632 0.4000000060
111661  -31.141  -57.069  -11.109 0.4000000060
18299  -30.706  -54.418  -11.664 0.3000000119
17646  -30.931  -55.749  -12.054 0.4000000060
16997  -30.976  -56.416  -11.590 0.4000000060
18307  -31.026  -54.281  -12.539 0.4000000060
16957  -35.157  -56.072  -8.066 0.3000000119
16950  -34.306  -56.548  -7.628 0.3000000119
18272  -35.118  -54.471  -8.588 0.3000000119
14751  -34.284  -58.824  -7.649 0.3000000119
16256  -33.756  -57.408  -7.593 0.3000000119
16255  -32.891  -57.100  -7.829 0.3000000119
17611  -32.227  -55.831  -7.980 0.3000000119
16263  -32.455  -57.541  -8.356 0.3000000119
16955  -31.745  -56.245  -8.567 0.3000000119
17623  -31.295  -55.636  -9.056 0.3000000119
16967  -31.443  -56.585  -9.327 0.3000000119
18279  -30.703  -54.597  -9.954 0.3000000119
16983  -31.239  -56.911  -10.201 0.3000000119
17637  -30.632  -55.013  -10.772 0.3000000119
17638  -31.000  -56.118  -9.898 0.4000000060
19705  -30.609  -52.713  -11.159 0.3000000119
19717  -30.828  -53.059  -12.093 0.4000000060
20576  -30.821  -52.002  -12.065 0.4000000060
20577  -31.120  -51.978  -13.119 0.4000000060
17607  -34.427  -55.663  -7.855 0.3000000119
110244  -34.344  -54.160  -8.240 0.3000000119
16949  -33.337  -56.562  -7.640 0.3000000119
17605  -32.983  -55.864  -7.643 0.3000000119
18268  -31.650  -54.156  -8.429 0.3000000119
125849  -31.720  -55.531  -8.417 0.3000000119
18944  -30.941  -53.007  -9.271 0.3000000119
18280  -31.087  -54.623  -9.139 0.3000000119
19695  -30.642  -52.472  -10.125 0.3000000119
18960  -30.608  -53.289  -10.322 0.3000000119
117669  -30.594  -51.931  -10.866 0.3000000119
21469  -30.865  -50.832  -12.036 0.3000000119
20589  -31.266  -51.283  -13.428 0.4000000060
18930  -34.752  -53.633  -8.568 0.3000000119
18945  -35.465  -53.831  -9.113 0.3000000119
18256  -33.626  -55.296  -7.732 0.3000000119
18929  -33.894  -53.544  -8.186 0.3000000119
19683  -35.533  -52.581  -9.582 0.3000000119
20528  -35.399  -51.771  -9.519 0.3000000119
18928  -32.999  -53.461  -7.939 0.3000000119
114897  -33.492  -52.898  -8.204 0.3000000119
20548  -35.991  -51.585  -10.736 0.3000000119
20504  -31.936  -51.096  -8.649 0.3000000119
113217  -31.934  -52.677  -8.392 0.3000000119
18927  -32.173  -53.371  -8.180 0.3000000119
19680  -30.994  -52.076  -9.375 0.3000000119
18926  -31.533  -53.222  -8.607 0.3000000119
126336  -31.241  -50.859  -9.313 0.3000000119
20546  -30.660  -51.265  -10.438 0.3000000119
21451  -30.724  -50.516  -10.899 0.3000000119
121179  -31.052  -51.354  -12.738 0.4000000060
21498  -31.338  -49.931  -13.250 0.4000000060
21516  -31.544  -50.326  -14.429 0.5000000000
111284  -34.325  -52.873  -8.486 0.3000000119
19671  -35.146  -53.031  -8.944 0.3000000119
19682  -34.850  -52.120  -8.814 0.3000000119
20506  -33.378  -51.190  -8.405 0.3000000119
20547  -35.651  -51.438  -10.079 0.3000000119
21471  -36.565  -50.873  -11.683 0.3000000119
20505  -32.544  -51.109  -8.471 0.3000000119
114452  -32.829  -51.760  -8.317 0.3000000119
21454  -36.178  -50.790  -11.050 0.3000000119
21416  -31.646  -50.639  -8.937 0.3000000119
21472  -36.941  -50.398  -12.209 0.3000000119
22326  -31.089  -49.044  -10.449 0.3000000119
21427  -30.858  -50.658  -9.894 0.3000000119
23244  -37.812  -49.277  -13.084 0.3000000119
115765  -30.859  -49.723  -10.893 0.3000000119
21470  -30.912  -49.962  -11.658 0.3000000119
21483  -31.135  -50.020  -12.491 0.3000000119
22372  -31.465  -49.157  -13.646 0.4000000060
22386  -31.614  -49.446  -14.443 0.5000000000
20507  -34.305  -51.323  -8.600 0.3000000119
20527  -34.995  -51.358  -8.984 0.3000000119
21430  -35.323  -50.991  -9.517 0.3000000119
21419  -33.981  -50.540  -8.548 0.3000000119
21429  -34.777  -50.677  -8.943 0.3000000119
110160  -35.245  -50.050  -9.623 0.3000000119
21417  -32.215  -50.426  -8.659 0.3000000119
113566  -35.712  -50.770  -10.273 0.3000000119
21428  -31.306  -50.198  -9.428 0.3000000119
22342  -36.426  -49.894  -11.406 0.3000000119
23233  -36.464  -48.919  -11.349 0.3000000119
22343  -36.898  -49.290  -11.976 0.3000000119
24976  -37.941  -46.654  -12.061 0.3000000119
24126  -37.923  -47.416  -12.393 0.3000000119
23218  -31.381  -48.210  -10.536 0.3000000119
109876  -31.315  -47.923  -11.319 0.3000000119
23232  -31.250  -48.575  -12.093 0.3000000119
22359  -31.306  -49.288  -12.800 0.3000000119
125753  -33.788  -49.890  -8.613 0.3000000119
117170  -34.465  -49.919  -8.894 0.3000000119
22294  -31.822  -49.834  -9.003 0.3000000119
23186  -33.561  -48.866  -8.856 0.3000000119
21418  -33.081  -50.304  -8.482 0.3000000119
23203  -34.158  -48.633  -9.130 0.3000000119
22314  -34.736  -49.206  -9.359 0.3000000119
22315  -35.492  -49.045  -10.142 0.3000000119
23200  -32.057  -48.053  -9.595 0.3000000119
23201  -32.664  -48.156  -9.246 0.3000000119
23202  -33.458  -48.190  -9.139 0.3000000119
105236  -34.214  -48.025  -9.400 0.3000000119
24089  -34.753  -47.518  -9.765 0.3000000119
23219  -35.470  -48.072  -10.272 0.3000000119
23220  -36.015  -48.538  -10.789 0.3000000119
24104  -32.024  -47.355  -9.916 0.3000000119
24966  -36.743  -46.580  -11.122 0.3000000119
126143  -36.586  -47.252  -11.151 0.3000000119
25764  -36.891  -45.655  -10.956 0.3000000119
24967  -37.415  -46.265  -11.513 0.3000000119
24117  -37.224  -47.288  -11.692 0.3000000119
26578  -38.191  -44.509  -11.423 0.3000000119
24115  -31.454  -47.162  -11.539 0.4000000060
25789  -38.455  -45.274  -11.856 0.3000000119
24125  -31.468  -47.130  -12.374 0.4000000060
28136  -40.006  -42.994  -13.613 0.3000000119
23242  -31.448  -47.877  -12.734 0.3000000119
23252  -31.556  -48.000  -13.537 0.4000000060
28137  -40.183  -43.045  -14.319 0.3000000119
23262  -31.695  -48.401  -14.334 0.5000000000
23271  -31.948  -48.967  -15.234 0.5000000000
24086  -32.465  -47.556  -9.549 0.3000000119
24087  -33.081  -47.455  -9.357 0.3000000119
24938  -34.731  -46.052  -9.811 0.3000000119
24953  -35.501  -46.413  -10.281 0.3000000119
112507  -36.244  -45.283  -10.522 0.3000000119
24103  -31.599  -47.355  -10.621 0.4000000060
125493  -37.198  -45.089  -10.942 0.3000000119
112155  -38.598  -43.742  -11.585 0.3000000119
24975  -31.557  -46.429  -11.938 0.4000000060
24984  -31.597  -46.417  -12.792 0.5000000000
125922  -39.131  -43.789  -12.062 0.3000000119
122103  -39.757  -43.004  -12.954 0.4000000060
112353  -39.638  -42.206  -13.238 0.4000000060
24134  -31.561  -47.200  -13.208 0.5000000000
24995  -31.758  -46.463  -13.657 0.6000000238
28150  -39.891  -42.233  -14.290 0.3000000119
121005  -31.919  -47.743  -14.704 0.6000000238
24144  -32.166  -47.219  -14.979 0.6000000238
25743  -33.154  -46.179  -9.657 0.3000000119
25745  -34.475  -45.238  -9.813 0.3000000119
25762  -35.006  -44.521  -10.010 0.3000000119
24952  -32.049  -46.615  -10.307 0.3000000119
26561  -35.928  -44.484  -10.358 0.3000000119
115023  -36.750  -44.827  -10.663 0.3000000119
110132  -37.297  -43.607  -10.736 0.4000000060
25759  -32.063  -45.882  -10.766 0.4000000060
112156  -37.937  -43.701  -11.073 0.4000000060
126079  -38.029  -42.552  -11.097 0.4000000060
110050  -32.008  -45.080  -11.983 0.5000000000
27333  -39.006  -42.966  -11.831 0.4000000060
28123  -39.036  -42.053  -12.039 0.4000000060
28987  -39.101  -41.288  -12.376 0.4000000060
25788  -32.043  -44.953  -12.835 0.5000000000
25798  -31.827  -45.681  -13.241 0.6000000238
28124  -39.413  -42.596  -12.484 0.4000000060
120845  -39.343  -41.897  -12.597 0.4000000060
28988  -39.413  -41.316  -13.019 0.4000000060
116119  -39.449  -39.899  -14.145 0.4000000060
25809  -32.088  -45.709  -14.108 0.6000000238
29004  -39.589  -41.393  -13.845 0.3000000119
29903  -39.513  -40.695  -14.368 0.4000000060
24996  -32.091  -46.493  -14.511 0.6000000238
25003  -32.546  -46.474  -15.372 0.6000000238
25013  -33.086  -46.511  -16.152 0.6999999881
119034  -33.702  -45.165  -9.842 0.3000000119
26560  -34.186  -44.506  -9.993 0.3000000119
111566  -35.395  -43.893  -10.234 0.3000000119
114609  -32.465  -45.368  -10.584 0.3000000119
26559  -32.656  -44.667  -10.836 0.3000000119
27313  -36.025  -43.566  -10.364 0.3000000119
28101  -37.068  -42.176  -10.630 0.4000000060
25778  -32.157  -45.220  -11.209 0.5000000000
28113  -37.748  -42.103  -10.961 0.4000000060
28974  -38.607  -41.345  -11.792 0.4000000060
26577  -32.673  -44.002  -11.517 0.5000000000
29882  -38.769  -40.545  -12.173 0.4000000060
26588  -32.343  -44.236  -12.338 0.5000000000
110256  -39.305  -39.660  -13.278 0.4000000060
110065  -39.433  -39.109  -13.949 0.4000000060
124375  -32.470  -44.303  -14.209 0.6000000238
109045  -39.481  -39.234  -14.886 0.4000000060
31581  -39.507  -38.452  -14.989 0.4000000060
114506  -33.011  -44.825  -15.561 0.6999999881
25834  -33.566  -45.804  -16.570 0.6999999881
24164  -33.187  -47.323  -16.458 0.6999999881
109178  -34.141  -43.226  -10.496 0.4000000060
27311  -34.652  -43.721  -10.239 0.4000000060
28100  -36.285  -42.202  -10.457 0.4000000060
28959  -36.590  -41.429  -10.572 0.4000000060
27309  -33.168  -43.928  -10.842 0.4000000060
116439  -34.671  -42.123  -10.562 0.4000000060
28960  -37.302  -41.404  -10.811 0.4000000060
28098  -34.024  -42.452  -10.754 0.4000000060
28973  -37.961  -41.384  -11.264 0.4000000060
29867  -37.506  -40.641  -11.104 0.4000000060
29868  -38.185  -40.570  -11.591 0.4000000060
30730  -38.418  -39.776  -11.961 0.4000000060
30740  -38.941  -39.744  -12.560 0.4000000060
30741  -39.085  -38.945  -12.847 0.4000000060
107834  -32.799  -42.821  -12.846 0.6000000238
124399  -39.311  -38.862  -13.361 0.4000000060
32396  -39.506  -37.871  -14.448 0.4000000060
27342  -32.651  -43.164  -13.508 0.6000000238
26610  -32.623  -43.560  -14.226 0.6999999881
26621  -32.916  -44.042  -15.080 0.6999999881
106042  -39.614  -37.075  -15.012 0.4000000060
111766  -34.057  -45.953  -17.374 0.6999999881
28957  -34.972  -41.437  -10.507 0.4000000060
28112  -33.458  -42.522  -11.377 0.4000000060
28956  -34.255  -41.560  -10.787 0.4000000060
29849  -36.845  -40.690  -10.726 0.4000000060
28122  -33.062  -42.620  -12.129 0.6000000238
28986  -33.303  -41.806  -11.971 0.5000000000
116178  -38.081  -39.098  -11.809 0.4000000060
29003  -33.021  -41.995  -12.772 0.6999999881
31566  -38.800  -38.189  -12.522 0.4000000060
28135  -32.797  -42.326  -13.519 0.6999999881
32390  -39.410  -37.634  -13.535 0.4000000060
27357  -32.734  -42.766  -14.232 0.6999999881
109629  -39.572  -37.023  -14.053 0.4000000060
27370  -33.155  -43.454  -15.743 0.6999999881
33298  -39.807  -36.317  -15.555 0.4000000060
26622  -33.346  -44.208  -16.019 0.6999999881
25835  -33.921  -45.149  -17.053 0.6999999881
34225  -40.371  -35.334  -16.447 0.4000000060
35076  -41.632  -34.670  -17.105 0.4000000060
29865  -33.835  -40.503  -11.191 0.4000000060
30711  -34.768  -39.857  -10.664 0.4000000060
30712  -35.624  -39.872  -10.585 0.4000000060
30713  -36.427  -39.947  -10.716 0.4000000060
117142  -33.484  -40.923  -11.693 0.5000000000
31560  -37.458  -38.754  -11.454 0.4000000060
29881  -33.106  -40.268  -12.247 0.6999999881
31561  -38.139  -38.246  -11.886 0.4000000060
32383  -39.139  -37.322  -12.760 0.4000000060
29015  -32.751  -41.348  -13.449 0.6999999881
32382  -38.516  -37.390  -12.128 0.4000000060
33270  -39.337  -36.366  -12.840 0.4000000060
117124  -32.523  -41.144  -14.390 0.6999999881
33278  -39.599  -36.259  -13.618 0.4000000060
107855  -32.788  -42.499  -14.902 0.6999999881
34198  -39.797  -35.432  -14.114 0.4000000060
34209  -39.920  -35.592  -15.166 0.4000000060
34199  -40.062  -34.838  -14.912 0.4000000060
27389  -33.430  -43.629  -16.564 0.6999999881
34210  -40.193  -35.023  -15.740 0.4000000060
35066  -41.206  -34.217  -16.529 0.4000000060
35067  -42.024  -33.922  -16.749 0.4000000060
31546  -35.123  -39.075  -10.668 0.4000000060
31547  -36.012  -39.118  -10.744 0.4000000060
30728  -36.874  -39.307  -11.021 0.4000000060
30726  -33.701  -39.297  -11.426 0.6000000238
30727  -34.327  -39.138  -10.916 0.5000000000
32375  -36.686  -37.469  -11.329 0.5000000000
31559  -36.552  -38.314  -11.116 0.4000000060
31621  -27.964  -38.905  -17.654 0.4000000060
31632  -28.293  -38.682  -18.434 0.5000000000
30739  -33.214  -39.500  -12.054 0.6000000238
32377  -37.931  -37.406  -11.677 0.4000000060
30746  -32.464  -39.669  -13.377 0.6000000238
33269  -38.827  -36.515  -12.271 0.4000000060
29895  -32.473  -40.452  -13.771 0.6000000238
34191  -39.563  -35.553  -13.064 0.4000000060
29902  -32.302  -40.425  -14.462 0.6999999881
117700  -32.314  -40.813  -15.162 0.6999999881
35043  -39.910  -34.660  -14.177 0.4000000060
28201  -33.308  -43.001  -17.126 0.6999999881
106668  -40.387  -34.265  -15.468 0.4000000060
35926  -41.739  -32.807  -15.977 0.4000000060
36717  -42.950  -32.274  -16.445 0.4000000060
119493  -43.999  -31.615  -17.200 0.4000000060
31558  -35.555  -38.297  -10.879 0.5000000000
31556  -33.916  -38.524  -11.389 0.6000000238
31557  -34.654  -38.337  -10.986 0.5000000000
33262  -36.354  -36.811  -11.385 0.5000000000
113477  -26.772  -38.273  -18.350 0.3000000119
31631  -27.604  -38.457  -18.300 0.4000000060
32460  -28.005  -38.241  -18.820 0.5000000000
114156  -32.568  -38.939  -13.005 0.6000000238
112134  -33.492  -38.066  -11.873 0.6000000238
32376  -37.286  -36.879  -11.464 0.4000000060
30756  -32.199  -39.736  -14.171 0.6000000238
116360  -38.459  -35.723  -11.862 0.5000000000
29918  -31.673  -39.499  -15.650 0.6999999881
30772  -31.949  -39.989  -14.987 0.6000000238
35027  -39.378  -34.780  -12.629 0.4000000060
29933  -31.758  -39.907  -16.481 0.8000000119
29919  -31.986  -40.373  -15.805 0.6999999881
118274  -39.650  -34.216  -13.081 0.4000000060
35034  -39.726  -34.798  -13.441 0.4000000060
35918  -40.500  -33.350  -15.107 0.4000000060
35925  -41.130  -33.027  -15.663 0.4000000060
36709  -42.255  -32.247  -15.945 0.4000000060
37549  -43.435  -31.588  -16.579 0.4000000060
38447  -44.514  -30.768  -17.432 0.4000000060
32381  -33.498  -37.369  -12.233 0.6000000238
32373  -34.178  -37.614  -11.550 0.6000000238
32374  -34.801  -36.867  -11.588 0.5000000000
33261  -35.564  -36.884  -11.422 0.5000000000
32471  -27.294  -37.272  -19.171 0.4000000060
110465  -32.080  -38.143  -13.969 0.6000000238
123449  -32.876  -38.145  -12.582 0.6000000238
34172  -36.764  -35.977  -11.441 0.5000000000
32472  -28.176  -37.688  -19.296 0.5000000000
31597  -31.508  -38.607  -15.640 0.6999999881
30755  -31.755  -39.017  -14.762 0.6999999881
112762  -37.667  -36.004  -11.552 0.5000000000
32479  -28.830  -37.310  -19.944 0.5000000000
33296  -31.748  -36.891  -16.011 0.6999999881
30787  -31.531  -39.127  -16.292 0.6999999881
34174  -37.879  -35.329  -11.574 0.5000000000
106624  -29.487  -37.001  -20.565 0.6999999881
33363  -28.897  -36.498  -20.195 0.6000000238
31622  -31.603  -38.654  -17.844 0.6999999881
32434  -31.613  -37.383  -16.659 0.6999999881
30799  -31.615  -39.319  -17.147 0.6999999881
35902  -38.894  -34.298  -12.096 0.5000000000
107484  -30.706  -35.723  -21.684 0.6999999881
33365  -30.403  -36.797  -21.256 0.6999999881
35903  -39.365  -33.874  -12.611 0.4000000060
109687  -31.731  -38.087  -18.429 0.6999999881
112923  -31.860  -39.567  -18.317 0.8000000119
35909  -39.722  -33.510  -13.285 0.4000000060
35910  -40.082  -33.350  -14.163 0.4000000060
36699  -40.885  -32.457  -15.074 0.4000000060
36708  -41.549  -32.307  -15.517 0.4000000060
37548  -42.794  -31.417  -15.957 0.4000000060
38434  -44.210  -29.997  -16.805 0.4000000060
34182  -34.114  -35.932  -12.410 0.6000000238
33260  -34.704  -36.154  -11.864 0.6000000238
126442  -35.253  -36.357  -11.606 0.6000000238
112467  -35.884  -36.189  -11.488 0.5000000000
33358  -27.105  -36.501  -19.366 0.4000000060
114106  -28.110  -36.709  -19.542 0.6999999881
33285  -32.914  -36.025  -13.951 0.6999999881
33277  -33.118  -36.453  -13.304 0.6000000238
33267  -33.541  -36.555  -12.657 0.6000000238
35016  -36.108  -34.654  -11.652 0.5000000000
33297  -32.132  -36.477  -15.535 0.6999999881
33284  -32.402  -36.462  -14.688 0.6999999881
33276  -32.613  -36.862  -13.711 0.6999999881
122961  -36.742  -34.376  -11.543 0.5000000000
35018  -37.491  -34.653  -11.529 0.5000000000
105106  -29.049  -35.857  -20.543 0.6999999881
32416  -31.851  -37.161  -15.178 0.6999999881
35890  -38.160  -33.838  -11.687 0.5000000000
34275  -29.656  -35.448  -21.335 0.6999999881
33332  -32.189  -36.084  -17.267 0.6999999881
33317  -31.850  -36.669  -16.709 0.6999999881
111343  -38.877  -33.427  -12.134 0.4000000060
107630  -32.311  -36.297  -18.319 0.6999999881
32462  -31.928  -37.277  -18.433 0.6999999881
34253  -32.691  -35.078  -18.718 0.6000000238
33345  -32.681  -35.817  -19.176 0.6000000238
108085  -32.672  -36.739  -19.656 0.6999999881
36680  -39.386  -32.993  -12.713 0.4000000060
36691  -39.816  -32.567  -13.559 0.4000000060
35126  -30.303  -34.247  -21.999 0.6999999881
36692  -40.347  -32.557  -14.428 0.4000000060
34265  -32.679  -35.586  -19.739 0.6000000238
111703  -40.682  -31.792  -14.536 0.4000000060
37526  -41.735  -30.919  -14.971 0.4000000060
108651  -42.396  -30.774  -15.397 0.4000000060
38433  -43.567  -30.167  -16.239 0.4000000060
39569  -44.505  -29.115  -16.974 0.4000000060
111263  -34.748  -35.410  -12.155 0.6000000238
34263  -27.004  -35.549  -19.475 0.6000000238
108297  -27.767  -35.967  -19.541 0.6999999881
124942  -33.157  -34.938  -14.888 0.6000000238
113272  -33.294  -35.255  -14.181 0.6999999881
35032  -33.737  -34.774  -13.656 0.6999999881
34190  -34.176  -35.093  -12.830 0.6000000238
34223  -32.690  -35.257  -16.189 0.6000000238
34208  -32.910  -35.084  -15.477 0.6000000238
34197  -32.817  -35.566  -14.757 0.6999999881
111159  -28.456  -35.885  -19.896 0.6999999881
105272  -32.568  -35.334  -17.031 0.6000000238
35889  -37.107  -33.652  -11.554 0.5000000000
34281  -29.516  -34.813  -21.588 0.6999999881
34274  -28.823  -35.181  -20.646 0.6999999881
34238  -32.779  -34.607  -17.686 0.6000000238
105601  -32.547  -35.446  -18.026 0.6000000238
114596  -38.344  -33.047  -11.841 0.4000000060
34282  -30.300  -34.825  -21.926 0.6999999881
35125  -29.768  -34.200  -22.128 0.6999999881
35997  -29.777  -33.426  -22.290 0.6999999881
110282  -39.309  -32.075  -12.872 0.4000000060
116700  -39.702  -31.748  -13.418 0.4000000060
124329  -32.523  -33.963  -18.372 0.6000000238
37507  -39.952  -31.152  -13.630 0.4000000060
37524  -40.433  -31.248  -14.123 0.4000000060
35998  -30.312  -33.644  -21.988 0.6999999881
35991  -30.664  -33.749  -21.106 0.6999999881
35107  -31.236  -34.130  -19.993 0.6999999881
35119  -32.475  -35.326  -20.187 0.6000000238
38401  -41.514  -30.305  -14.621 0.4000000060
38402  -42.100  -30.164  -14.957 0.4000000060
39542  -43.115  -29.536  -15.651 0.4000000060
40620  -44.134  -28.343  -16.663 0.4000000060
39558  -43.777  -29.183  -16.321 0.4000000060
126390  -26.566  -34.837  -19.522 0.5000000000
35923  -33.535  -33.570  -15.878 0.6000000238
35916  -33.654  -33.747  -14.999 0.6000000238
35041  -33.494  -34.505  -14.552 0.6000000238
35033  -34.297  -34.248  -13.200 0.6000000238
35024  -34.829  -34.603  -12.442 0.6000000238
35025  -35.505  -34.214  -12.071 0.6000000238
34264  -28.031  -35.228  -19.671 0.5000000000
35935  -33.427  -33.415  -16.629 0.6000000238
35064  -33.272  -34.081  -16.361 0.6000000238
34224  -33.039  -34.666  -16.070 0.6000000238
108801  -35.346  -33.052  -12.509 0.5000000000
35888  -36.221  -33.805  -11.750 0.4000000060
35106  -28.260  -34.447  -20.080 0.6999999881
36678  -36.023  -32.959  -12.045 0.5000000000
36659  -36.844  -32.671  -11.756 0.4000000060
36660  -37.700  -32.978  -11.666 0.4000000060
35978  -28.459  -33.755  -20.856 0.8000000119
35954  -33.236  -33.265  -17.205 0.6000000238
107753  -38.060  -31.154  -12.226 0.4000000060
37481  -38.696  -31.537  -12.463 0.4000000060
35953  -32.861  -33.816  -17.825 0.6000000238
36731  -32.829  -32.929  -17.663 0.6000000238
38383  -39.666  -30.440  -13.361 0.4000000060
36770  -29.948  -33.088  -22.235 0.6999999881
35969  -32.200  -33.375  -18.320 0.6000000238
39500  -40.393  -29.549  -13.824 0.4000000060
115210  -40.990  -29.990  -14.244 0.4000000060
36762  -30.253  -32.952  -21.338 0.6999999881
35979  -30.664  -33.245  -19.921 0.6999999881
35980  -31.291  -33.430  -19.004 0.6999999881
39520  -41.637  -29.455  -14.589 0.4000000060
39521  -42.391  -29.431  -15.139 0.4000000060
36750  -30.311  -32.351  -19.855 0.6999999881
119527  -42.367  -28.164  -15.263 0.4000000060
40600  -43.292  -28.727  -15.784 0.4000000060
42671  -43.652  -26.768  -16.701 0.4000000060
41706  -44.323  -27.565  -16.991 0.3000000119
35924  -33.841  -32.981  -15.438 0.6000000238
36698  -34.228  -32.343  -14.908 0.6000000238
108850  -34.384  -32.763  -14.050 0.6000000238
35908  -34.350  -33.425  -13.598 0.6000000238
36676  -34.774  -32.717  -13.138 0.5000000000
122967  -26.757  -34.118  -19.587 0.6000000238
35977  -27.701  -33.844  -19.835 0.6000000238
36706  -33.682  -32.877  -16.226 0.6000000238
37535  -34.238  -31.594  -15.568 0.6000000238
36677  -35.490  -32.345  -12.557 0.5000000000
118001  -33.493  -32.862  -16.759 0.6000000238
38367  -36.685  -30.438  -12.398 0.5000000000
105947  -36.222  -32.064  -12.173 0.4000000060
37479  -36.900  -31.737  -11.987 0.4000000060
35124  -29.004  -34.396  -21.400 0.6999999881
36732  -33.291  -32.531  -17.124 0.6000000238
38368  -37.493  -30.529  -12.312 0.5000000000
38369  -38.479  -30.535  -12.534 0.5000000000
36768  -29.219  -32.903  -22.528 0.8000000119
36760  -28.682  -33.085  -21.824 0.8000000119
39484  -37.829  -29.644  -12.553 0.4000000060
36769  -29.417  -32.698  -22.488 0.8000000119
36743  -32.149  -32.423  -17.988 0.6000000238
39485  -38.635  -29.620  -12.786 0.4000000060
36761  -29.716  -32.425  -22.096 0.6999999881
36742  -31.523  -32.767  -18.514 0.6999999881
42667  -39.810  -26.413  -16.386 0.5000000000
42653  -40.014  -26.588  -15.630 0.5000000000
42642  -40.267  -26.848  -15.172 0.5000000000
113806  -39.751  -27.806  -14.048 0.4000000060
39499  -39.720  -29.152  -13.466 0.4000000060
37586  -29.857  -31.915  -20.793 0.6999999881
37575  -30.651  -31.848  -19.082 0.6999999881
37570  -31.370  -31.848  -18.431 0.6999999881
42686  -39.716  -26.369  -17.296 0.5000000000
41678  -40.749  -27.073  -15.056 0.4000000060
40579  -41.190  -28.470  -14.454 0.4000000060
43704  -40.996  -25.719  -17.737 0.4000000060
109661  -40.524  -26.376  -16.227 0.5000000000
42668  -41.176  -26.173  -16.518 0.4000000060
42669  -41.836  -26.269  -16.251 0.4000000060
42670  -42.526  -26.543  -16.189 0.4000000060
40598  -42.194  -27.532  -15.416 0.4000000060
43720  -41.435  -25.229  -18.320 0.4000000060
43691  -41.298  -25.815  -17.096 0.4000000060
43692  -41.857  -25.732  -16.850 0.4000000060
43693  -42.511  -25.891  -16.685 0.4000000060
41691  -43.134  -26.999  -16.182 0.4000000060
37523  -34.525  -31.468  -14.728 0.6000000238
36690  -34.578  -32.066  -13.959 0.6000000238
35976  -26.939  -33.340  -19.828 0.5000000000
37547  -33.947  -31.686  -16.131 0.6000000238
38417  -34.505  -30.792  -15.323 0.6000000238
37504  -34.827  -31.253  -13.827 0.5000000000
110313  -35.544  -30.109  -13.133 0.5000000000
37505  -35.035  -31.796  -13.127 0.5000000000
35990  -27.873  -33.083  -20.404 0.6999999881
38431  -33.731  -30.536  -16.624 0.6000000238
36716  -33.658  -32.204  -16.530 0.6000000238
39496  -35.853  -29.300  -13.331 0.5000000000
39483  -36.316  -29.725  -12.737 0.5000000000
36759  -28.091  -32.235  -21.027 0.6000000238
109607  -32.790  -32.064  -17.464 0.6000000238
37563  -33.324  -31.732  -17.001 0.6000000238
124582  -36.808  -29.306  -12.737 0.5000000000
106214  -37.050  -29.706  -12.519 0.5000000000
115347  -28.848  -32.373  -22.532 0.8000000119
41661  -38.659  -26.814  -14.744 0.5000000000
40558  -36.926  -28.313  -13.374 0.5000000000
40547  -37.282  -28.954  -12.814 0.5000000000
36776  -29.088  -32.125  -22.851 0.8000000119
37562  -32.171  -31.497  -17.798 0.6000000238
108780  -39.020  -26.454  -17.534 0.5000000000
42665  -37.561  -26.280  -16.607 0.5000000000
42652  -38.913  -26.519  -15.709 0.5000000000
126306  -38.549  -27.246  -14.180 0.5000000000
40559  -37.718  -28.253  -13.281 0.5000000000
40560  -38.534  -28.265  -13.346 0.4000000060
37596  -29.262  -31.871  -22.776 0.8000000119
42666  -38.358  -26.400  -16.412 0.5000000000
110619  -39.018  -26.434  -16.732 0.5000000000
42641  -39.537  -26.782  -14.978 0.5000000000
41662  -39.253  -27.217  -14.359 0.5000000000
37585  -29.556  -31.476  -22.013 0.8000000119
117133  -30.848  -31.057  -18.827 0.6999999881
42707  -39.566  -26.591  -18.304 0.5000000000
111639  -30.220  -31.392  -19.646 0.6999999881
42708  -40.282  -26.200  -17.974 0.4000000060
36757  -25.458  -32.481  -20.304 0.5000000000
39557  -34.121  -29.929  -16.367 0.6000000238
38432  -34.145  -30.892  -16.083 0.6000000238
38400  -35.175  -29.779  -14.013 0.5000000000
121366  -26.301  -32.378  -20.262 0.5000000000
39518  -35.169  -29.071  -14.692 0.5000000000
125689  -35.580  -28.963  -13.947 0.5000000000
37582  -25.712  -31.068  -20.655 0.5000000000
116038  -25.990  -31.790  -20.399 0.5000000000
115300  -27.060  -32.626  -20.250 0.5000000000
116322  -33.375  -30.233  -17.059 0.6000000238
39556  -33.692  -29.723  -16.905 0.6000000238
41677  -36.570  -26.655  -15.533 0.5000000000
40577  -36.507  -27.771  -14.101 0.5000000000
40557  -36.186  -28.565  -13.631 0.5000000000
38445  -32.828  -30.335  -17.444 0.6000000238
39568  -33.180  -29.594  -17.405 0.6000000238
42684  -37.528  -26.189  -17.679 0.5000000000
42664  -36.709  -26.324  -16.308 0.5000000000
42639  -37.167  -26.741  -14.932 0.5000000000
41660  -37.818  -27.069  -14.389 0.5000000000
110104  -28.902  -31.245  -23.140 0.6999999881
38457  -32.231  -30.220  -17.905 0.6000000238
42651  -38.009  -26.442  -15.908 0.5000000000
42640  -37.951  -26.633  -15.195 0.5000000000
119595  -28.982  -31.781  -23.003 0.6999999881
112267  -31.675  -30.769  -18.199 0.6999999881
42706  -38.488  -26.451  -18.233 0.5000000000
38484  -29.305  -30.911  -23.022 0.6999999881
42727  -39.938  -27.505  -19.523 0.4000000060
38473  -29.775  -30.901  -20.538 0.6999999881
108494  -40.229  -26.679  -18.820 0.5000000000
42728  -40.683  -27.083  -19.806 0.5000000000
43719  -40.769  -25.979  -18.883 0.5000000000
45631  -42.385  -23.954  -20.810 0.4000000060
46539  -42.668  -23.674  -21.430 0.5000000000
108971  -43.008  -23.367  -22.154 0.5000000000
47532  -44.128  -21.743  -21.141 0.5000000000
114467  -43.172  -22.596  -21.304 0.5000000000
108935  -34.475  -30.054  -15.774 0.6000000238
39517  -34.806  -29.958  -15.023 0.5000000000
125008  -34.490  -29.364  -16.144 0.6000000238
40617  -34.764  -28.581  -16.092 0.6000000238
40597  -35.255  -28.211  -15.256 0.5000000000
41658  -35.918  -27.654  -14.752 0.5000000000
119718  -26.427  -30.606  -20.750 0.5000000000
36758  -26.989  -31.925  -20.487 0.5000000000
37584  -27.748  -31.377  -20.978 0.6999999881
111505  -33.550  -29.036  -17.296 0.6000000238
40616  -34.152  -28.839  -16.776 0.6000000238
119353  -34.654  -27.991  -16.582 0.6000000238
42683  -36.738  -26.119  -17.173 0.5000000000
120199  -35.811  -27.182  -15.495 0.5000000000
38470  -25.591  -30.294  -20.900 0.5000000000
38471  -27.377  -30.620  -20.936 0.6000000238
126044  -32.334  -30.787  -17.697 0.6000000238
42663  -36.045  -26.596  -16.159 0.5000000000
37594  -28.347  -30.877  -21.900 0.6999999881
40630  -33.061  -28.780  -17.817 0.6000000238
38483  -28.805  -30.459  -23.060 0.6999999881
39567  -32.486  -29.456  -17.961 0.6000000238
111350  -39.191  -26.944  -19.072 0.5000000000
41730  -39.172  -28.096  -20.241 0.4000000060
39585  -31.196  -29.556  -18.953 0.6999999881
38464  -31.170  -30.282  -18.694 0.6999999881
38463  -30.439  -30.299  -19.436 0.6999999881
41732  -40.661  -27.984  -20.617 0.5000000000
43761  -42.112  -27.304  -23.608 0.4000000060
40648  -30.507  -29.167  -19.731 0.6999999881
44745  -42.145  -25.340  -21.663 0.4000000060
114000  -29.893  -29.159  -20.598 0.6999999881
112259  -42.349  -24.929  -21.843 0.4000000060
111125  -29.364  -30.124  -22.670 0.6999999881
114239  -43.621  -21.976  -21.385 0.5000000000
118544  -44.645  -21.339  -21.688 0.5000000000
47569  -43.739  -21.761  -22.768 0.5000000000
40618  -35.178  -27.651  -16.052 0.5000000000
112103  -34.385  -27.647  -17.320 0.6000000238
113183  -35.644  -26.622  -16.788 0.5000000000
39602  -26.422  -29.002  -21.261 0.6000000238
38481  -26.750  -29.853  -20.955 0.6000000238
40631  -33.670  -28.310  -17.601 0.6000000238
42682  -35.945  -26.247  -17.549 0.5000000000
39603  -27.675  -29.256  -21.503 0.6000000238
40642  -33.196  -28.062  -18.321 0.5000000000
41703  -33.860  -27.610  -18.144 0.5000000000
42705  -37.553  -26.296  -18.741 0.5000000000
42725  -37.489  -26.748  -19.774 0.5000000000
38482  -28.068  -30.043  -21.665 0.6999999881
40641  -32.543  -28.526  -18.490 0.6000000238
42726  -38.354  -26.850  -19.338 0.5000000000
42742  -38.211  -27.744  -20.265 0.6000000238
41744  -39.512  -29.493  -21.606 0.5000000000
39604  -28.682  -29.588  -22.741 0.6999999881
40650  -31.976  -28.330  -19.141 0.6999999881
120450  -40.395  -29.648  -23.451 0.5000000000
114924  -41.110  -27.832  -23.524 0.4000000060
38492  -29.058  -30.738  -23.296 0.6999999881
123090  -31.379  -28.842  -19.219 0.6999999881
122276  -40.286  -29.628  -22.036 0.5000000000
41745  -41.012  -28.911  -22.067 0.5000000000
41764  -41.005  -29.075  -23.373 0.4000000060
107393  -41.572  -27.614  -23.693 0.4000000060
39615  -29.156  -30.115  -23.276 0.6999999881
39593  -29.826  -29.908  -20.439 0.6999999881
43762  -42.193  -27.199  -24.216 0.4000000060
44777  -42.435  -27.075  -24.006 0.4000000060
40689  -29.028  -29.302  -23.224 0.6999999881
40673  -29.809  -27.994  -21.385 0.6999999881
44763  -42.238  -26.510  -23.118 0.4000000060
45662  -43.027  -26.420  -23.958 0.4000000060
40672  -29.279  -28.583  -22.611 0.6999999881
39605  -29.313  -29.436  -22.711 0.6999999881
45649  -42.595  -25.386  -22.777 0.4000000060
46553  -43.114  -24.580  -23.199 0.4000000060
46570  -43.608  -23.784  -24.036 0.4000000060
48529  -44.440  -21.069  -22.595 0.5000000000
47584  -43.724  -22.227  -23.659 0.5000000000
42681  -35.369  -26.460  -18.209 0.5000000000
41705  -35.139  -26.801  -17.434 0.5000000000
41704  -34.586  -26.974  -18.129 0.5000000000
126317  -35.646  -26.300  -18.868 0.5000000000
42703  -35.979  -26.173  -18.383 0.5000000000
42724  -36.909  -26.299  -19.271 0.5000000000
41719  -34.076  -27.153  -18.824 0.5000000000
42704  -36.688  -26.103  -18.254 0.5000000000
40671  -28.393  -28.721  -22.134 0.6999999881
124444  -33.465  -27.572  -18.756 0.5000000000
42741  -37.513  -28.096  -20.861 0.6000000238
41743  -38.480  -29.222  -21.466 0.5000000000
41728  -32.764  -27.724  -19.169 0.6000000238
42761  -40.083  -27.983  -22.824 0.4000000060
41727  -32.007  -27.783  -19.636 0.8000000119
40679  -40.041  -30.219  -23.353 0.5000000000
40680  -40.318  -29.867  -23.506 0.5000000000
123091  -41.508  -27.513  -23.872 0.4000000060
43781  -41.642  -27.337  -23.883 0.4000000060
44776  -41.593  -26.775  -24.145 0.4000000060
39614  -29.086  -29.941  -23.224 0.6999999881
42736  -32.142  -26.922  -20.770 0.6000000238
44792  -42.201  -26.506  -24.504 0.4000000060
40656  -30.222  -28.450  -20.472 0.6999999881
41759  -31.173  -26.976  -20.998 0.6000000238
42754  -32.663  -26.391  -21.485 0.6000000238
44793  -42.939  -26.734  -24.270 0.4000000060
41757  -29.429  -27.722  -22.351 0.6999999881
41758  -30.221  -27.245  -21.593 0.6999999881
42752  -30.783  -26.533  -21.891 0.6000000238
42753  -31.784  -26.434  -21.519 0.6000000238
45673  -43.305  -25.673  -24.034 0.4000000060
41773  -29.025  -28.170  -22.815 0.6999999881
42776  -31.551  -25.921  -22.318 0.6000000238
42777  -32.319  -25.963  -22.059 0.6000000238
43776  -31.444  -25.435  -23.191 0.6000000238
43777  -32.511  -25.418  -23.065 0.6000000238
47585  -44.168  -21.338  -23.527 0.5000000000
48548  -44.889  -20.656  -23.450 0.5000000000
42740  -36.500  -26.827  -20.330 0.6000000238
41753  -25.791  -27.494  -21.867 0.5000000000
42702  -34.901  -26.567  -19.011 0.5000000000
42723  -35.631  -26.426  -19.702 0.6000000238
40670  -27.274  -28.446  -21.468 0.6000000238
41755  -27.952  -27.832  -21.717 0.6000000238
42722  -34.249  -26.835  -19.622 0.6000000238
107173  -34.888  -26.552  -19.927 0.6000000238
41742  -37.512  -29.582  -22.109 0.5000000000
40658  -38.292  -30.202  -22.668 0.5000000000
41772  -27.341  -26.968  -21.903 0.6000000238
42773  -28.021  -26.491  -22.276 0.6000000238
41729  -33.550  -27.255  -19.382 0.6000000238
42721  -33.702  -26.952  -20.180 0.6000000238
40692  -37.913  -30.181  -22.797 0.5000000000
42760  -39.004  -27.644  -22.273 0.5000000000
43760  -40.780  -26.703  -23.056 0.4000000060
41756  -28.883  -28.206  -22.754 0.6999999881
117681  -28.397  -27.293  -22.194 0.6000000238
41739  -33.114  -27.233  -19.872 0.6999999881
109866  -33.904  -26.795  -21.153 0.6000000238
40678  -39.309  -30.420  -23.019 0.5000000000
40693  -39.607  -30.210  -23.270 0.5000000000
41762  -39.826  -29.410  -23.362 0.5000000000
44761  -40.777  -26.041  -22.872 0.4000000060
44775  -41.464  -26.954  -24.054 0.4000000060
45661  -41.423  -25.627  -24.257 0.4000000060
41737  -31.615  -27.462  -20.246 0.6999999881
42755  -33.519  -26.375  -21.799 0.6999999881
104556  -36.510  -30.068  -23.334 0.5000000000
42783  -38.177  -29.423  -22.997 0.5000000000
42774  -29.299  -26.846  -22.639 0.6000000238
42778  -34.298  -26.190  -23.085 0.6999999881
43795  -42.884  -26.407  -24.626 0.4000000060
41774  -29.685  -26.915  -22.454 0.6000000238
43755  -33.130  -25.780  -22.408 0.6000000238
117053  -34.226  -25.368  -23.683 0.6000000238
43796  -43.210  -26.112  -24.832 0.4000000060
42775  -30.543  -26.050  -22.636 0.6000000238
43794  -33.771  -24.720  -24.625 0.6000000238
45674  -43.207  -24.791  -25.116 0.4000000060
43793  -33.191  -25.023  -24.320 0.6000000238
46578  -44.650  -22.932  -24.756 0.5000000000
46577  -44.542  -24.065  -24.857 0.4000000060
111613  -44.647  -21.100  -24.287 0.5000000000
109742  -46.196  -22.003  -25.582 0.5000000000
41741  -35.904  -28.118  -21.584 0.6000000238
42738  -34.369  -26.824  -20.546 0.6000000238
42739  -35.233  -27.046  -20.810 0.6000000238
41761  -36.504  -29.704  -22.659 0.5000000000
41771  -26.164  -26.895  -22.136 0.6000000238
42757  -34.582  -27.394  -21.815 0.6000000238
40676  -35.804  -29.789  -23.311 0.5000000000
43759  -39.686  -26.512  -22.029 0.4000000060
120561  -27.655  -25.738  -22.741 0.6000000238
43773  -28.513  -25.521  -23.012 0.6000000238
42756  -34.402  -27.051  -22.395 0.6000000238
40700  -35.488  -29.302  -23.547 0.5000000000
42781  -35.725  -27.773  -23.517 0.5000000000
42758  -36.544  -26.815  -22.671 0.5000000000
42782  -36.657  -28.607  -23.265 0.5000000000
45648  -40.855  -25.546  -23.035 0.4000000060
42779  -34.883  -27.788  -23.380 0.5000000000
110363  -35.946  -28.649  -23.598 0.5000000000
119744  -36.875  -29.871  -23.361 0.5000000000
45672  -41.544  -24.924  -24.633 0.4000000060
43774  -29.522  -25.799  -23.025 0.6000000238
44774  -34.617  -25.098  -23.339 0.6000000238
44801  -42.255  -25.787  -24.882 0.4000000060
43775  -30.490  -25.586  -23.209 0.6000000238
43791  -31.398  -24.990  -24.157 0.6000000238
44773  -34.120  -24.714  -24.043 0.6000000238
44802  -42.887  -25.491  -25.040 0.4000000060
40688  -28.998  -29.074  -23.134 0.6999999881
44804  -43.778  -25.299  -25.120 0.4000000060
43792  -32.406  -25.013  -24.326 0.6000000238
44790  -33.296  -24.444  -25.314 0.6000000238
47594  -44.868  -22.020  -24.865 0.5000000000
45684  -45.086  -23.173  -25.164 0.4000000060
46586  -46.117  -23.836  -25.684 0.5000000000
46587  -46.884  -23.630  -26.132 0.4000000060
41740  -35.110  -28.238  -22.118 0.6000000238
40675  -35.120  -29.127  -22.981 0.5000000000
43757  -37.328  -25.819  -21.775 0.5000000000
44758  -37.912  -24.968  -21.301 0.5000000000
43758  -38.442  -26.097  -21.636 0.5000000000
44760  -39.819  -25.142  -21.693 0.4000000060
43789  -29.003  -24.936  -23.453 0.6000000238
41760  -34.779  -28.397  -22.968 0.6000000238
43756  -36.272  -25.402  -21.991 0.5000000000
42759  -37.726  -27.300  -22.325 0.5000000000
45647  -40.230  -24.535  -21.810 0.4000000060
114186  -40.522  -23.955  -22.098 0.4000000060
45660  -40.922  -24.840  -23.284 0.4000000060
118514  -28.774  -26.291  -22.703 0.6000000238
43780  -35.345  -26.480  -23.261 0.5000000000
43790  -30.310  -25.011  -23.710 0.6000000238
44788  -31.402  -24.478  -24.875 0.6000000238
45659  -34.406  -24.314  -22.766 0.6000000238
45688  -44.055  -24.071  -25.264 0.4000000060
44800  -33.002  -24.167  -25.816 0.6000000238
45658  -33.869  -24.044  -23.585 0.6000000238
45689  -44.763  -23.825  -25.145 0.4000000060
125195  -33.820  -24.389  -24.661 0.6000000238
45683  -44.881  -23.655  -25.170 0.4000000060
45690  -45.407  -23.994  -25.500 0.4000000060
46591  -45.820  -24.482  -26.133 0.3000000119
46585  -45.447  -23.086  -25.342 0.5000000000
45691  -45.754  -24.458  -25.792 0.4000000060
107087  -47.692  -24.166  -26.729 0.3000000119
44759  -38.895  -25.070  -21.347 0.5000000000
45630  -39.521  -23.836  -21.136 0.5000000000
46537  -40.009  -23.322  -21.280 0.5000000000
108177  -37.084  -24.872  -21.460 0.5000000000
44740  -36.552  -24.285  -21.286 0.6000000238
46552  -40.719  -23.236  -22.665 0.5000000000
44787  -29.885  -24.291  -24.194 0.6000000238
44799  -30.998  -23.570  -25.284 0.6000000238
108659  -35.710  -24.412  -21.641 0.6000000238
46569  -41.063  -23.983  -23.702 0.4000000060
120347  -32.426  -24.054  -25.709 0.6000000238
45644  -35.001  -24.426  -22.102 0.6999999881
46582  -41.744  -23.272  -25.169 0.3000000119
45680  -32.794  -23.937  -25.804 0.6000000238
119987  -34.642  -23.659  -21.568 0.6000000238
46583  -42.719  -22.990  -25.279 0.3000000119
125635  -33.275  -24.095  -25.567 0.6000000238
45643  -33.850  -23.513  -21.938 0.6000000238
45692  -44.453  -23.411  -25.364 0.4000000060
45671  -33.721  -24.006  -24.853 0.6000000238
46551  -33.078  -23.211  -22.390 0.6000000238
45693  -45.131  -23.677  -25.303 0.3000000119
45694  -45.600  -24.371  -25.813 0.3000000119
47609  -45.750  -22.851  -26.565 0.3000000119
46595  -46.794  -23.975  -26.745 0.3000000119
47613  -47.726  -23.486  -27.494 0.3000000119
44741  -37.423  -24.218  -21.019 0.6000000238
44742  -38.312  -24.202  -20.934 0.5000000000
46518  -39.301  -22.816  -20.647 0.5000000000
45627  -36.891  -23.590  -20.677 0.6000000238
47567  -40.598  -22.061  -22.353 0.4000000060
126592  -41.133  -23.367  -24.272 0.4000000060
46576  -41.371  -23.438  -24.805 0.3000000119
45679  -31.927  -23.368  -25.642 0.6000000238
46575  -32.040  -23.336  -25.614 0.6000000238
46566  -31.777  -22.903  -25.099 0.6000000238
45669  -32.748  -23.637  -25.586 0.6000000238
46584  -43.687  -22.738  -25.402 0.3000000119
45670  -33.204  -23.648  -24.840 0.6000000238
46550  -32.326  -22.997  -23.045 0.6000000238
46589  -44.438  -22.869  -25.558 0.3000000119
48597  -46.808  -22.073  -27.575 0.3000000119
46516  -37.224  -22.825  -20.229 0.6000000238
115256  -38.029  -22.954  -20.312 0.6000000238
45629  -38.679  -23.462  -20.636 0.5000000000
46519  -39.900  -22.348  -21.001 0.4000000060
110128  -36.469  -22.998  -20.403 0.6000000238
46568  -40.836  -22.363  -23.542 0.4000000060
45626  -35.741  -22.570  -20.280 0.6000000238
104781  -41.030  -22.402  -24.584 0.3000000119
46574  -31.268  -22.261  -25.820 0.6000000238
46514  -34.769  -22.308  -20.397 0.6000000238
109658  -41.216  -22.302  -25.109 0.3000000119
46535  -34.235  -22.883  -21.012 0.6000000238
124247  -41.650  -21.652  -25.683 0.3000000119
46533  -32.645  -22.253  -21.912 0.6000000238
47602  -42.546  -21.880  -25.533 0.3000000119
46549  -31.598  -22.378  -23.517 0.6000000238
48590  -43.848  -20.871  -26.119 0.3000000119
48596  -45.745  -20.997  -27.222 0.3000000119
46501  -37.887  -22.236  -19.926 0.6000000238
113817  -39.413  -22.007  -20.515 0.5000000000
47531  -39.862  -21.470  -20.807 0.4000000060
47548  -40.306  -21.756  -21.506 0.4000000060
46500  -36.945  -22.045  -19.704 0.6000000238
122666  -40.575  -21.283  -22.051 0.4000000060
114605  -40.713  -21.331  -22.835 0.4000000060
47528  -36.125  -21.866  -19.714 0.6000000238
47568  -40.848  -21.323  -23.612 0.4000000060
47592  -40.937  -21.565  -24.996 0.3000000119
46565  -31.422  -22.364  -26.046 0.6000000238
48561  -40.893  -20.814  -25.387 0.3000000119
47581  -30.629  -21.269  -25.153 0.6000000238
47582  -30.959  -21.846  -24.262 0.6000000238
47547  -33.900  -21.971  -20.672 0.6000000238
48578  -41.580  -21.169  -26.061 0.3000000119
47546  -33.219  -21.587  -21.236 0.6000000238
47566  -32.045  -21.822  -22.493 0.6000000238
47545  -32.599  -21.223  -21.798 0.6000000238
47512  -37.442  -21.408  -19.583 0.6000000238
47530  -39.184  -21.262  -20.140 0.4000000060
48498  -39.845  -20.622  -20.525 0.4000000060
48513  -40.352  -20.793  -21.367 0.4000000060
48547  -40.943  -20.831  -24.240 0.4000000060
47527  -35.295  -21.717  -19.886 0.5000000000
111719  -35.015  -21.047  -19.804 0.5000000000
49478  -40.826  -20.216  -25.868 0.3000000119
47525  -33.766  -21.069  -20.636 0.5000000000
48546  -30.876  -20.904  -23.988 0.6000000238
47565  -31.427  -21.349  -23.185 0.6000000238
48512  -33.216  -20.552  -21.344 0.6000000238
48525  -31.670  -20.275  -23.170 0.6000000238
48526  -32.153  -20.761  -22.438 0.6000000238
48511  -32.672  -20.409  -21.931 0.6000000238
49434  -32.496  -19.741  -22.559 0.5000000000
48481  -37.980  -20.147  -19.409 0.4000000060
48482  -38.710  -19.899  -19.574 0.3000000119
48497  -39.274  -20.345  -19.932 0.4000000060
49436  -40.728  -19.927  -21.601 0.4000000060
48480  -36.355  -20.505  -19.472 0.5000000000
113550  -37.168  -20.506  -19.428 0.4000000060
49421  -41.017  -19.259  -21.718 0.3000000119
49437  -41.093  -19.769  -22.470 0.3000000119
48528  -40.916  -20.604  -23.158 0.3000000119
48496  -35.185  -20.492  -19.781 0.5000000000
50399  -41.428  -19.207  -22.935 0.3000000119
49453  -41.154  -19.933  -23.533 0.3000000119
48495  -34.451  -20.517  -20.259 0.5000000000
49466  -41.051  -20.098  -24.653 0.3000000119
48494  -33.798  -20.275  -20.791 0.5000000000
49489  -40.648  -20.030  -26.857 0.3000000119
49417  -33.009  -19.867  -21.856 0.5000000000
49392  -38.193  -19.371  -19.443 0.3000000119
49393  -38.913  -19.168  -19.588 0.3000000119
49405  -39.577  -19.084  -19.895 0.3000000119
49406  -40.173  -19.119  -20.420 0.3000000119
124777  -36.958  -18.982  -19.503 0.3000000119
49391  -37.424  -19.596  -19.410 0.4000000060
49420  -40.680  -19.191  -21.066 0.3000000119
50386  -41.365  -18.839  -22.162 0.3000000119
50353  -36.176  -19.135  -19.676 0.3000000119
49403  -34.276  -19.671  -20.729 0.4000000060
50414  -41.512  -19.222  -23.791 0.3000000119
50425  -41.402  -19.362  -24.941 0.3000000119
50438  -40.943  -19.607  -26.290 0.3000000119
49418  -33.644  -19.574  -21.467 0.5000000000
50446  -40.671  -19.556  -27.224 0.3000000119
49435  -33.229  -19.151  -22.333 0.4000000060
50355  -38.460  -18.622  -19.523 0.3000000119
50356  -39.180  -18.427  -19.657 0.3000000119
50370  -39.893  -18.346  -20.055 0.3000000119
124473  -37.379  -18.419  -19.635 0.3000000119
116270  -37.725  -18.842  -19.475 0.3000000119
50371  -40.578  -18.392  -20.651 0.3000000119
50385  -41.100  -18.555  -21.350 0.3000000119
50368  -36.702  -18.324  -19.941 0.3000000119
51362  -41.803  -18.320  -22.834 0.3000000119
50383  -35.454  -18.190  -21.438 0.3000000119
50367  -35.796  -18.627  -20.311 0.3000000119
50415  -41.934  -18.390  -23.975 0.3000000119
50426  -41.863  -18.525  -25.053 0.3000000119
50382  -34.687  -18.405  -21.885 0.3000000119
49419  -34.262  -19.057  -21.363 0.4000000060
51372  -42.405  -17.605  -25.031 0.3000000119
50439  -41.640  -18.554  -26.062 0.3000000119
50381  -33.926  -18.687  -22.149 0.4000000060
50447  -41.414  -18.454  -26.791 0.3000000119
50396  -33.551  -18.339  -23.109 0.4000000060
51387  -40.539  -18.926  -27.737 0.3000000119
50452  -40.464  -19.343  -27.902 0.3000000119
51306  -38.264  -17.574  -19.838 0.3000000119
50354  -38.029  -18.163  -19.564 0.3000000119
51307  -38.730  -17.917  -19.627 0.3000000119
51327  -40.239  -17.509  -20.401 0.3000000119
51342  -41.065  -17.695  -20.965 0.3000000119
50369  -37.536  -17.838  -19.881 0.3000000119
105715  -41.467  -17.088  -21.401 0.3000000119
108341  -41.953  -17.283  -22.218 0.3000000119
50384  -36.271  -17.909  -20.981 0.3000000119
51352  -42.341  -17.336  -23.252 0.3000000119
52232  -42.999  -16.614  -25.073 0.3000000119
51381  -42.312  -17.590  -26.004 0.3000000119
51388  -41.779  -17.754  -26.991 0.3000000119
52250  -41.225  -17.138  -28.441 0.3000000119
51393  -40.127  -18.803  -28.647 0.3000000119
51416  -39.836  -17.659  -30.233 0.3000000119
51325  -38.906  -17.245  -20.002 0.3000000119
111479  -39.589  -17.109  -20.243 0.3000000119
52194  -40.834  -16.830  -20.821 0.3000000119
124682  -38.393  -17.185  -20.137 0.3000000119
52195  -41.258  -16.383  -21.214 0.3000000119
52213  -41.782  -16.458  -21.761 0.3000000119
51341  -36.700  -17.200  -21.616 0.3000000119
119442  -37.417  -16.880  -21.028 0.3000000119
52214  -42.307  -16.504  -22.500 0.3000000119
106090  -42.719  -16.907  -24.103 0.3000000119
51340  -35.950  -17.500  -22.150 0.3000000119
52223  -42.757  -16.334  -23.298 0.3000000119
109774  -43.166  -16.035  -24.098 0.3000000119
50398  -35.240  -17.708  -22.615 0.4000000060
50397  -34.421  -17.840  -23.139 0.4000000060
52241  -42.671  -16.736  -26.245 0.3000000119
50413  -34.536  -17.230  -24.273 0.4000000060
52249  -40.064  -18.076  -29.129 0.3000000119
51359  -34.026  -17.002  -24.760 0.4000000060
52260  -39.797  -17.716  -30.075 0.3000000119
52268  -39.790  -17.277  -30.778 0.3000000119
52175  -39.299  -16.509  -20.460 0.3000000119
115119  -40.683  -15.985  -20.892 0.3000000119
52174  -38.459  -16.710  -20.483 0.3000000119
53049  -41.407  -15.664  -21.498 0.3000000119
52193  -37.962  -16.294  -21.249 0.3000000119
117010  -42.549  -15.700  -22.660 0.3000000119
51351  -36.417  -16.805  -22.995 0.3000000119
52233  -43.297  -15.695  -24.807 0.3000000119
116210  -43.241  -15.830  -25.650 0.3000000119
53093  -42.868  -15.967  -26.704 0.3000000119
53099  -42.272  -16.133  -27.863 0.3000000119
110362  -41.209  -16.308  -29.176 0.3000000119
51371  -33.967  -16.796  -24.669 0.3000000119
52261  -40.272  -17.306  -29.528 0.3000000119
53115  -40.023  -15.955  -31.437 0.3000000119
53122  -40.116  -15.833  -31.838 0.3000000119
53036  -38.861  -15.912  -20.875 0.3000000119
53037  -39.829  -15.680  -20.802 0.3000000119
53048  -40.547  -15.116  -21.254 0.3000000119
53068  -42.009  -15.046  -22.151 0.3000000119
125362  -42.075  -15.874  -22.029 0.3000000119
53045  -37.679  -15.946  -22.347 0.3000000119
53046  -38.378  -15.585  -21.801 0.3000000119
53082  -42.690  -14.901  -22.881 0.3000000119
53086  -43.013  -15.493  -23.410 0.3000000119
53963  -43.235  -14.246  -23.955 0.3000000119
53087  -43.295  -15.073  -24.229 0.3000000119
53090  -43.397  -15.007  -25.194 0.3000000119
110344  -43.352  -15.097  -26.176 0.3000000119
53987  -42.219  -15.318  -28.587 0.3000000119
53997  -42.142  -14.517  -29.287 0.3000000119
53109  -39.874  -16.752  -30.592 0.3000000119
53116  -40.800  -15.415  -30.416 0.3000000119
54005  -40.477  -15.048  -31.692 0.3000000119
53123  -40.692  -15.167  -32.072 0.3000000119
53047  -39.282  -15.149  -21.400 0.3000000119
117507  -41.281  -14.838  -21.665 0.3000000119
54859  -39.676  -13.965  -22.184 0.3000000119
53928  -39.947  -14.467  -21.527 0.3000000119
53946  -41.524  -14.244  -22.069 0.3000000119
53947  -42.236  -14.212  -22.612 0.3000000119
53067  -37.892  -15.380  -23.225 0.3000000119
53966  -43.401  -14.219  -24.763 0.3000000119
52222  -36.584  -15.923  -24.077 0.3000000119
53978  -43.359  -14.391  -26.769 0.3000000119
53100  -42.901  -15.222  -27.269 0.3000000119
53988  -42.895  -14.503  -27.898 0.3000000119
54931  -42.022  -13.750  -29.816 0.3000000119
54006  -40.788  -14.213  -31.334 0.3000000119
53945  -39.061  -14.038  -23.362 0.3000000119
53081  -37.890  -14.880  -23.972 0.3000000119
53944  -38.476  -14.704  -23.292 0.3000000119
126463  -38.626  -15.031  -22.313 0.3000000119
53080  -37.169  -15.329  -23.968 0.3000000119
40691  -35.865  -29.797  -23.489 0.5000000000
43779  -34.805  -26.536  -23.337 0.6999999881
119320  -34.725  -25.817  -23.397 0.6000000238
107098  -28.951  -27.365  -22.661 0.6000000238
12602  -37.570  -62.505  -11.314 0.3000000119
13332  -36.708  -62.181  -11.371 0.3000000119
115474  -36.644  -62.131  -12.246 0.3000000119
13350  -36.193  -61.873  -12.790 0.3000000119
13361  -36.542  -61.967  -13.561 0.4000000060
14076  -34.398  -60.408  -14.628 0.4000000060
14075  -33.807  -60.003  -14.226 0.4000000060
115160  -33.907  -59.104  -14.735 0.4000000060
15571  -33.434  -58.707  -14.326 0.4000000060
15582  -33.332  -57.811  -14.726 0.4000000060
16328  -32.732  -57.044  -14.221 0.4000000060
17015  -31.912  -56.340  -13.269 0.4000000060
19727  -31.350  -52.561  -13.673 0.4000000060
110419  -35.663  -53.307  -9.596 0.3000000119
19697  -36.292  -52.548  -10.938 0.3000000119
20562  -36.447  -51.924  -11.479 0.3000000119
20604  -31.469  -51.277  -14.303 0.5000000000
22373  -37.421  -50.390  -12.898 0.3000000119
21534  -31.714  -50.817  -15.145 0.5000000000
28165  -39.818  -41.974  -15.355 0.3000000119
29016  -39.653  -41.382  -14.732 0.3000000119
29920  -39.489  -40.568  -15.788 0.3000000119
24153  -32.624  -47.228  -15.747 0.6000000238
30757  -39.490  -40.152  -15.018 0.4000000060
31598  -39.487  -38.682  -15.852 0.4000000060
32435  -39.876  -37.176  -16.904 0.4000000060
33320  -40.071  -36.241  -16.521 0.4000000060
34239  -40.593  -35.737  -17.140 0.4000000060
35077  -42.482  -34.392  -17.359 0.4000000060
30784  -27.936  -39.905  -16.456 0.4000000060
30798  -28.424  -39.435  -17.076 0.5000000000
111677  -29.226  -39.844  -17.395 0.5000000000
26654  -34.074  -44.573  -17.712 0.6999999881
36733  -44.074  -32.390  -17.639 0.4000000060
106318  -33.519  -43.009  -18.369 0.6999999881
37564  -44.569  -31.671  -17.887 0.4000000060
31641  -28.528  -38.413  -19.131 0.5000000000
31642  -29.056  -38.737  -19.500 0.5000000000
32480  -29.538  -37.836  -20.454 0.6000000238
32473  -28.920  -38.128  -19.755 0.6000000238
124676  -29.882  -37.329  -20.811 0.8000000119
29941  -32.262  -40.977  -17.565 0.8000000119
29051  -32.525  -41.586  -17.031 0.6999999881
29947  -32.378  -40.580  -18.650 0.8000000119
124143  -45.047  -30.328  -17.945 0.4000000060
29946  -31.920  -40.237  -17.459 0.8000000119
31634  -32.020  -38.778  -19.144 0.8000000119
30805  -32.538  -39.653  -19.648 0.8000000119
116959  -44.799  -29.823  -17.462 0.4000000060
120374  -31.125  -35.196  -21.792 0.6999999881
30811  -33.014  -38.396  -20.487 0.8000000119
35117  -30.970  -34.554  -21.536 0.6999999881
34284  -32.015  -35.732  -21.686 0.6999999881
32474  -33.208  -37.445  -20.659 0.8000000119
34276  -32.342  -35.571  -21.122 0.6999999881
34277  -32.880  -35.934  -20.754 0.6000000238
41707  -44.968  -27.329  -17.700 0.3000000119
43705  -41.733  -25.370  -17.499 0.4000000060
42688  -43.706  -26.049  -17.076 0.4000000060
42672  -44.262  -26.733  -17.217 0.4000000060
110631  -45.390  -26.661  -18.335 0.3000000119
44697  -42.114  -24.761  -18.024 0.4000000060
44698  -42.845  -24.517  -17.971 0.4000000060
43707  -43.146  -25.565  -17.065 0.4000000060
43694  -43.125  -26.262  -16.607 0.4000000060
44710  -41.777  -24.609  -18.860 0.4000000060
45597  -43.344  -23.474  -19.031 0.4000000060
45612  -43.160  -23.175  -19.601 0.5000000000
43737  -41.337  -25.383  -19.406 0.5000000000
46502  -42.954  -22.945  -20.454 0.5000000000
46521  -44.331  -22.162  -20.473 0.5000000000
46522  -44.998  -22.207  -20.433 0.4000000060
42743  -41.341  -27.689  -21.527 0.5000000000
44744  -41.897  -25.817  -21.515 0.4000000060
47550  -45.159  -20.907  -22.258 0.5000000000
123637  -44.977  -20.685  -22.786 0.5000000000
48549  -45.696  -20.456  -23.678 0.5000000000
49479  -46.876  -20.155  -24.908 0.5000000000
40668  -24.820  -27.796  -21.897 0.5000000000
48580  -46.599  -20.686  -25.517 0.5000000000
47611  -47.829  -23.199  -26.608 0.4000000060
43771  -25.437  -25.680  -23.407 0.6000000238
43772  -26.215  -25.348  -23.468 0.6000000238
42772  -26.625  -26.160  -22.579 0.6000000238
46597  -48.826  -23.379  -27.560 0.3000000119
43788  -27.328  -24.864  -23.552 0.6000000238
44786  -28.136  -24.122  -24.007 0.6000000238
46596  -48.429  -23.749  -27.321 0.3000000119
122074  -48.634  -22.753  -28.223 0.3000000119
44798  -29.079  -23.513  -24.606 0.6000000238
47591  -30.619  -21.641  -26.680 0.6000000238
48560  -30.434  -20.729  -26.849 0.6000000238
48545  -30.458  -20.275  -24.858 0.6000000238
49451  -31.064  -19.846  -24.023 0.5000000000
49452  -31.938  -19.234  -23.525 0.5000000000
113117  -33.137  -18.003  -23.949 0.4000000060
116172  -43.107  -13.151  -28.301 0.3000000119
54932  -42.808  -13.908  -28.467 0.3000000119
54941  -41.205  -13.758  -30.866 0.3000000119
55908  -41.070  -13.688  -31.276 0.3000000119
54011  -41.035  -14.919  -32.042 0.3000000119
53960  -37.699  -14.589  -24.078 0.3000000119
53959  -36.940  -14.932  -24.006 0.3000000119
35955  -42.824  -33.594  -17.078 0.4000000060
47551  -45.457  -21.404  -21.546 0.5000000000
14008  -34.503  -60.692  -9.215 0.3000000119
14025  -34.298  -60.776  -10.090 0.3000000119
14833  -32.785  -59.853  -12.542 0.4000000060
15523  -32.330  -58.643  -9.685 0.3000000119
14809  -33.074  -59.755  -10.114 0.3000000119
19718  -31.081  -52.762  -12.891 0.4000000060
16951  -35.213  -56.991  -7.788 0.3000000119
16982  -30.874  -56.375  -10.741 0.4000000060
18269  -32.441  -54.212  -7.946 0.3000000119
122993  -31.460  -49.885  -13.886 0.4000000060
22360  -37.307  -49.579  -12.530 0.3000000119
21453  -35.845  -49.941  -10.578 0.3000000119
24968  -38.038  -45.946  -11.815 0.3000000119
112154  -39.476  -44.356  -12.559 0.3000000119
23204  -34.834  -48.406  -9.669 0.3000000119
24088  -33.856  -47.422  -9.412 0.3000000119
24105  -35.507  -47.241  -10.324 0.3000000119
106740  -36.169  -46.052  -10.627 0.3000000119
28151  -40.135  -42.760  -15.104 0.3000000119
25744  -33.859  -45.932  -9.625 0.3000000119
25763  -35.430  -45.419  -10.170 0.3000000119
26596  -32.376  -44.089  -13.381 0.6000000238
121108  -39.543  -40.806  -15.073 0.4000000060
25810  -32.531  -44.975  -14.679 0.6000000238
25818  -33.471  -44.987  -16.303 0.6999999881
26545  -33.394  -44.545  -10.304 0.3000000119
33319  -39.706  -37.071  -15.976 0.4000000060
26641  -33.709  -44.384  -16.839 0.6999999881
28099  -35.416  -42.296  -10.417 0.4000000060
28972  -33.722  -41.725  -11.256 0.4000000060
28985  -33.073  -41.126  -12.526 0.6000000238
120771  -32.634  -41.809  -15.328 0.6999999881
30738  -32.782  -39.628  -12.669 0.6000000238
35053  -40.831  -33.797  -15.920 0.4000000060
28187  -33.134  -42.919  -16.264 0.6999999881
35937  -42.353  -33.032  -16.464 0.4000000060
36718  -43.540  -32.340  -17.014 0.4000000060
31620  -27.108  -38.749  -17.592 0.3000000119
107077  -32.584  -41.762  -16.241 0.6999999881
27405  -33.748  -43.771  -17.519 0.6999999881
31570  -32.423  -38.351  -13.329 0.6000000238
35026  -38.892  -35.052  -12.100 0.5000000000
31579  -31.619  -38.055  -14.811 0.6999999881
29934  -32.145  -40.807  -16.657 0.8000000119
32446  -31.813  -36.916  -17.443 0.6999999881
36700  -41.298  -31.675  -15.016 0.4000000060
34181  -33.524  -35.705  -13.254 0.6999999881
32461  -32.314  -37.827  -19.406 0.6999999881
33359  -32.942  -36.217  -20.331 0.6999999881
35108  -32.597  -34.925  -19.221 0.6000000238
40633  -45.393  -28.197  -18.033 0.4000000060
40632  -44.760  -28.261  -17.298 0.3000000119
35917  -34.035  -33.190  -14.529 0.6000000238
35042  -33.881  -33.961  -14.074 0.6000000238
35075  -33.147  -33.949  -17.110 0.6000000238
119899  -31.646  -35.283  -21.529 0.6999999881
36751  -30.850  -32.623  -19.026 0.6999999881
120631  -32.103  -34.721  -19.745 0.6999999881
35981  -32.070  -34.150  -18.950 0.6999999881
35900  -34.911  -33.680  -12.689 0.4000000060
123477  -39.904  -29.877  -13.537 0.3000000119
39519  -40.933  -29.199  -14.155 0.3000000119
40580  -42.058  -28.682  -14.900 0.3000000119
41692  -43.694  -27.569  -16.449 0.3000000119
37478  -35.700  -31.479  -12.583 0.5000000000
40548  -38.152  -28.884  -12.867 0.4000000060
39498  -38.957  -28.941  -13.091 0.4000000060
42687  -40.559  -26.161  -17.010 0.4000000060
42654  -40.991  -26.645  -15.693 0.4000000060
40578  -40.138  -27.282  -14.636 0.4000000060
119432  -40.479  -27.931  -14.319 0.4000000060
41679  -41.425  -27.253  -15.242 0.4000000060
41663  -40.972  -27.628  -14.725 0.4000000060
39497  -36.564  -28.979  -13.025 0.5000000000
37595  -28.576  -31.725  -22.294 0.6999999881
113232  -37.304  -26.450  -15.709 0.5000000000
38472  -29.534  -30.490  -21.786 0.8000000119
37583  -26.697  -31.225  -20.625 0.5000000000
38456  -31.782  -29.869  -18.371 0.6999999881
39592  -29.578  -29.615  -21.539 0.6999999881
46554  -43.346  -22.806  -22.909 0.5000000000
104711  -25.501  -29.535  -21.221 0.5000000000
41689  -35.094  -27.255  -16.728 0.5000000000
41731  -40.141  -28.684  -20.857 0.5000000000
40640  -31.895  -29.065  -18.656 0.6999999881
43746  -41.746  -26.977  -22.169 0.4000000060
44762  -42.037  -26.711  -22.870 0.4000000060
42744  -41.637  -28.010  -22.966 0.4000000060
40649  -31.153  -28.190  -19.775 0.8000000119
40669  -26.075  -28.207  -21.571 0.5000000000
40661  -40.574  -29.960  -23.038 0.5000000000
40657  -30.631  -27.640  -20.602 0.6000000238
47593  -44.193  -21.888  -24.246 0.5000000000
41754  -26.790  -27.632  -21.647 0.5000000000
104534  -46.038  -20.599  -25.073 0.5000000000
42771  -25.205  -26.274  -23.025 0.5000000000
113597  -36.810  -28.484  -21.477 0.6000000238
42737  -33.076  -26.858  -20.703 0.6999999881
118303  -29.848  -26.255  -22.790 0.6000000238
43778  -33.685  -25.274  -23.743 0.6000000238
41775  -35.027  -28.781  -23.471 0.5000000000
42780  -35.157  -27.704  -23.569 0.5000000000
45681  -41.776  -24.557  -25.001 0.4000000060
44757  -35.318  -25.296  -22.709 0.6999999881
45687  -42.722  -24.377  -25.128 0.4000000060
44789  -32.465  -24.507  -25.346 0.6000000238
46592  -46.580  -24.092  -26.332 0.3000000119
44743  -39.064  -24.257  -21.067 0.5000000000
46538  -40.400  -22.739  -21.693 0.4000000060
45645  -35.280  -23.784  -21.351 0.6000000238
111276  -41.688  -22.207  -25.437 0.3000000119
46536  -35.066  -23.154  -20.795 0.6000000238
45657  -33.248  -23.654  -23.709 0.6000000238
46534  -33.429  -22.571  -21.426 0.6000000238
46590  -45.288  -23.922  -26.073 0.3000000119
48598  -47.773  -22.016  -28.298 0.3000000119
45646  -35.938  -23.547  -20.859 0.6000000238
47607  -43.666  -21.795  -25.632 0.3000000119
47608  -44.639  -22.378  -26.065 0.3000000119
46517  -38.540  -22.703  -20.323 0.6000000238
47601  -41.115  -21.428  -25.594 0.3000000119
118017  -42.904  -21.140  -25.781 0.3000000119
47513  -38.289  -21.446  -19.755 0.5000000000
47529  -38.781  -22.093  -20.169 0.5000000000
48527  -40.751  -20.606  -22.245 0.4000000060
47514  -38.558  -20.671  -19.666 0.4000000060
105407  -37.874  -20.844  -19.520 0.4000000060
47510  -35.734  -20.999  -19.572 0.5000000000
49390  -36.607  -19.769  -19.453 0.4000000060
49389  -35.752  -19.983  -19.607 0.4000000060
49404  -34.942  -19.785  -20.110 0.4000000060
51343  -41.568  -17.974  -21.762 0.3000000119
122158  -35.496  -19.286  -19.971 0.3000000119
50366  -34.913  -18.973  -20.729 0.3000000119
51406  -39.978  -18.199  -29.442 0.3000000119
51326  -39.427  -17.732  -19.886 0.3000000119
51323  -37.071  -17.556  -20.580 0.3000000119
115535  -42.312  -17.711  -24.230 0.3000000119
51394  -40.827  -18.041  -28.030 0.3000000119
51324  -37.859  -17.194  -20.332 0.3000000119
52245  -42.124  -16.927  -27.330 0.3000000119
51424  -39.869  -17.203  -31.117 0.3000000119
52192  -37.187  -16.518  -22.083 0.3000000119
125936  -39.914  -15.054  -21.136 0.3000000119
53962  -42.825  -14.205  -23.272 0.3000000119
52212  -37.054  -16.049  -23.455 0.3000000119
53969  -43.472  -14.247  -25.726 0.3000000119
53996  -40.989  -14.401  -30.764 0.3000000119
54010  -40.448  -14.749  -31.999 0.3000000119
53927  -39.176  -14.508  -22.231 0.3000000119
53929  -40.753  -14.308  -21.707 0.3000000119
54860  -40.273  -13.782  -21.990 0.3000000119
53079  -36.424  -15.715  -24.072 0.3000000119
114820  -36.173  -15.440  -23.958 0.3000000119
28200  -33.001  -42.273  -17.630 0.6999999881
123714  -32.608  -39.047  -19.957 0.8000000119
33366  -33.194  -36.555  -21.233 0.8000000119
113380  -43.857  -23.147  -19.348 0.4000000060
120075  -30.559  -19.436  -24.910 0.5000000000
44725  -41.674  -24.836  -19.930 0.4000000060
45611  -42.523  -23.567  -19.878 0.4000000060
47572  -49.663  -21.473  -22.490 0.3000000119
48533  -48.911  -20.586  -23.247 0.4000000060
48535  -50.379  -21.191  -22.788 0.3000000119
106952  -46.347  -21.664  -21.539 0.4000000060
48531  -46.631  -20.687  -22.767 0.4000000060
47570  -46.032  -21.063  -22.183 0.4000000060
119667  -51.158  -20.490  -23.687 0.3000000119
105578  -48.235  -20.301  -23.615 0.4000000060
48552  -49.522  -20.360  -23.641 0.3000000119
48550  -46.416  -20.406  -23.468 0.4000000060
48551  -47.371  -20.433  -23.331 0.4000000060
49481  -48.614  -19.824  -25.597 0.3000000119
49467  -47.542  -20.013  -24.495 0.4000000060
49482  -49.717  -19.801  -26.062 0.3000000119
49468  -49.161  -19.684  -25.197 0.3000000119
49480  -47.742  -19.922  -25.200 0.4000000060
49454  -47.011  -20.176  -24.042 0.4000000060
49494  -49.062  -20.325  -26.433 0.3000000119
48592  -48.501  -21.548  -26.724 0.3000000119
112419  -49.721  -21.896  -27.344 0.3000000119
125116  -47.578  -21.048  -26.350 0.3000000119
43787  -24.906  -25.035  -24.000 0.5000000000
44795  -25.704  -23.436  -24.770 0.5000000000
121279  -25.691  -24.638  -24.090 0.5000000000
44796  -25.962  -23.296  -25.085 0.5000000000
44797  -27.244  -23.427  -24.762 0.5000000000
48599  -50.590  -22.561  -27.961 0.3000000119
47612  -48.808  -23.198  -27.244 0.3000000119
46581  -30.023  -21.962  -26.539 0.5000000000
47604  -26.722  -21.160  -26.195 0.5000000000
47606  -28.185  -20.563  -27.001 0.5000000000
46588  -27.268  -21.288  -26.402 0.5000000000
47598  -29.518  -20.839  -28.018 0.4000000060
48574  -27.010  -20.271  -26.361 0.5000000000
47597  -26.594  -20.907  -25.958 0.5000000000
47599  -29.546  -21.194  -27.478 0.5000000000
48586  -27.478  -19.967  -26.893 0.4000000060
125460  -29.423  -20.667  -28.042 0.5000000000
48575  -27.302  -19.360  -26.695 0.4000000060
49475  -27.626  -18.479  -26.910 0.4000000060
49464  -29.778  -19.322  -25.967 0.5000000000
50445  -28.402  -18.719  -27.232 0.4000000060
50407  -28.759  -18.238  -25.356 0.4000000060
50434  -28.984  -17.912  -26.567 0.5000000000
50421  -28.395  -17.986  -26.574 0.4000000060
49477  -29.756  -17.889  -26.365 0.4000000060
51366  -29.945  -17.189  -26.253 0.5000000000
124687  -28.848  -17.675  -26.008 0.3000000119
50435  -29.988  -17.240  -26.265 0.4000000060
50410  -31.339  -18.781  -24.586 0.4000000060
50436  -30.724  -17.203  -26.043 0.3000000119
50409  -30.143  -17.514  -24.422 0.3000000119
51379  -30.619  -16.890  -26.021 0.3000000119
50424  -31.739  -17.380  -25.367 0.3000000119
51356  -30.562  -16.844  -25.130 0.3000000119
51368  -30.942  -16.678  -25.560 0.3000000119
50411  -32.368  -18.234  -24.293 0.3000000119
51380  -31.618  -16.848  -25.571 0.3000000119
51369  -32.325  -16.916  -25.207 0.3000000119
51358  -33.073  -17.218  -24.861 0.3000000119
52230  -32.228  -16.760  -25.101 0.3000000119
51370  -33.334  -16.907  -24.886 0.3000000119
116416  -25.562  -23.683  -24.454 0.5000000000
46556  -50.284  -22.667  -21.958 0.3000000119
47571  -47.042  -21.347  -22.153 0.4000000060
45655  -25.543  -23.496  -24.210 0.4000000060
45668  -25.690  -23.020  -24.909 0.5000000000
46563  -25.918  -22.241  -25.018 0.4000000060
48557  -26.845  -20.262  -25.938 0.5000000000
49463  -27.938  -18.570  -25.871 0.5000000000
43736  -41.243  -26.436  -20.304 0.4000000060
45610  -42.017  -24.404  -20.411 0.4000000060
45686  -30.926  -22.603  -26.101 0.5000000000
45596  -42.775  -23.644  -19.113 0.4000000060
110551  -41.571  -25.764  -20.544 0.3000000119
47534  -45.727  -22.059  -20.910 0.4000000060
48530  -45.612  -20.574  -22.911 0.4000000060
48581  -47.252  -20.422  -25.691 0.3000000119
44785  -26.153  -23.936  -24.579 0.5000000000
45678  -29.761  -22.793  -25.544 0.5000000000
47600  -30.516  -21.707  -26.853 0.5000000000
47573  -50.327  -21.858  -22.310 0.3000000119
121687  -49.068  -21.696  -22.244 0.4000000060
48534  -49.648  -20.847  -22.997 0.3000000119
48532  -48.173  -20.785  -22.853 0.4000000060
124495  -47.792  -21.254  -22.389 0.4000000060
114504  -48.430  -21.480  -22.305 0.4000000060
48566  -49.311  -19.906  -24.410 0.3000000119
48553  -50.366  -20.565  -23.469 0.3000000119
48565  -48.384  -19.899  -24.514 0.4000000060
49493  -48.023  -20.257  -26.055 0.3000000119
49495  -50.264  -20.841  -27.095 0.3000000119
43786  -24.526  -25.193  -23.627 0.5000000000
44784  -25.176  -24.214  -24.146 0.5000000000
45675  -25.818  -22.936  -25.173 0.5000000000
45676  -26.702  -22.769  -25.395 0.5000000000
45677  -28.248  -22.953  -25.065 0.5000000000
46572  -27.175  -22.003  -25.908 0.5000000000
46573  -28.451  -22.308  -25.760 0.5000000000
109919  -29.994  -21.335  -27.579 0.5000000000
45685  -26.254  -22.375  -25.467 0.5000000000
46571  -26.095  -22.287  -25.323 0.5000000000
48587  -28.775  -20.052  -27.568 0.4000000060
46580  -28.729  -21.438  -26.628 0.4000000060
49476  -29.008  -18.901  -27.042 0.5000000000
49465  -30.649  -18.083  -25.660 0.3000000119
50423  -29.960  -17.113  -25.705 0.3000000119
46541  -47.143  -22.034  -21.524 0.4000000060
30817  -30.854  -39.348  -21.167 0.6999999881
32482  -33.391  -37.272  -21.487 0.6999999881
110727  -33.213  -38.498  -21.714 0.6999999881
31660  -32.554  -38.421  -21.829 0.6999999881
31659  -31.259  -38.086  -21.484 0.6999999881
32491  -33.069  -36.784  -21.748 0.6999999881
117734  -32.297  -37.640  -21.842 0.6999999881
32489  -31.366  -37.245  -21.619 0.6999999881
32481  -30.364  -37.662  -21.072 0.6999999881
43708  -43.716  -25.357  -17.552 0.3000000119
44714  -44.706  -24.821  -18.465 0.3000000119
44713  -43.750  -24.537  -18.150 0.3000000119
44728  -45.219  -24.213  -19.120 0.3000000119
45613  -44.532  -23.511  -19.199 0.3000000119
44727  -44.389  -24.099  -18.685 0.3000000119
33374  -32.768  -36.167  -21.475 0.6999999881
33373  -32.344  -36.264  -21.785 0.6999999881
44699  -43.191  -24.992  -17.570 0.3000000119
45598  -43.822  -23.717  -18.768 0.3000000119
109874  -45.348  -23.372  -19.674 0.3000000119
45633  -46.871  -23.348  -20.626 0.3000000119
45634  -47.649  -23.346  -21.029 0.3000000119
34283  -31.635  -35.801  -21.774 0.6999999881
44712  -43.147  -23.922  -18.537 0.3000000119
45632  -46.335  -22.700  -20.679 0.3000000119
46523  -47.078  -22.696  -21.087 0.3000000119
45650  -47.815  -22.557  -21.479 0.3000000119
46504  -44.611  -22.738  -19.837 0.3000000119
46542  -48.677  -22.266  -21.825 0.3000000119
47552  -47.840  -21.814  -21.920 0.3000000119
44726  -42.136  -24.078  -19.396 0.3000000119
29953  -33.145  -40.510  -20.165 0.6999999881
29064  -33.111  -41.333  -19.399 0.6999999881
104889  -33.407  -39.828  -20.807 0.6999999881
29955  -30.582  -39.918  -20.922 0.6999999881
30812  -33.319  -39.209  -20.799 0.6999999881
30818  -33.441  -39.649  -21.347 0.6999999881
30821  -31.844  -39.168  -21.629 0.6999999881
30816  -29.973  -39.413  -20.546 0.6999999881
31652  -33.381  -38.681  -21.461 0.6999999881
31651  -30.281  -38.583  -20.892 0.6999999881
42709  -44.963  -25.767  -18.240 0.3000000119
43722  -45.580  -25.299  -18.935 0.3000000119
112333  -46.009  -23.995  -19.728 0.3000000119
45615  -46.607  -23.898  -20.213 0.3000000119
45651  -48.474  -23.218  -21.410 0.3000000119
114267  -44.302  -25.894  -17.590 0.3000000119
113635  -45.527  -22.705  -20.262 0.3000000119
45614  -46.128  -23.323  -20.193 0.3000000119
19752  -32.440  -52.628  -15.983 0.4000000060
20621  -32.532  -51.812  -16.325 0.4000000060
21535  -32.119  -51.147  -15.826 0.4000000060
19751  -31.922  -52.803  -15.105 0.4000000060
19766  -33.104  -52.675  -17.050 0.4000000060
24152  -32.209  -47.999  -15.309 0.5000000000
22397  -32.400  -49.538  -15.970 0.4000000060
116370  -32.207  -50.414  -15.869 0.4000000060
21542  -32.674  -51.010  -16.533 0.4000000060
20620  -31.816  -51.810  -15.299 0.4000000060
22409  -32.875  -50.196  -16.658 0.5000000000
21557  -33.334  -50.913  -17.223 0.4000000060
20633  -33.434  -51.881  -17.374 0.4000000060
23272  -32.582  -48.613  -16.044 0.5000000000
22422  -33.772  -50.314  -17.515 0.5000000000
21558  -34.345  -51.441  -18.183 0.5000000000
22410  -33.301  -49.265  -16.925 0.5000000000
22423  -34.427  -49.706  -18.099 0.5000000000
112163  -34.677  -50.638  -18.425 0.5000000000
20664  -35.067  -51.725  -19.857 0.5000000000
20663  -34.781  -51.788  -19.954 0.5000000000
23294  -34.222  -48.548  -17.798 0.6000000238
21568  -35.159  -51.391  -19.281 0.5000000000
23301  -35.285  -49.269  -19.178 0.5000000000
21569  -35.342  -51.030  -19.910 0.5000000000
22435  -34.520  -50.134  -20.246 0.6000000238
21573  -35.121  -51.066  -20.035 0.5000000000
23307  -33.806  -49.112  -20.169 0.5000000000
24165  -33.828  -47.547  -17.235 0.6000000238
24173  -34.402  -47.745  -18.056 0.6000000238
22432  -35.537  -49.905  -19.939 0.5000000000
107853  -35.363  -50.195  -20.123 0.6000000238
23308  -34.739  -48.601  -20.365 0.6000000238
112664  -33.698  -48.067  -20.301 0.5000000000
25021  -31.660  -46.951  -17.912 0.5000000000
24180  -31.966  -47.762  -18.573 0.5000000000
24181  -32.763  -47.527  -19.654 0.5000000000
25855  -32.377  -46.075  -19.539 0.5000000000
124973  -30.256  -42.897  -16.399 0.4000000060
24174  -35.140  -48.273  -19.016 0.6000000238
29058  -30.351  -41.660  -17.207 0.5000000000
124345  -34.770  -47.516  -18.738 0.6000000238
28185  -30.603  -42.540  -16.895 0.5000000000
25027  -34.731  -46.928  -19.119 0.6000000238
113717  -34.990  -47.024  -20.073 0.6000000238
27403  -31.161  -43.069  -17.558 0.5000000000
24185  -34.892  -47.288  -20.186 0.6000000238
25032  -34.186  -46.657  -20.646 0.6000000238
24184  -34.543  -47.533  -20.439 0.5000000000
116504  -31.607  -45.196  -17.844 0.5000000000
118637  -33.572  -47.183  -20.392 0.5000000000
25026  -32.800  -46.819  -19.841 0.5000000000
25031  -33.323  -46.394  -20.377 0.5000000000
116246  -29.825  -42.129  -16.329 0.4000000060
29057  -30.065  -41.057  -17.134 0.5000000000
28184  -29.576  -42.973  -16.174 0.4000000060
29940  -30.158  -40.994  -17.818 0.5000000000
25022  -34.306  -46.896  -17.886 0.6000000238
29063  -30.534  -41.648  -18.488 0.5000000000
123594  -34.377  -45.408  -18.432 0.6000000238
29067  -30.637  -41.592  -19.695 0.5000000000
25033  -34.630  -46.448  -20.387 0.6000000238
24188  -34.581  -46.775  -20.415 0.6000000238
25867  -34.408  -45.709  -20.629 0.6000000238
109810  -31.847  -45.290  -18.842 0.5000000000
25036  -33.913  -45.884  -20.741 0.6000000238
26662  -32.331  -45.338  -19.898 0.5000000000
26661  -31.941  -44.676  -19.625 0.5000000000
29050  -29.746  -41.224  -16.596 0.4000000060
29939  -29.705  -40.572  -17.158 0.5000000000
110638  -29.810  -40.240  -19.264 0.5000000000
29951  -30.024  -40.132  -20.240 0.5000000000
29952  -30.316  -40.856  -19.976 0.5000000000
27412  -34.089  -44.002  -18.892 0.6000000238
26663  -34.330  -44.901  -18.611 0.6000000238
28204  -31.056  -42.423  -19.385 0.5000000000
28205  -31.346  -43.031  -18.621 0.5000000000
26668  -34.412  -44.760  -20.029 0.6000000238
125854  -34.395  -44.596  -20.971 0.6000000238
27411  -31.636  -43.792  -19.343 0.5000000000
25865  -33.736  -45.236  -20.922 0.5000000000
27415  -32.160  -43.539  -20.729 0.5000000000
26666  -32.296  -44.188  -20.501 0.5000000000
29944  -29.753  -40.348  -18.193 0.5000000000
29956  -30.782  -40.544  -20.929 0.6000000238
29071  -31.080  -41.356  -20.913 0.5000000000
28206  -33.225  -42.121  -18.749 0.6000000238
26672  -34.416  -45.064  -20.793 0.6000000238
28209  -31.308  -42.113  -20.659 0.5000000000
105310  -31.503  -43.140  -19.736 0.5000000000
28211  -34.187  -42.700  -20.739 0.6000000238
28210  -31.771  -42.795  -20.756 0.5000000000
26671  -34.019  -44.619  -21.209 0.5000000000
27421  -32.961  -43.018  -21.575 0.5000000000
30786  -29.290  -40.236  -16.829 0.4000000060
30810  -29.437  -39.450  -19.613 0.4000000060
29049  -28.967  -41.448  -16.097 0.4000000060
113708  -31.797  -39.948  -21.584 0.6000000238
29957  -31.688  -40.782  -21.453 0.6000000238
29068  -34.114  -41.911  -21.145 0.6000000238
29076  -32.321  -41.358  -21.618 0.5000000000
28213  -32.425  -42.189  -21.541 0.5000000000
29073  -34.004  -41.558  -21.562 0.6000000238
30804  -29.316  -39.652  -18.529 0.5000000000
31650  -29.445  -38.728  -20.168 0.4000000060
31633  -28.887  -39.026  -18.868 0.4000000060
30822  -32.934  -39.193  -21.870 0.6000000238
29962  -32.803  -40.560  -21.684 0.6000000238
29077  -33.391  -41.053  -21.735 0.5000000000
29963  -33.487  -40.476  -21.430 0.5000000000
27404  -31.303  -43.810  -17.251 0.5000000000
119560  -31.439  -43.582  -18.144 0.5000000000
26653  -31.591  -44.408  -18.219 0.5000000000
30785  -28.820  -40.043  -16.594 0.4000000060
23286  -33.279  -48.179  -16.709 0.6000000238
25847  -34.229  -45.312  -17.841 0.6000000238
29059  -32.683  -41.508  -18.123 0.6000000238
29072  -33.842  -41.201  -20.916 0.6000000238
29065  -33.559  -42.029  -20.051 0.6000000238
29959  -33.843  -41.031  -21.523 0.6000000238
30823  -33.274  -39.377  -21.524 0.6000000238
22431  -35.359  -50.388  -19.347 0.5000000000
21572  -33.998  -50.953  -19.908 0.5000000000
22437  -35.317  -49.265  -20.112 0.6000000238
23302  -35.410  -48.823  -19.863 0.6000000238
29945  -30.252  -40.909  -18.852 0.5000000000
106237  -34.697  -46.289  -19.729 0.6000000238
25861  -33.065  -45.653  -20.467 0.5000000000
25862  -34.543  -45.668  -20.373 0.6000000238
27416  -33.396  -43.881  -21.300 0.5000000000
121634  -33.911  -43.242  -19.617 0.6000000238
27422  -34.243  -43.893  -21.170 0.6000000238
28215  -34.126  -42.298  -21.489 0.6000000238
116041  -33.987  -43.063  -21.590 0.6000000238
28219  -33.962  -41.768  -21.714 0.5000000000
31608  -39.566  -38.525  -16.749 0.3000000119
30773  -39.446  -39.734  -16.009 0.3000000119
31623  -39.618  -38.904  -17.512 0.3000000119
32447  -39.725  -38.012  -17.261 0.3000000119
31624  -39.893  -38.210  -18.101 0.3000000119
112335  -40.814  -37.105  -19.070 0.3000000119
33333  -40.329  -36.599  -17.427 0.3000000119
33346  -40.534  -37.014  -18.316 0.3000000119
33347  -41.119  -36.563  -18.562 0.3000000119
34240  -41.258  -35.418  -17.455 0.3000000119
34254  -41.659  -35.902  -18.085 0.3000000119
37572  -45.505  -31.021  -19.060 0.3000000119
38458  -45.035  -30.982  -18.240 0.3000000119
107962  -46.337  -29.714  -19.789 0.3000000119
38448  -45.365  -29.659  -18.184 0.3000000119
39581  -46.107  -28.815  -18.975 0.3000000119
39586  -45.935  -29.550  -18.983 0.3000000119
39580  -45.664  -28.911  -18.417 0.3000000119
118129  -34.930  -52.144  -19.127 0.4000000060
116141  -39.488  -39.857  -17.135 0.3000000119
31635  -39.802  -38.934  -18.484 0.3000000119
20649  -34.541  -52.642  -19.339 0.4000000060
31636  -40.118  -38.300  -19.056 0.3000000119
33360  -41.278  -36.848  -19.446 0.3000000119
34241  -42.116  -35.183  -17.670 0.3000000119
35078  -43.255  -34.063  -17.703 0.3000000119
37571  -45.077  -31.727  -18.691 0.3000000119
36744  -45.492  -31.754  -19.534 0.3000000119
37576  -45.956  -31.084  -19.849 0.3000000119
114456  -46.671  -29.795  -20.493 0.3000000119
40662  -46.711  -28.477  -19.925 0.3000000119
32463  -40.472  -37.596  -19.143 0.3000000119
33348  -42.009  -36.341  -18.825 0.3000000119
18312  -27.185  -54.959  -13.687 0.4000000060
18987  -27.234  -54.221  -14.056 0.3000000119
18994  -27.037  -53.433  -14.578 0.3000000119
124463  -27.128  -52.689  -14.773 0.3000000119
23285  -31.046  -48.472  -17.046 0.4000000060
23293  -31.527  -48.271  -17.780 0.4000000060
22408  -30.799  -49.125  -16.937 0.4000000060
22420  -30.856  -49.803  -17.159 0.4000000060
117165  -31.432  -46.377  -17.322 0.4000000060
25854  -31.717  -46.046  -18.186 0.4000000060
24172  -31.496  -47.581  -17.664 0.4000000060
25025  -32.164  -46.861  -18.936 0.4000000060
110806  -32.027  -48.758  -18.596 0.4000000060
124439  -32.698  -49.195  -19.394 0.4000000060
112132  -31.447  -50.045  -17.814 0.4000000060
22430  -32.139  -49.813  -18.713 0.4000000060
26637  -28.413  -44.684  -16.672 0.3000000119
25846  -31.413  -45.625  -17.173 0.4000000060
23300  -32.737  -48.397  -19.516 0.4000000060
117953  -29.149  -43.831  -16.213 0.3000000119
109352  -28.144  -44.005  -16.577 0.3000000119
112032  -33.260  -49.984  -19.724 0.4000000060
27387  -30.832  -43.300  -16.711 0.4000000060
21555  -30.289  -50.229  -16.908 0.4000000060
25012  -31.229  -47.059  -16.983 0.4000000060
22421  -31.424  -49.184  -17.668 0.4000000060
14863  -34.208  -59.036  -15.613 0.3000000119
107810  -33.764  -58.421  -15.178 0.3000000119
16340  -32.988  -57.303  -14.644 0.3000000119
17016  -32.550  -56.467  -14.202 0.3000000119
17663  -32.523  -55.864  -14.718 0.3000000119
17679  -32.232  -55.313  -15.897 0.3000000119
17682  -31.606  -55.464  -16.429 0.3000000119
119153  -32.519  -54.638  -16.075 0.3000000119
18330  -32.622  -54.358  -16.999 0.3000000119
17683  -32.090  -54.790  -16.977 0.3000000119
19008  -32.762  -54.007  -16.444 0.3000000119
19023  -33.094  -54.027  -17.679 0.3000000119
120458  -32.915  -53.371  -16.797 0.3000000119
19783  -33.564  -53.501  -17.935 0.3000000119
17662  -32.220  -55.689  -13.901 0.3000000119
122834  -33.870  -52.932  -17.969 0.3000000119
115370  -32.808  -56.880  -14.735 0.3000000119
14039  -32.941  -60.127  -11.826 0.4000000060
14789  -33.374  -59.732  -9.105 0.3000000119
15495  -33.763  -58.324  -7.676 0.3000000119
15504  -32.715  -58.323  -8.473 0.3000000119
16262  -31.903  -57.105  -8.825 0.3000000119
16264  -33.081  -57.903  -7.896 0.3000000119
16275  -31.667  -57.429  -9.632 0.4000000060
16307  -31.521  -57.670  -11.574 0.4000000060
16948  -32.701  -56.410  -7.806 0.3000000119
16956  -32.282  -56.709  -8.201 0.3000000119
16996  -30.718  -55.776  -11.224 0.4000000060
17025  -32.660  -56.429  -14.849 0.3000000119
17606  -33.735  -55.980  -7.627 0.3000000119
17610  -31.531  -54.978  -8.587 0.3000000119
17612  -35.103  -55.305  -8.341 0.3000000119
17622  -30.829  -55.303  -9.832 0.3000000119
17678  -31.957  -55.892  -15.768 0.3000000119
18255  -32.711  -55.078  -7.771 0.3000000119
18270  -33.471  -54.349  -7.873 0.3000000119
18271  -34.382  -54.879  -8.094 0.3000000119
18943  -30.777  -53.902  -9.637 0.3000000119
18972  -30.634  -53.550  -11.350 0.3000000119
18980  -30.836  -53.769  -12.115 0.4000000060
18981  -31.082  -53.566  -12.758 0.4000000060
19668  -32.060  -51.860  -8.470 0.3000000119
19669  -32.700  -52.579  -8.197 0.3000000119
19670  -33.688  -52.096  -8.360 0.3000000119
19681  -31.459  -52.378  -8.755 0.3000000119
19696  -35.796  -52.171  -10.273 0.3000000119
20525  -30.926  -51.353  -9.601 0.3000000119
20526  -31.445  -51.458  -8.935 0.3000000119
20561  -30.664  -51.312  -11.282 0.3000000119
20648  -34.372  -52.530  -18.516 0.5000000000
20659  -35.004  -51.957  -19.704 0.5000000000
21452  -30.929  -49.887  -10.116 0.3000000119
22295  -32.530  -49.601  -8.726 0.3000000119
22296  -33.315  -49.448  -8.660 0.3000000119
22297  -34.029  -49.293  -8.801 0.3000000119
22312  -31.411  -49.371  -9.590 0.3000000119
22313  -32.101  -48.881  -9.166 0.3000000119
22327  -36.062  -49.249  -10.847 0.3000000119
22341  -31.021  -49.206  -11.390 0.3000000119
22396  -31.785  -49.921  -15.175 0.4000000060
22407  -30.123  -49.485  -16.640 0.4000000060
22436  -34.956  -49.475  -20.367 0.6000000238
23185  -32.909  -48.829  -8.857 0.3000000119
23309  -35.151  -48.225  -20.160 0.6000000238
24106  -36.131  -47.720  -10.838 0.3000000119
24116  -36.664  -47.769  -11.348 0.3000000119
24143  -31.744  -47.353  -14.136 0.6000000238
24163  -31.219  -47.832  -17.173 0.4000000060
24182  -35.228  -47.779  -19.817 0.6000000238
24935  -32.643  -46.800  -9.686 0.3000000119
24936  -33.468  -46.736  -9.523 0.3000000119
24937  -34.269  -46.721  -9.602 0.3000000119
24954  -36.128  -46.889  -10.724 0.3000000119
24965  -31.658  -46.507  -11.082 0.4000000060
25014  -33.704  -46.661  -16.890 0.6000000238
25037  -34.430  -46.088  -20.551 0.6000000238
25760  -32.598  -45.916  -10.039 0.3000000119
25761  -33.250  -45.655  -9.790 0.3000000119
25777  -31.807  -45.789  -11.555 0.4000000060
25779  -37.670  -45.338  -11.340 0.3000000119
25787  -31.747  -45.709  -12.382 0.5000000000
25799  -32.167  -44.939  -13.732 0.6000000238
25817  -32.978  -45.647  -15.767 0.6999999881
25843  -25.497  -44.971  -17.315 0.5000000000
25856  -34.424  -46.025  -18.435 0.6000000238
25857  -34.485  -45.490  -19.236 0.6000000238
25866  -34.311  -45.257  -20.841 0.6000000238
26562  -36.698  -43.986  -10.570 0.4000000060
26589  -38.866  -44.483  -11.958 0.3000000119
26651  -25.985  -45.124  -17.705 0.5000000000
26667  -32.955  -44.831  -20.744 0.5000000000
27310  -33.827  -43.862  -10.397 0.4000000060
27312  -35.375  -43.197  -10.310 0.4000000060
27314  -36.728  -43.035  -10.515 0.3000000119
27325  -33.097  -43.280  -11.471 0.5000000000
27326  -33.590  -43.218  -10.831 0.4000000060
27327  -37.615  -42.883  -10.831 0.4000000060
27328  -38.297  -43.008  -11.269 0.4000000060
27332  -32.709  -43.400  -12.200 0.5000000000
27334  -39.485  -43.422  -12.483 0.4000000060
27343  -39.922  -43.789  -13.170 0.3000000119
27369  -32.892  -43.175  -14.975 0.6999999881
27388  -30.985  -43.975  -16.636 0.4000000060
27417  -34.338  -43.748  -20.642 0.6000000238
27418  -34.465  -44.433  -20.920 0.6000000238
28114  -38.406  -42.204  -11.440 0.4000000060
28149  -32.741  -41.972  -14.301 0.6999999881
28164  -32.912  -42.720  -15.551 0.6999999881
28186  -32.860  -42.337  -16.699 0.6999999881
28199  -30.823  -42.393  -18.021 0.5000000000
28207  -33.615  -42.620  -19.465 0.6000000238
28214  -33.640  -42.318  -21.716 0.5000000000
28218  -33.419  -41.641  -21.783 0.5000000000
28958  -35.797  -41.440  -10.476 0.4000000060
29032  -39.599  -41.249  -15.590 0.3000000119
29078  -33.851  -41.268  -21.636 0.5000000000
29845  -33.892  -41.057  -11.087 0.4000000060
29846  -34.410  -40.681  -10.769 0.4000000060
29847  -35.282  -40.644  -10.528 0.4000000060
29848  -36.113  -40.666  -10.550 0.4000000060
29866  -34.070  -39.896  -11.029 0.4000000060
29880  -32.717  -40.409  -12.980 0.6000000238
29883  -39.207  -40.524  -12.793 0.4000000060
29896  -39.415  -40.576  -13.541 0.4000000060
29932  -29.204  -40.665  -16.459 0.4000000060
29935  -39.458  -40.464  -16.605 0.3000000119
29958  -33.582  -40.434  -21.261 0.6999999881
30714  -37.061  -40.061  -10.974 0.4000000060
30729  -37.670  -39.736  -11.413 0.4000000060
30788  -39.500  -39.147  -16.663 0.3000000119
30797  -27.521  -39.272  -16.970 0.4000000060
30803  -28.709  -39.224  -17.982 0.5000000000
31565  -33.330  -38.757  -11.946 0.6000000238
31567  -39.238  -38.221  -13.087 0.4000000060
31571  -39.419  -38.389  -13.771 0.4000000060
31580  -32.194  -38.901  -13.829 0.6000000238
31607  -31.482  -38.363  -16.671 0.6999999881
31643  -33.417  -37.894  -21.356 0.6999999881
31661  -33.148  -37.601  -21.845 0.6999999881
32388  -32.481  -37.677  -13.425 0.6000000238
32389  -32.975  -37.170  -12.942 0.6000000238
32395  -32.148  -37.399  -14.290 0.6999999881
32415  -31.526  -37.721  -15.795 0.6999999881
32417  -39.545  -37.838  -15.432 0.4000000060
32445  -31.593  -37.785  -17.536 0.6999999881
32448  -40.083  -37.452  -17.762 0.3000000119
32459  -27.406  -37.958  -18.844 0.4000000060
32490  -32.496  -36.915  -21.923 0.6999999881
33263  -38.170  -36.661  -11.745 0.5000000000
33268  -34.100  -36.723  -11.989 0.6000000238
33286  -39.713  -36.291  -14.589 0.4000000060
33299  -40.039  -35.679  -15.928 0.4000000060
33318  -32.214  -36.075  -16.307 0.6000000238
33334  -40.883  -36.180  -17.828 0.3000000119
33364  -29.664  -36.228  -20.925 0.6999999881
33372  -31.561  -36.398  -21.765 0.6999999881
34171  -35.333  -35.746  -11.715 0.6000000238
34173  -37.319  -35.419  -11.499 0.5000000000
34183  -35.414  -35.001  -11.883 0.5000000000
34184  -39.138  -35.661  -12.412 0.4000000060
34207  -32.499  -35.802  -15.485 0.6999999881
34226  -40.891  -34.949  -16.868 0.4000000060
35017  -36.755  -35.095  -11.509 0.5000000000
35019  -38.342  -34.817  -11.741 0.5000000000
35035  -39.879  -34.112  -13.783 0.4000000060
35044  -40.136  -34.084  -14.645 0.4000000060
35052  -33.302  -34.361  -15.476 0.6000000238
35063  -32.930  -34.618  -16.760 0.6000000238
35065  -40.608  -34.568  -16.215 0.4000000060
35090  -32.651  -34.447  -18.408 0.6000000238
35091  -42.901  -34.859  -18.001 0.3000000119
35105  -27.442  -34.641  -19.585 0.6000000238
35118  -31.809  -34.937  -20.715 0.6999999881
35901  -35.596  -33.546  -12.196 0.6000000238
35936  -41.503  -33.457  -16.237 0.4000000060
35938  -43.083  -32.898  -16.872 0.4000000060
35996  -29.222  -33.654  -22.077 0.6999999881
36661  -38.102  -32.508  -11.850 0.4000000060
36679  -38.724  -32.490  -12.236 0.4000000060
36707  -33.949  -32.279  -15.845 0.6000000238
36734  -44.585  -32.447  -18.345 0.3000000119
36752  -45.065  -32.521  -19.152 0.3000000119
37460  -37.524  -32.181  -11.847 0.4000000060
37461  -38.113  -31.865  -12.051 0.4000000060
37480  -37.498  -31.404  -12.083 0.4000000060
37506  -39.324  -31.108  -12.982 0.4000000060
37525  -41.008  -30.930  -14.486 0.4000000060
37536  -42.011  -31.568  -15.456 0.4000000060
37537  -43.024  -30.473  -15.755 0.4000000060
37546  -33.699  -31.355  -16.533 0.6000000238
37550  -43.849  -30.852  -16.737 0.4000000060
37601  -29.049  -31.423  -23.170 0.6999999881
38366  -35.941  -30.611  -12.615 0.5000000000
38370  -39.125  -30.274  -12.908 0.4000000060
38382  -35.330  -30.948  -13.085 0.5000000000
38384  -40.355  -30.470  -13.884 0.4000000060
38399  -34.780  -30.649  -14.472 0.5000000000
38418  -42.627  -30.069  -15.362 0.4000000060
38446  -33.294  -30.910  -16.955 0.6000000238
38459  -45.484  -30.315  -18.638 0.3000000119
38465  -45.950  -30.352  -19.404 0.3000000119
38466  -46.331  -30.426  -20.185 0.3000000119
39486  -39.341  -29.705  -13.159 0.4000000060
39541  -34.789  -29.228  -15.527 0.6000000238
39570  -45.097  -29.002  -17.676 0.4000000060
39587  -46.385  -29.015  -19.525 0.3000000119
40561  -40.290  -28.603  -13.906 0.4000000060
40576  -35.724  -28.323  -14.346 0.5000000000
40599  -42.719  -28.741  -15.404 0.4000000060
40619  -43.603  -28.332  -16.163 0.3000000119
40643  -45.954  -28.226  -18.707 0.3000000119
40644  -46.375  -28.324  -19.322 0.3000000119
40655  -29.637  -28.813  -21.485 0.6999999881
40659  -39.106  -30.175  -22.427 0.5000000000
40660  -39.852  -30.284  -22.743 0.5000000000
40674  -34.959  -28.951  -23.337 0.5000000000
40677  -37.335  -30.246  -22.863 0.5000000000
40690  -35.452  -29.409  -23.426 0.5000000000
40699  -35.200  -29.090  -23.529 0.5000000000
41643  -37.340  -27.642  -13.816 0.5000000000
41644  -38.141  -27.626  -13.732 0.5000000000
41645  -38.933  -27.689  -13.794 0.4000000060
41659  -36.498  -27.130  -14.822 0.5000000000
41680  -43.024  -27.880  -15.711 0.3000000119
41690  -42.594  -27.132  -15.794 0.4000000060
41738  -32.475  -27.349  -20.042 0.6999999881
41746  -41.471  -28.378  -22.924 0.4000000060
41763  -40.843  -29.038  -23.486 0.5000000000
41770  -25.093  -26.999  -22.335 0.5000000000
41776  -35.510  -28.633  -23.627 0.5000000000
41777  -36.193  -29.656  -23.538 0.5000000000
41782  -35.117  -28.678  -23.587 0.5000000000
42655  -41.930  -26.823  -15.714 0.4000000060
42685  -38.324  -26.349  -17.181 0.5000000000
42689  -44.794  -26.462  -17.793 0.3000000119
42762  -41.364  -28.150  -23.488 0.4000000060
43706  -42.498  -25.223  -17.346 0.4000000060
43721  -44.298  -25.234  -17.949 0.3000000119
43797  -42.979  -26.022  -24.966 0.4000000060
43798  -43.411  -25.879  -25.026 0.4000000060
44711  -42.476  -24.201  -18.606 0.4000000060
44746  -46.638  -24.681  -19.958 0.3000000119
44791  -33.631  -24.300  -25.125 0.6000000238
44794  -43.210  -26.113  -24.696 0.4000000060
44803  -43.612  -25.680  -25.005 0.4000000060
45628  -37.770  -23.546  -20.586 0.6000000238
45682  -44.128  -24.447  -25.014 0.4000000060
46503  -43.699  -22.633  -20.020 0.5000000000
46515  -36.506  -22.462  -20.039 0.6000000238
46520  -43.614  -22.250  -20.752 0.5000000000
46540  -43.407  -22.189  -22.019 0.5000000000
46567  -32.144  -23.178  -24.227 0.6000000238
46579  -26.716  -21.868  -25.812 0.5000000000
46593  -47.499  -24.165  -26.636 0.4000000060
46594  -48.223  -24.007  -26.970 0.3000000119
47511  -36.609  -21.244  -19.524 0.5000000000
47526  -34.487  -21.427  -20.223 0.5000000000
47533  -44.846  -21.720  -20.962 0.4000000060
47549  -43.914  -21.562  -21.895 0.5000000000
47579  -27.232  -21.202  -24.736 0.5000000000
47583  -40.913  -21.670  -24.235 0.4000000060
47589  -26.396  -21.746  -25.470 0.5000000000
47590  -26.904  -21.023  -25.346 0.5000000000
47596  -26.578  -21.402  -25.757 0.5000000000
47603  -45.518  -22.136  -25.266 0.5000000000
47605  -27.167  -20.700  -26.546 0.5000000000
47610  -46.978  -21.546  -26.068 0.5000000000
48558  -27.357  -19.317  -26.158 0.6000000238
48559  -29.777  -20.200  -27.389 0.5000000000
48562  -45.126  -21.187  -24.842 0.5000000000
48563  -45.384  -20.641  -24.449 0.5000000000
48564  -46.218  -20.336  -24.285 0.5000000000
48573  -26.816  -20.728  -26.306 0.5000000000
48576  -28.948  -19.976  -27.599 0.4000000060
48579  -45.539  -21.031  -25.134 0.5000000000
49450  -29.281  -18.644  -24.251 0.5000000000
49455  -47.706  -20.127  -23.981 0.4000000060
49488  -27.964  -18.997  -27.341 0.4000000060
50395  -32.761  -18.756  -23.186 0.5000000000
50412  -33.835  -17.589  -24.105 0.4000000060
50422  -29.245  -17.561  -26.235 0.5000000000
50433  -28.084  -18.253  -27.095 0.4000000060
50437  -31.323  -16.833  -25.752 0.3000000119
51367  -30.561  -16.809  -25.931 0.3000000119
52176  -40.101  -16.556  -20.533 0.3000000119
52229  -31.458  -16.728  -25.341 0.3000000119
52275  -39.907  -16.595  -31.327 0.3000000119
52276  -40.131  -16.480  -31.550 0.3000000119
53083  -43.087  -14.797  -23.528 0.3000000119
105657  -31.433  -48.584  -13.095 0.4000000060
106031  -48.984  -21.129  -22.681 0.3000000119
106136  -31.185  -50.663  -12.949 0.4000000060
106218  -34.267  -43.075  -21.266 0.6000000238
106395  -36.403  -31.217  -12.297 0.5000000000
106638  -31.360  -47.730  -12.021 0.4000000060
107288  -39.602  -37.867  -16.360 0.4000000060
107328  -31.343  -51.873  -13.785 0.4000000060
107482  -35.105  -37.558  -11.213 0.5000000000
107722  -32.975  -45.197  -10.177 0.3000000119
108355  -43.339  -30.907  -16.249 0.4000000060
108458  -36.199  -26.312  -16.783 0.5000000000
108541  -35.982  -42.853  -10.361 0.3000000119
108649  -33.543  -40.052  -11.580 0.5000000000
108923  -34.696  -42.842  -10.425 0.4000000060
109040  -32.928  -38.993  -12.443 0.6000000238
109328  -34.968  -46.784  -9.914 0.3000000119
109761  -35.533  -26.978  -16.213 0.5000000000
109887  -32.338  -41.152  -15.942 0.6999999881
109953  -31.560  -48.544  -9.822 0.3000000119
110070  -36.274  -26.243  -19.157 0.5000000000
111093  -39.371  -28.373  -13.554 0.4000000060
111153  -36.041  -35.439  -11.552 0.5000000000
111181  -31.123  -49.415  -12.111 0.3000000119
111336  -35.963  -37.539  -11.183 0.5000000000
111627  -26.537  -52.862  -15.338 0.3000000119
112006  -39.426  -36.926  -13.315 0.4000000060
113274  -33.320  -37.947  -21.616 0.6999999881
113296  -32.715  -47.856  -16.076 0.6000000238
113711  -31.990  -54.962  -8.116 0.3000000119
114074  -48.871  -20.166  -23.843 0.4000000060
114297  -33.098  -39.865  -21.665 0.6000000238
114370  -36.983  -31.036  -12.167 0.5000000000
114822  -37.348  -37.843  -11.468 0.4000000060
114930  -28.056  -41.938  -16.036 0.5000000000
115922  -41.747  -27.945  -14.932 0.4000000060
116052  -40.138  -31.844  -13.980 0.4000000060
116193  -37.054  -27.202  -14.372 0.5000000000
116835  -32.468  -45.760  -14.932 0.6000000238
117166  -31.378  -50.560  -13.697 0.4000000060
117248  -32.550  -43.530  -12.857 0.6000000238
117380  -33.693  -59.549  -8.426 0.3000000119
117442  -40.324  -19.925  -20.818 0.4000000060
117623  -38.572  -39.003  -12.310 0.4000000060
117765  -31.158  -53.775  -8.933 0.3000000119
118269  -31.249  -38.758  -21.419 0.6999999881
118276  -37.397  -48.758  -12.410 0.3000000119
119732  -31.156  -48.575  -11.141 0.3000000119
120125  -32.333  -44.642  -11.581 0.5000000000
120227  -32.799  -31.216  -17.350 0.6000000238
120251  -33.270  -36.813  -20.821 0.8000000119
120568  -30.745  -55.735  -10.478 0.4000000060
120586  -31.072  -16.712  -25.853 0.3000000119
120590  -31.698  -47.888  -10.046 0.3000000119
120601  -47.411  -20.845  -22.695 0.4000000060
120798  -39.792  -19.809  -20.210 0.4000000060
121417  -37.417  -44.446  -10.918 0.3000000119
121562  -34.605  -52.420  -19.634 0.5000000000
121828  -40.213  -37.716  -18.469 0.3000000119
122431  -32.804  -42.337  -16.017 0.6999999881
123082  -30.680  -51.821  -10.038 0.3000000119
123389  -43.987  -22.774  -24.269 0.4000000060
123489  -35.085  -30.553  -13.701 0.5000000000
123547  -50.710  -22.218  -27.763 0.3000000119
123575  -42.262  -25.088  -25.035 0.4000000060
123579  -35.920  -61.783  -11.084 0.3000000119
123846  -32.735  -45.285  -15.271 0.6999999881
123862  -36.545  -33.269  -11.734 0.4000000060
123886  -31.669  -41.800  -21.246 0.5000000000
123953  -46.547  -22.228  -21.145 0.3000000119
124276  -31.883  -38.509  -14.361 0.6999999881
124576  -40.532  -19.898  -27.117 0.3000000119
124921  -35.606  -29.179  -22.648 0.5000000000
125043  -39.287  -19.671  -19.797 0.3000000119
125128  -34.920  -28.320  -22.547 0.6000000238
125280  -31.524  -48.543  -13.664 0.4000000060
125852  -37.905  -16.743  -20.717 0.3000000119
126033  -43.980  -27.161  -16.836 0.4000000060
126084  -32.388  -41.327  -16.456 0.6999999881
126185  -39.478  -38.615  -14.397 0.4000000060
