#!ascii label  , from subject sub-v2s15x29737_ses-1 vox2ras=TkReg
1194
2690  20.290  -80.450  -17.747 0.5000000000
120015  14.528  -71.414  -16.163 0.6000000238
7263  13.902  -71.002  -16.380 0.6000000238
118472  13.719  -70.178  -15.998 0.6000000238
6655  12.478  -71.335  -17.558 0.6999999881
7858  12.342  -69.916  -16.504 0.6000000238
109624  12.203  -71.684  -18.475 0.6999999881
7265  11.887  -70.669  -17.270 0.6000000238
3680  19.802  -77.708  -13.180 0.5000000000
4093  20.808  -77.158  -16.598 0.6000000238
3688  20.707  -76.991  -15.113 0.6000000238
115343  19.930  -77.770  -14.038 0.5000000000
4106  21.215  -77.377  -18.100 0.5000000000
4107  21.242  -76.855  -17.256 0.4000000060
3698  20.441  -77.491  -15.790 0.5000000000
3689  20.183  -77.669  -14.871 0.6000000238
6576  17.269  -71.644  -10.384 0.5000000000
3017  21.807  -79.965  -20.715 0.4000000060
6601  16.872  -71.034  -11.716 0.5000000000
6577  16.527  -71.446  -10.312 0.5000000000
7222  16.591  -70.957  -12.557 0.6000000238
6611  15.951  -71.124  -13.939 0.6000000238
115514  15.536  -72.463  -15.632 0.6000000238
6652  14.945  -72.265  -16.478 0.6999999881
6639  15.059  -71.496  -15.630 0.6000000238
6667  13.722  -72.280  -17.789 0.6999999881
6102  13.978  -73.061  -19.461 0.6000000238
6092  13.345  -72.613  -19.055 0.6999999881
6117  14.624  -73.190  -19.838 0.6000000238
6103  13.447  -72.464  -19.677 0.6000000238
6681  12.528  -71.986  -19.386 0.6999999881
6697  13.631  -72.525  -19.788 0.6999999881
7859  11.403  -69.888  -16.930 0.6000000238
3650  20.450  -76.721  -11.706 0.5000000000
3679  20.487  -77.139  -13.257 0.6000000238
106546  20.214  -77.225  -12.435 0.5000000000
4092  21.282  -76.377  -16.542 0.6000000238
4084  20.923  -76.659  -15.898 0.6999999881
104202  20.527  -77.172  -14.146 0.6000000238
3724  21.776  -77.088  -18.522 0.4000000060
6005  17.991  -72.400  -11.576 0.5000000000
5992  17.932  -72.170  -10.626 0.5000000000
2709  21.435  -80.652  -19.947 0.5000000000
114182  17.442  -71.937  -11.996 0.5000000000
6044  16.709  -73.147  -14.439 0.6999999881
6600  17.143  -72.180  -12.810 0.6000000238
5411  16.611  -73.373  -15.159 0.6999999881
6623  16.306  -72.214  -14.203 0.6000000238
6610  16.533  -71.644  -13.396 0.6000000238
6624  15.630  -71.625  -14.827 0.6000000238
110567  15.492  -73.056  -16.300 0.6999999881
5451  14.682  -73.452  -18.925 0.6000000238
6073  15.105  -73.216  -17.446 0.6000000238
5480  14.677  -73.262  -19.694 0.6000000238
6091  14.141  -72.998  -18.410 0.6000000238
6116  15.777  -73.328  -20.030 0.6000000238
6696  14.760  -72.568  -19.852 0.6999999881
7897  11.276  -69.721  -18.848 0.6999999881
111040  10.657  -69.625  -17.536 0.5000000000
7320  12.910  -71.561  -19.811 0.6999999881
6699  11.994  -71.455  -19.599 0.6999999881
7278  11.085  -70.547  -18.091 0.6000000238
4050  21.302  -75.805  -13.039 0.5000000000
4051  20.852  -76.488  -12.554 0.5000000000
4467  20.969  -76.044  -11.661 0.5000000000
4083  21.301  -75.776  -14.890 0.6999999881
4063  20.921  -76.488  -13.577 0.6000000238
4549  21.749  -76.136  -17.179 0.5000000000
4529  21.639  -75.770  -16.487 0.6999999881
109656  21.338  -75.861  -15.813 0.6999999881
124273  21.034  -76.325  -15.297 0.6000000238
4074  20.960  -76.426  -14.511 0.6000000238
3723  22.026  -77.463  -19.459 0.4000000060
119793  21.619  -76.734  -17.765 0.5000000000
6004  18.601  -72.615  -11.057 0.5000000000
6031  17.590  -73.126  -13.369 0.5000000000
6019  17.831  -72.765  -12.545 0.5000000000
5410  17.177  -73.477  -14.742 0.6000000238
6032  16.906  -72.776  -13.690 0.5000000000
5421  17.291  -73.502  -15.449 0.6999999881
110302  17.584  -73.105  -17.111 0.6000000238
108180  17.019  -73.587  -16.244 0.6999999881
5422  16.533  -73.494  -15.930 0.6999999881
6090  17.292  -73.366  -18.312 0.6000000238
5449  16.355  -73.695  -18.079 0.6000000238
5450  15.817  -73.609  -17.363 0.6999999881
123576  17.701  -73.435  -20.431 0.6999999881
5464  16.634  -73.861  -19.385 0.6000000238
103960  15.480  -73.678  -18.435 0.6000000238
6710  17.182  -72.953  -20.481 0.6000000238
5487  16.779  -73.480  -20.297 0.6999999881
5479  16.370  -73.774  -20.084 0.6999999881
7316  17.945  -70.353  -19.823 0.6000000238
6694  17.024  -72.106  -20.156 0.6000000238
6695  16.575  -72.847  -20.239 0.6999999881
8443  10.859  -68.467  -17.996 0.6000000238
106091  16.053  -72.036  -19.798 0.6999999881
7917  11.730  -70.585  -19.511 0.6999999881
7878  10.858  -69.864  -18.224 0.6000000238
103432  17.510  -69.843  -19.164 0.6999999881
120423  16.743  -71.061  -19.734 0.6000000238
7318  16.076  -70.901  -19.407 0.8000000119
7319  15.265  -71.313  -19.533 0.6999999881
7915  13.577  -70.625  -19.504 0.6999999881
7916  12.540  -70.587  -19.636 0.6999999881
4478  21.216  -75.747  -12.289 0.6000000238
4512  21.643  -75.193  -15.238 0.6999999881
4500  21.613  -75.123  -14.382 0.6999999881
4073  21.309  -75.795  -13.972 0.6000000238
4528  22.129  -75.449  -16.783 0.5000000000
4120  22.506  -76.837  -18.773 0.4000000060
4105  22.165  -76.438  -17.936 0.5000000000
6003  19.297  -72.909  -11.427 0.5000000000
5358  19.656  -73.476  -10.195 0.5000000000
121993  18.527  -72.780  -12.104 0.5000000000
5395  18.021  -73.437  -13.915 0.6000000238
6638  18.443  -72.197  -15.192 0.6000000238
5409  17.776  -73.470  -14.670 0.6999999881
5396  17.385  -73.370  -14.124 0.6999999881
6071  18.053  -72.419  -16.423 0.6999999881
6059  17.984  -73.193  -15.377 0.6999999881
6089  18.016  -72.456  -17.800 0.6000000238
6072  17.534  -73.299  -16.236 0.6999999881
6114  19.597  -72.836  -20.640 0.6999999881
6115  18.489  -73.181  -20.488 0.6999999881
6100  18.070  -73.199  -19.295 0.6999999881
9561  12.642  -67.030  -16.955 0.6000000238
6709  19.149  -72.499  -20.968 0.6000000238
6124  18.409  -73.093  -20.640 0.6999999881
6101  17.249  -73.680  -19.544 0.6999999881
8473  18.736  -68.821  -19.093 0.6000000238
7914  18.268  -69.498  -19.416 0.6000000238
7930  18.729  -70.207  -20.135 0.6000000238
7337  18.446  -71.359  -20.497 0.6000000238
6125  17.508  -73.359  -20.467 0.6999999881
8442  11.745  -68.119  -18.081 0.6000000238
7317  17.564  -71.276  -20.111 0.6000000238
8457  13.794  -69.107  -18.429 0.6999999881
106513  13.464  -68.503  -18.116 0.6000000238
7896  12.201  -69.694  -19.230 0.6999999881
8459  11.959  -68.863  -18.694 0.6000000238
8455  19.325  -68.192  -18.922 0.5000000000
8456  18.721  -68.940  -18.527 0.6000000238
7891  17.093  -69.814  -18.334 0.8000000119
7892  16.093  -69.881  -18.032 0.8000000119
7298  14.693  -70.557  -19.179 0.8000000119
7894  14.187  -69.814  -18.795 0.6999999881
7895  13.200  -69.742  -19.110 0.6999999881
7296  16.615  -70.256  -19.021 0.8000000119
7297  15.681  -70.440  -18.862 0.8000000119
4487  21.591  -75.054  -13.432 0.6999999881
4477  21.461  -75.087  -12.524 0.6999999881
4916  21.346  -74.465  -11.976 0.6999999881
110909  20.916  -75.490  -10.974 0.6000000238
116619  22.454  -74.856  -16.423 0.6999999881
4917  21.067  -74.511  -11.179 0.6000000238
4987  22.812  -75.125  -17.037 0.6000000238
5357  20.454  -73.959  -10.453 0.5000000000
5370  19.969  -73.290  -10.939 0.5000000000
106189  14.245  -65.179  -11.925 0.6000000238
6018  19.459  -72.765  -12.309 0.5000000000
10586  13.834  -63.612  -12.837 0.5000000000
123523  18.793  -72.864  -12.623 0.5000000000
11166  14.044  -63.388  -13.728 0.6000000238
6042  18.991  -72.041  -14.192 0.6999999881
105957  19.193  -72.615  -13.212 0.6000000238
6650  18.725  -71.426  -15.971 0.6999999881
6043  18.310  -73.110  -14.482 0.6999999881
10046  13.670  -65.064  -15.669 0.6000000238
6651  18.628  -71.612  -17.116 0.6999999881
6693  20.058  -72.510  -19.826 0.6999999881
6680  19.608  -71.866  -18.694 0.6999999881
6666  18.729  -72.078  -18.314 0.6999999881
8998  13.293  -67.091  -16.968 0.6000000238
10064  13.397  -65.712  -16.193 0.6000000238
124661  19.765  -72.648  -21.080 0.6000000238
6099  19.120  -72.797  -19.667 0.6999999881
8997  14.043  -67.134  -16.819 0.6000000238
10065  12.578  -65.757  -16.183 0.6000000238
7928  20.624  -69.938  -20.631 0.6000000238
7336  19.413  -71.276  -20.786 0.6000000238
9012  14.507  -67.798  -17.056 0.6999999881
9013  13.578  -67.817  -17.511 0.6000000238
9014  12.639  -67.556  -17.553 0.6000000238
7913  18.998  -69.212  -19.683 0.6000000238
7857  17.086  -69.320  -16.917 0.6000000238
8425  16.685  -68.714  -16.442 0.6000000238
7876  15.262  -69.253  -17.714 0.6999999881
8440  14.353  -68.597  -17.718 0.6000000238
8441  12.689  -68.244  -18.180 0.6000000238
7856  17.999  -69.329  -16.960 0.6000000238
114096  16.146  -69.197  -17.109 0.8000000119
7874  17.504  -69.542  -17.677 0.6000000238
7875  16.766  -69.602  -17.552 0.6999999881
7877  14.560  -69.296  -18.188 0.8000000119
119968  21.847  -74.631  -14.750 0.6999999881
4936  21.788  -74.252  -13.932 0.6999999881
4927  21.585  -74.175  -12.830 0.6999999881
4975  22.758  -74.251  -15.998 0.6999999881
4963  22.042  -74.636  -15.373 0.6999999881
5380  21.221  -73.776  -12.077 0.6000000238
5369  20.771  -73.647  -11.403 0.6000000238
9985  14.963  -65.427  -11.104 0.6000000238
9464  14.913  -66.690  -10.877 0.6000000238
10574  14.791  -64.242  -11.499 0.6000000238
6017  20.379  -72.754  -12.480 0.6000000238
10585  14.447  -63.701  -12.177 0.5000000000
6609  19.782  -71.684  -13.641 0.6999999881
10595  14.439  -63.550  -13.671 0.4000000060
11142  14.316  -63.447  -12.792 0.5000000000
123912  19.264  -70.894  -15.649 0.6999999881
6622  19.628  -71.081  -14.303 0.8000000119
10610  14.784  -64.130  -14.085 0.5000000000
120420  19.255  -70.987  -16.503 0.6000000238
6637  19.048  -71.227  -15.006 0.6999999881
10028  14.576  -64.682  -14.844 0.6000000238
6665  19.386  -71.317  -17.563 0.6999999881
104729  14.866  -65.946  -15.994 0.6999999881
10045  14.384  -65.252  -15.538 0.6000000238
6113  21.085  -72.473  -20.903 0.6999999881
6692  21.090  -72.285  -20.028 0.6999999881
104557  15.824  -67.007  -15.730 0.5000000000
9546  14.486  -66.488  -16.404 0.6000000238
113803  21.751  -70.656  -20.878 0.6000000238
6707  21.223  -71.968  -21.449 0.6000000238
6123  20.262  -72.571  -21.119 0.6999999881
104818  14.679  -67.166  -16.600 0.6999999881
121764  21.274  -71.181  -21.157 0.6000000238
7335  20.410  -71.157  -21.018 0.6000000238
121412  16.367  -68.073  -16.110 0.5000000000
104524  15.810  -67.560  -16.136 0.6000000238
8477  19.736  -68.978  -20.003 0.6000000238
8423  18.327  -68.969  -16.141 0.6000000238
8424  17.490  -68.914  -16.246 0.5000000000
8439  15.235  -68.477  -17.119 0.6999999881
112681  19.253  -68.854  -16.275 0.6000000238
4948  22.119  -74.004  -14.689 0.6999999881
5394  21.667  -73.515  -13.378 0.6999999881
6016  21.202  -73.150  -12.727 0.6000000238
9981  16.092  -65.877  -9.913 0.4000000060
8903  15.492  -67.218  -9.740 0.5000000000
6028  20.771  -72.378  -13.168 0.6000000238
10566  15.378  -64.480  -11.000 0.5000000000
8911  14.488  -67.581  -10.556 0.6000000238
6607  21.215  -71.820  -13.639 0.6999999881
6621  20.495  -71.117  -13.885 0.6999999881
6029  20.023  -72.256  -13.042 0.6000000238
11141  14.868  -63.449  -12.438 0.5000000000
7250  19.681  -70.713  -15.043 0.6999999881
10016  15.376  -64.582  -13.744 0.4000000060
7275  21.763  -70.494  -17.697 0.6999999881
7276  20.840  -70.560  -17.194 0.6999999881
7261  20.644  -70.383  -16.123 0.6999999881
10027  15.244  -65.091  -14.441 0.6000000238
6678  22.179  -71.756  -19.680 0.6999999881
7294  21.707  -71.079  -18.565 0.6999999881
6664  20.300  -71.131  -18.019 0.6999999881
7277  20.002  -70.714  -16.877 0.6999999881
9519  15.733  -65.965  -14.783 0.5000000000
10044  15.060  -65.542  -15.274 0.5000000000
108162  22.416  -71.987  -20.834 0.6000000238
6691  22.017  -72.203  -20.826 0.6999999881
6679  21.096  -71.462  -18.850 0.6999999881
121360  20.388  -71.803  -19.051 0.6999999881
9535  15.494  -66.312  -15.571 0.5000000000
7927  21.343  -69.165  -20.399 0.5000000000
7333  22.517  -71.345  -20.660 0.6000000238
6121  21.313  -72.197  -21.341 0.6000000238
5408  21.972  -73.331  -13.989 0.6999999881
118614  21.489  -72.731  -13.449 0.6999999881
9459  16.057  -66.618  -9.559 0.4000000060
6041  21.981  -72.432  -13.937 0.6999999881
123432  15.893  -67.236  -9.210 0.4000000060
8904  14.792  -67.848  -9.819 0.6000000238
7235  21.091  -70.623  -14.445 0.8000000119
119227  21.298  -71.115  -13.965 0.6999999881
7248  21.411  -70.179  -15.289 0.6000000238
7249  20.464  -70.465  -15.190 0.6000000238
8325  14.860  -69.018  -7.933 0.6000000238
7260  21.458  -70.154  -16.464 0.6999999881
119526  22.630  -70.434  -17.920 0.6000000238
6676  23.623  -71.606  -20.065 0.6000000238
7140  14.180  -70.270  -7.227 0.5000000000
7315  23.285  -71.022  -20.268 0.6000000238
6690  22.949  -71.768  -20.428 0.6999999881
115467  22.961  -69.669  -19.783 0.5000000000
6620  21.905  -71.556  -14.005 0.6999999881
8895  16.588  -67.512  -8.195 0.4000000060
108182  21.869  -70.838  -14.252 0.8000000119
8897  15.374  -67.774  -9.190 0.5000000000
7247  22.436  -69.911  -14.982 0.8000000119
8324  15.648  -68.714  -7.642 0.4000000060
8886  16.104  -68.102  -8.014 0.4000000060
114285  21.882  -70.362  -14.629 0.6999999881
7737  15.319  -69.427  -7.272 0.4000000060
8337  15.296  -68.345  -8.472 0.5000000000
108772  23.439  -70.879  -18.674 0.6000000238
7259  22.354  -69.944  -16.827 0.6999999881
7729  16.483  -69.573  -6.118 0.4000000060
7292  24.210  -71.258  -19.620 0.6000000238
104993  23.561  -71.429  -19.547 0.6000000238
7127  15.448  -70.654  -6.192 0.4000000060
7738  14.538  -69.622  -7.519 0.6000000238
117123  23.943  -70.807  -19.994 0.6000000238
8468  23.210  -68.600  -19.169 0.5000000000
110952  17.081  -67.538  -7.733 0.4000000060
6619  22.550  -71.233  -14.245 0.8000000119
8323  16.418  -68.445  -7.329 0.4000000060
7234  22.620  -70.460  -14.529 0.6999999881
8311  16.078  -69.142  -6.924 0.4000000060
7853  23.534  -69.525  -15.937 0.6000000238
7854  22.757  -69.690  -15.771 0.6999999881
7274  23.196  -70.145  -17.572 0.6000000238
7871  23.787  -69.737  -17.052 0.6000000238
7717  16.679  -69.883  -5.148 0.4000000060
7718  16.102  -70.323  -5.718 0.4000000060
7314  24.002  -71.354  -19.900 0.6000000238
7115  15.683  -71.014  -5.332 0.4000000060
7911  23.930  -69.823  -19.410 0.4000000060
8322  17.203  -68.039  -7.095 0.4000000060
7824  23.868  -69.889  -14.750 0.6999999881
8309  17.552  -68.458  -6.185 0.4000000060
7839  24.141  -69.539  -15.222 0.6999999881
7840  23.307  -69.701  -15.094 0.6000000238
8298  17.102  -69.122  -5.692 0.4000000060
7273  24.093  -70.514  -18.359 0.6000000238
7870  24.750  -69.933  -17.666 0.6000000238
7098  16.346  -70.250  -4.299 0.4000000060
109891  24.657  -70.945  -19.691 0.6000000238
7099  15.670  -71.000  -4.312 0.3000000119
7910  24.908  -69.776  -19.300 0.4000000060
8453  24.786  -68.508  -18.600 0.4000000060
8452  25.513  -68.831  -18.981 0.4000000060
7716  17.184  -69.262  -4.947 0.4000000060
7706  16.913  -69.584  -4.345 0.4000000060
7271  25.410  -70.411  -18.627 0.6000000238
7291  25.213  -70.577  -19.258 0.6000000238
7312  25.815  -70.243  -19.454 0.6000000238
7909  25.725  -70.075  -19.577 0.4000000060
8467  26.219  -69.457  -19.945 0.5000000000
9392  14.382  -66.378  -3.191 0.3000000119
9035  26.181  -68.391  -19.602 0.4000000060
9389  19.224  -66.541  -3.840 0.4000000060
9391  15.291  -66.158  -2.885 0.3000000119
10501  13.038  -65.029  -5.077 0.4000000060
9923  20.335  -65.005  -3.932 0.4000000060
9893  18.183  -65.596  -2.820 0.4000000060
103701  16.284  -65.057  -3.204 0.3000000119
9909  16.898  -65.349  -2.835 0.3000000119
9924  14.211  -65.146  -4.103 0.3000000119
9911  14.710  -65.614  -3.489 0.3000000119
9925  13.460  -65.412  -4.401 0.3000000119
10479  19.321  -64.441  -3.368 0.4000000060
10480  18.618  -64.571  -3.158 0.4000000060
9908  17.590  -65.142  -2.845 0.4000000060
10483  15.692  -64.612  -3.693 0.3000000119
10484  14.955  -64.864  -3.848 0.3000000119
12390  10.803  -61.087  -7.549 0.4000000060
13094  10.849  -59.977  -9.775 0.3000000119
13770  11.247  -59.510  -10.480 0.3000000119
10499  14.453  -64.432  -4.409 0.3000000119
11086  13.936  -64.015  -4.876 0.3000000119
106337  18.284  -63.330  -3.783 0.4000000060
10481  17.810  -64.360  -3.269 0.4000000060
11063  16.885  -63.852  -3.771 0.3000000119
11064  15.969  -63.937  -4.075 0.3000000119
10498  15.189  -64.155  -4.235 0.3000000119
114264  11.827  -61.965  -6.145 0.3000000119
11085  14.641  -63.706  -4.652 0.3000000119
13081  11.302  -60.070  -8.838 0.3000000119
11097  14.066  -63.250  -5.038 0.3000000119
13080  12.075  -59.734  -8.483 0.4000000060
13760  11.634  -59.593  -9.427 0.3000000119
13759  12.206  -59.298  -8.919 0.3000000119
13769  11.710  -59.252  -9.943 0.3000000119
11082  17.169  -63.066  -4.315 0.4000000060
11083  16.329  -63.260  -4.411 0.4000000060
103104  15.918  -62.780  -4.770 0.3000000119
12389  11.875  -60.665  -7.098 0.4000000060
11713  15.292  -62.638  -4.990 0.3000000119
12382  12.282  -61.189  -6.368 0.3000000119
13069  11.629  -60.261  -7.961 0.4000000060
13064  12.854  -60.499  -6.856 0.4000000060
14479  12.044  -58.822  -9.805 0.3000000119
11711  17.435  -62.253  -4.640 0.4000000060
12363  16.740  -61.986  -5.070 0.4000000060
11722  15.990  -62.156  -5.210 0.4000000060
11723  15.226  -62.072  -5.356 0.4000000060
11724  14.446  -62.424  -5.246 0.3000000119
12380  14.211  -60.962  -6.095 0.3000000119
12381  13.268  -61.045  -6.199 0.3000000119
13067  13.268  -59.932  -7.297 0.3000000119
13758  12.813  -59.163  -8.186 0.5000000000
13068  12.517  -60.068  -7.655 0.4000000060
112084  12.318  -57.361  -10.147 0.3000000119
12371  16.434  -61.344  -5.403 0.4000000060
13055  15.822  -60.724  -5.746 0.4000000060
13056  15.053  -60.881  -5.983 0.3000000119
13736  14.013  -59.766  -6.940 0.3000000119
14461  13.978  -58.495  -7.340 0.3000000119
15190  13.701  -57.713  -7.694 0.3000000119
12373  14.720  -61.591  -5.635 0.3000000119
13062  14.554  -60.287  -6.454 0.3000000119
13743  13.459  -59.268  -7.519 0.3000000119
14462  13.228  -58.573  -7.929 0.3000000119
13063  13.731  -60.398  -6.661 0.3000000119
14478  12.580  -58.719  -8.753 0.3000000119
15965  12.345  -56.603  -10.764 0.3000000119
13052  18.723  -59.892  -4.955 0.3000000119
13053  17.382  -60.063  -5.325 0.3000000119
13734  16.111  -59.131  -5.994 0.3000000119
15176  15.448  -57.801  -6.643 0.3000000119
15946  14.916  -56.268  -7.387 0.3000000119
13054  16.562  -60.439  -5.550 0.3000000119
14449  15.472  -58.771  -6.399 0.3000000119
14450  14.723  -58.527  -6.790 0.3000000119
15189  14.550  -57.694  -7.156 0.3000000119
15947  14.283  -56.793  -7.570 0.3000000119
15960  13.396  -56.885  -8.177 0.3000000119
15202  12.962  -57.879  -8.425 0.3000000119
15964  12.928  -56.364  -8.930 0.3000000119
15203  12.414  -58.063  -9.447 0.3000000119
123878  12.563  -56.710  -9.681 0.3000000119
13727  19.049  -59.202  -5.188 0.3000000119
110808  17.326  -59.223  -5.526 0.3000000119
13729  16.692  -59.584  -5.651 0.3000000119
14448  16.182  -58.306  -6.184 0.3000000119
15188  15.121  -56.947  -7.064 0.3000000119
15959  14.324  -55.849  -7.803 0.3000000119
110167  13.571  -55.990  -8.314 0.3000000119
16634  13.037  -55.469  -9.072 0.3000000119
16639  12.389  -55.730  -11.218 0.3000000119
15945  15.692  -56.242  -7.101 0.3000000119
16620  15.129  -55.606  -7.503 0.3000000119
17328  14.098  -54.316  -8.484 0.3000000119
17329  13.277  -54.432  -9.371 0.3000000119
16638  12.606  -55.989  -9.898 0.3000000119
17341  12.690  -55.070  -10.298 0.3000000119
17315  15.441  -54.887  -7.637 0.3000000119
16621  14.619  -54.988  -7.915 0.3000000119
16633  13.783  -55.143  -8.385 0.3000000119
107147  16.378  -54.910  -7.473 0.3000000119
18037  15.809  -54.161  -7.770 0.3000000119
17327  14.937  -54.216  -8.023 0.3000000119
18053  13.732  -53.706  -9.110 0.3000000119
18066  13.397  -53.522  -10.117 0.3000000119
122284  13.520  -52.973  -10.590 0.3000000119
2699  21.012  -80.540  -19.057 0.5000000000
108934  20.609  -80.339  -19.799 0.5000000000
119436  21.247  -79.976  -20.640 0.4000000060
6668  12.911  -71.974  -18.190 0.6999999881
6683  11.334  -71.119  -18.781 0.6999999881
2719  21.676  -80.438  -20.368 0.5000000000
5465  15.902  -73.856  -19.420 0.6000000238
6030  18.256  -73.114  -13.080 0.5000000000
111333  16.407  -73.900  -19.991 0.6000000238
7236  20.241  -70.701  -14.512 0.8000000119
6608  20.437  -71.782  -13.483 0.6999999881
7262  19.850  -70.601  -15.880 0.6000000238
7912  22.086  -69.046  -20.121 0.5000000000
7295  21.090  -70.858  -18.038 0.6999999881
7731  14.996  -70.120  -6.914 0.4000000060
8469  22.351  -68.342  -19.728 0.5000000000
7272  24.846  -70.829  -19.076 0.6000000238
8454  24.080  -68.679  -18.751 0.4000000060
7852  24.387  -69.456  -16.246 0.6000000238
7083  16.470  -69.618  -3.552 0.3000000119
119818  25.124  -70.537  -19.375 0.4000000060
114725  19.360  -65.708  -3.460 0.4000000060
12362  17.217  -61.520  -5.061 0.3000000119
13728  18.104  -59.339  -5.297 0.3000000119
7837  26.546  -69.715  -15.226 0.5000000000
7231  25.290  -70.343  -14.614 0.5000000000
7232  24.324  -70.331  -14.585 0.6999999881
6617  24.687  -71.063  -14.521 0.6999999881
6040  22.552  -72.129  -14.289 0.6000000238
7822  25.640  -69.712  -14.916 0.5000000000
7823  24.737  -69.781  -14.797 0.6000000238
6618  23.849  -71.019  -14.468 0.6000000238
5420  22.938  -73.527  -15.402 0.6000000238
4962  22.465  -74.063  -15.346 0.6000000238
6636  25.023  -71.787  -14.803 0.6999999881
6056  24.536  -72.446  -15.216 0.6000000238
5419  23.449  -73.152  -15.401 0.6000000238
6038  24.202  -71.791  -14.655 0.6999999881
6057  23.775  -72.535  -14.976 0.6000000238
5407  22.481  -73.164  -14.605 0.6000000238
105037  25.908  -69.405  -15.683 0.5000000000
6055  25.418  -72.433  -15.547 0.6999999881
6070  24.741  -72.963  -15.894 0.6999999881
5434  24.427  -73.684  -16.455 0.6000000238
5435  23.476  -73.771  -16.069 0.6000000238
115436  26.411  -72.105  -15.499 0.6000000238
5418  24.061  -73.099  -15.684 0.6000000238
6054  27.341  -71.831  -15.578 0.6000000238
120827  26.900  -69.480  -16.871 0.5000000000
7851  25.270  -69.433  -16.511 0.5000000000
6068  26.916  -72.590  -16.158 0.6999999881
5433  25.304  -73.240  -16.368 0.6000000238
106204  23.122  -74.520  -16.593 0.6000000238
7868  27.528  -69.661  -17.511 0.5000000000
7850  26.110  -69.477  -16.892 0.5000000000
7289  27.528  -70.335  -19.469 0.5000000000
7869  26.583  -69.773  -17.893 0.5000000000
7310  27.400  -70.419  -20.489 0.4000000060
7842  13.085  -69.601  -15.912 0.4000000060
7252  14.458  -70.591  -15.616 0.4000000060
7841  13.932  -69.468  -15.268 0.4000000060
7238  14.788  -69.921  -14.812 0.5000000000
7237  15.383  -70.496  -14.367 0.5000000000
7826  15.015  -69.609  -13.934 0.5000000000
7888  27.018  -70.124  -18.766 0.5000000000
7223  15.625  -70.198  -13.532 0.5000000000
7182  15.133  -70.908  -10.834 0.6000000238
7290  26.836  -70.318  -19.729 0.4000000060
121111  16.172  -70.730  -13.230 0.5000000000
115982  15.851  -70.142  -12.692 0.5000000000
7192  15.578  -70.468  -11.369 0.5000000000
7828  13.676  -68.883  -14.606 0.5000000000
7827  14.333  -69.169  -14.356 0.5000000000
7812  13.813  -68.829  -13.930 0.5000000000
7811  14.352  -69.165  -13.464 0.5000000000
7795  14.236  -69.504  -12.620 0.5000000000
7794  15.074  -69.570  -12.977 0.5000000000
7209  15.122  -69.911  -12.061 0.5000000000
104285  26.471  -70.242  -19.790 0.5000000000
7345  27.788  -70.190  -21.552 0.4000000060
7311  26.855  -70.226  -20.513 0.4000000060
7332  27.150  -70.038  -21.248 0.4000000060
7879  10.414  -69.142  -17.638 0.5000000000
7796  13.533  -69.074  -13.234 0.5000000000
7889  26.119  -70.387  -19.082 0.5000000000
7908  26.370  -70.123  -20.058 0.4000000060
116550  11.152  -67.854  -17.642 0.5000000000
8999  10.949  -67.383  -17.013 0.5000000000
9550  9.768  -66.955  -16.104 0.5000000000
9016  10.447  -68.077  -17.454 0.5000000000
7925  26.702  -69.752  -20.720 0.4000000060
9548  11.462  -66.611  -16.541 0.5000000000
10049  11.034  -65.687  -15.971 0.5000000000
10066  11.865  -65.919  -16.197 0.5000000000
106369  10.981  -64.712  -15.427 0.5000000000
9536  10.075  -65.929  -15.851 0.5000000000
9537  9.225  -66.144  -15.603 0.4000000060
10048  11.906  -65.006  -15.734 0.5000000000
10631  10.262  -64.559  -15.117 0.6000000238
10050  9.545  -65.114  -15.237 0.6000000238
10047  12.879  -64.965  -15.740 0.5000000000
11177  12.235  -63.803  -14.847 0.5000000000
110744  10.904  -64.268  -15.024 0.5000000000
10614  10.450  -64.346  -14.637 0.6000000238
10615  9.644  -64.594  -14.646 0.6000000238
10029  8.995  -64.862  -14.601 0.6000000238
9520  8.051  -66.059  -14.665 0.5000000000
9521  7.518  -65.561  -13.759 0.5000000000
10022  6.810  -65.350  -13.019 0.5000000000
10628  13.216  -64.186  -15.316 0.5000000000
11167  12.797  -63.646  -14.467 0.5000000000
120954  12.542  -63.817  -13.929 0.5000000000
10597  11.748  -64.095  -14.064 0.5000000000
10017  12.394  -64.361  -13.628 0.6000000238
10020  9.385  -64.788  -13.680 0.6000000238
10021  8.502  -64.984  -13.631 0.6000000238
109869  7.641  -65.190  -13.333 0.6000000238
10007  6.903  -65.181  -12.557 0.5000000000
8354  8.520  -69.077  -9.753 0.5000000000
9478  6.015  -65.432  -11.187 0.5000000000
120245  13.505  -63.809  -14.817 0.5000000000
10596  13.237  -63.746  -13.545 0.5000000000
10587  13.290  -64.434  -13.085 0.6000000238
10002  12.723  -65.460  -13.149 0.6000000238
9493  11.889  -66.212  -12.876 0.6000000238
10004  9.979  -65.373  -13.215 0.6000000238
9494  10.680  -66.201  -12.795 0.6000000238
10005  8.991  -65.197  -13.125 0.6000000238
9495  9.640  -65.925  -12.661 0.6000000238
10006  7.938  -65.171  -12.861 0.6000000238
114139  8.085  -65.625  -12.123 0.5000000000
9991  6.337  -65.098  -11.843 0.5000000000
9477  7.156  -65.641  -11.488 0.5000000000
114549  7.650  -66.797  -10.915 0.5000000000
9465  6.656  -66.131  -10.904 0.5000000000
114476  7.782  -67.806  -10.403 0.5000000000
10001  13.511  -65.414  -12.638 0.6000000238
9492  13.016  -66.362  -12.619 0.6000000238
9473  12.363  -67.095  -12.224 0.6000000238
8928  11.694  -67.596  -11.582 0.6000000238
9474  11.267  -67.017  -12.312 0.6000000238
9475  10.198  -66.776  -12.226 0.6000000238
8929  10.688  -67.471  -11.636 0.6000000238
9476  9.153  -66.275  -12.087 0.5000000000
8930  9.610  -67.164  -11.577 0.5000000000
8931  8.458  -66.525  -11.495 0.5000000000
8916  10.127  -67.921  -11.018 0.5000000000
8352  10.218  -68.995  -9.867 0.6000000238
8917  8.897  -67.627  -10.866 0.5000000000
8364  8.687  -68.484  -10.217 0.5000000000
7768  9.829  -69.529  -9.338 0.5000000000
107210  10.038  -70.389  -8.468 0.5000000000
8926  13.388  -67.682  -11.270 0.6000000238
8913  12.904  -68.127  -10.792 0.6000000238
8361  11.492  -68.491  -10.366 0.6000000238
8362  10.634  -68.488  -10.423 0.6000000238
7767  10.682  -69.426  -9.298 0.6000000238
7751  10.311  -69.918  -8.775 0.5000000000
8912  13.728  -67.942  -10.705 0.6000000238
8351  11.052  -68.919  -9.826 0.6000000238
7750  11.138  -69.779  -8.677 0.6000000238
7155  10.744  -70.410  -8.203 0.5000000000
8338  14.294  -68.797  -8.635 0.6000000238
8349  14.109  -68.448  -9.486 0.6000000238
8339  13.400  -68.920  -9.055 0.6000000238
7765  12.440  -69.026  -9.367 0.6000000238
7766  11.512  -69.300  -9.277 0.6000000238
7154  11.648  -70.198  -8.090 0.5000000000
7748  14.189  -69.288  -8.028 0.6000000238
108588  12.827  -69.416  -8.541 0.6000000238
111010  13.784  -69.721  -7.733 0.6000000238
108145  11.991  -69.591  -8.632 0.6000000238
110659  13.240  -70.326  -7.502 0.6000000238
6523  13.487  -71.914  -6.588 0.5000000000
6522  14.345  -71.638  -6.263 0.4000000060
6058  23.081  -72.730  -14.814 0.6000000238
6039  23.302  -71.767  -14.472 0.6999999881
103924  25.926  -69.968  -18.072 0.5000000000
7288  28.328  -70.270  -18.964 0.5000000000
7210  14.048  -70.005  -11.871 0.6000000238
10018  11.316  -64.609  -13.729 0.6000000238
10003  11.013  -65.418  -13.295 0.6000000238
9496  8.756  -65.566  -12.566 0.6000000238
8350  13.283  -68.471  -9.984 0.6000000238
110897  11.762  -68.839  -9.797 0.6000000238
7153  12.492  -69.950  -7.989 0.6000000238
7141  12.284  -70.739  -7.513 0.6000000238
2682  20.888  -80.315  -16.869 0.4000000060
3321  22.633  -78.913  -15.866 0.5000000000
2982  22.992  -79.279  -16.989 0.5000000000
2983  22.222  -79.573  -16.509 0.4000000060
2992  21.789  -80.048  -17.302 0.4000000060
2688  22.262  -80.413  -18.429 0.4000000060
2689  21.403  -80.407  -18.177 0.4000000060
3319  24.043  -78.266  -17.100 0.5000000000
3320  23.301  -78.539  -16.510 0.5000000000
3002  23.055  -80.386  -18.534 0.5000000000
2698  21.860  -80.675  -19.269 0.4000000060
3331  24.446  -79.013  -17.895 0.5000000000
2989  23.981  -79.567  -18.055 0.5000000000
3001  23.825  -80.263  -18.589 0.5000000000
2696  23.470  -80.639  -19.365 0.5000000000
2697  22.650  -80.708  -19.343 0.4000000060
2707  22.962  -80.769  -20.022 0.4000000060
3330  25.408  -79.421  -18.469 0.5000000000
3000  24.580  -79.970  -18.538 0.5000000000
2999  26.265  -80.175  -19.039 0.5000000000
2695  24.360  -80.517  -19.356 0.5000000000
113764  23.865  -80.674  -20.016 0.5000000000
2718  22.383  -80.483  -20.358 0.4000000060
4547  23.307  -75.493  -17.664 0.5000000000
4548  22.483  -75.765  -17.456 0.4000000060
4568  22.937  -76.183  -18.162 0.4000000060
4119  23.354  -76.638  -19.013 0.4000000060
4128  22.851  -77.275  -19.657 0.4000000060
2706  24.949  -80.499  -19.947 0.5000000000
3729  23.060  -77.698  -20.396 0.4000000060
3744  22.346  -78.320  -20.642 0.4000000060
3370  22.011  -79.188  -20.820 0.4000000060
124564  25.668  -80.228  -20.067 0.4000000060
2716  24.145  -80.335  -20.291 0.5000000000
3016  22.599  -79.884  -20.722 0.4000000060
2717  23.215  -80.448  -20.328 0.4000000060
4126  24.745  -76.802  -19.960 0.4000000060
4127  23.821  -77.150  -19.950 0.4000000060
3012  26.854  -79.635  -20.152 0.4000000060
3743  23.321  -78.196  -20.737 0.4000000060
3369  22.885  -78.984  -20.840 0.4000000060
3013  25.865  -79.629  -20.317 0.4000000060
110608  25.069  -79.279  -20.510 0.4000000060
3368  24.635  -78.552  -20.688 0.4000000060
3015  23.472  -79.717  -20.649 0.4000000060
4986  23.597  -74.817  -17.190 0.5000000000
4546  24.277  -75.203  -17.853 0.4000000060
5003  25.058  -75.274  -18.327 0.4000000060
4565  25.511  -75.807  -19.084 0.4000000060
4583  25.468  -76.492  -19.920 0.4000000060
4125  25.277  -76.982  -20.415 0.4000000060
4137  25.429  -77.301  -20.608 0.4000000060
4139  23.812  -77.705  -20.571 0.4000000060
3366  26.338  -78.735  -20.543 0.4000000060
123956  25.898  -78.010  -20.772 0.4000000060
3742  25.166  -77.821  -20.754 0.4000000060
4974  23.815  -74.277  -16.689 0.5000000000
4985  24.408  -74.443  -17.169 0.5000000000
5448  25.203  -74.003  -17.055 0.6000000238
105072  25.103  -74.666  -17.754 0.5000000000
4582  26.229  -76.173  -19.869 0.4000000060
4593  26.906  -76.582  -20.500 0.4000000060
4135  27.674  -76.949  -20.891 0.4000000060
4984  25.975  -74.286  -17.669 0.4000000060
5432  25.948  -73.580  -16.920 0.5000000000
5001  26.510  -74.770  -18.421 0.4000000060
4581  27.082  -75.851  -19.799 0.4000000060
4983  26.854  -74.182  -17.846 0.5000000000
5000  27.269  -74.652  -18.527 0.4000000060
4563  26.969  -75.235  -19.006 0.4000000060
106661  27.922  -75.837  -20.077 0.4000000060
5431  26.651  -73.257  -16.744 0.6000000238
6069  26.092  -72.851  -16.236 0.6000000238
5463  27.768  -73.956  -17.880 0.5000000000
4999  28.008  -74.636  -18.713 0.4000000060
116141  25.365  -71.145  -14.607 0.5000000000
9989  13.772  -66.185  -12.249 0.5000000000
8925  14.125  -67.333  -11.263 0.5000000000
106419  14.773  -68.265  -9.138 0.5000000000
9471  14.339  -66.397  -11.652 0.5000000000
8905  14.095  -68.124  -10.148 0.5000000000
9472  13.456  -67.092  -11.957 0.5000000000
3332  23.708  -79.035  -17.413 0.5000000000
2991  22.615  -79.894  -17.648 0.5000000000
4567  23.787  -75.943  -18.409 0.4000000060
122101  24.944  -76.306  -19.369 0.4000000060
3367  25.480  -78.603  -20.637 0.4000000060
5002  25.747  -75.017  -18.377 0.4000000060
4564  26.350  -75.486  -19.089 0.4000000060
4124  26.012  -76.857  -20.526 0.4000000060
4136  26.763  -77.184  -20.802 0.4000000060
113741  27.582  -76.360  -20.476 0.4000000060
5447  26.501  -73.768  -17.327 0.5000000000
114334  27.166  -73.554  -17.271 0.6000000238
5017  27.596  -75.273  -19.283 0.5000000000
5430  28.066  -73.077  -16.932 0.5000000000
7340  31.969  -69.987  -21.742 0.3000000119
7327  31.582  -70.119  -21.775 0.3000000119
7307  31.104  -70.627  -21.202 0.3000000119
7341  31.211  -70.015  -21.931 0.3000000119
7921  31.822  -69.919  -21.763 0.3000000119
8434  32.348  -69.219  -18.687 0.3000000119
8449  31.539  -69.202  -19.569 0.3000000119
7306  32.165  -70.534  -20.708 0.3000000119
116970  31.378  -70.930  -18.099 0.4000000060
116766  30.719  -70.624  -18.579 0.4000000060
7326  32.371  -70.098  -21.505 0.3000000119
7269  29.891  -70.392  -18.184 0.4000000060
7287  30.323  -70.733  -19.919 0.4000000060
7848  28.314  -69.744  -16.696 0.4000000060
7836  27.433  -69.749  -15.618 0.4000000060
7904  32.998  -69.665  -20.896 0.3000000119
105341  30.206  -70.689  -21.445 0.3000000119
103202  29.182  -70.591  -19.705 0.4000000060
7907  30.386  -69.476  -21.005 0.3000000119
7329  29.608  -70.617  -21.701 0.3000000119
6663  30.863  -71.390  -17.094 0.4000000060
6066  30.200  -71.638  -16.664 0.4000000060
6649  28.937  -71.564  -16.008 0.4000000060
6633  27.778  -71.063  -15.342 0.4000000060
7285  32.066  -70.905  -19.099 0.4000000060
7256  30.122  -70.986  -16.662 0.4000000060
6632  28.634  -71.049  -15.712 0.4000000060
7245  28.182  -70.363  -15.565 0.4000000060
7284  32.694  -70.878  -19.778 0.3000000119
7268  30.573  -70.733  -17.421 0.4000000060
6631  28.888  -70.664  -15.938 0.4000000060
7230  26.258  -70.284  -14.756 0.4000000060
7919  33.056  -69.854  -21.209 0.3000000119
7270  29.182  -70.057  -17.095 0.4000000060
7246  27.204  -70.370  -15.093 0.4000000060
7903  33.815  -69.912  -20.599 0.3000000119
7867  28.408  -69.859  -17.761 0.4000000060
7309  28.182  -70.577  -20.241 0.4000000060
5444  30.628  -73.051  -17.400 0.4000000060
6088  29.160  -72.758  -16.787 0.4000000060
5443  31.487  -72.900  -17.628 0.4000000060
6086  31.008  -72.175  -17.166 0.4000000060
6087  30.109  -72.432  -16.829 0.4000000060
6067  28.642  -72.250  -16.275 0.4000000060
6688  33.858  -71.269  -20.173 0.3000000119
6661  32.147  -71.850  -17.926 0.4000000060
120613  34.217  -70.442  -20.456 0.3000000119
7918  33.784  -70.038  -20.904 0.3000000119
6634  26.728  -71.173  -14.973 0.4000000060
5446  28.717  -73.504  -17.537 0.4000000060
5445  29.679  -73.260  -17.377 0.4000000060
7330  28.161  -70.529  -21.334 0.3000000119
7344  28.748  -70.344  -21.739 0.3000000119
109898  29.036  -70.564  -21.687 0.3000000119
6635  25.833  -71.608  -14.910 0.4000000060
106144  27.751  -72.419  -16.213 0.4000000060
117264  27.298  -73.007  -16.663 0.4000000060
5462  28.457  -74.117  -18.241 0.4000000060
7286  31.354  -70.721  -19.564 0.3000000119
7922  30.853  -69.967  -21.975 0.3000000119
7906  31.297  -69.526  -21.022 0.3000000119
6662  31.578  -71.694  -17.552 0.4000000060
118768  29.929  -70.481  -16.999 0.4000000060
107071  29.026  -70.179  -18.277 0.4000000060
7835  28.108  -69.784  -15.991 0.4000000060
7308  29.657  -70.870  -20.761 0.4000000060
105603  29.480  -71.933  -16.369 0.4000000060
6648  29.404  -71.162  -16.208 0.4000000060
7305  33.145  -70.411  -20.704 0.3000000119
6085  31.839  -72.267  -17.685 0.4000000060
6673  33.354  -71.981  -19.048 0.3000000119
6704  34.050  -70.557  -20.544 0.3000000119
2302  24.093  -80.810  -13.595 0.3000000119
2313  24.702  -81.576  -14.198 0.3000000119
2658  24.923  -79.773  -13.593 0.3000000119
2301  25.490  -80.663  -13.956 0.3000000119
2659  23.339  -79.936  -13.350 0.3000000119
2314  23.489  -81.618  -13.903 0.3000000119
2961  25.073  -78.289  -13.356 0.3000000119
112390  25.613  -79.074  -13.394 0.3000000119
2657  26.066  -79.926  -13.650 0.3000000119
107635  23.695  -78.445  -13.545 0.3000000119
118892  24.126  -79.052  -13.350 0.3000000119
2303  22.923  -80.846  -13.518 0.3000000119
2984  21.343  -79.957  -15.871 0.3000000119
3279  25.617  -78.196  -12.857 0.3000000119
2960  25.778  -78.619  -13.066 0.3000000119
3677  24.868  -77.073  -13.314 0.3000000119
3289  25.345  -77.866  -13.117 0.3000000119
2948  26.144  -79.495  -13.219 0.3000000119
2962  22.452  -79.545  -13.687 0.3000000119
3311  23.026  -78.184  -15.392 0.3000000119
2976  21.976  -79.355  -15.214 0.3000000119
3678  24.062  -77.140  -13.789 0.3000000119
121227  23.096  -79.259  -13.473 0.3000000119
106365  23.558  -77.895  -13.821 0.3000000119
4082  23.736  -76.735  -14.865 0.3000000119
3697  23.383  -77.424  -15.075 0.3000000119
3312  22.552  -78.717  -14.644 0.3000000119
3706  23.566  -77.729  -16.114 0.3000000119
3721  26.530  -78.330  -18.333 0.4000000060
3713  24.993  -78.135  -17.650 0.4000000060
1948  28.499  -82.450  -11.370 0.3000000119
1947  30.093  -82.821  -11.712 0.3000000119
2656  26.513  -80.447  -13.671 0.3000000119
2668  26.572  -80.755  -14.096 0.3000000119
2924  24.953  -79.897  -10.846 0.3000000119
2623  25.832  -80.870  -11.135 0.3000000119
2261  26.489  -81.501  -10.930 0.3000000119
1957  27.826  -82.400  -12.092 0.3000000119
1956  29.152  -82.811  -12.443 0.3000000119
3267  24.893  -78.181  -11.427 0.3000000119
2636  25.940  -80.293  -12.109 0.3000000119
2635  26.276  -81.101  -11.986 0.3000000119
1966  28.425  -82.540  -13.192 0.3000000119
2646  26.171  -79.522  -12.859 0.3000000119
2645  26.499  -80.305  -13.065 0.3000000119
2293  27.040  -81.096  -13.627 0.3000000119
2299  27.920  -82.090  -14.163 0.3000000119
2300  27.151  -81.315  -14.219 0.3000000119
124717  22.742  -79.726  -13.475 0.3000000119
2660  22.369  -80.206  -13.551 0.3000000119
3266  25.522  -78.515  -12.286 0.3000000119
3301  23.141  -78.036  -14.356 0.3000000119
2260  27.551  -81.533  -9.624 0.3000000119
2310  27.963  -82.126  -14.866 0.3000000119
2937  25.637  -79.465  -12.031 0.3000000119
123217  26.064  -81.040  -10.321 0.3000000119
2292  27.396  -81.958  -12.939 0.3000000119
3705  24.353  -77.416  -16.733 0.3000000119
108128  32.604  -78.581  -18.932 0.3000000119
3718  31.811  -78.802  -18.828 0.3000000119
3342  30.981  -79.138  -18.979 0.3000000119
3343  30.024  -79.369  -19.064 0.4000000060
3344  29.093  -79.593  -19.161 0.4000000060
3004  27.802  -79.844  -19.502 0.3000000119
123283  26.648  -80.146  -19.465 0.3000000119
3728  32.165  -78.765  -19.417 0.3000000119
3362  30.774  -78.909  -20.056 0.4000000060
3355  29.569  -79.425  -19.581 0.4000000060
3738  29.272  -78.244  -20.555 0.4000000060
3365  27.295  -78.847  -20.470 0.3000000119
4134  28.653  -77.028  -20.995 0.4000000060
114343  28.255  -77.879  -20.765 0.4000000060
113488  27.402  -77.777  -20.793 0.3000000119
4592  28.265  -76.415  -20.658 0.3000000119
4539  33.383  -75.558  -17.881 0.3000000119
4560  32.984  -76.804  -18.577 0.3000000119
114028  30.877  -78.682  -18.768 0.4000000060
3720  29.561  -79.192  -18.861 0.4000000060
2997  28.150  -79.656  -19.205 0.3000000119
3345  27.413  -79.306  -18.769 0.3000000119
4559  33.723  -76.922  -18.691 0.3000000119
4112  33.727  -77.532  -18.965 0.3000000119
3727  32.911  -78.440  -19.228 0.3000000119
3734  32.640  -78.010  -20.050 0.3000000119
3736  30.862  -77.860  -20.521 0.3000000119
3737  30.110  -77.954  -20.546 0.4000000060
111477  32.861  -76.982  -20.440 0.3000000119
4590  31.566  -76.113  -20.679 0.3000000119
4131  31.010  -76.759  -20.752 0.3000000119
4132  30.272  -77.037  -20.850 0.4000000060
4133  29.537  -77.028  -20.943 0.4000000060
111852  30.854  -76.040  -20.665 0.3000000119
113170  30.083  -76.347  -20.724 0.4000000060
4591  29.108  -76.395  -20.731 0.4000000060
4997  30.484  -74.494  -18.843 0.3000000119
115416  30.005  -75.170  -19.590 0.4000000060
4579  29.555  -75.741  -20.311 0.4000000060
4580  28.695  -75.812  -20.251 0.4000000060
5459  31.019  -73.729  -18.097 0.3000000119
4998  28.751  -74.636  -18.840 0.4000000060
112611  29.573  -74.572  -18.854 0.3000000119
4496  32.263  -76.029  -15.010 0.3000000119
4508  31.731  -75.088  -15.612 0.3000000119
4956  31.069  -74.713  -16.026 0.3000000119
4970  30.154  -74.652  -16.160 0.3000000119
4520  33.477  -74.844  -16.914 0.3000000119
4521  32.655  -74.883  -16.916 0.3000000119
4541  31.285  -75.468  -17.750 0.3000000119
4524  29.906  -75.135  -16.990 0.3000000119
4981  35.144  -75.010  -17.541 0.3000000119
4982  34.276  -75.120  -17.421 0.3000000119
4540  32.285  -75.470  -17.841 0.3000000119
4562  31.017  -76.331  -18.368 0.3000000119
4099  30.311  -76.935  -18.546 0.3000000119
4100  29.270  -76.821  -18.387 0.3000000119
119079  27.904  -77.466  -18.372 0.3000000119
111902  27.294  -78.062  -18.426 0.3000000119
3711  26.542  -77.308  -17.899 0.3000000119
3712  25.812  -77.634  -17.762 0.3000000119
4538  34.543  -75.703  -18.277 0.3000000119
4578  31.279  -75.580  -20.347 0.3000000119
116906  30.439  -75.654  -20.317 0.3000000119
5013  31.840  -74.967  -19.737 0.3000000119
5014  30.906  -75.062  -19.648 0.3000000119
104507  31.870  -73.562  -18.240 0.3000000119
5460  30.072  -73.849  -18.114 0.3000000119
4070  32.590  -77.073  -14.288 0.3000000119
4507  32.813  -75.339  -15.437 0.3000000119
4955  32.173  -74.829  -16.134 0.3000000119
4969  34.213  -74.700  -16.341 0.3000000119
4522  31.675  -74.898  -16.846 0.3000000119
3704  25.158  -77.089  -17.125 0.3000000119
120614  33.208  -77.640  -13.742 0.3000000119
125224  33.644  -76.487  -14.228 0.3000000119
4506  33.593  -75.817  -14.644 0.3000000119
124754  33.533  -75.176  -15.394 0.3000000119
4954  33.254  -74.779  -16.116 0.3000000119
116768  35.060  -74.653  -16.659 0.3000000119
107794  33.552  -76.982  -13.803 0.3000000119
4494  33.749  -75.988  -14.198 0.3000000119
4493  34.050  -75.041  -14.852 0.3000000119
118174  34.087  -74.914  -15.370 0.3000000119
3722  25.816  -78.524  -18.214 0.3000000119
3346  26.466  -79.457  -18.668 0.3000000119
2998  27.213  -79.921  -19.165 0.3000000119
3010  28.416  -79.687  -19.570 0.3000000119
3739  27.958  -78.605  -20.509 0.4000000060
5016  28.336  -75.277  -19.482 0.4000000060
5442  32.134  -72.836  -17.931 0.3000000119
4113  33.314  -77.966  -18.863 0.3000000119
3341  31.808  -78.939  -18.944 0.3000000119
4114  32.463  -78.064  -18.699 0.3000000119
3354  30.483  -79.295  -19.405 0.4000000060
125196  28.990  -79.609  -19.507 0.4000000060
3364  28.709  -79.193  -20.147 0.4000000060
124566  34.094  -76.052  -18.330 0.3000000119
4561  31.892  -76.529  -18.480 0.3000000119
4116  29.905  -78.343  -18.644 0.3000000119
4115  31.451  -77.725  -18.637 0.3000000119
4117  28.900  -77.973  -18.552 0.4000000060
103176  28.428  -79.035  -18.782 0.3000000119
105764  34.092  -76.673  -18.755 0.3000000119
4111  34.149  -76.983  -18.954 0.3000000119
3733  33.297  -77.839  -19.578 0.3000000119
4996  31.435  -74.393  -18.859 0.3000000119
4523  30.748  -74.960  -16.847 0.3000000119
4542  30.411  -75.628  -17.786 0.3000000119
116504  29.609  -75.858  -17.800 0.3000000119
4995  32.377  -74.205  -18.953 0.3000000119
7208  16.144  -70.346  -11.933 0.4000000060
2272  30.407  -82.566  -10.905 0.3000000119
2274  27.377  -82.057  -11.126 0.3000000119
2283  26.907  -81.814  -11.920 0.3000000119
2304  22.182  -80.894  -13.622 0.3000000119
2624  25.472  -80.288  -11.274 0.3000000119
2661  21.671  -80.657  -13.822 0.3000000119
2694  25.316  -80.340  -19.212 0.5000000000
2704  26.413  -80.088  -19.938 0.4000000060
2705  25.924  -80.299  -19.631 0.3000000119
2708  22.168  -80.770  -19.999 0.4000000060
2715  25.042  -80.100  -20.304 0.5000000000
2720  21.033  -80.213  -20.369 0.4000000060
2949  25.946  -78.886  -12.892 0.3000000119
2990  23.365  -79.730  -17.872 0.5000000000
3011  27.680  -79.697  -19.906 0.3000000119
3014  24.341  -79.497  -20.553 0.4000000060
3290  24.373  -77.656  -13.514 0.3000000119
3291  22.879  -78.754  -13.806 0.3000000119
3353  31.316  -79.095  -19.355 0.3000000119
3361  31.431  -78.738  -20.008 0.3000000119
3363  30.096  -79.032  -20.099 0.4000000060
3371  21.147  -79.290  -20.775 0.4000000060
3687  23.594  -77.297  -14.247 0.3000000119
3717  33.341  -78.156  -18.983 0.3000000119
3719  30.329  -79.180  -18.875 0.3000000119
3735  31.723  -77.920  -20.385 0.3000000119
3740  26.600  -77.903  -20.774 0.3000000119
3741  25.982  -77.468  -20.711 0.4000000060
4062  24.464  -76.439  -13.686 0.3000000119
4069  33.355  -76.846  -14.242 0.3000000119
4118  24.230  -76.461  -19.232 0.4000000060
4123  33.769  -77.535  -19.157 0.3000000119
4130  32.001  -76.932  -20.614 0.3000000119
4138  24.653  -77.416  -20.508 0.4000000060
4466  21.255  -75.242  -11.740 0.6000000238
4495  32.946  -76.383  -14.752 0.3000000119
4558  34.435  -76.091  -18.672 0.3000000119
4566  24.644  -75.830  -18.674 0.4000000060
4930  33.295  -74.990  -13.503 0.3000000119
4968  35.648  -74.615  -16.923 0.3000000119
4976  21.873  -75.177  -16.044 0.6999999881
5015  29.129  -75.248  -19.574 0.4000000060
5381  20.753  -73.257  -12.076 0.6000000238
5423  15.881  -73.447  -16.516 0.6999999881
5436  17.093  -73.492  -17.063 0.6000000238
5437  16.436  -73.614  -16.791 0.6999999881
5461  29.177  -73.960  -18.182 0.4000000060
5466  15.575  -73.613  -19.828 0.6999999881
5478  16.912  -73.874  -20.034 0.6000000238
5486  17.015  -73.712  -20.223 0.6999999881
6002  20.142  -73.029  -11.726 0.6000000238
6045  16.083  -72.791  -14.954 0.6999999881
6053  28.240  -71.656  -15.775 0.4000000060
6060  15.989  -73.242  -15.694 0.6999999881
6074  14.425  -72.546  -17.364 0.6999999881
6112  21.483  -72.277  -21.204 0.6000000238
6122  21.008  -72.378  -21.228 0.6000000238
6126  20.856  -72.274  -21.308 0.6000000238
6561  16.982  -71.844  -9.839 0.5000000000
6588  17.413  -71.604  -11.157 0.5000000000
6589  16.840  -71.048  -10.913 0.5000000000
6616  25.919  -70.889  -14.661 0.5000000000
6653  14.199  -71.797  -16.861 0.6999999881
6654  13.384  -71.507  -17.161 0.6000000238
6669  11.661  -71.229  -18.195 0.6000000238
6674  32.610  -71.531  -18.700 0.4000000060
6675  31.987  -71.394  -18.146 0.4000000060
6677  23.191  -71.693  -19.849 0.6999999881
6682  11.735  -71.529  -19.075 0.6999999881
6689  33.198  -71.234  -19.699 0.3000000119
6698  12.692  -71.911  -19.791 0.6999999881
6700  11.526  -71.212  -19.319 0.6999999881
6705  23.268  -71.853  -20.311 0.6999999881
6706  21.789  -72.103  -21.252 0.6000000238
6708  20.201  -72.215  -21.273 0.6000000238
7114  16.149  -70.561  -4.956 0.4000000060
7128  14.670  -70.857  -6.583 0.5000000000
7129  13.852  -71.024  -6.923 0.6000000238
7130  13.083  -71.110  -7.139 0.5000000000
7181  16.040  -70.857  -10.757 0.5000000000
7191  16.324  -70.660  -11.315 0.4000000060
7193  14.668  -70.456  -11.394 0.6000000238
7233  23.477  -70.386  -14.567 0.6000000238
7251  15.089  -70.801  -15.058 0.5000000000
7257  29.417  -70.563  -16.418 0.4000000060
7258  28.723  -70.113  -16.204 0.4000000060
7264  12.986  -70.592  -16.639 0.6000000238
7293  22.661  -71.133  -18.842 0.6999999881
7299  11.259  -70.715  -19.001 0.6999999881
7313  24.604  -70.884  -19.724 0.6000000238
7321  12.114  -71.280  -19.726 0.6999999881
7322  11.656  -71.108  -19.575 0.6999999881
7325  33.098  -69.945  -21.211 0.3000000119
7331  27.409  -70.300  -21.136 0.4000000060
7334  21.921  -71.775  -21.245 0.6000000238
7338  17.934  -72.522  -20.623 0.6000000238
7339  32.452  -69.861  -21.423 0.3000000119
7691  17.107  -69.170  -3.809 0.4000000060
7705  17.449  -68.967  -4.391 0.4000000060
7730  15.742  -69.867  -6.526 0.4000000060
7739  13.156  -69.714  -7.973 0.6000000238
7749  13.591  -69.322  -8.329 0.6000000238
7769  8.923  -69.593  -9.389 0.5000000000
7825  23.147  -70.000  -14.738 0.6999999881
7838  25.031  -69.425  -15.409 0.5000000000
7849  27.540  -69.570  -16.350 0.4000000060
7855  22.041  -69.863  -15.777 0.6999999881
7872  23.073  -69.720  -16.599 0.6000000238
7890  17.995  -69.373  -18.677 0.6000000238
7893  15.110  -69.852  -18.424 0.8000000119
7898  10.627  -69.200  -18.201 0.6000000238
7920  32.408  -69.796  -21.414 0.3000000119
7926  22.358  -70.138  -20.435 0.6000000238
7929  19.600  -70.060  -20.396 0.6000000238
7932  28.875  -69.991  -21.883 0.3000000119
7933  27.999  -69.970  -21.767 0.4000000060
8310  16.806  -68.785  -6.554 0.4000000060
8353  9.332  -69.038  -9.840 0.5000000000
8360  12.316  -68.513  -10.202 0.6000000238
8363  9.677  -68.454  -10.401 0.5000000000
8426  15.899  -68.327  -16.546 0.5000000000
8444  10.316  -68.690  -17.608 0.5000000000
8458  12.872  -68.979  -18.659 0.6000000238
8460  11.243  -68.833  -18.470 0.6000000238
8464  30.501  -69.080  -19.884 0.3000000119
8472  19.367  -68.371  -19.357 0.6000000238
8827  13.944  -67.216  -3.021 0.3000000119
8873  17.980  -67.779  -6.576 0.4000000060
8885  16.669  -67.906  -7.677 0.4000000060
8896  15.975  -67.652  -8.662 0.5000000000
8910  15.094  -67.205  -10.282 0.6000000238
8914  12.030  -68.112  -10.916 0.6000000238
8915  11.127  -68.052  -11.009 0.6000000238
8918  6.732  -67.018  -10.543 0.5000000000
8927  12.639  -67.675  -11.475 0.6000000238
8985  15.200  -66.820  -16.185 0.6999999881
8996  15.204  -67.685  -16.589 0.6000000238
9015  11.860  -67.314  -17.215 0.5000000000
9037  22.678  -67.501  -19.331 0.5000000000
9463  15.548  -66.426  -10.205 0.5000000000
9547  12.266  -66.533  -16.593 0.6000000238
9549  10.591  -66.711  -16.372 0.5000000000
9906  19.745  -65.058  -3.512 0.4000000060
9907  18.940  -65.192  -3.100 0.4000000060
9910  15.539  -65.367  -3.282 0.3000000119
9990  7.191  -65.209  -12.194 0.5000000000
10000  13.912  -64.287  -12.369 0.5000000000
10019  10.338  -64.757  -13.680 0.6000000238
10030  8.293  -65.129  -14.165 0.6000000238
10063  14.174  -65.768  -16.148 0.6000000238
10471  18.277  -64.974  -2.910 0.4000000060
10482  16.956  -64.679  -3.216 0.3000000119
10500  13.727  -64.719  -4.661 0.3000000119
10516  13.265  -64.363  -5.227 0.4000000060
10594  15.108  -63.671  -13.264 0.4000000060
10598  10.803  -64.310  -14.098 0.6000000238
10599  9.883  -64.465  -14.147 0.6000000238
10600  9.028  -64.649  -14.182 0.6000000238
10611  14.092  -63.715  -14.403 0.5000000000
10612  13.450  -63.525  -14.227 0.5000000000
10613  11.406  -64.061  -14.611 0.5000000000
10627  13.906  -64.366  -15.140 0.5000000000
10629  12.448  -64.117  -15.327 0.5000000000
10630  11.610  -64.158  -15.196 0.5000000000
11061  18.603  -63.839  -3.462 0.4000000060
11062  17.776  -63.534  -3.776 0.4000000060
11084  15.434  -63.354  -4.558 0.3000000119
11152  15.118  -63.435  -12.645 0.5000000000
11153  14.507  -63.376  -13.099 0.4000000060
11154  13.824  -63.437  -13.434 0.5000000000
11155  13.038  -63.574  -13.976 0.5000000000
11168  12.290  -63.804  -14.306 0.5000000000
11176  12.932  -63.708  -14.891 0.5000000000
11712  16.588  -62.561  -4.734 0.4000000060
11714  14.763  -63.061  -4.854 0.3000000119
11726  12.152  -62.693  -5.990 0.3000000119
12370  17.082  -60.881  -5.311 0.3000000119
12372  15.553  -61.477  -5.565 0.4000000060
12375  12.663  -61.835  -5.772 0.3000000119
13044  18.637  -60.605  -4.743 0.3000000119
13742  14.175  -59.116  -7.008 0.3000000119
13744  12.719  -59.565  -7.985 0.4000000060
14440  16.798  -58.756  -5.781 0.3000000119
15175  16.320  -57.493  -6.408 0.3000000119
15961  12.714  -57.212  -9.053 0.3000000119
104715  28.952  -70.782  -20.988 0.3000000119
105128  15.819  -55.486  -7.359 0.3000000119
105609  13.769  -66.417  -16.533 0.6000000238
105767  10.355  -65.127  -15.543 0.5000000000
106311  14.038  -71.638  -19.717 0.6999999881
106926  27.996  -82.056  -10.374 0.3000000119
107554  20.417  -72.587  -20.579 0.6999999881
108241  16.341  -64.411  -3.586 0.3000000119
108528  29.968  -70.283  -22.005 0.3000000119
108841  28.073  -79.359  -20.116 0.4000000060
109334  24.197  -77.992  -20.802 0.4000000060
109450  27.176  -79.954  -19.678 0.4000000060
111234  13.017  -66.424  -16.585 0.6000000238
111580  23.765  -78.751  -20.729 0.4000000060
114459  19.326  -72.858  -20.932 0.6000000238
114879  26.757  -69.428  -16.019 0.5000000000
115055  18.497  -73.036  -13.731 0.6000000238
115575  11.888  -65.261  -13.369 0.6000000238
116004  17.494  -73.595  -20.188 0.6999999881
116388  18.123  -60.142  -5.049 0.3000000119
116992  26.787  -81.260  -12.722 0.3000000119
118501  27.466  -69.865  -21.518 0.4000000060
118772  27.766  -69.982  -18.479 0.5000000000
119212  14.027  -72.949  -19.818 0.6000000238
121824  23.141  -70.927  -14.376 0.8000000119
122041  25.477  -69.760  -17.553 0.5000000000
122749  17.268  -70.472  -19.567 0.6000000238
123041  14.326  -64.223  -11.924 0.5000000000
123313  21.188  -74.085  -11.635 0.6000000238
123452  13.906  -56.350  -7.915 0.3000000119
123476  15.235  -73.619  -19.428 0.6000000238
123641  17.026  -71.451  -12.241 0.5000000000
123649  22.290  -74.627  -15.885 0.6999999881
123685  15.316  -65.974  -10.656 0.6000000238
124070  18.704  -69.108  -16.785 0.6000000238
124142  20.232  -77.468  -13.663 0.5000000000
124538  15.245  -63.993  -11.307 0.5000000000
