#!ascii label  , from subject sub-v2s15x29747_ses-1 vox2ras=TkReg
1429
56074  -27.594  -5.794  42.468 0.0000000000
64606  -49.076  3.893  18.001 0.0000000000
56197  -38.049  -4.863  28.056 0.0000000000
42446  -5.248  -19.695  34.386 0.0000000000
46126  -19.883  -15.526  39.892 0.0000000000
51206  -5.308  -9.778  32.159 0.0000000000
51128  -3.727  -10.491  39.262 0.0000000000
100595  -44.833  -2.562  22.448 0.0000000000
51289  -3.835  -10.553  26.270 0.0000000000
104877  -3.441  -21.766  42.060 0.0000000000
56142  -26.791  -5.998  34.455 0.0000000000
103471  -27.959  -14.613  38.506 0.0000000000
45113  -26.834  -16.040  41.324 0.0000000000
67275  -51.656  6.540  15.823 0.0000000000
114246  -42.346  -5.761  25.380 0.0000000000
45192  -16.018  -16.394  36.819 0.0000000000
54303  -7.107  -7.317  27.112 0.0000000000
46191  -4.252  -15.548  34.158 0.0000000000
111611  -2.522  -15.367  30.100 0.0000000000
41483  -3.639  -20.234  31.893 0.0000000000
44215  -7.081  -17.684  44.042 0.0000000000
115775  -4.261  -17.691  44.759 0.0000000000
57794  -34.921  -3.725  31.885 0.0000000000
102137  -23.359  -15.610  44.700 0.0000000000
46144  -22.780  -15.452  38.065 0.0000000000
50126  -5.355  -10.766  36.393 0.0000000000
46150  -4.802  -15.859  37.776 0.0000000000
61000  -49.018  -0.959  19.119 0.0000000000
45094  -9.890  -16.102  42.448 0.0000000000
45140  -13.014  -15.933  39.612 0.0000000000
52282  -3.621  -10.235  28.735 0.0000000000
47192  -5.702  -14.264  28.356 0.0000000000
50061  -2.786  -12.136  43.730 0.0000000000
46104  -3.080  -15.898  41.122 0.0000000000
40214  -3.869  -21.358  38.548 0.0000000000
57716  -27.583  -3.365  41.848 0.0000000000
109475  -28.315  -8.301  39.120 0.0000000000
56110  -27.124  -5.291  38.763 0.0000000000
103105  -27.915  -9.598  40.210 0.0000000000
100847  -27.752  -11.529  37.554 0.0000000000
50086  -27.496  -11.247  42.408 0.0000000000
66354  -50.540  5.871  17.708 0.0000000000
62035  -47.183  1.018  17.038 0.0000000000
64621  -47.755  3.683  16.349 0.0000000000
65488  -49.135  5.109  14.781 0.0000000000
55349  -39.841  -6.027  26.143 0.0000000000
56212  -34.920  -5.487  27.613 0.0000000000
115882  -36.274  -6.714  25.257 0.0000000000
54329  -38.924  -7.162  24.007 0.0000000000
44274  -3.376  -17.513  33.982 0.0000000000
45227  -2.609  -17.466  32.558 0.0000000000
41444  -4.066  -20.487  32.496 0.0000000000
39228  -4.249  -22.340  31.156 0.0000000000
39197  -5.867  -22.021  33.054 0.0000000000
121107  -7.187  -18.342  42.459 0.0000000000
42358  -6.213  -19.842  43.842 0.0000000000
57774  -33.250  -3.506  33.616 0.0000000000
117327  -28.599  -2.869  35.719 0.0000000000
56958  -27.637  -4.508  32.612 0.0000000000
57771  -30.562  -3.613  33.603 0.0000000000
117087  -32.063  -4.481  31.746 0.0000000000
47956  -24.862  -14.657  45.585 0.0000000000
111055  -26.198  -16.517  38.946 0.0000000000
46130  -24.668  -16.058  39.580 0.0000000000
109493  -51.541  5.668  12.206 0.0000000000
67324  -52.510  6.577  10.454 0.0000000000
101985  -4.314  -10.468  37.980 0.0000000000
48045  -6.276  -13.713  37.577 0.0000000000
48022  -4.959  -13.141  39.689 0.0000000000
58982  -47.159  -2.359  20.519 0.0000000000
57082  -41.358  -4.403  21.646 0.0000000000
106348  -42.933  -2.877  20.090 0.0000000000
57971  -44.895  -2.751  18.875 0.0000000000
46033  -9.505  -15.586  45.173 0.0000000000
46053  -11.137  -15.440  43.517 0.0000000000
53241  -4.801  -8.804  31.863 0.0000000000
115805  -4.875  -8.755  29.910 0.0000000000
51234  -5.072  -10.606  30.500 0.0000000000
44318  -4.451  -17.094  30.407 0.0000000000
47190  -3.203  -14.666  28.774 0.0000000000
105816  -7.226  -16.844  30.661 0.0000000000
47960  -4.495  -12.340  45.013 0.0000000000
42357  -3.404  -19.993  43.376 0.0000000000
44213  -2.825  -17.422  43.028 0.0000000000
42373  -2.580  -19.438  41.309 0.0000000000
42393  -2.928  -18.704  39.342 0.0000000000
40186  -3.365  -21.526  40.467 0.0000000000
107424  -26.870  -3.631  37.343 0.0000000000
47057  -26.344  -14.293  44.772 0.0000000000
49008  -27.291  -12.510  43.376 0.0000000000
46117  -27.802  -15.603  39.670 0.0000000000
67289  -53.419  7.259  14.918 0.0000000000
66385  -50.419  5.398  13.448 0.0000000000
57061  -43.294  -4.391  23.780 0.0000000000
55421  -40.211  -6.482  22.871 0.0000000000
46154  -19.923  -15.526  37.513 0.0000000000
114374  -17.698  -15.759  38.903 0.0000000000
54301  -3.558  -7.886  26.062 0.0000000000
48110  -6.411  -13.255  32.615 0.0000000000
119895  -5.074  -13.062  30.914 0.0000000000
46215  -3.308  -15.453  32.184 0.0000000000
44300  -2.593  -17.531  31.332 0.0000000000
108317  -5.521  -19.296  31.488 0.0000000000
45074  -7.456  -15.899  45.881 0.0000000000
46017  -5.113  -15.799  45.463 0.0000000000
44204  -5.890  -17.661  44.936 0.0000000000
42350  -5.460  -19.898  44.370 0.0000000000
57000  -36.037  -4.493  29.455 0.0000000000
56184  -33.671  -5.095  29.579 0.0000000000
120431  -21.187  -15.503  41.556 0.0000000000
45091  -25.012  -15.981  43.453 0.0000000000
46113  -22.729  -15.572  40.777 0.0000000000
46142  -20.898  -15.466  38.813 0.0000000000
53204  -4.884  -8.560  33.390 0.0000000000
54204  -4.168  -8.454  35.387 0.0000000000
50148  -6.129  -10.885  34.554 0.0000000000
109109  -6.719  -12.765  34.861 0.0000000000
46179  -5.102  -15.654  35.941 0.0000000000
43365  -3.792  -17.848  35.912 0.0000000000
62922  -49.514  1.561  19.056 0.0000000000
60030  -46.748  -1.885  17.386 0.0000000000
46019  -8.509  -15.408  46.290 0.0000000000
45092  -8.280  -16.802  43.537 0.0000000000
44231  -8.170  -17.214  40.769 0.0000000000
46124  -16.704  -15.761  39.803 0.0000000000
46108  -14.769  -15.626  40.721 0.0000000000
103546  -13.277  -15.356  42.434 0.0000000000
45122  -11.728  -15.985  40.298 0.0000000000
45156  -9.729  -16.602  39.104 0.0000000000
54284  -8.091  -7.659  28.400 0.0000000000
110665  -4.489  -8.595  28.309 0.0000000000
52313  -2.792  -10.280  27.384 0.0000000000
109827  -3.742  -12.623  29.423 0.0000000000
48165  -3.556  -13.196  28.098 0.0000000000
49203  -4.633  -12.349  27.434 0.0000000000
51113  -2.909  -10.929  41.448 0.0000000000
47045  -3.544  -14.688  44.358 0.0000000000
47069  -3.126  -14.129  42.096 0.0000000000
114768  -3.858  -12.960  40.950 0.0000000000
46136  -3.930  -16.171  39.028 0.0000000000
104491  -3.652  -17.664  37.893 0.0000000000
41383  -4.877  -20.343  37.089 0.0000000000
37081  -3.406  -24.726  40.923 0.0000000000
37097  -4.047  -24.680  38.829 0.0000000000
38070  -7.118  -23.439  35.169 0.0000000000
56904  -27.459  -4.473  42.550 0.0000000000
107525  -27.201  -4.633  43.144 0.0000000000
55194  -28.030  -6.535  41.589 0.0000000000
56089  -27.729  -5.537  41.542 0.0000000000
54139  -28.190  -7.636  41.699 0.0000000000
52147  -28.269  -8.684  39.810 0.0000000000
55174  -27.353  -6.041  43.053 0.0000000000
53106  -27.904  -7.716  42.416 0.0000000000
65464  -49.396  4.641  17.687 0.0000000000
63771  -48.570  2.509  17.953 0.0000000000
63785  -47.415  2.817  16.683 0.0000000000
65463  -48.743  4.239  17.281 0.0000000000
65478  -49.147  4.951  16.967 0.0000000000
56236  -39.182  -5.605  26.791 0.0000000000
56218  -40.337  -4.998  27.617 0.0000000000
57016  -40.039  -4.285  28.740 0.0000000000
56232  -35.531  -5.813  26.744 0.0000000000
56234  -37.387  -5.748  26.746 0.0000000000
55347  -37.992  -6.183  26.117 0.0000000000
43376  -4.144  -18.590  34.255 0.0000000000
43388  -3.650  -18.866  33.222 0.0000000000
42465  -4.747  -20.092  33.425 0.0000000000
40315  -5.092  -21.501  32.730 0.0000000000
40296  -6.064  -21.158  33.624 0.0000000000
42381  -6.973  -19.553  40.780 0.0000000000
42374  -6.748  -19.972  41.799 0.0000000000
58682  -30.597  -2.694  35.949 0.0000000000
57745  -30.125  -3.108  34.987 0.0000000000
57757  -31.648  -3.343  34.545 0.0000000000
115464  -32.102  -3.564  33.911 0.0000000000
104709  -53.043  6.695  12.904 0.0000000000
66416  -52.050  6.068  10.872 0.0000000000
68192  -53.602  7.592  11.308 0.0000000000
50107  -3.941  -10.542  38.824 0.0000000000
49069  -4.676  -11.632  39.026 0.0000000000
50100  -4.304  -11.450  39.446 0.0000000000
58964  -46.459  -2.366  21.271 0.0000000000
58945  -48.586  -1.649  22.374 0.0000000000
57936  -43.328  -3.100  21.742 0.0000000000
57935  -42.555  -3.429  21.460 0.0000000000
58961  -43.951  -2.664  21.190 0.0000000000
58979  -44.752  -2.580  20.504 0.0000000000
46035  -11.420  -14.969  45.024 0.0000000000
101391  -11.892  -15.200  44.054 0.0000000000
46093  -19.673  -15.497  41.646 0.0000000000
46111  -18.543  -15.544  40.849 0.0000000000
52321  -3.045  -9.280  25.610 0.0000000000
52226  -4.598  -8.984  32.050 0.0000000000
52241  -4.600  -8.977  31.238 0.0000000000
51220  -5.416  -10.121  31.291 0.0000000000
44303  -5.959  -17.911  31.227 0.0000000000
45266  -5.150  -16.431  29.900 0.0000000000
44321  -7.668  -17.527  31.161 0.0000000000
50057  -5.555  -11.410  45.319 0.0000000000
47949  -5.739  -13.464  45.937 0.0000000000
105841  -3.593  -20.925  43.321 0.0000000000
42365  -3.047  -19.548  42.815 0.0000000000
41306  -3.067  -20.565  41.583 0.0000000000
41323  -3.140  -20.742  40.714 0.0000000000
39069  -3.384  -22.251  41.307 0.0000000000
111620  -27.259  -3.359  40.082 0.0000000000
56931  -26.740  -4.276  38.011 0.0000000000
57725  -27.307  -2.863  39.214 0.0000000000
118553  -28.565  -2.182  37.741 0.0000000000
49051  -27.570  -12.956  40.225 0.0000000000
48004  -27.476  -13.452  41.065 0.0000000000
47085  -28.027  -15.247  38.990 0.0000000000
45149  -27.913  -16.202  38.633 0.0000000000
67288  -52.479  6.776  15.141 0.0000000000
67274  -50.605  6.061  15.399 0.0000000000
66374  -49.722  5.244  14.061 0.0000000000
67287  -51.317  6.235  14.755 0.0000000000
103508  -51.945  6.337  14.078 0.0000000000
56272  -42.902  -5.104  24.198 0.0000000000
57869  -44.747  -3.636  25.320 0.0000000000
57043  -43.669  -4.787  25.467 0.0000000000
55394  -40.520  -6.534  24.438 0.0000000000
114648  -39.527  -6.991  23.257 0.0000000000
55407  -41.247  -6.261  24.068 0.0000000000
56284  -41.987  -5.066  23.110 0.0000000000
55358  -6.321  -6.422  25.583 0.0000000000
54314  -4.198  -7.198  25.554 0.0000000000
54302  -4.952  -7.468  26.346 0.0000000000
47120  -5.485  -14.658  33.585 0.0000000000
47133  -5.129  -14.571  32.677 0.0000000000
47132  -4.114  -15.029  32.399 0.0000000000
43400  -2.956  -18.810  31.946 0.0000000000
44290  -2.517  -17.539  31.782 0.0000000000
43411  -2.936  -18.270  31.620 0.0000000000
43412  -3.845  -18.318  31.378 0.0000000000
42501  -4.188  -19.466  31.590 0.0000000000
40344  -4.210  -21.446  31.340 0.0000000000
45079  -7.444  -16.284  45.473 0.0000000000
115556  -6.939  -16.536  45.411 0.0000000000
44210  -6.574  -17.714  44.508 0.0000000000
41273  -6.090  -20.816  43.549 0.0000000000
115039  -5.927  -19.884  44.143 0.0000000000
40144  -5.782  -21.200  43.622 0.0000000000
40130  -5.118  -21.171  43.893 0.0000000000
56990  -35.656  -4.202  30.352 0.0000000000
56976  -33.643  -4.346  31.469 0.0000000000
56987  -32.836  -4.813  30.667 0.0000000000
118233  -33.997  -4.510  30.793 0.0000000000
56999  -35.090  -4.569  29.787 0.0000000000
115362  -22.565  -15.577  44.833 0.0000000000
46044  -21.632  -15.579  44.315 0.0000000000
46075  -22.734  -15.646  42.858 0.0000000000
47062  -26.543  -14.875  43.525 0.0000000000
46065  -25.938  -15.308  43.757 0.0000000000
45099  -26.235  -15.986  42.125 0.0000000000
46145  -23.567  -15.610  38.431 0.0000000000
46114  -23.595  -15.764  40.498 0.0000000000
112466  -22.827  -15.497  38.967 0.0000000000
110805  -22.012  -15.470  40.098 0.0000000000
46143  -21.909  -15.403  38.632 0.0000000000
46155  -21.250  -15.399  38.008 0.0000000000
52167  -4.186  -9.608  36.614 0.0000000000
52181  -4.045  -9.249  35.851 0.0000000000
51160  -4.444  -9.426  35.094 0.0000000000
50134  -5.733  -10.788  35.450 0.0000000000
49113  -6.637  -11.935  34.452 0.0000000000
50135  -6.140  -11.479  36.014 0.0000000000
47094  -6.017  -14.639  37.517 0.0000000000
47098  -6.300  -14.356  36.659 0.0000000000
46164  -4.674  -16.128  36.738 0.0000000000
45204  -3.974  -16.540  35.992 0.0000000000
114501  -4.062  -16.752  37.049 0.0000000000
113276  -48.925  0.090  18.675 0.0000000000
62901  -50.137  1.294  19.713 0.0000000000
61990  -50.195  0.475  20.022 0.0000000000
58998  -47.430  -2.383  18.987 0.0000000000
116840  -45.763  -2.616  17.734 0.0000000000
59014  -47.698  -1.999  18.383 0.0000000000
61025  -48.195  -0.202  18.044 0.0000000000
46011  -9.240  -14.972  46.681 0.0000000000
45089  -9.576  -15.992  43.394 0.0000000000
45088  -9.151  -16.056  44.343 0.0000000000
45093  -8.990  -16.384  42.909 0.0000000000
45105  -8.290  -16.908  42.469 0.0000000000
45119  -8.585  -16.774  41.385 0.0000000000
45164  -17.383  -15.994  38.128 0.0000000000
45144  -17.013  -15.897  39.042 0.0000000000
45163  -16.465  -16.103  38.388 0.0000000000
45160  -13.461  -16.088  38.921 0.0000000000
45141  -14.464  -15.983  39.267 0.0000000000
45125  -14.240  -15.779  40.090 0.0000000000
106815  -14.247  -15.526  41.252 0.0000000000
46106  -13.030  -15.639  40.870 0.0000000000
45109  -12.136  -15.734  40.983 0.0000000000
45139  -12.195  -16.064  39.585 0.0000000000
44245  -10.045  -16.761  38.161 0.0000000000
53260  -8.239  -8.215  30.261 0.0000000000
53269  -4.448  -9.031  29.686 0.0000000000
109759  -4.862  -8.651  29.097 0.0000000000
53280  -4.000  -9.090  28.675 0.0000000000
53279  -3.171  -9.512  27.824 0.0000000000
52301  -2.998  -10.325  28.147 0.0000000000
114939  -3.678  -13.921  30.302 0.0000000000
49163  -4.539  -12.615  30.268 0.0000000000
48134  -3.027  -14.151  29.263 0.0000000000
46258  -4.901  -14.861  28.576 0.0000000000
100299  -3.542  -14.017  28.417 0.0000000000
48166  -4.259  -13.519  27.940 0.0000000000
48188  -4.150  -12.923  27.748 0.0000000000
48167  -5.363  -13.644  27.975 0.0000000000
48190  -6.166  -13.027  27.747 0.0000000000
102099  -2.506  -11.527  42.782 0.0000000000
112584  -5.100  -16.507  45.359 0.0000000000
47028  -4.204  -15.272  45.110 0.0000000000
45082  -3.815  -16.449  44.644 0.0000000000
45104  -2.797  -16.553  41.667 0.0000000000
46066  -2.898  -15.572  42.647 0.0000000000
46085  -3.282  -14.877  41.575 0.0000000000
47070  -3.425  -13.889  41.600 0.0000000000
47075  -3.685  -14.399  41.091 0.0000000000
47082  -4.055  -14.965  40.462 0.0000000000
45118  -3.369  -16.297  40.234 0.0000000000
42386  -3.254  -20.195  39.200 0.0000000000
43345  -3.141  -18.198  38.859 0.0000000000
41363  -3.859  -20.054  38.085 0.0000000000
42402  -4.101  -19.492  37.505 0.0000000000
40233  -4.461  -21.217  37.663 0.0000000000
35271  -3.580  -26.182  40.276 0.0000000000
37096  -3.491  -24.756  39.994 0.0000000000
58645  -27.820  -2.569  41.504 0.0000000000
53150  -28.194  -9.120  37.871 0.0000000000
54182  -28.189  -7.973  38.146 0.0000000000
55216  -28.015  -7.166  38.775 0.0000000000
56920  -27.336  -4.286  40.483 0.0000000000
103470  -27.589  -11.765  39.102 0.0000000000
50104  -27.707  -10.887  38.683 0.0000000000
101822  -28.174  -9.418  37.988 0.0000000000
51118  -27.598  -10.518  41.810 0.0000000000
67265  -50.940  6.293  16.390 0.0000000000
62965  -46.263  1.919  15.904 0.0000000000
64631  -46.771  3.370  15.189 0.0000000000
64636  -47.306  3.805  14.679 0.0000000000
65476  -48.011  4.233  15.753 0.0000000000
66363  -49.140  5.215  16.189 0.0000000000
55374  -41.469  -6.104  25.376 0.0000000000
56239  -42.423  -5.504  26.284 0.0000000000
104881  -41.658  -5.111  27.340 0.0000000000
118656  -42.249  -3.995  28.771 0.0000000000
56230  -33.698  -5.885  26.641 0.0000000000
55343  -34.226  -6.243  26.003 0.0000000000
55390  -35.255  -6.932  24.731 0.0000000000
54326  -35.760  -7.288  24.196 0.0000000000
110312  -37.076  -7.504  23.786 0.0000000000
55392  -37.440  -6.953  24.799 0.0000000000
55372  -39.479  -6.432  25.432 0.0000000000
46190  -3.633  -15.965  34.121 0.0000000000
46202  -3.099  -16.005  33.222 0.0000000000
44283  -2.908  -17.278  33.339 0.0000000000
100399  -3.158  -18.962  32.333 0.0000000000
41467  -3.663  -20.366  31.981 0.0000000000
40329  -3.945  -20.884  31.751 0.0000000000
41468  -3.906  -20.920  31.984 0.0000000000
40331  -4.483  -21.865  32.141 0.0000000000
121115  -7.190  -17.742  43.811 0.0000000000
43314  -6.567  -18.105  44.235 0.0000000000
43321  -6.823  -18.991  42.951 0.0000000000
57786  -34.556  -3.552  32.664 0.0000000000
57753  -27.539  -3.818  34.763 0.0000000000
56148  -26.899  -5.305  33.807 0.0000000000
57754  -28.294  -3.485  34.498 0.0000000000
56950  -29.038  -3.800  32.933 0.0000000000
117640  -30.483  -4.155  32.341 0.0000000000
56962  -31.678  -4.241  32.298 0.0000000000
57784  -32.851  -3.852  32.896 0.0000000000
46047  -24.426  -15.419  45.208 0.0000000000
118611  -26.600  -16.458  40.293 0.0000000000
45129  -26.102  -16.501  40.738 0.0000000000
103842  -25.338  -16.289  39.306 0.0000000000
46159  -24.659  -15.913  37.763 0.0000000000
65518  -50.967  5.098  10.875 0.0000000000
108754  -51.572  5.780  9.859 0.0000000000
67336  -51.867  6.226  9.438 0.0000000000
67348  -52.217  6.790  8.927 0.0000000000
51143  -4.298  -10.055  37.284 0.0000000000
49090  -5.796  -11.522  36.998 0.0000000000
118497  -5.432  -11.575  37.819 0.0000000000
48044  -5.976  -13.140  38.289 0.0000000000
46138  -5.277  -15.139  38.671 0.0000000000
112044  -48.492  -1.933  19.998 0.0000000000
113063  -49.450  -1.331  20.982 0.0000000000
57950  -41.550  -3.547  20.409 0.0000000000
117703  -42.076  -3.191  19.168 0.0000000000
57987  -43.493  -3.107  18.481 0.0000000000
58995  -44.395  -2.695  19.607 0.0000000000
100729  -46.091  -2.582  19.613 0.0000000000
46021  -9.884  -14.991  46.173 0.0000000000
46022  -10.939  -14.731  46.029 0.0000000000
108732  -11.028  -15.276  44.338 0.0000000000
46067  -10.479  -15.713  42.993 0.0000000000
45174  -13.823  -16.450  37.563 0.0000000000
45158  -11.805  -16.331  38.640 0.0000000000
53243  -6.637  -8.428  31.783 0.0000000000
53258  -6.321  -8.444  30.255 0.0000000000
106022  -4.805  -8.781  31.097 0.0000000000
52258  -4.521  -9.195  30.242 0.0000000000
51233  -4.429  -10.012  29.950 0.0000000000
119343  -2.895  -16.420  30.121 0.0000000000
47175  -2.838  -14.736  29.180 0.0000000000
45277  -4.245  -15.919  29.448 0.0000000000
115118  -5.331  -15.555  29.194 0.0000000000
46244  -6.819  -15.374  29.324 0.0000000000
51092  -4.878  -10.584  44.855 0.0000000000
50063  -4.010  -11.061  44.664 0.0000000000
48986  -3.720  -12.671  44.517 0.0000000000
43310  -3.762  -18.812  44.141 0.0000000000
104998  -3.315  -17.268  43.735 0.0000000000
43315  -2.851  -18.325  43.046 0.0000000000
44217  -2.606  -18.002  42.385 0.0000000000
121149  -2.478  -18.199  41.100 0.0000000000
44230  -2.644  -17.857  40.423 0.0000000000
42380  -2.668  -19.469  40.459 0.0000000000
41336  -2.953  -20.169  40.113 0.0000000000
103463  -3.587  -21.107  39.092 0.0000000000
108995  -26.870  -6.174  35.210 0.0000000000
55231  -27.224  -6.342  37.165 0.0000000000
56128  -26.833  -5.303  36.542 0.0000000000
107667  -26.867  -4.337  36.001 0.0000000000
57736  -27.777  -2.941  36.213 0.0000000000
58672  -29.951  -2.469  36.671 0.0000000000
47063  -27.158  -14.559  42.568 0.0000000000
49019  -27.407  -11.929  42.948 0.0000000000
48003  -27.285  -13.883  42.017 0.0000000000
45114  -27.235  -16.052  40.691 0.0000000000
45148  -27.650  -16.204  39.423 0.0000000000
103934  -49.396  4.762  13.318 0.0000000000
102215  -51.046  5.533  12.944 0.0000000000
67300  -52.509  6.482  13.469 0.0000000000
57921  -44.166  -2.997  22.918 0.0000000000
106850  -46.412  -2.274  23.464 0.0000000000
57889  -45.109  -3.006  24.723 0.0000000000
54347  -37.665  -7.702  23.219 0.0000000000
56294  -40.988  -5.079  22.066 0.0000000000
57072  -42.357  -4.361  22.692 0.0000000000
46141  -19.929  -15.535  38.979 0.0000000000
105532  -19.130  -15.548  39.509 0.0000000000
46140  -19.044  -15.582  38.665 0.0000000000
46152  -18.142  -15.875  37.491 0.0000000000
54300  -2.717  -8.010  25.327 0.0000000000
52315  -2.860  -9.397  26.218 0.0000000000
50173  -6.475  -11.494  32.619 0.0000000000
49152  -6.246  -11.859  31.740 0.0000000000
49137  -5.934  -12.982  31.628 0.0000000000
47148  -4.539  -14.397  31.762 0.0000000000
47147  -2.698  -15.011  30.578 0.0000000000
100404  -2.767  -15.999  32.240 0.0000000000
46214  -2.392  -16.214  31.319 0.0000000000
45263  -2.352  -16.353  30.732 0.0000000000
44317  -3.341  -17.050  30.419 0.0000000000
47030  -5.862  -14.517  45.978 0.0000000000
46018  -6.199  -15.502  45.848 0.0000000000
108478  -6.061  -16.420  45.556 0.0000000000
44203  -5.154  -17.773  45.014 0.0000000000
43313  -6.310  -18.595  44.271 0.0000000000
43312  -5.949  -19.121  44.386 0.0000000000
44209  -4.537  -18.499  44.683 0.0000000000
41260  -4.159  -20.299  44.191 0.0000000000
41272  -4.272  -20.871  43.938 0.0000000000
39025  -4.094  -22.571  43.116 0.0000000000
57013  -37.531  -4.552  28.729 0.0000000000
57003  -38.884  -4.057  29.386 0.0000000000
56992  -37.545  -3.863  30.107 0.0000000000
110335  -26.850  -5.696  32.286 0.0000000000
56210  -32.626  -5.661  27.503 0.0000000000
100512  -35.533  -5.195  28.267 0.0000000000
100888  -20.233  -15.499  42.396 0.0000000000
101844  -20.829  -15.476  40.882 0.0000000000
47044  -25.839  -14.529  45.185 0.0000000000
46048  -25.052  -15.399  44.903 0.0000000000
45090  -24.432  -15.906  43.869 0.0000000000
45128  -25.148  -16.347  40.983 0.0000000000
45110  -24.251  -16.150  42.173 0.0000000000
46076  -23.554  -15.850  42.533 0.0000000000
46096  -22.674  -15.644  41.781 0.0000000000
107058  -21.171  -15.468  40.202 0.0000000000
46127  -20.617  -15.494  39.590 0.0000000000
102548  -20.380  -15.475  38.167 0.0000000000
68234  -52.464  7.634  7.743 0.0000000000
69136  -52.735  8.125  7.048 0.0000000000
69137  -53.461  8.712  6.490 0.0000000000
53221  -5.139  -8.595  32.629 0.0000000000
52227  -4.585  -9.037  32.513 0.0000000000
53191  -4.707  -8.437  34.131 0.0000000000
51174  -4.619  -9.438  34.032 0.0000000000
51207  -5.980  -10.486  32.818 0.0000000000
50161  -6.414  -11.184  33.583 0.0000000000
113350  -6.537  -13.421  33.610 0.0000000000
47121  -5.758  -14.707  34.309 0.0000000000
48057  -6.511  -13.303  36.704 0.0000000000
47105  -6.362  -14.268  35.528 0.0000000000
46192  -4.664  -15.581  35.043 0.0000000000
45203  -3.615  -16.422  35.087 0.0000000000
44266  -3.594  -17.338  35.617 0.0000000000
43366  -4.197  -18.447  35.360 0.0000000000
121094  -49.360  2.849  18.640 0.0000000000
57988  -44.480  -3.007  18.079 0.0000000000
59025  -45.627  -2.519  17.182 0.0000000000
59035  -45.344  -2.310  16.552 0.0000000000
61039  -46.704  -0.605  16.934 0.0000000000
62934  -48.425  1.618  17.979 0.0000000000
45075  -7.960  -15.671  46.111 0.0000000000
45083  -7.958  -16.389  45.137 0.0000000000
46020  -8.966  -15.543  45.964 0.0000000000
45087  -8.246  -16.576  44.441 0.0000000000
44216  -7.631  -17.197  44.085 0.0000000000
44225  -7.381  -18.006  41.863 0.0000000000
104737  -18.406  -15.555  40.035 0.0000000000
46110  -17.093  -15.639  40.461 0.0000000000
103473  -16.754  -15.594  41.120 0.0000000000
45142  -15.437  -15.954  39.266 0.0000000000
118009  -15.609  -15.653  40.529 0.0000000000
46090  -15.582  -15.506  41.726 0.0000000000
46070  -14.952  -15.388  42.291 0.0000000000
102019  -14.220  -15.239  42.844 0.0000000000
46055  -13.507  -15.076  43.492 0.0000000000
46069  -12.254  -15.480  42.478 0.0000000000
46086  -11.730  -15.687  41.797 0.0000000000
45108  -11.125  -15.985  41.077 0.0000000000
45138  -11.315  -16.207  39.565 0.0000000000
45137  -10.400  -16.357  39.753 0.0000000000
45136  -9.416  -16.562  40.044 0.0000000000
44232  -8.562  -17.069  39.975 0.0000000000
54294  -8.211  -7.167  27.581 0.0000000000
53271  -6.779  -8.355  29.383 0.0000000000
53282  -7.167  -8.074  28.572 0.0000000000
100550  -5.748  -7.657  27.127 0.0000000000
115027  -4.294  -8.396  27.628 0.0000000000
112905  -2.855  -9.573  26.899 0.0000000000
51288  -3.008  -10.514  26.780 0.0000000000
49151  -5.530  -12.257  30.983 0.0000000000
116768  -4.358  -11.929  29.776 0.0000000000
50215  -3.708  -11.709  29.055 0.0000000000
113596  -3.074  -14.301  28.794 0.0000000000
49174  -3.408  -12.709  28.648 0.0000000000
50222  -3.367  -11.793  28.282 0.0000000000
50227  -3.341  -11.679  27.676 0.0000000000
50228  -3.991  -11.885  27.322 0.0000000000
110328  -4.832  -11.013  26.403 0.0000000000
109387  -6.065  -11.639  26.957 0.0000000000
112398  -5.062  -14.107  45.608 0.0000000000
109558  -3.664  -13.696  44.539 0.0000000000
48985  -3.098  -13.200  44.004 0.0000000000
46050  -3.001  -15.878  43.188 0.0000000000
47058  -3.046  -14.489  43.506 0.0000000000
118139  -2.762  -12.913  42.764 0.0000000000
49024  -3.167  -12.813  41.774 0.0000000000
49025  -3.570  -12.682  41.273 0.0000000000
108500  -3.896  -11.630  40.340 0.0000000000
48021  -4.514  -13.479  40.238 0.0000000000
47088  -4.887  -14.952  39.475 0.0000000000
46137  -4.511  -15.733  38.794 0.0000000000
44242  -3.221  -17.529  39.014 0.0000000000
44243  -3.458  -17.612  38.440 0.0000000000
45169  -3.946  -16.873  37.419 0.0000000000
43356  -3.723  -17.885  36.764 0.0000000000
42413  -4.408  -19.148  36.740 0.0000000000
41384  -5.576  -20.337  36.207 0.0000000000
37974  -3.858  -23.754  42.805 0.0000000000
36177  -3.493  -24.802  42.076 0.0000000000
101697  -3.427  -23.250  42.010 0.0000000000
37997  -3.373  -23.181  40.790 0.0000000000
38014  -3.506  -23.218  39.745 0.0000000000
39122  -3.957  -22.546  38.706 0.0000000000
109470  -4.469  -23.647  38.165 0.0000000000
39140  -4.482  -22.991  38.006 0.0000000000
40234  -5.023  -21.867  37.297 0.0000000000
40254  -5.687  -21.410  36.518 0.0000000000
40274  -6.603  -21.431  34.756 0.0000000000
103069  -7.120  -22.856  34.209 0.0000000000
105450  -6.293  -23.890  33.063 0.0000000000
56895  -27.520  -5.217  42.486 0.0000000000
57700  -27.451  -4.086  42.679 0.0000000000
56894  -27.430  -4.825  42.713 0.0000000000
56081  -27.846  -5.915  41.861 0.0000000000
111381  -28.101  -6.973  41.940 0.0000000000
111825  -28.250  -7.237  40.972 0.0000000000
55185  -27.561  -6.236  42.690 0.0000000000
54128  -27.774  -7.004  42.548 0.0000000000
56067  -27.203  -5.189  43.145 0.0000000000
66337  -50.117  5.132  18.111 0.0000000000
65452  -49.737  4.356  18.446 0.0000000000
64594  -48.977  3.109  18.213 0.0000000000
64605  -48.504  3.389  17.572 0.0000000000
56216  -38.592  -5.240  27.425 0.0000000000
56217  -39.470  -5.140  27.481 0.0000000000
56198  -38.919  -4.763  28.077 0.0000000000
56214  -36.825  -5.397  27.424 0.0000000000
56215  -37.706  -5.328  27.413 0.0000000000
56235  -38.280  -5.689  26.763 0.0000000000
42445  -4.742  -19.081  34.828 0.0000000000
42464  -4.392  -19.391  33.648 0.0000000000
41420  -5.653  -20.331  33.983 0.0000000000
57746  -31.146  -3.033  35.241 0.0000000000
50099  -3.986  -11.116  39.522 0.0000000000
58963  -45.643  -2.395  21.922 0.0000000000
58943  -46.650  -2.237  22.366 0.0000000000
58940  -44.074  -2.769  22.069 0.0000000000
58962  -44.795  -2.535  21.527 0.0000000000
47046  -13.003  -14.508  45.450 0.0000000000
118021  -12.236  -14.842  44.924 0.0000000000
46036  -12.835  -14.942  44.258 0.0000000000
46112  -19.966  -15.500  40.786 0.0000000000
116604  -19.231  -15.517  41.051 0.0000000000
101404  -19.195  -15.523  40.338 0.0000000000
51309  -4.035  -9.938  25.572 0.0000000000
52242  -4.682  -9.157  31.675 0.0000000000
50191  -6.053  -10.805  31.941 0.0000000000
44304  -6.939  -18.106  31.375 0.0000000000
48957  -6.636  -13.407  46.426 0.0000000000
105527  -3.312  -21.103  42.300 0.0000000000
40170  -3.290  -21.302  41.388 0.0000000000
116890  -27.749  -2.481  40.357 0.0000000000
105474  -28.135  -1.993  39.345 0.0000000000
101975  -27.652  -13.319  39.287 0.0000000000
48017  -27.641  -14.021  40.034 0.0000000000
48031  -27.830  -14.275  39.033 0.0000000000
56261  -42.418  -5.663  24.549 0.0000000000
56262  -43.061  -5.359  25.004 0.0000000000
113151  -41.143  -6.327  24.765 0.0000000000
55395  -41.802  -6.061  24.703 0.0000000000
56260  -41.905  -5.894  24.156 0.0000000000
55331  -8.186  -6.018  26.344 0.0000000000
106424  -7.291  -6.633  26.270 0.0000000000
55330  -6.181  -7.110  26.354 0.0000000000
47119  -4.619  -15.131  33.344 0.0000000000
42487  -3.277  -19.614  32.006 0.0000000000
42500  -3.221  -19.189  31.863 0.0000000000
41484  -4.129  -20.580  31.600 0.0000000000
114046  -3.995  -20.936  31.682 0.0000000000
44207  -7.425  -16.651  45.046 0.0000000000
44206  -6.986  -16.975  44.958 0.0000000000
44211  -7.153  -17.253  44.509 0.0000000000
56978  -35.281  -3.926  31.117 0.0000000000
57795  -35.809  -3.545  31.739 0.0000000000
55277  -27.011  -7.015  34.659 0.0000000000
56989  -34.783  -4.359  30.576 0.0000000000
46046  -23.789  -15.436  45.479 0.0000000000
46061  -22.674  -15.639  43.922 0.0000000000
46078  -26.515  -15.440  42.845 0.0000000000
46156  -22.082  -15.381  37.683 0.0000000000
51151  -4.607  -10.135  36.593 0.0000000000
101617  -4.355  -9.671  35.969 0.0000000000
51161  -4.891  -10.126  35.716 0.0000000000
46151  -5.576  -15.156  37.892 0.0000000000
46165  -5.561  -15.377  36.942 0.0000000000
45188  -4.196  -16.556  36.654 0.0000000000
45170  -4.264  -16.526  37.306 0.0000000000
120633  -49.053  -0.490  18.958 0.0000000000
61001  -49.519  -0.318  19.509 0.0000000000
58999  -48.183  -2.071  19.180 0.0000000000
60018  -48.420  -1.464  18.791 0.0000000000
115122  -48.625  -0.694  18.606 0.0000000000
45106  -9.197  -16.425  41.939 0.0000000000
45177  -16.606  -16.233  37.491 0.0000000000
106817  -13.735  -15.900  39.633 0.0000000000
45124  -13.422  -15.777  40.202 0.0000000000
45123  -12.590  -15.845  40.264 0.0000000000
52283  -4.159  -9.643  29.262 0.0000000000
52302  -3.612  -9.724  28.515 0.0000000000
47163  -3.158  -14.352  30.123 0.0000000000
47162  -2.740  -14.870  29.748 0.0000000000
47191  -4.572  -14.192  28.229 0.0000000000
48168  -6.454  -13.649  28.145 0.0000000000
47193  -6.758  -14.237  28.491 0.0000000000
51095  -3.208  -10.625  44.154 0.0000000000
50070  -2.563  -12.216  43.089 0.0000000000
45076  -4.506  -16.995  45.048 0.0000000000
44208  -3.737  -17.119  44.438 0.0000000000
46084  -2.935  -15.668  41.990 0.0000000000
46105  -3.554  -15.395  40.745 0.0000000000
41351  -3.664  -20.593  38.585 0.0000000000
118023  -3.525  -19.738  38.502 0.0000000000
40232  -3.976  -20.895  38.123 0.0000000000
105509  -4.131  -21.564  38.161 0.0000000000
111864  -3.487  -27.710  40.627 0.0000000000
106431  -3.476  -26.837  40.714 0.0000000000
109787  -28.250  -8.499  38.381 0.0000000000
118101  -28.256  -7.738  39.162 0.0000000000
56912  -27.551  -4.450  41.592 0.0000000000
56100  -27.571  -5.180  40.870 0.0000000000
57721  -27.467  -3.379  41.080 0.0000000000
114254  -27.633  -11.069  39.574 0.0000000000
51132  -27.801  -10.242  39.403 0.0000000000
110769  -28.390  -7.826  39.940 0.0000000000
101823  -28.188  -9.218  38.687 0.0000000000
53137  -28.257  -8.859  38.565 0.0000000000
52130  -28.007  -8.999  41.938 0.0000000000
51125  -27.634  -10.621  40.582 0.0000000000
50096  -27.533  -11.853  40.234 0.0000000000
66365  -50.419  6.026  16.841 0.0000000000
67260  -51.475  6.475  17.481 0.0000000000
62033  -46.284  0.163  16.456 0.0000000000
62034  -46.681  0.799  16.639 0.0000000000
63784  -46.817  2.390  16.268 0.0000000000
63805  -47.027  3.196  15.970 0.0000000000
63804  -46.428  2.738  15.581 0.0000000000
64632  -47.442  3.783  15.505 0.0000000000
66364  -49.752  5.551  16.830 0.0000000000
66368  -49.902  5.795  16.019 0.0000000000
55350  -40.916  -5.843  26.194 0.0000000000
56238  -41.683  -5.481  26.644 0.0000000000
100341  -40.970  -5.327  27.085 0.0000000000
56200  -40.602  -4.493  28.350 0.0000000000
103320  -41.474  -4.260  28.576 0.0000000000
57006  -41.816  -3.699  29.264 0.0000000000
56211  -33.983  -5.609  27.362 0.0000000000
56231  -34.583  -5.840  26.721 0.0000000000
55345  -36.148  -6.335  25.972 0.0000000000
55344  -35.144  -6.264  26.041 0.0000000000
55368  -35.599  -6.631  25.344 0.0000000000
113819  -36.016  -6.988  24.783 0.0000000000
54327  -36.500  -7.272  24.286 0.0000000000
55369  -36.898  -6.634  25.385 0.0000000000
55348  -38.890  -6.104  26.125 0.0000000000
55371  -38.591  -6.527  25.433 0.0000000000
55373  -40.480  -6.337  25.316 0.0000000000
45216  -3.271  -16.642  33.950 0.0000000000
120601  -4.145  -19.970  32.945 0.0000000000
41443  -3.662  -19.727  32.514 0.0000000000
39196  -5.148  -22.617  32.316 0.0000000000
38109  -4.653  -23.456  31.564 0.0000000000
44218  -7.183  -18.104  43.206 0.0000000000
43318  -6.736  -18.447  43.810 0.0000000000
57775  -34.176  -3.373  33.458 0.0000000000
57743  -27.999  -3.268  35.288 0.0000000000
57744  -28.979  -3.112  35.077 0.0000000000
113779  -30.135  -3.398  34.181 0.0000000000
57770  -29.628  -3.571  33.597 0.0000000000
56951  -30.068  -3.816  32.890 0.0000000000
56960  -29.556  -4.170  32.147 0.0000000000
56961  -31.048  -4.297  32.167 0.0000000000
56952  -31.062  -3.928  32.858 0.0000000000
120507  -32.657  -3.458  34.012 0.0000000000
57773  -32.561  -3.643  33.492 0.0000000000
46030  -24.039  -15.231  45.932 0.0000000000
46031  -24.700  -15.164  45.573 0.0000000000
45146  -26.106  -16.520  39.877 0.0000000000
65508  -51.094  5.298  11.595 0.0000000000
66405  -51.573  5.596  11.274 0.0000000000
67315  -52.634  6.525  11.263 0.0000000000
67323  -51.996  6.119  10.117 0.0000000000
67337  -52.383  6.654  9.674 0.0000000000
68203  -52.911  7.136  9.992 0.0000000000
50116  -4.892  -10.755  37.387 0.0000000000
50117  -4.764  -11.189  38.292 0.0000000000
49057  -5.049  -12.400  39.236 0.0000000000
49070  -5.404  -12.166  38.541 0.0000000000
48034  -5.566  -13.191  39.021 0.0000000000
47093  -5.866  -14.235  38.392 0.0000000000
47089  -5.370  -14.208  39.286 0.0000000000
58983  -47.985  -2.115  20.675 0.0000000000
59993  -48.735  -1.729  20.816 0.0000000000
107445  -41.051  -4.098  20.908 0.0000000000
57952  -43.113  -2.882  20.921 0.0000000000
57968  -42.151  -3.152  19.869 0.0000000000
57969  -43.592  -2.839  19.436 0.0000000000
58978  -43.777  -2.700  20.300 0.0000000000
58981  -46.320  -2.490  20.371 0.0000000000
117993  -45.585  -2.550  20.233 0.0000000000
102987  -46.933  -2.491  19.673 0.0000000000
106788  -13.042  -16.480  37.655 0.0000000000
112215  -5.647  -8.520  32.007 0.0000000000
53242  -5.699  -8.501  31.196 0.0000000000
52259  -4.769  -9.515  30.760 0.0000000000
45265  -3.809  -16.490  29.894 0.0000000000
45276  -3.103  -15.748  29.570 0.0000000000
45267  -6.372  -16.643  30.340 0.0000000000
45278  -6.184  -16.043  29.712 0.0000000000
45279  -7.257  -16.128  30.069 0.0000000000
48969  -5.367  -12.329  45.553 0.0000000000
50056  -4.770  -11.575  45.028 0.0000000000
115569  -4.046  -11.877  44.705 0.0000000000
42348  -3.760  -19.724  44.098 0.0000000000
44214  -3.254  -18.167  43.620 0.0000000000
43316  -3.247  -19.086  43.403 0.0000000000
42364  -2.708  -19.478  42.130 0.0000000000
43320  -2.711  -18.872  42.627 0.0000000000
43327  -2.495  -18.637  41.714 0.0000000000
110834  -2.497  -18.740  40.817 0.0000000000
101418  -3.314  -20.900  39.839 0.0000000000
40200  -3.540  -21.700  39.586 0.0000000000
54228  -27.554  -7.934  35.230 0.0000000000
55264  -27.309  -7.179  35.687 0.0000000000
55232  -27.788  -7.279  37.738 0.0000000000
55215  -27.488  -6.345  38.264 0.0000000000
56120  -26.921  -5.333  37.602 0.0000000000
114835  -26.750  -4.355  36.957 0.0000000000
57735  -27.048  -3.569  36.510 0.0000000000
58662  -27.356  -2.993  37.217 0.0000000000
117931  -29.249  -2.193  37.381 0.0000000000
49086  -27.738  -12.328  37.396 0.0000000000
47979  -27.110  -13.431  43.540 0.0000000000
47060  -27.003  -14.342  43.259 0.0000000000
107449  -27.258  -13.873  42.907 0.0000000000
51112  -27.467  -10.139  43.134 0.0000000000
49036  -27.421  -12.188  42.182 0.0000000000
118809  -27.629  -14.661  40.243 0.0000000000
48016  -27.460  -14.367  40.907 0.0000000000
47077  -27.545  -15.189  40.492 0.0000000000
47071  -27.279  -14.853  41.624 0.0000000000
46116  -27.519  -15.822  40.264 0.0000000000
45131  -27.408  -16.157  40.083 0.0000000000
46131  -27.757  -15.962  39.711 0.0000000000
110223  -27.411  -16.519  38.217 0.0000000000
68171  -54.130  7.689  14.815 0.0000000000
65487  -48.520  4.633  14.530 0.0000000000
65486  -47.881  4.205  14.145 0.0000000000
118785  -49.903  5.111  13.387 0.0000000000
65498  -50.097  4.997  12.787 0.0000000000
106536  -50.574  5.287  12.844 0.0000000000
109333  -52.730  6.713  14.282 0.0000000000
67301  -53.409  7.071  13.922 0.0000000000
57902  -43.665  -3.641  23.362 0.0000000000
57904  -44.779  -2.900  24.046 0.0000000000
57888  -44.457  -3.482  24.484 0.0000000000
57852  -45.079  -3.705  26.266 0.0000000000
57870  -45.494  -3.117  25.628 0.0000000000
115356  -43.550  -4.630  27.379 0.0000000000
56240  -43.066  -5.086  26.822 0.0000000000
54328  -37.891  -7.340  24.033 0.0000000000
55435  -40.011  -6.139  22.113 0.0000000000
56282  -40.646  -5.793  22.466 0.0000000000
57060  -42.639  -4.721  23.443 0.0000000000
57073  -43.037  -4.012  23.017 0.0000000000
46153  -19.021  -15.631  37.736 0.0000000000
55357  -5.033  -6.555  25.168 0.0000000000
116119  -3.025  -8.423  26.026 0.0000000000
53293  -2.882  -8.605  25.618 0.0000000000
49138  -6.511  -12.393  32.356 0.0000000000
47131  -3.435  -14.828  31.420 0.0000000000
45228  -2.751  -16.633  32.917 0.0000000000
120315  -3.197  -15.728  32.690 0.0000000000
45254  -2.275  -16.914  31.224 0.0000000000
44316  -2.480  -16.860  30.660 0.0000000000
44301  -3.042  -17.600  31.034 0.0000000000
43413  -5.158  -18.556  31.393 0.0000000000
40343  -4.211  -21.491  31.434 0.0000000000
46007  -7.294  -15.373  46.233 0.0000000000
44205  -6.461  -17.176  45.018 0.0000000000
102591  -6.498  -16.909  45.296 0.0000000000
45077  -5.717  -17.116  45.288 0.0000000000
43317  -6.365  -19.014  44.043 0.0000000000
43311  -5.119  -19.212  44.577 0.0000000000
119496  -4.303  -19.261  44.454 0.0000000000
42349  -4.570  -19.862  44.439 0.0000000000
40143  -4.431  -21.741  43.519 0.0000000000
57001  -37.042  -4.297  29.433 0.0000000000
56948  -27.389  -4.483  33.419 0.0000000000
56153  -27.068  -5.103  32.889 0.0000000000
56172  -33.046  -5.070  30.061 0.0000000000
56183  -32.829  -5.303  29.429 0.0000000000
107005  -33.405  -5.376  28.766 0.0000000000
56186  -35.303  -4.834  29.000 0.0000000000
120628  -35.956  -4.834  28.700 0.0000000000
57012  -36.656  -4.678  28.730 0.0000000000
46074  -21.809  -15.563  43.117 0.0000000000
100891  -20.867  -15.538  43.264 0.0000000000
100887  -21.070  -15.526  42.311 0.0000000000
46094  -20.485  -15.492  41.573 0.0000000000
46064  -25.334  -15.610  44.090 0.0000000000
115526  -25.684  -15.227  44.622 0.0000000000
46063  -24.741  -15.696  44.383 0.0000000000
45145  -25.308  -16.372  40.135 0.0000000000
46115  -24.460  -16.065  40.299 0.0000000000
45127  -24.311  -16.119  41.214 0.0000000000
46097  -23.525  -15.830  41.512 0.0000000000
46128  -21.446  -15.458  39.450 0.0000000000
100886  -21.364  -15.405  36.629 0.0000000000
114388  -20.786  -15.437  37.374 0.0000000000
68212  -52.740  7.249  9.225 0.0000000000
68222  -52.573  7.447  8.458 0.0000000000
68223  -53.167  7.938  8.822 0.0000000000
69978  -53.781  9.051  7.156 0.0000000000
53220  -4.555  -8.983  32.775 0.0000000000
51189  -4.450  -9.031  33.391 0.0000000000
53190  -4.311  -8.829  34.541 0.0000000000
51175  -5.167  -10.103  34.760 0.0000000000
51190  -4.988  -9.540  33.082 0.0000000000
51191  -5.534  -10.207  33.788 0.0000000000
102788  -6.725  -12.833  34.165 0.0000000000
48084  -6.575  -13.615  34.623 0.0000000000
48098  -6.214  -14.193  33.959 0.0000000000
47110  -6.223  -14.417  34.681 0.0000000000
49080  -6.112  -12.495  37.560 0.0000000000
49091  -6.406  -12.342  36.432 0.0000000000
47104  -5.848  -15.016  36.019 0.0000000000
114069  -5.637  -15.063  35.084 0.0000000000
46177  -3.999  -15.922  34.990 0.0000000000
117011  -3.972  -16.245  35.498 0.0000000000
44257  -3.709  -17.298  36.379 0.0000000000
105331  -3.662  -16.907  35.825 0.0000000000
63764  -49.465  2.299  18.862 0.0000000000
64580  -49.840  2.915  19.133 0.0000000000
63746  -50.024  2.138  19.472 0.0000000000
57819  -39.428  -3.632  30.001 0.0000000000
57970  -44.171  -2.861  18.889 0.0000000000
59026  -46.405  -2.322  17.631 0.0000000000
59036  -46.115  -2.105  16.938 0.0000000000
60042  -46.392  -1.387  16.910 0.0000000000
61023  -46.923  -1.224  17.299 0.0000000000
62008  -48.953  1.084  18.566 0.0000000000
62021  -48.330  0.714  18.038 0.0000000000
62921  -49.000  1.919  18.466 0.0000000000
46009  -8.458  -15.051  46.665 0.0000000000
45080  -7.909  -16.046  45.639 0.0000000000
45081  -8.337  -15.877  45.664 0.0000000000
110269  -8.870  -16.400  43.742 0.0000000000
45084  -8.639  -16.011  45.147 0.0000000000
44219  -7.667  -17.365  43.325 0.0000000000
44226  -7.900  -17.372  41.664 0.0000000000
43336  -7.547  -17.934  41.062 0.0000000000
101543  -7.903  -17.785  40.104 0.0000000000
46139  -18.331  -15.620  39.203 0.0000000000
46125  -17.562  -15.662  39.724 0.0000000000
46109  -16.364  -15.653  40.476 0.0000000000
45162  -15.782  -16.106  38.635 0.0000000000
45161  -15.034  -16.194  38.494 0.0000000000
45126  -15.090  -15.794  39.965 0.0000000000
117508  -15.384  -15.576  41.097 0.0000000000
46089  -14.860  -15.509  41.487 0.0000000000
46088  -13.538  -15.507  41.465 0.0000000000
103474  -14.177  -15.415  41.949 0.0000000000
46054  -12.607  -15.249  43.292 0.0000000000
45172  -11.496  -16.586  37.816 0.0000000000
45171  -10.975  -16.538  38.188 0.0000000000
45157  -10.710  -16.422  38.884 0.0000000000
45121  -10.234  -16.275  40.611 0.0000000000
117188  -8.971  -16.879  39.346 0.0000000000
105673  -8.720  -7.537  28.953 0.0000000000
54285  -8.825  -7.183  28.237 0.0000000000
104337  -7.342  -8.369  29.998 0.0000000000
53270  -5.682  -8.498  29.634 0.0000000000
118386  -5.115  -8.432  28.522 0.0000000000
53281  -5.941  -8.314  28.711 0.0000000000
54283  -6.474  -7.887  27.888 0.0000000000
53291  -5.237  -8.188  27.901 0.0000000000
117103  -3.215  -9.069  27.170 0.0000000000
117308  -2.788  -9.956  26.667 0.0000000000
48135  -3.544  -13.478  29.834 0.0000000000
46242  -2.938  -15.110  29.119 0.0000000000
48150  -3.316  -13.612  28.653 0.0000000000
120744  -3.470  -13.114  28.362 0.0000000000
49188  -3.517  -12.527  28.136 0.0000000000
50240  -3.685  -11.260  26.893 0.0000000000
50229  -5.009  -11.676  26.957 0.0000000000
49204  -5.857  -12.246  27.362 0.0000000000
106116  -3.352  -11.610  41.167 0.0000000000
47029  -5.066  -14.927  45.586 0.0000000000
47947  -4.267  -14.334  45.148 0.0000000000
47959  -3.132  -13.944  43.953 0.0000000000
119099  -3.038  -16.645  43.279 0.0000000000
45086  -3.395  -16.325  43.882 0.0000000000
101319  -2.975  -14.914  42.350 0.0000000000
101235  -2.910  -15.070  43.033 0.0000000000
47061  -2.922  -14.276  42.771 0.0000000000
47970  -2.860  -13.594  43.278 0.0000000000
47980  -2.941  -13.543  42.475 0.0000000000
49009  -2.953  -13.001  42.213 0.0000000000
48007  -3.663  -13.462  41.238 0.0000000000
47995  -3.404  -13.223  41.569 0.0000000000
50081  -3.682  -11.984  40.974 0.0000000000
49042  -3.919  -12.275  40.740 0.0000000000
49043  -4.183  -12.783  40.546 0.0000000000
46121  -3.812  -15.852  39.928 0.0000000000
47083  -4.489  -14.511  40.138 0.0000000000
46122  -4.313  -15.442  39.684 0.0000000000
43340  -2.880  -17.980  39.495 0.0000000000
44235  -3.164  -17.129  39.673 0.0000000000
43346  -3.478  -18.409  38.250 0.0000000000
101438  -3.774  -17.096  38.057 0.0000000000
44249  -3.729  -17.342  37.247 0.0000000000
43351  -3.675  -18.120  37.532 0.0000000000
109202  -4.562  -19.748  37.103 0.0000000000
42414  -4.981  -19.636  36.449 0.0000000000
114261  -4.205  -24.205  43.188 0.0000000000
121156  -3.417  -25.377  41.412 0.0000000000
109012  -3.476  -25.756  42.252 0.0000000000
37983  -3.597  -24.031  42.271 0.0000000000
106191  -3.444  -23.989  41.385 0.0000000000
104633  -3.433  -23.990  40.311 0.0000000000
37109  -3.655  -24.078  39.344 0.0000000000
38030  -3.783  -23.218  38.963 0.0000000000
39141  -4.948  -22.740  37.497 0.0000000000
39157  -6.394  -22.835  36.099 0.0000000000
39168  -6.327  -21.872  35.865 0.0000000000
39169  -6.940  -22.357  35.030 0.0000000000
110130  -27.556  -4.077  42.130 0.0000000000
57709  -27.510  -3.554  42.498 0.0000000000
57692  -27.257  -3.841  43.134 0.0000000000
54160  -28.320  -7.277  40.097 0.0000000000
55199  -28.140  -6.719  40.725 0.0000000000
56090  -27.934  -6.181  41.344 0.0000000000
56080  -27.679  -5.106  41.999 0.0000000000
121104  -28.036  -9.027  40.916 0.0000000000
53116  -28.304  -7.900  40.742 0.0000000000
53105  -27.581  -7.757  43.021 0.0000000000
54127  -27.454  -6.894  43.130 0.0000000000
109137  -28.094  -8.224  42.068 0.0000000000
56887  -26.999  -5.089  43.441 0.0000000000
66353  -49.733  5.255  17.428 0.0000000000
62933  -47.810  1.308  17.481 0.0000000000
62946  -47.324  1.874  16.890 0.0000000000
109828  -47.957  2.284  17.369 0.0000000000
64604  -47.963  3.174  17.092 0.0000000000
64622  -48.257  3.820  16.934 0.0000000000
65477  -48.472  4.472  16.419 0.0000000000
56237  -40.103  -5.495  26.874 0.0000000000
56199  -39.767  -4.665  28.159 0.0000000000
56233  -36.480  -5.793  26.730 0.0000000000
55346  -37.101  -6.237  26.082 0.0000000000
102235  -3.645  -18.192  33.849 0.0000000000
41445  -4.882  -20.799  33.047 0.0000000000
43328  -7.035  -18.879  41.713 0.0000000000
58681  -29.553  -2.764  35.772 0.0000000000
57756  -30.868  -3.380  34.390 0.0000000000
57772  -31.392  -3.623  33.725 0.0000000000
57758  -32.368  -3.273  34.602 0.0000000000
47967  -25.111  -14.021  45.197 0.0000000000
102358  -25.718  -16.371  37.958 0.0000000000
109259  -52.293  6.227  12.573 0.0000000000
66406  -52.156  6.073  11.705 0.0000000000
67309  -52.799  6.524  12.070 0.0000000000
68193  -54.103  8.078  11.845 0.0000000000
51136  -4.017  -10.257  38.245 0.0000000000
50108  -4.233  -10.891  38.774 0.0000000000
49056  -4.605  -12.123  39.649 0.0000000000
58965  -47.372  -2.174  21.448 0.0000000000
58944  -47.723  -1.948  22.352 0.0000000000
57083  -42.076  -4.052  21.940 0.0000000000
57934  -41.783  -3.746  21.198 0.0000000000
58980  -45.587  -2.485  20.980 0.0000000000
46023  -11.943  -14.585  45.831 0.0000000000
52334  -2.889  -8.574  25.069 0.0000000000
44319  -5.588  -17.184  30.622 0.0000000000
44320  -6.656  -17.345  30.952 0.0000000000
41289  -3.125  -20.234  42.464 0.0000000000
41305  -2.795  -19.981  41.701 0.0000000000
41322  -2.813  -20.086  40.976 0.0000000000
56926  -26.923  -4.023  39.241 0.0000000000
57730  -26.971  -3.292  38.191 0.0000000000
58655  -27.821  -2.394  38.144 0.0000000000
50121  -27.851  -10.806  37.347 0.0000000000
50087  -27.512  -11.490  41.456 0.0000000000
49037  -27.485  -12.490  41.212 0.0000000000
47078  -27.791  -14.916  39.700 0.0000000000
46132  -27.998  -15.886  39.192 0.0000000000
102597  -49.809  5.576  15.039 0.0000000000
66375  -50.481  5.728  14.411 0.0000000000
66386  -51.144  5.865  13.787 0.0000000000
57062  -43.857  -3.934  24.153 0.0000000000
57051  -43.500  -4.681  24.583 0.0000000000
57044  -44.359  -4.259  25.906 0.0000000000
55405  -39.778  -6.822  24.121 0.0000000000
55406  -40.394  -6.565  23.659 0.0000000000
55422  -40.930  -6.118  23.251 0.0000000000
56270  -41.628  -5.731  23.542 0.0000000000
56271  -42.284  -5.431  23.833 0.0000000000
102443  -19.476  -15.603  36.942 0.0000000000
120320  -5.395  -6.973  25.794 0.0000000000
48097  -6.032  -14.082  33.042 0.0000000000
48109  -5.610  -13.900  32.110 0.0000000000
44282  -2.714  -18.252  32.183 0.0000000000
43410  -2.747  -18.103  31.771 0.0000000000
41485  -4.930  -20.977  31.225 0.0000000000
110227  -6.139  -20.352  43.704 0.0000000000
41263  -6.016  -20.318  43.861 0.0000000000
41262  -5.634  -20.519  44.023 0.0000000000
41261  -4.897  -20.492  44.270 0.0000000000
56991  -36.600  -4.028  30.190 0.0000000000
57806  -36.180  -3.742  30.954 0.0000000000
56970  -27.815  -4.571  31.810 0.0000000000
56975  -32.789  -4.516  31.480 0.0000000000
121017  -33.345  -4.601  30.953 0.0000000000
56988  -33.519  -4.797  30.354 0.0000000000
56998  -34.263  -4.708  30.070 0.0000000000
56185  -34.524  -4.924  29.314 0.0000000000
46095  -21.863  -15.557  42.086 0.0000000000
47059  -26.592  -14.176  43.949 0.0000000000
46049  -26.184  -14.821  44.319 0.0000000000
46077  -25.743  -15.790  43.161 0.0000000000
45098  -25.470  -16.158  42.536 0.0000000000
46146  -24.477  -15.882  38.736 0.0000000000
46129  -23.772  -15.719  39.452 0.0000000000
115264  -22.842  -15.557  39.844 0.0000000000
119767  -22.192  -15.456  39.390 0.0000000000
120037  -21.553  -15.395  37.294 0.0000000000
66427  -50.819  5.309  9.143 0.0000000000
106821  -4.120  -8.972  35.142 0.0000000000
110313  -6.316  -11.445  35.197 0.0000000000
49102  -6.561  -12.182  35.455 0.0000000000
46178  -4.349  -16.145  35.858 0.0000000000
45187  -3.851  -16.871  36.690 0.0000000000
61989  -49.546  0.679  19.240 0.0000000000
58997  -46.614  -2.557  18.909 0.0000000000
59012  -46.187  -2.583  18.244 0.0000000000
59013  -46.966  -2.366  18.293 0.0000000000
59027  -47.090  -2.116  17.857 0.0000000000
60031  -47.339  -1.577  17.747 0.0000000000
60032  -47.973  -1.116  18.151 0.0000000000
46052  -10.156  -15.570  44.116 0.0000000000
45143  -16.237  -15.931  39.195 0.0000000000
116674  -14.151  -16.259  38.352 0.0000000000
46107  -13.878  -15.617  40.746 0.0000000000
46087  -12.653  -15.551  41.655 0.0000000000
44244  -9.103  -17.113  38.606 0.0000000000
54275  -7.927  -8.122  29.288 0.0000000000
108502  -3.734  -8.848  27.785 0.0000000000
51258  -2.886  -10.995  27.915 0.0000000000
48136  -4.267  -13.533  30.553 0.0000000000
117627  -3.933  -14.639  28.503 0.0000000000
48187  -3.755  -12.427  27.752 0.0000000000
48189  -5.084  -12.967  27.661 0.0000000000
46016  -4.278  -16.122  45.107 0.0000000000
46032  -3.681  -15.696  44.495 0.0000000000
45085  -2.817  -16.395  42.597 0.0000000000
47994  -3.167  -13.410  41.927 0.0000000000
47076  -4.084  -13.793  40.744 0.0000000000
42394  -3.204  -19.144  38.853 0.0000000000
120593  -3.489  -19.121  38.376 0.0000000000
42401  -3.735  -19.086  37.937 0.0000000000
41364  -4.248  -20.313  37.666 0.0000000000
35263  -3.419  -26.197  41.298 0.0000000000
36181  -3.483  -25.444  40.578 0.0000000000
36187  -3.658  -25.481  39.773 0.0000000000
118874  -3.741  -24.881  39.378 0.0000000000
38057  -5.623  -23.250  36.951 0.0000000000
104858  -28.098  -9.331  37.470 0.0000000000
100333  -28.006  -9.222  36.978 0.0000000000
53165  -28.148  -8.756  37.572 0.0000000000
56111  -27.715  -6.244  39.372 0.0000000000
56101  -27.885  -6.071  40.545 0.0000000000
109372  -27.476  -5.225  39.888 0.0000000000
101476  -27.702  -13.352  38.498 0.0000000000
49066  -27.621  -12.540  38.702 0.0000000000
101075  -27.704  -11.651  38.219 0.0000000000
50113  -27.838  -10.764  37.843 0.0000000000
117803  -28.056  -9.488  39.236 0.0000000000
100843  -28.016  -9.963  38.396 0.0000000000
114941  -28.100  -9.517  37.576 0.0000000000
51117  -27.541  -10.344  42.600 0.0000000000
52125  -27.759  -8.556  42.709 0.0000000000
110358  -27.698  -9.776  42.132 0.0000000000
120656  -27.572  -12.518  39.487 0.0000000000
67266  -52.215  6.903  17.029 0.0000000000
62945  -46.733  1.515  16.496 0.0000000000
62964  -45.704  1.461  15.583 0.0000000000
63803  -45.845  2.269  15.225 0.0000000000
65483  -47.938  4.270  15.013 0.0000000000
65484  -48.598  4.801  15.458 0.0000000000
66367  -49.287  5.323  15.505 0.0000000000
56249  -41.818  -5.841  25.965 0.0000000000
56220  -42.328  -5.132  27.134 0.0000000000
56221  -42.983  -4.654  27.721 0.0000000000
56219  -41.196  -4.786  27.834 0.0000000000
57026  -42.142  -4.579  28.020 0.0000000000
55367  -34.760  -6.568  25.329 0.0000000000
54325  -34.953  -7.266  24.085 0.0000000000
54345  -35.526  -7.555  23.511 0.0000000000
54346  -36.317  -7.564  23.648 0.0000000000
113615  -37.126  -7.229  24.364 0.0000000000
55370  -37.718  -6.587  25.422 0.0000000000
110074  -39.175  -6.780  24.754 0.0000000000
105260  -39.897  -6.606  24.804 0.0000000000
55315  -7.952  -6.751  26.855 0.0000000000
46203  -3.709  -15.545  33.167 0.0000000000
43387  -3.020  -18.149  33.057 0.0000000000
40330  -4.160  -21.503  31.696 0.0000000000
40314  -4.268  -21.185  32.278 0.0000000000
39210  -4.410  -22.461  31.519 0.0000000000
42359  -6.449  -19.437  43.604 0.0000000000
108861  -6.716  -19.630  42.455 0.0000000000
42367  -6.544  -19.784  43.068 0.0000000000
42366  -6.307  -20.279  43.418 0.0000000000
57787  -35.460  -3.373  32.544 0.0000000000
57776  -35.088  -3.199  33.344 0.0000000000
56939  -27.045  -4.381  35.122 0.0000000000
56943  -27.208  -4.426  34.256 0.0000000000
57768  -27.751  -3.888  33.930 0.0000000000
56949  -28.096  -4.022  33.136 0.0000000000
57755  -29.299  -3.357  34.331 0.0000000000
57769  -28.623  -3.631  33.715 0.0000000000
56959  -28.438  -4.196  32.348 0.0000000000
56972  -29.582  -4.494  31.395 0.0000000000
56973  -30.484  -4.466  31.636 0.0000000000
56974  -31.402  -4.524  31.631 0.0000000000
57783  -32.011  -3.869  33.061 0.0000000000
56963  -32.435  -4.213  32.283 0.0000000000
56964  -33.241  -4.150  32.171 0.0000000000
101672  -24.123  -15.688  44.571 0.0000000000
45130  -26.890  -16.335  40.629 0.0000000000
108792  -26.427  -16.277  41.315 0.0000000000
45165  -25.275  -16.216  38.547 0.0000000000
120973  -24.044  -15.718  38.069 0.0000000000
46158  -23.576  -15.579  37.427 0.0000000000
46157  -22.728  -15.444  37.347 0.0000000000
65517  -50.518  4.754  10.332 0.0000000000
103041  -51.542  5.624  10.485 0.0000000000
66415  -51.051  5.270  9.954 0.0000000000
66428  -51.371  5.773  9.304 0.0000000000
67347  -51.664  6.328  8.747 0.0000000000
69096  -53.521  7.770  10.371 0.0000000000
60004  -48.793  -1.509  19.475 0.0000000000
60005  -49.306  -1.061  19.643 0.0000000000
59994  -49.201  -1.420  20.195 0.0000000000
59975  -49.020  -1.530  21.644 0.0000000000
57949  -40.777  -3.814  20.163 0.0000000000
101510  -42.795  -3.047  19.256 0.0000000000
100649  -45.231  -2.623  19.632 0.0000000000
58996  -45.737  -2.668  18.906 0.0000000000
108807  -10.017  -14.613  46.780 0.0000000000
46034  -10.475  -15.209  45.144 0.0000000000
106811  -15.158  -16.503  36.792 0.0000000000
45175  -14.674  -16.396  37.596 0.0000000000
116483  -13.451  -16.331  38.187 0.0000000000
101932  -12.776  -16.315  38.367 0.0000000000
45159  -12.652  -16.104  39.015 0.0000000000
45173  -12.227  -16.524  37.746 0.0000000000
117895  -7.580  -8.388  31.656 0.0000000000
53259  -7.186  -8.405  30.902 0.0000000000
53257  -5.243  -8.618  30.457 0.0000000000
53256  -4.624  -8.935  30.512 0.0000000000
51248  -3.894  -10.599  29.225 0.0000000000
45264  -2.422  -15.968  30.147 0.0000000000
100265  -2.658  -15.250  29.636 0.0000000000
46243  -3.845  -15.277  28.880 0.0000000000
46259  -6.093  -14.872  28.758 0.0000000000
51096  -4.016  -10.081  44.625 0.0000000000
50062  -3.274  -11.756  44.244 0.0000000000
105104  -3.714  -17.957  44.310 0.0000000000
113089  -2.698  -17.177  42.240 0.0000000000
44224  -2.565  -17.577  41.454 0.0000000000
45117  -2.846  -16.829  40.703 0.0000000000
43334  -2.662  -18.709  39.991 0.0000000000
42385  -2.896  -19.440  39.632 0.0000000000
103139  -3.792  -21.866  38.916 0.0000000000
110473  -28.049  -8.086  37.208 0.0000000000
54197  -27.521  -7.281  36.698 0.0000000000
55248  -27.039  -6.284  36.145 0.0000000000
56136  -26.831  -5.239  35.589 0.0000000000
57742  -27.304  -3.658  35.618 0.0000000000
58663  -28.192  -2.474  37.135 0.0000000000
58671  -28.853  -2.561  36.437 0.0000000000
47969  -26.720  -13.428  44.337 0.0000000000
121379  -26.978  -14.951  42.937 0.0000000000
46079  -26.996  -15.166  42.235 0.0000000000
47988  -27.392  -12.988  42.782 0.0000000000
106096  -27.415  -13.002  41.915 0.0000000000
46099  -27.200  -15.587  41.229 0.0000000000
45147  -26.977  -16.489  39.787 0.0000000000
45166  -27.238  -16.537  38.908 0.0000000000
104079  -49.070  4.841  14.080 0.0000000000
65490  -48.584  4.473  13.677 0.0000000000
65496  -48.791  4.305  12.824 0.0000000000
66399  -50.726  5.216  12.246 0.0000000000
67299  -51.745  5.996  13.163 0.0000000000
58942  -45.620  -2.392  22.908 0.0000000000
58941  -44.827  -2.695  23.332 0.0000000000
58916  -45.529  -2.548  23.941 0.0000000000
56250  -43.106  -5.307  25.898 0.0000000000
57034  -43.809  -4.699  26.569 0.0000000000
56283  -41.318  -5.427  22.795 0.0000000000
57071  -41.663  -4.709  22.384 0.0000000000
57919  -42.782  -3.674  22.249 0.0000000000
57920  -43.503  -3.355  22.560 0.0000000000
104698  -18.267  -15.720  38.356 0.0000000000
45178  -17.368  -16.131  37.144 0.0000000000
45193  -16.713  -16.314  36.761 0.0000000000
101405  -16.383  -16.441  36.099 0.0000000000
51308  -3.032  -9.943  26.181 0.0000000000
48119  -4.941  -13.748  31.255 0.0000000000
48118  -3.946  -14.264  30.824 0.0000000000
120237  -3.273  -14.608  30.719 0.0000000000
45241  -2.465  -16.798  31.971 0.0000000000
46225  -2.706  -15.494  31.391 0.0000000000
46232  -2.420  -15.716  30.656 0.0000000000
113886  -3.872  -17.553  30.819 0.0000000000
44302  -4.844  -17.744  31.011 0.0000000000
47014  -6.665  -14.851  46.246 0.0000000000
45078  -6.838  -16.168  45.716 0.0000000000
43309  -6.244  -18.125  44.536 0.0000000000
42351  -6.156  -19.475  44.103 0.0000000000
43308  -5.637  -18.423  44.702 0.0000000000
107244  -3.740  -20.395  43.874 0.0000000000
40158  -3.604  -21.798  42.923 0.0000000000
56196  -37.163  -4.953  28.055 0.0000000000
57014  -38.420  -4.455  28.729 0.0000000000
56993  -38.481  -3.743  30.056 0.0000000000
57807  -37.143  -3.622  30.846 0.0000000000
55288  -26.818  -6.036  33.175 0.0000000000
108158  -26.797  -6.836  32.631 0.0000000000
116001  -33.295  -5.690  27.207 0.0000000000
56195  -34.746  -5.204  28.560 0.0000000000
116175  -36.335  -5.115  28.121 0.0000000000
47043  -25.039  -14.825  45.530 0.0000000000
120478  -26.023  -14.899  44.938 0.0000000000
47056  -25.438  -15.071  45.211 0.0000000000
45112  -25.780  -16.354  41.635 0.0000000000
45111  -24.961  -16.355  41.874 0.0000000000
45097  -24.821  -16.195  42.656 0.0000000000
45096  -24.335  -16.015  43.092 0.0000000000
46062  -23.665  -15.815  43.670 0.0000000000
105323  -21.766  -15.500  41.036 0.0000000000
114454  -20.482  -15.496  40.254 0.0000000000
111598  -19.641  -15.539  38.221 0.0000000000
67359  -51.976  7.009  8.063 0.0000000000
68235  -52.918  8.042  7.964 0.0000000000
69138  -53.976  9.032  5.828 0.0000000000
53203  -4.400  -8.933  33.702 0.0000000000
52198  -4.288  -9.044  34.268 0.0000000000
49125  -6.728  -12.343  33.317 0.0000000000
47109  -5.038  -15.121  34.256 0.0000000000
48070  -6.655  -13.178  35.688 0.0000000000
118890  -6.497  -13.770  36.139 0.0000000000
111176  -3.367  -17.072  34.947 0.0000000000
43375  -3.647  -17.816  34.869 0.0000000000
64595  -49.505  3.501  18.613 0.0000000000
57015  -39.276  -4.372  28.731 0.0000000000
57004  -39.791  -3.962  29.315 0.0000000000
57999  -43.786  -3.239  17.596 0.0000000000
101126  -44.354  -3.135  17.165 0.0000000000
58000  -45.099  -2.862  17.519 0.0000000000
59024  -44.891  -2.813  16.826 0.0000000000
60055  -44.915  -1.897  15.916 0.0000000000
60041  -45.649  -1.420  16.346 0.0000000000
61040  -47.024  0.194  16.975 0.0000000000
61024  -47.412  -0.599  17.506 0.0000000000
62020  -47.667  0.409  17.509 0.0000000000
44212  -7.527  -16.970  44.524 0.0000000000
109222  -7.575  -17.653  42.511 0.0000000000
43335  -7.367  -18.627  40.457 0.0000000000
101428  -17.806  -15.580  40.587 0.0000000000
46091  -16.369  -15.532  41.817 0.0000000000
45176  -15.678  -16.285  37.761 0.0000000000
46123  -15.923  -15.785  39.881 0.0000000000
115421  -16.027  -15.587  41.112 0.0000000000
46056  -14.381  -14.954  43.744 0.0000000000
103707  -11.869  -15.416  43.173 0.0000000000
46068  -11.388  -15.594  42.635 0.0000000000
45095  -10.818  -15.885  42.056 0.0000000000
45107  -10.137  -16.189  41.516 0.0000000000
108597  -10.963  -16.151  40.269 0.0000000000
45120  -9.380  -16.457  41.004 0.0000000000
115319  -8.782  -16.738  40.612 0.0000000000
44237  -8.395  -17.620  39.200 0.0000000000
120672  -7.446  -7.647  27.897 0.0000000000
54293  -4.525  -7.993  27.045 0.0000000000
53290  -3.550  -8.518  26.892 0.0000000000
53289  -2.921  -8.943  26.439 0.0000000000
50190  -5.726  -11.216  31.100 0.0000000000
50206  -5.064  -11.652  30.362 0.0000000000
50205  -4.494  -11.116  29.797 0.0000000000
48151  -3.262  -13.312  29.158 0.0000000000
51247  -3.185  -10.977  28.515 0.0000000000
51276  -2.961  -10.927  27.404 0.0000000000
50241  -5.819  -11.203  26.530 0.0000000000
50230  -6.777  -11.814  27.129 0.0000000000
49205  -6.904  -12.479  27.498 0.0000000000
50092  -3.680  -11.055  40.003 0.0000000000
47948  -4.567  -13.278  45.234 0.0000000000
103095  -3.031  -12.501  44.029 0.0000000000
46051  -3.255  -15.344  43.705 0.0000000000
49001  -2.787  -12.760  43.489 0.0000000000
50075  -2.770  -12.360  42.255 0.0000000000
106473  -2.804  -11.587  41.892 0.0000000000
50080  -3.235  -12.204  41.540 0.0000000000
120416  -3.655  -11.512  40.603 0.0000000000
49055  -4.231  -11.913  40.116 0.0000000000
121127  -4.490  -12.635  40.097 0.0000000000
47084  -4.867  -14.094  39.812 0.0000000000
45155  -4.114  -16.477  38.116 0.0000000000
45135  -3.568  -16.554  39.332 0.0000000000
44236  -3.488  -17.064  38.805 0.0000000000
45154  -3.755  -16.697  38.615 0.0000000000
42412  -3.899  -18.662  37.143 0.0000000000
43357  -4.113  -18.465  36.320 0.0000000000
42426  -4.667  -19.036  35.885 0.0000000000
42427  -5.293  -19.579  35.455 0.0000000000
41401  -5.867  -20.128  34.977 0.0000000000
106900  -3.824  -23.107  42.757 0.0000000000
39049  -3.554  -22.460  42.414 0.0000000000
36172  -3.878  -25.344  43.030 0.0000000000
37051  -3.887  -24.467  42.897 0.0000000000
39086  -3.447  -22.385  40.146 0.0000000000
39104  -3.653  -22.483  39.288 0.0000000000
40215  -4.078  -22.023  38.434 0.0000000000
105174  -4.070  -23.853  38.625 0.0000000000
38031  -4.174  -23.134  38.450 0.0000000000
39123  -4.227  -22.580  38.308 0.0000000000
108639  -4.419  -22.177  37.931 0.0000000000
40253  -5.177  -21.036  37.054 0.0000000000
111113  -5.643  -22.361  36.776 0.0000000000
40273  -6.185  -20.901  35.507 0.0000000000
41402  -6.216  -20.691  34.534 0.0000000000
39185  -6.761  -22.045  33.878 0.0000000000
38096  -5.492  -23.649  32.439 0.0000000000
46098  -26.716  -15.610  41.936 0.0000000000
49000  -27.059  -12.546  43.887 0.0000000000
51094  -2.716  -11.485  43.619 0.0000000000
52129  -27.648  -9.485  42.680 0.0000000000
52138  -28.174  -8.365  41.227 0.0000000000
55186  -27.814  -6.363  42.252 0.0000000000
55205  -28.174  -6.920  39.787 0.0000000000
55391  -36.709  -6.967  24.816 0.0000000000
56073  -27.459  -5.522  42.716 0.0000000000
57002  -37.977  -4.149  29.416 0.0000000000
57005  -40.791  -3.933  29.154 0.0000000000
57052  -44.118  -4.192  24.965 0.0000000000
57903  -44.264  -3.248  23.715 0.0000000000
57951  -42.339  -3.258  20.662 0.0000000000
57989  -45.368  -2.766  18.210 0.0000000000
58966  -48.217  -1.857  21.540 0.0000000000
63763  -49.066  2.517  18.423 0.0000000000
103169  -27.739  -9.712  41.291 0.0000000000
105379  -5.145  -21.989  32.551 0.0000000000
105745  -26.859  -5.205  34.715 0.0000000000
114277  -47.752  -2.298  19.796 0.0000000000
114704  -28.008  -8.700  36.856 0.0000000000
117717  -28.022  -7.300  42.204 0.0000000000
119777  -48.230  2.826  17.519 0.0000000000
121010  -27.659  -2.781  42.413 0.0000000000
