#!ascii label  , from subject sub-v2s15x29747_ses-1 vox2ras=TkReg
470
7170  -40.605  -62.114  -14.174 0.0000000000
7841  -41.088  -61.987  -19.376 0.0000000000
9523  -41.381  -57.864  -15.179 0.0000000000
6582  -43.352  -63.325  -17.930 0.0000000000
11521  -46.197  -55.071  -18.259 0.0000000000
9492  -45.341  -59.330  -11.306 0.0000000000
10132  -37.843  -57.038  -10.961 0.0000000000
12663  -35.666  -53.065  -6.865 0.0000000000
12108  -41.506  -54.710  -13.879 0.0000000000
10188  -43.703  -56.990  -15.995 0.0000000000
12717  -43.843  -53.668  -15.045 0.0000000000
9479  -40.760  -58.544  -10.679 0.0000000000
10802  -39.563  -56.710  -8.282 0.0000000000
101109  -35.128  -48.904  -7.720 0.0000000000
14053  -34.662  -50.893  -9.698 0.0000000000
6559  -38.019  -63.342  -16.364 0.0000000000
7844  -43.949  -61.896  -20.189 0.0000000000
6029  -40.593  -65.248  -20.766 0.0000000000
6052  -41.341  -64.622  -22.419 0.0000000000
8295  -43.485  -61.830  -14.303 0.0000000000
6549  -42.360  -63.273  -15.782 0.0000000000
8932  -46.166  -59.063  -18.849 0.0000000000
112065  -44.352  -58.239  -19.314 0.0000000000
8856  -41.572  -59.782  -13.100 0.0000000000
10144  -39.079  -57.494  -12.939 0.0000000000
12693  -38.793  -53.506  -12.428 0.0000000000
12056  -38.255  -54.848  -6.312 0.0000000000
11424  -36.593  -55.263  -8.939 0.0000000000
13343  -36.217  -52.664  -11.175 0.0000000000
14792  -38.242  -50.626  -12.368 0.0000000000
5978  -39.847  -64.152  -18.264 0.0000000000
9539  -39.270  -58.458  -16.567 0.0000000000
7825  -38.699  -61.685  -18.245 0.0000000000
119985  -36.224  -63.948  -20.881 0.0000000000
12702  -41.234  -53.580  -13.541 0.0000000000
12109  -42.174  -54.253  -14.158 0.0000000000
7182  -39.246  -62.555  -15.158 0.0000000000
7246  -42.927  -62.289  -20.513 0.0000000000
7267  -42.323  -63.511  -21.047 0.0000000000
6619  -41.421  -63.312  -20.839 0.0000000000
6660  -40.140  -64.018  -21.819 0.0000000000
6618  -40.218  -63.300  -20.529 0.0000000000
8891  -41.639  -59.713  -15.327 0.0000000000
9524  -42.035  -58.644  -15.800 0.0000000000
10875  -45.310  -55.838  -16.421 0.0000000000
9543  -45.191  -58.123  -17.186 0.0000000000
10212  -46.333  -56.620  -17.956 0.0000000000
9600  -46.010  -58.149  -19.809 0.0000000000
104938  -46.120  -56.698  -19.267 0.0000000000
8857  -44.308  -60.651  -13.025 0.0000000000
8843  -44.111  -59.807  -12.372 0.0000000000
10134  -39.127  -57.867  -10.426 0.0000000000
9487  -39.542  -58.488  -11.620 0.0000000000
10143  -38.552  -57.184  -12.361 0.0000000000
11454  -39.391  -55.660  -13.002 0.0000000000
11449  -37.842  -55.599  -11.897 0.0000000000
12054  -36.744  -54.201  -6.895 0.0000000000
11413  -37.575  -55.396  -7.728 0.0000000000
12064  -35.751  -53.943  -8.095 0.0000000000
14763  -35.237  -50.183  -10.526 0.0000000000
14055  -35.579  -52.071  -10.682 0.0000000000
111958  -36.331  -50.984  -11.383 0.0000000000
111407  -37.590  -51.933  -11.929 0.0000000000
6565  -43.160  -63.386  -16.962 0.0000000000
116615  -41.353  -63.759  -17.149 0.0000000000
6580  -41.558  -64.133  -17.869 0.0000000000
5431  -38.770  -65.505  -21.067 0.0000000000
9522  -37.839  -58.133  -15.712 0.0000000000
8339  -39.322  -60.381  -17.579 0.0000000000
6596  -36.096  -63.067  -19.027 0.0000000000
10840  -41.173  -56.119  -14.270 0.0000000000
10187  -42.554  -57.272  -15.591 0.0000000000
10853  -42.682  -55.424  -14.732 0.0000000000
11478  -43.543  -55.135  -15.064 0.0000000000
12147  -44.914  -54.606  -15.930 0.0000000000
9481  -42.703  -58.514  -10.577 0.0000000000
10121  -40.505  -57.707  -9.450 0.0000000000
10813  -38.260  -56.844  -9.409 0.0000000000
14718  -34.546  -50.658  -7.516 0.0000000000
13303  -34.835  -52.447  -7.944 0.0000000000
15498  -34.549  -49.781  -8.532 0.0000000000
16363  -34.854  -48.859  -9.770 0.0000000000
17241  -35.519  -47.412  -10.170 0.0000000000
7226  -43.911  -62.665  -19.237 0.0000000000
5997  -42.118  -64.441  -19.410 0.0000000000
6620  -42.825  -63.679  -20.298 0.0000000000
5434  -41.592  -64.846  -21.877 0.0000000000
5466  -40.785  -65.327  -23.340 0.0000000000
6089  -40.430  -64.959  -23.910 0.0000000000
6088  -39.215  -64.818  -24.053 0.0000000000
6087  -37.768  -64.687  -23.529 0.0000000000
7149  -43.197  -62.305  -14.012 0.0000000000
7184  -41.947  -62.913  -15.104 0.0000000000
7775  -43.393  -62.408  -16.052 0.0000000000
7810  -44.273  -61.685  -17.689 0.0000000000
9542  -43.967  -58.486  -16.706 0.0000000000
9560  -44.774  -59.048  -17.307 0.0000000000
7811  -44.637  -61.618  -18.511 0.0000000000
8369  -45.321  -60.197  -19.640 0.0000000000
8964  -44.488  -59.974  -19.899 0.0000000000
8949  -43.347  -59.815  -19.389 0.0000000000
7742  -44.026  -61.459  -13.385 0.0000000000
8288  -41.887  -60.367  -14.299 0.0000000000
8872  -40.516  -59.233  -14.042 0.0000000000
9489  -41.340  -58.955  -11.335 0.0000000000
8854  -39.900  -58.947  -12.848 0.0000000000
9498  -40.116  -58.284  -14.062 0.0000000000
11463  -40.190  -55.697  -13.483 0.0000000000
12107  -40.021  -54.752  -13.135 0.0000000000
13358  -40.040  -52.917  -13.016 0.0000000000
11415  -38.950  -55.948  -7.225 0.0000000000
10801  -37.860  -56.309  -8.818 0.0000000000
11446  -36.934  -55.976  -10.280 0.0000000000
13312  -35.096  -52.923  -9.358 0.0000000000
109751  -36.250  -54.623  -10.265 0.0000000000
12089  -36.668  -54.363  -11.081 0.0000000000
12685  -38.061  -53.778  -12.109 0.0000000000
13356  -38.297  -52.189  -12.231 0.0000000000
6547  -40.020  -62.975  -15.940 0.0000000000
6577  -38.269  -63.690  -17.242 0.0000000000
5996  -40.344  -64.563  -19.109 0.0000000000
6011  -38.846  -64.779  -19.622 0.0000000000
10909  -44.543  -55.865  -18.520 0.0000000000
9578  -43.020  -58.356  -18.624 0.0000000000
8948  -41.659  -59.635  -18.394 0.0000000000
8340  -40.026  -60.128  -17.751 0.0000000000
109611  -40.422  -61.412  -18.659 0.0000000000
6617  -39.018  -63.228  -20.160 0.0000000000
6048  -37.328  -64.268  -21.884 0.0000000000
13371  -40.843  -52.900  -13.372 0.0000000000
13372  -41.587  -52.890  -13.739 0.0000000000
7168  -38.596  -62.392  -14.332 0.0000000000
7169  -39.539  -62.177  -14.359 0.0000000000
7842  -42.162  -61.797  -19.770 0.0000000000
7245  -42.025  -62.688  -20.439 0.0000000000
7244  -40.711  -62.700  -19.938 0.0000000000
104222  -41.221  -58.966  -15.177 0.0000000000
11520  -45.928  -55.225  -17.305 0.0000000000
109845  -45.709  -56.467  -16.920 0.0000000000
10911  -46.315  -55.699  -18.546 0.0000000000
10927  -46.332  -56.290  -18.966 0.0000000000
8845  -45.277  -59.714  -11.468 0.0000000000
8844  -45.008  -59.918  -11.939 0.0000000000
114716  -44.740  -60.556  -12.494 0.0000000000
9491  -44.433  -59.218  -11.565 0.0000000000
10133  -38.395  -57.493  -10.728 0.0000000000
10139  -38.860  -57.975  -11.224 0.0000000000
10826  -37.716  -56.522  -11.429 0.0000000000
10827  -38.206  -56.510  -12.151 0.0000000000
13294  -35.382  -52.335  -6.587 0.0000000000
13286  -35.641  -52.031  -5.793 0.0000000000
13295  -35.945  -52.807  -6.133 0.0000000000
12665  -37.071  -53.917  -6.173 0.0000000000
12664  -36.343  -53.513  -6.504 0.0000000000
12672  -36.046  -53.745  -7.267 0.0000000000
12671  -35.403  -53.201  -7.645 0.0000000000
15546  -35.447  -49.371  -10.800 0.0000000000
14776  -35.987  -50.155  -11.263 0.0000000000
14777  -36.762  -50.568  -11.664 0.0000000000
121153  -36.711  -48.896  -11.703 0.0000000000
6581  -42.879  -63.697  -17.812 0.0000000000
6564  -42.315  -63.809  -17.279 0.0000000000
8337  -37.786  -60.909  -17.220 0.0000000000
7222  -37.400  -62.338  -18.482 0.0000000000
7221  -36.500  -62.533  -18.456 0.0000000000
11464  -41.028  -55.443  -13.870 0.0000000000
10852  -41.914  -56.120  -14.696 0.0000000000
11477  -41.770  -55.389  -14.291 0.0000000000
12716  -42.776  -53.648  -14.418 0.0000000000
12122  -43.063  -54.542  -14.642 0.0000000000
12123  -44.098  -54.575  -15.270 0.0000000000
10120  -39.548  -57.613  -9.655 0.0000000000
10814  -39.107  -57.097  -9.098 0.0000000000
14702  -34.731  -50.192  -6.874 0.0000000000
15482  -34.567  -49.986  -7.732 0.0000000000
14734  -34.452  -50.584  -8.217 0.0000000000
15499  -34.761  -49.301  -8.063 0.0000000000
16343  -35.130  -48.153  -9.768 0.0000000000
6576  -37.279  -63.718  -16.729 0.0000000000
7247  -43.841  -62.458  -19.977 0.0000000000
6621  -43.463  -63.115  -19.919 0.0000000000
6644  -43.066  -63.174  -20.546 0.0000000000
6053  -41.635  -64.443  -21.852 0.0000000000
113755  -42.225  -63.979  -21.367 0.0000000000
5448  -41.466  -64.855  -22.478 0.0000000000
5467  -41.339  -64.986  -22.965 0.0000000000
5486  -40.406  -65.253  -23.996 0.0000000000
6050  -39.811  -64.331  -22.445 0.0000000000
6072  -39.588  -64.550  -23.203 0.0000000000
6071  -38.331  -64.491  -22.989 0.0000000000
7172  -43.269  -62.307  -14.509 0.0000000000
7793  -43.684  -61.813  -16.875 0.0000000000
117759  -43.977  -61.355  -17.290 0.0000000000
108257  -43.308  -56.469  -15.526 0.0000000000
10209  -43.186  -57.961  -16.217 0.0000000000
8931  -45.445  -59.801  -18.123 0.0000000000
8343  -45.757  -59.910  -19.059 0.0000000000
8355  -45.159  -60.904  -19.144 0.0000000000
9579  -45.565  -58.113  -19.707 0.0000000000
9599  -45.162  -58.923  -19.757 0.0000000000
8950  -43.811  -59.081  -19.389 0.0000000000
8842  -42.776  -59.995  -12.867 0.0000000000
8864  -42.794  -60.566  -13.693 0.0000000000
106085  -41.102  -59.724  -13.699 0.0000000000
9480  -41.756  -58.546  -10.619 0.0000000000
114101  -40.602  -58.719  -11.106 0.0000000000
9494  -39.422  -58.423  -12.510 0.0000000000
9495  -40.117  -59.017  -12.221 0.0000000000
9497  -39.612  -58.329  -13.300 0.0000000000
8863  -40.201  -59.096  -13.431 0.0000000000
10150  -39.710  -57.375  -13.649 0.0000000000
10838  -40.054  -56.548  -13.712 0.0000000000
10831  -39.479  -56.545  -13.307 0.0000000000
104671  -39.246  -54.939  -12.741 0.0000000000
12098  -39.403  -54.107  -12.690 0.0000000000
12695  -39.920  -53.598  -12.947 0.0000000000
12694  -39.442  -53.275  -12.697 0.0000000000
11404  -38.652  -55.460  -6.752 0.0000000000
11412  -36.827  -55.076  -8.108 0.0000000000
11426  -37.932  -55.914  -8.072 0.0000000000
11425  -37.286  -55.680  -8.510 0.0000000000
11436  -37.042  -55.899  -9.372 0.0000000000
13311  -34.609  -51.868  -8.603 0.0000000000
118673  -34.841  -52.561  -8.738 0.0000000000
14038  -34.807  -52.150  -9.345 0.0000000000
12680  -35.530  -53.316  -10.078 0.0000000000
12681  -35.937  -53.277  -10.804 0.0000000000
12683  -36.555  -53.510  -11.244 0.0000000000
12090  -37.368  -54.171  -11.667 0.0000000000
12684  -37.410  -53.406  -11.761 0.0000000000
14081  -37.888  -51.347  -12.137 0.0000000000
14082  -38.637  -51.414  -12.444 0.0000000000
14083  -39.053  -52.122  -12.568 0.0000000000
7183  -40.514  -62.570  -15.025 0.0000000000
6548  -41.211  -63.150  -15.822 0.0000000000
6579  -40.474  -63.827  -17.519 0.0000000000
6578  -39.305  -63.721  -17.479 0.0000000000
5977  -38.753  -64.076  -18.099 0.0000000000
5976  -37.502  -64.155  -17.755 0.0000000000
5994  -38.237  -64.475  -18.726 0.0000000000
6014  -41.821  -64.677  -20.298 0.0000000000
112906  -41.310  -64.616  -19.301 0.0000000000
6013  -40.964  -64.911  -20.058 0.0000000000
5415  -38.285  -65.182  -20.179 0.0000000000
11534  -45.166  -54.900  -18.685 0.0000000000
116179  -42.191  -58.030  -18.047 0.0000000000
9577  -41.956  -58.739  -18.217 0.0000000000
7809  -39.064  -61.068  -17.874 0.0000000000
8352  -39.909  -60.813  -18.087 0.0000000000
118648  -40.324  -60.420  -18.077 0.0000000000
7826  -39.550  -61.535  -18.417 0.0000000000
7243  -39.603  -62.713  -19.626 0.0000000000
7224  -39.148  -62.208  -18.812 0.0000000000
6638  -37.353  -63.487  -20.306 0.0000000000
121330  -37.634  -63.678  -20.854 0.0000000000
6657  -37.036  -63.853  -21.023 0.0000000000
105613  -40.845  -54.230  -13.427 0.0000000000
108868  -41.561  -54.090  -13.746 0.0000000000
12703  -41.941  -53.598  -13.950 0.0000000000
13386  -42.357  -52.850  -14.205 0.0000000000
16325  -34.981  -48.754  -8.359 0.0000000000
100459  -35.484  -48.361  -8.188 0.0000000000
113272  -37.914  -63.082  -15.640 0.0000000000
7856  -43.369  -62.335  -20.420 0.0000000000
7268  -42.925  -62.919  -20.684 0.0000000000
6642  -41.860  -63.886  -21.572 0.0000000000
6661  -41.172  -64.126  -21.954 0.0000000000
6051  -40.911  -64.462  -22.575 0.0000000000
6641  -41.098  -63.628  -21.313 0.0000000000
113198  -40.421  -63.693  -21.325 0.0000000000
6640  -39.476  -63.608  -20.988 0.0000000000
8293  -41.982  -60.476  -14.871 0.0000000000
8309  -42.156  -60.407  -15.456 0.0000000000
8892  -42.286  -59.780  -15.987 0.0000000000
9541  -42.921  -58.982  -16.456 0.0000000000
10874  -44.183  -56.201  -15.756 0.0000000000
10210  -44.378  -57.585  -16.506 0.0000000000
10892  -44.800  -56.719  -16.352 0.0000000000
10231  -46.201  -57.666  -18.002 0.0000000000
9562  -46.400  -58.130  -18.876 0.0000000000
9580  -46.147  -58.473  -19.518 0.0000000000
10250  -46.144  -57.682  -19.494 0.0000000000
10249  -45.913  -57.456  -19.584 0.0000000000
10248  -44.975  -57.435  -19.319 0.0000000000
10135  -40.026  -58.182  -10.261 0.0000000000
9478  -40.081  -58.559  -10.980 0.0000000000
9486  -38.832  -57.898  -12.086 0.0000000000
10830  -38.842  -56.517  -12.741 0.0000000000
11453  -38.657  -55.666  -12.505 0.0000000000
12097  -38.617  -54.792  -12.401 0.0000000000
12055  -37.512  -54.535  -6.590 0.0000000000
11403  -37.917  -55.148  -7.003 0.0000000000
12066  -37.196  -54.788  -7.341 0.0000000000
12065  -36.447  -54.420  -7.691 0.0000000000
12073  -36.206  -54.598  -8.519 0.0000000000
109054  -34.963  -50.798  -10.210 0.0000000000
14054  -34.941  -51.573  -10.045 0.0000000000
14066  -35.559  -51.082  -10.816 0.0000000000
14067  -36.263  -51.735  -11.281 0.0000000000
110936  -36.958  -52.193  -11.612 0.0000000000
14068  -37.052  -51.335  -11.735 0.0000000000
14778  -37.448  -50.578  -12.023 0.0000000000
15561  -37.809  -49.819  -12.260 0.0000000000
116521  -42.596  -63.478  -16.452 0.0000000000
6563  -41.751  -63.554  -16.486 0.0000000000
5979  -40.862  -64.335  -18.411 0.0000000000
8908  -38.265  -59.469  -16.588 0.0000000000
9538  -38.477  -58.697  -16.307 0.0000000000
8909  -39.033  -59.206  -16.790 0.0000000000
8927  -38.790  -59.920  -17.118 0.0000000000
8338  -38.554  -60.635  -17.406 0.0000000000
7223  -38.269  -62.283  -18.659 0.0000000000
7240  -36.980  -62.845  -19.114 0.0000000000
6637  -36.452  -63.627  -20.356 0.0000000000
10163  -41.215  -56.940  -14.707 0.0000000000
10186  -41.914  -56.828  -15.119 0.0000000000
10873  -42.643  -56.265  -15.154 0.0000000000
11501  -43.459  -55.781  -15.278 0.0000000000
12121  -42.251  -54.842  -14.319 0.0000000000
11502  -44.443  -55.333  -15.618 0.0000000000
11503  -45.454  -54.943  -16.589 0.0000000000
113780  -43.634  -58.681  -10.955 0.0000000000
9461  -41.081  -58.204  -9.985 0.0000000000
10122  -41.525  -57.758  -9.266 0.0000000000
10119  -38.677  -57.399  -9.897 0.0000000000
10825  -37.937  -57.025  -10.242 0.0000000000
13997  -34.686  -51.086  -6.964 0.0000000000
14012  -34.868  -51.924  -7.150 0.0000000000
118842  -35.216  -52.586  -7.243 0.0000000000
14011  -34.537  -51.418  -7.838 0.0000000000
14024  -34.449  -51.154  -8.595 0.0000000000
14746  -34.478  -50.487  -9.076 0.0000000000
16324  -34.724  -48.967  -8.755 0.0000000000
15516  -34.643  -49.455  -9.342 0.0000000000
14762  -34.721  -50.209  -9.849 0.0000000000
15532  -34.908  -49.450  -10.123 0.0000000000
16364  -35.156  -48.721  -10.319 0.0000000000
17256  -35.753  -47.724  -10.842 0.0000000000
6598  -43.483  -63.253  -18.887 0.0000000000
6597  -42.995  -63.703  -18.628 0.0000000000
117625  -43.108  -63.590  -19.449 0.0000000000
6015  -42.416  -64.258  -20.355 0.0000000000
6030  -41.534  -65.023  -21.046 0.0000000000
107557  -40.323  -65.635  -22.556 0.0000000000
6073  -40.790  -64.742  -23.251 0.0000000000
5485  -39.281  -65.305  -24.894 0.0000000000
5484  -38.232  -65.068  -24.471 0.0000000000
7148  -42.009  -62.349  -13.999 0.0000000000
111019  -41.498  -62.524  -14.536 0.0000000000
7171  -42.604  -62.583  -14.528 0.0000000000
7185  -42.966  -62.835  -15.180 0.0000000000
7186  -43.201  -62.807  -15.680 0.0000000000
6550  -43.101  -63.166  -16.006 0.0000000000
105419  -43.431  -62.965  -16.436 0.0000000000
7193  -43.690  -62.441  -17.038 0.0000000000
7206  -44.102  -62.333  -17.877 0.0000000000
8341  -44.482  -60.804  -17.606 0.0000000000
117752  -43.823  -62.805  -18.271 0.0000000000
7207  -44.335  -62.209  -18.740 0.0000000000
7227  -44.333  -62.003  -19.637 0.0000000000
101699  -44.704  -61.108  -19.822 0.0000000000
8370  -45.691  -59.464  -19.571 0.0000000000
116891  -44.891  -60.368  -19.895 0.0000000000
8368  -44.295  -61.003  -20.050 0.0000000000
7843  -43.383  -61.643  -20.210 0.0000000000
8367  -43.433  -60.621  -19.741 0.0000000000
8366  -42.325  -60.990  -19.351 0.0000000000
7762  -42.531  -62.051  -13.480 0.0000000000
7764  -43.600  -61.913  -13.953 0.0000000000
8290  -43.723  -61.621  -13.720 0.0000000000
8275  -44.068  -61.226  -13.443 0.0000000000
8289  -43.165  -61.262  -14.291 0.0000000000
8873  -41.184  -59.658  -14.529 0.0000000000
9504  -40.716  -58.698  -14.648 0.0000000000
9490  -42.900  -58.978  -11.392 0.0000000000
114222  -42.375  -59.406  -12.084 0.0000000000
8841  -41.194  -59.396  -12.242 0.0000000000
9488  -40.426  -58.877  -11.543 0.0000000000
8855  -40.572  -59.376  -12.873 0.0000000000
10162  -40.696  -57.767  -14.615 0.0000000000
10839  -40.422  -57.013  -14.206 0.0000000000
111582  -40.582  -56.139  -13.888 0.0000000000
109746  -40.753  -54.926  -13.536 0.0000000000
12701  -40.511  -53.566  -13.231 0.0000000000
11414  -38.311  -55.702  -7.452 0.0000000000
10790  -38.691  -56.255  -7.970 0.0000000000
104002  -38.693  -56.650  -8.688 0.0000000000
10812  -37.495  -56.490  -9.806 0.0000000000
12677  -35.226  -53.273  -8.564 0.0000000000
12072  -35.649  -54.083  -8.941 0.0000000000
13336  -35.200  -52.492  -10.029 0.0000000000
12079  -35.771  -54.065  -9.772 0.0000000000
12080  -36.119  -54.682  -9.378 0.0000000000
11435  -36.523  -55.323  -9.822 0.0000000000
11445  -36.722  -55.229  -10.690 0.0000000000
11448  -37.176  -55.880  -11.116 0.0000000000
103626  -37.224  -54.999  -11.407 0.0000000000
12091  -37.928  -54.562  -12.008 0.0000000000
102114  -37.607  -52.608  -11.896 0.0000000000
13344  -38.202  -53.037  -12.176 0.0000000000
118634  -39.431  -52.664  -12.715 0.0000000000
14084  -39.693  -52.129  -12.889 0.0000000000
6546  -38.803  -62.956  -16.007 0.0000000000
6562  -40.731  -63.453  -16.616 0.0000000000
6561  -39.686  -63.416  -16.734 0.0000000000
6560  -38.811  -63.422  -16.789 0.0000000000
119569  -41.671  -64.392  -18.640 0.0000000000
6028  -39.428  -65.210  -20.465 0.0000000000
5995  -39.330  -64.492  -18.931 0.0000000000
110868  -42.695  -51.971  -14.479 0.0000000000
12736  -44.835  -53.875  -15.964 0.0000000000
12148  -45.511  -54.095  -17.119 0.0000000000
110782  -46.045  -54.511  -18.079 0.0000000000
12164  -45.987  -54.438  -18.931 0.0000000000
10910  -45.800  -55.340  -19.052 0.0000000000
10926  -45.612  -56.420  -19.198 0.0000000000
10908  -43.050  -56.197  -17.734 0.0000000000
10230  -43.875  -56.851  -18.515 0.0000000000
10247  -43.754  -57.668  -18.759 0.0000000000
107256  -42.637  -59.313  -18.755 0.0000000000
8354  -42.421  -60.163  -18.963 0.0000000000
7827  -41.321  -61.251  -18.953 0.0000000000
9557  -39.764  -58.907  -17.049 0.0000000000
8929  -40.276  -59.382  -17.548 0.0000000000
8930  -41.090  -59.089  -17.834 0.0000000000
8947  -40.750  -59.982  -18.099 0.0000000000
115921  -40.669  -60.727  -18.403 0.0000000000
7225  -40.082  -62.113  -19.038 0.0000000000
6639  -38.315  -63.559  -20.720 0.0000000000
6658  -37.924  -63.900  -21.365 0.0000000000
6070  -37.357  -64.489  -22.670 0.0000000000
5980  -42.376  -64.141  -18.401 0.0000000000
5998  -42.677  -64.030  -19.438 0.0000000000
6012  -39.914  -64.836  -19.833 0.0000000000
6049  -38.492  -64.289  -22.226 0.0000000000
6074  -41.242  -64.840  -22.931 0.0000000000
6615  -36.654  -63.308  -19.667 0.0000000000
7205  -36.904  -62.060  -17.949 0.0000000000
7242  -38.626  -62.730  -19.400 0.0000000000
7269  -43.442  -62.639  -20.357 0.0000000000
7808  -38.262  -61.294  -17.711 0.0000000000
7828  -44.714  -61.594  -19.191 0.0000000000
8342  -45.036  -60.784  -18.415 0.0000000000
8353  -41.479  -60.479  -18.640 0.0000000000
8928  -39.530  -59.656  -17.315 0.0000000000
8965  -45.813  -58.816  -19.721 0.0000000000
10138  -38.253  -57.296  -11.609 0.0000000000
10211  -45.540  -57.222  -17.033 0.0000000000
10232  -46.356  -57.143  -18.902 0.0000000000
10791  -39.556  -56.310  -7.430 0.0000000000
10824  -37.453  -56.523  -10.658 0.0000000000
10893  -46.123  -55.825  -17.476 0.0000000000
11536  -46.008  -54.981  -18.995 0.0000000000
12086  -36.070  -53.895  -10.582 0.0000000000
12099  -40.157  -54.039  -13.080 0.0000000000
12679  -35.426  -53.549  -9.343 0.0000000000
13337  -35.629  -52.787  -10.578 0.0000000000
13357  -38.891  -52.799  -12.472 0.0000000000
14037  -34.574  -51.364  -9.237 0.0000000000
16380  -35.601  -48.549  -10.915 0.0000000000
105083  -45.329  -59.613  -19.763 0.0000000000
107323  -43.631  -62.930  -17.344 0.0000000000
109841  -39.474  -58.276  -10.884 0.0000000000
110965  -35.375  -48.090  -10.410 0.0000000000
114289  -46.075  -55.604  -19.144 0.0000000000
119029  -38.586  -54.121  -12.354 0.0000000000
119362  -37.823  -64.375  -22.405 0.0000000000
119620  -45.832  -58.453  -19.759 0.0000000000
119828  -36.964  -53.886  -11.461 0.0000000000
121151  -36.940  -52.885  -11.567 0.0000000000
