#!ascii label  , from subject sub-v2s15x29747_ses-1 vox2ras=TkReg
1535
39767  12.396  -21.702  38.593 0.0000000000
59932  44.785  -1.672  11.599 0.0000000000
43377  30.718  -18.542  30.921 0.0000000000
46487  39.596  -15.606  32.347 0.0000000000
45483  23.052  -16.379  33.563 0.0000000000
42145  20.662  -20.177  43.115 0.0000000000
67891  54.100  5.169  1.888 0.0000000000
104667  55.106  4.290  11.867 0.0000000000
52645  37.650  -8.544  23.102 0.0000000000
69600  56.608  6.938  -5.634 0.0000000000
43304  29.984  -18.681  36.622 0.0000000000
40881  15.937  -20.095  40.905 0.0000000000
119426  54.028  4.659  6.672 0.0000000000
64693  48.636  2.687  7.200 0.0000000000
56862  46.561  -4.723  16.196 0.0000000000
61802  49.076  -0.629  16.608 0.0000000000
54848  42.716  -7.386  16.006 0.0000000000
46540  35.307  -15.441  26.553 0.0000000000
43390  35.340  -18.074  30.802 0.0000000000
105625  26.555  -17.096  37.627 0.0000000000
124243  25.112  -17.216  42.377 0.0000000000
124152  22.460  -18.304  37.216 0.0000000000
111699  19.177  -21.466  36.885 0.0000000000
43381  27.149  -17.830  31.924 0.0000000000
68773  59.199  6.746  -0.001 0.0000000000
69516  60.434  7.335  5.006 0.0000000000
63630  49.277  1.335  12.136 0.0000000000
54775  43.343  -7.544  22.524 0.0000000000
49330  39.491  -12.304  26.846 0.0000000000
104655  54.963  4.263  -3.141 0.0000000000
65891  59.981  3.438  -4.687 0.0000000000
65944  62.378  3.812  -8.353 0.0000000000
112766  30.406  -18.425  39.332 0.0000000000
117388  13.783  -20.512  39.456 0.0000000000
43255  15.082  -18.563  42.883 0.0000000000
42167  12.812  -19.582  41.615 0.0000000000
65780  48.778  3.152  4.859 0.0000000000
55854  47.598  -6.562  18.504 0.0000000000
57916  49.076  -4.412  17.868 0.0000000000
35730  8.100  -25.555  40.200 0.0000000000
55902  42.507  -6.463  14.316 0.0000000000
43438  31.049  -17.933  27.881 0.0000000000
44477  32.881  -17.434  28.131 0.0000000000
42324  32.817  -19.094  30.760 0.0000000000
45465  24.828  -16.445  35.081 0.0000000000
126231  24.133  -16.523  37.535 0.0000000000
44371  22.701  -17.062  35.061 0.0000000000
121794  24.654  -17.148  32.406 0.0000000000
44382  26.258  -17.424  34.896 0.0000000000
44311  23.128  -18.238  42.305 0.0000000000
67897  56.372  5.699  0.683 0.0000000000
69543  59.540  7.251  1.772 0.0000000000
68741  56.873  5.855  2.998 0.0000000000
66759  54.065  4.587  9.165 0.0000000000
67813  57.941  5.622  8.907 0.0000000000
61851  44.698  -0.630  9.401 0.0000000000
62733  46.588  0.725  9.310 0.0000000000
62720  46.844  0.084  11.614 0.0000000000
53740  38.186  -8.236  20.608 0.0000000000
53738  40.902  -8.030  19.937 0.0000000000
106247  40.516  -7.701  22.992 0.0000000000
46510  37.442  -15.485  29.410 0.0000000000
47420  37.440  -14.292  26.940 0.0000000000
48285  39.834  -13.889  29.251 0.0000000000
66854  51.549  4.416  0.138 0.0000000000
105017  52.124  4.686  -1.997 0.0000000000
66864  54.506  4.854  -0.154 0.0000000000
66874  57.209  4.855  -0.957 0.0000000000
68004  59.585  5.606  -9.479 0.0000000000
67973  59.239  4.507  -6.988 0.0000000000
119550  61.143  3.424  -6.308 0.0000000000
66924  57.697  4.621  -5.210 0.0000000000
42263  30.676  -18.990  34.144 0.0000000000
42273  32.928  -19.930  33.753 0.0000000000
42246  32.209  -19.692  35.900 0.0000000000
40864  18.615  -20.254  42.617 0.0000000000
42093  19.672  -18.988  45.973 0.0000000000
43242  17.046  -18.597  44.098 0.0000000000
66833  50.711  4.151  2.439 0.0000000000
67863  54.362  5.211  4.041 0.0000000000
108065  51.185  4.134  4.936 0.0000000000
65748  51.571  3.957  6.988 0.0000000000
65700  52.121  3.817  9.661 0.0000000000
58957  45.604  -3.172  13.683 0.0000000000
60913  47.114  -1.011  14.098 0.0000000000
59883  47.607  -2.854  15.959 0.0000000000
51486  36.914  -10.583  22.919 0.0000000000
115019  42.153  -13.659  32.538 0.0000000000
115152  11.265  -23.857  37.859 0.0000000000
39731  10.923  -21.927  41.339 0.0000000000
37658  9.712  -23.845  40.798 0.0000000000
58974  43.058  -3.915  11.242 0.0000000000
56885  44.057  -4.976  13.789 0.0000000000
55877  44.592  -6.589  16.416 0.0000000000
110697  45.273  -7.242  18.697 0.0000000000
45587  33.196  -16.255  25.804 0.0000000000
45528  35.628  -16.405  29.245 0.0000000000
45496  37.610  -16.715  32.008 0.0000000000
117567  35.614  -20.263  33.011 0.0000000000
43342  37.387  -19.190  33.710 0.0000000000
107952  28.268  -17.393  40.072 0.0000000000
44314  27.723  -17.142  42.128 0.0000000000
118392  25.575  -16.915  40.315 0.0000000000
112941  23.485  -17.543  40.053 0.0000000000
43268  21.982  -18.828  40.181 0.0000000000
42265  21.753  -19.738  34.439 0.0000000000
40945  20.861  -20.138  37.343 0.0000000000
110900  19.779  -20.619  40.210 0.0000000000
39748  17.942  -21.197  39.241 0.0000000000
39785  15.472  -21.349  37.409 0.0000000000
39787  13.441  -21.431  37.199 0.0000000000
43423  29.228  -18.164  28.463 0.0000000000
43411  27.047  -17.857  29.706 0.0000000000
43379  28.658  -18.075  31.626 0.0000000000
43329  28.631  -18.470  34.575 0.0000000000
124026  28.118  -17.986  37.002 0.0000000000
67870  61.373  6.438  3.366 0.0000000000
67846  57.466  5.834  5.567 0.0000000000
63679  46.739  1.438  7.437 0.0000000000
64661  48.859  2.230  9.818 0.0000000000
65663  52.252  2.959  12.167 0.0000000000
62695  48.817  0.336  14.264 0.0000000000
64609  51.888  2.265  14.499 0.0000000000
107923  40.269  -8.457  16.809 0.0000000000
113740  43.249  -7.563  19.718 0.0000000000
55815  45.729  -6.768  22.315 0.0000000000
49365  37.562  -12.373  24.509 0.0000000000
51459  38.682  -10.119  25.164 0.0000000000
49286  41.908  -12.196  30.155 0.0000000000
51425  40.981  -9.876  28.498 0.0000000000
53682  40.211  -8.253  25.762 0.0000000000
116950  43.746  -8.290  25.463 0.0000000000
54753  45.890  -7.819  25.284 0.0000000000
67950  55.444  5.473  -4.612 0.0000000000
112159  57.982  3.585  -3.295 0.0000000000
66872  60.088  5.004  -1.535 0.0000000000
43272  31.445  -18.679  40.721 0.0000000000
39765  13.413  -21.080  38.526 0.0000000000
106668  13.512  -20.232  40.143 0.0000000000
39738  12.494  -20.901  39.819 0.0000000000
55835  48.014  -6.800  20.257 0.0000000000
55845  48.663  -6.568  19.641 0.0000000000
34813  6.917  -27.023  38.480 0.0000000000
43407  30.528  -18.216  29.539 0.0000000000
43405  32.083  -18.286  29.254 0.0000000000
42325  32.068  -18.917  30.614 0.0000000000
108050  23.808  -16.430  33.935 0.0000000000
45450  23.265  -16.246  35.228 0.0000000000
45468  22.791  -16.552  34.004 0.0000000000
44437  24.502  -17.229  31.475 0.0000000000
45482  23.783  -16.604  33.034 0.0000000000
44384  24.721  -16.670  34.290 0.0000000000
43241  21.816  -19.344  42.808 0.0000000000
42128  21.782  -19.429  43.795 0.0000000000
67890  54.916  5.368  1.365 0.0000000000
68748  56.835  5.880  2.212 0.0000000000
67881  55.263  5.502  2.856 0.0000000000
118745  54.902  4.610  10.410 0.0000000000
67792  56.472  5.102  9.974 0.0000000000
60935  44.604  -1.377  10.813 0.0000000000
61845  45.892  -0.209  10.533 0.0000000000
61833  45.695  -0.808  11.738 0.0000000000
52662  36.968  -8.662  21.953 0.0000000000
53729  38.165  -8.107  21.673 0.0000000000
53728  38.995  -7.900  21.838 0.0000000000
116677  38.870  -7.922  23.337 0.0000000000
105866  38.641  -15.603  31.091 0.0000000000
46509  38.482  -14.879  29.397 0.0000000000
47371  39.950  -14.816  31.088 0.0000000000
66843  52.698  4.682  1.378 0.0000000000
66865  53.119  4.567  -0.012 0.0000000000
66852  54.111  5.063  1.126 0.0000000000
123718  55.496  5.459  0.635 0.0000000000
124688  58.341  6.709  -6.731 0.0000000000
67975  57.917  5.872  -6.059 0.0000000000
66936  58.753  4.414  -6.133 0.0000000000
67960  57.456  5.480  -5.535 0.0000000000
42248  30.739  -19.003  35.142 0.0000000000
42247  31.522  -19.368  35.487 0.0000000000
42232  31.625  -19.335  36.326 0.0000000000
40879  17.653  -20.376  41.450 0.0000000000
109375  17.585  -19.407  43.230 0.0000000000
120785  16.492  -19.361  42.380 0.0000000000
44304  13.636  -17.588  44.365 0.0000000000
44292  15.353  -17.331  45.269 0.0000000000
65810  50.164  3.943  2.974 0.0000000000
66825  51.491  4.403  3.570 0.0000000000
65793  50.271  3.929  3.750 0.0000000000
65751  49.179  3.110  6.447 0.0000000000
65763  50.393  3.685  5.993 0.0000000000
65735  50.370  3.530  7.311 0.0000000000
66776  51.886  3.919  8.339 0.0000000000
65720  50.448  3.423  8.496 0.0000000000
57949  45.640  -4.330  14.748 0.0000000000
59896  46.624  -2.891  14.865 0.0000000000
58929  47.159  -3.586  15.907 0.0000000000
120820  50.492  4.104  1.364 0.0000000000
37665  10.768  -23.727  39.639 0.0000000000
36698  9.773  -24.877  39.528 0.0000000000
57987  42.557  -4.583  11.271 0.0000000000
57974  43.337  -4.616  12.463 0.0000000000
56898  43.071  -5.135  12.836 0.0000000000
55888  42.778  -6.880  15.229 0.0000000000
55887  43.586  -6.535  15.435 0.0000000000
55878  43.864  -6.818  16.128 0.0000000000
55867  44.808  -6.931  17.160 0.0000000000
54825  44.242  -7.365  17.608 0.0000000000
44541  31.949  -16.836  25.911 0.0000000000
43403  34.136  -18.239  29.952 0.0000000000
120151  34.141  -17.161  28.909 0.0000000000
44458  35.190  -17.003  29.743 0.0000000000
107106  36.518  -16.413  30.156 0.0000000000
44434  35.990  -17.572  31.119 0.0000000000
110575  33.963  -20.463  35.003 0.0000000000
41016  33.769  -20.166  33.294 0.0000000000
104903  35.133  -20.744  34.165 0.0000000000
124121  37.252  -20.495  34.255 0.0000000000
43341  38.457  -18.033  34.439 0.0000000000
112878  27.523  -17.246  38.866 0.0000000000
122375  26.908  -16.927  40.049 0.0000000000
45406  25.916  -16.794  39.014 0.0000000000
44350  23.370  -17.047  37.584 0.0000000000
45397  24.249  -16.966  38.756 0.0000000000
44341  23.227  -17.427  38.421 0.0000000000
43275  22.676  -18.234  40.077 0.0000000000
43287  21.897  -18.813  38.766 0.0000000000
109502  22.183  -18.933  34.017 0.0000000000
108303  19.731  -21.390  36.194 0.0000000000
40966  20.523  -20.948  35.964 0.0000000000
39780  19.809  -21.177  37.046 0.0000000000
40929  20.248  -20.432  38.723 0.0000000000
40930  19.636  -20.904  38.341 0.0000000000
39747  18.763  -21.073  39.325 0.0000000000
39782  18.184  -21.510  37.805 0.0000000000
39786  14.115  -21.298  37.174 0.0000000000
44497  29.068  -18.042  27.123 0.0000000000
43441  27.872  -18.143  27.766 0.0000000000
124680  25.937  -17.570  30.883 0.0000000000
43399  27.330  -17.767  31.146 0.0000000000
43398  28.122  -17.867  30.981 0.0000000000
43380  27.904  -17.927  31.754 0.0000000000
43343  29.101  -18.479  33.010 0.0000000000
43345  27.710  -18.171  33.181 0.0000000000
44358  26.669  -17.351  36.361 0.0000000000
43307  27.678  -18.056  35.678 0.0000000000
44347  27.568  -17.565  37.449 0.0000000000
44338  28.045  -17.578  38.295 0.0000000000
45377  26.099  -17.002  42.202 0.0000000000
38665  10.144  -22.305  41.867 0.0000000000
39720  10.729  -21.013  42.572 0.0000000000
69554  61.044  8.047  0.358 0.0000000000
68738  60.205  7.437  3.609 0.0000000000
69541  60.944  7.721  2.951 0.0000000000
69533  61.235  7.323  4.142 0.0000000000
68718  60.714  6.996  5.804 0.0000000000
67849  54.505  5.044  5.290 0.0000000000
104939  55.272  5.349  5.086 0.0000000000
67848  55.744  5.376  5.831 0.0000000000
107912  59.551  6.680  8.024 0.0000000000
63649  47.961  1.407  10.468 0.0000000000
63654  47.841  1.538  9.820 0.0000000000
63647  48.998  2.021  10.537 0.0000000000
64659  50.265  2.739  10.589 0.0000000000
64634  51.020  2.219  12.493 0.0000000000
116155  48.103  -1.015  15.477 0.0000000000
61817  48.243  -0.174  14.556 0.0000000000
61809  48.891  -0.162  15.947 0.0000000000
105692  39.428  -8.615  16.934 0.0000000000
126399  41.929  -7.647  20.995 0.0000000000
54807  41.749  -7.885  19.687 0.0000000000
109701  43.179  -7.447  21.154 0.0000000000
54794  44.064  -7.242  20.935 0.0000000000
54774  44.174  -7.366  22.434 0.0000000000
46566  34.323  -15.408  24.395 0.0000000000
47432  35.666  -14.809  25.224 0.0000000000
48336  38.488  -13.301  26.606 0.0000000000
48351  37.559  -13.472  25.623 0.0000000000
49350  38.717  -12.116  25.705 0.0000000000
49364  38.203  -11.768  24.960 0.0000000000
50429  39.105  -11.320  26.039 0.0000000000
48248  42.042  -13.160  31.293 0.0000000000
53642  41.699  -8.752  28.282 0.0000000000
52563  40.437  -9.075  27.309 0.0000000000
122813  41.919  -8.334  27.015 0.0000000000
122389  41.501  -8.086  25.931 0.0000000000
53668  42.857  -8.348  26.829 0.0000000000
66890  53.604  4.561  -2.694 0.0000000000
66904  55.527  4.353  -3.648 0.0000000000
66903  56.807  4.015  -3.976 0.0000000000
65859  55.803  3.894  -2.966 0.0000000000
67905  58.519  6.170  -0.333 0.0000000000
66873  58.549  4.423  -1.487 0.0000000000
67915  59.848  5.937  -1.094 0.0000000000
67914  60.891  6.280  -1.687 0.0000000000
110163  60.852  4.359  -9.166 0.0000000000
65906  60.844  3.409  -5.547 0.0000000000
65889  62.142  3.868  -5.079 0.0000000000
65853  61.502  4.580  -3.637 0.0000000000
104732  30.303  -18.578  38.116 0.0000000000
42202  31.040  -18.873  37.733 0.0000000000
43282  31.529  -18.773  39.567 0.0000000000
40898  14.834  -20.348  40.085 0.0000000000
42148  15.202  -19.225  41.911 0.0000000000
42165  14.407  -19.365  41.465 0.0000000000
42149  13.860  -18.929  42.109 0.0000000000
43247  12.586  -18.350  43.594 0.0000000000
64712  47.398  2.453  4.851 0.0000000000
64702  47.591  2.343  5.875 0.0000000000
56843  46.838  -5.903  17.307 0.0000000000
57918  47.589  -4.759  17.031 0.0000000000
56834  48.259  -6.025  18.273 0.0000000000
56833  49.811  -5.501  18.953 0.0000000000
36699  9.013  -25.290  39.831 0.0000000000
35741  8.481  -25.971  39.181 0.0000000000
34780  6.615  -26.360  40.322 0.0000000000
55939  41.880  -6.044  12.618 0.0000000000
122970  41.488  -7.466  15.102 0.0000000000
104898  31.973  -17.277  27.100 0.0000000000
43437  32.006  -17.645  27.808 0.0000000000
43404  33.358  -18.312  29.540 0.0000000000
110682  34.135  -18.965  30.482 0.0000000000
44359  25.777  -16.895  36.274 0.0000000000
120867  24.708  -16.616  37.946 0.0000000000
45431  24.268  -16.284  36.346 0.0000000000
44360  23.341  -16.701  36.673 0.0000000000
107764  22.799  -17.254  36.073 0.0000000000
111486  17.970  -21.680  35.720 0.0000000000
107498  17.248  -21.679  34.837 0.0000000000
44436  25.536  -17.458  31.697 0.0000000000
44435  26.344  -17.667  32.254 0.0000000000
43346  26.881  -17.981  33.568 0.0000000000
44401  26.113  -17.543  34.002 0.0000000000
111650  25.640  -16.897  35.398 0.0000000000
109808  23.877  -17.637  42.276 0.0000000000
68763  58.013  6.405  0.758 0.0000000000
69550  59.661  7.356  1.019 0.0000000000
68755  57.844  6.385  1.428 0.0000000000
104830  58.445  6.573  2.788 0.0000000000
68739  59.106  6.812  3.766 0.0000000000
106596  54.278  4.676  7.411 0.0000000000
67827  55.799  5.122  7.882 0.0000000000
126091  56.259  5.112  9.155 0.0000000000
111762  57.543  5.391  10.154 0.0000000000
62745  45.389  0.149  8.526 0.0000000000
61850  45.547  -0.209  9.784 0.0000000000
62726  46.643  0.313  10.677 0.0000000000
62709  48.157  0.751  12.072 0.0000000000
122892  50.118  0.724  16.906 0.0000000000
106748  38.119  -8.504  19.044 0.0000000000
53763  39.763  -8.438  18.564 0.0000000000
53739  39.176  -8.093  20.362 0.0000000000
106166  40.488  -7.718  21.737 0.0000000000
53715  41.912  -7.678  22.791 0.0000000000
105730  36.378  -15.433  28.099 0.0000000000
47421  36.736  -14.662  26.714 0.0000000000
47410  37.662  -14.532  27.710 0.0000000000
48303  39.004  -13.737  27.906 0.0000000000
48321  40.112  -12.919  28.142 0.0000000000
66880  50.609  4.789  -1.112 0.0000000000
125632  50.987  5.074  -1.808 0.0000000000
105066  52.159  4.549  -1.377 0.0000000000
66878  53.675  4.405  -1.378 0.0000000000
66877  54.506  4.324  -1.616 0.0000000000
121941  55.907  3.946  -2.017 0.0000000000
66863  55.887  5.033  -0.460 0.0000000000
67907  56.592  5.574  0.000 0.0000000000
68843  59.064  6.453  -7.852 0.0000000000
66954  59.490  4.693  -7.995 0.0000000000
119414  60.268  4.197  -8.317 0.0000000000
65932  61.847  3.658  -7.626 0.0000000000
65934  60.007  3.749  -6.972 0.0000000000
119052  59.008  3.875  -5.731 0.0000000000
65908  59.033  3.677  -5.072 0.0000000000
122585  30.387  -18.706  32.347 0.0000000000
42289  31.704  -19.110  32.043 0.0000000000
42274  31.449  -19.250  33.693 0.0000000000
40997  32.814  -19.953  34.621 0.0000000000
121949  33.551  -20.264  35.717 0.0000000000
40848  19.997  -20.454  42.819 0.0000000000
42130  20.091  -20.202  43.718 0.0000000000
104678  19.280  -19.796  44.139 0.0000000000
43229  18.209  -18.375  45.539 0.0000000000
43244  15.481  -18.185  43.675 0.0000000000
44282  16.312  -17.384  45.752 0.0000000000
66831  52.839  4.768  2.181 0.0000000000
67883  53.929  5.134  2.686 0.0000000000
66824  52.281  4.624  3.596 0.0000000000
66816  52.607  4.626  4.515 0.0000000000
107998  53.070  4.596  5.778 0.0000000000
65778  50.427  3.806  5.127 0.0000000000
66807  51.074  3.958  5.699 0.0000000000
105022  52.856  4.466  6.558 0.0000000000
66775  52.561  4.264  8.083 0.0000000000
66760  53.319  4.350  9.434 0.0000000000
66735  53.874  4.104  11.001 0.0000000000
58963  45.201  -2.735  12.916 0.0000000000
60915  45.774  -1.834  12.995 0.0000000000
59906  46.413  -2.344  14.171 0.0000000000
59895  47.269  -2.313  15.241 0.0000000000
60888  48.189  -1.501  15.901 0.0000000000
58919  48.178  -3.630  16.940 0.0000000000
59873  48.633  -2.901  17.080 0.0000000000
113515  49.500  -1.763  17.537 0.0000000000
51495  36.988  -9.532  22.811 0.0000000000
47356  40.846  -14.706  32.177 0.0000000000
66868  49.259  4.999  -0.642 0.0000000000
66855  50.581  4.305  0.314 0.0000000000
66844  51.333  4.330  1.134 0.0000000000
70408  57.002  8.996  -6.103 0.0000000000
70399  56.663  8.352  -5.876 0.0000000000
38714  11.646  -23.082  38.166 0.0000000000
38691  11.566  -22.277  39.711 0.0000000000
38692  11.072  -22.970  40.121 0.0000000000
37647  9.945  -23.084  41.234 0.0000000000
38675  9.440  -22.776  41.948 0.0000000000
36687  8.561  -24.878  40.682 0.0000000000
60936  43.973  -1.832  10.347 0.0000000000
59942  42.890  -2.919  10.267 0.0000000000
59934  43.933  -2.791  11.372 0.0000000000
58964  44.607  -3.580  12.851 0.0000000000
57951  44.711  -4.525  13.902 0.0000000000
56871  44.972  -4.855  14.562 0.0000000000
56873  42.975  -5.902  13.894 0.0000000000
56865  43.962  -5.901  14.974 0.0000000000
106486  45.747  -5.821  16.477 0.0000000000
55865  46.377  -6.581  17.696 0.0000000000
55847  46.956  -6.918  19.151 0.0000000000
55836  47.123  -6.892  20.055 0.0000000000
45586  34.065  -15.868  25.979 0.0000000000
44515  32.964  -16.668  26.710 0.0000000000
45555  34.279  -16.274  27.515 0.0000000000
45565  35.213  -15.806  27.545 0.0000000000
46520  36.161  -15.835  28.787 0.0000000000
46502  37.584  -15.776  30.207 0.0000000000
117638  38.126  -16.183  31.628 0.0000000000
42288  33.211  -19.671  32.146 0.0000000000
42286  34.643  -19.827  31.904 0.0000000000
42308  35.281  -19.320  31.548 0.0000000000
40993  36.526  -20.731  34.052 0.0000000000
41013  36.323  -20.236  33.312 0.0000000000
43373  36.250  -18.438  32.059 0.0000000000
119697  37.308  -17.809  32.934 0.0000000000
45481  38.470  -16.798  33.203 0.0000000000
45479  39.624  -16.205  33.746 0.0000000000
44312  29.282  -17.753  41.385 0.0000000000
44322  27.606  -17.116  40.790 0.0000000000
44315  26.764  -16.944  41.575 0.0000000000
45386  25.169  -17.062  40.720 0.0000000000
45408  24.651  -16.818  38.671 0.0000000000
45387  24.679  -17.184  40.186 0.0000000000
45379  24.664  -17.243  41.098 0.0000000000
44317  23.362  -17.881  41.522 0.0000000000
43261  22.561  -18.537  41.518 0.0000000000
42160  21.281  -19.597  41.346 0.0000000000
44385  22.527  -17.093  34.220 0.0000000000
43319  22.452  -18.107  35.546 0.0000000000
43320  22.093  -19.006  35.949 0.0000000000
40984  21.261  -20.467  34.785 0.0000000000
42239  21.525  -19.677  36.263 0.0000000000
43309  21.911  -19.026  36.926 0.0000000000
42208  21.394  -19.345  38.506 0.0000000000
42193  20.828  -19.826  39.939 0.0000000000
42161  20.631  -20.150  41.663 0.0000000000
40877  19.337  -20.658  41.617 0.0000000000
40894  18.562  -20.839  40.585 0.0000000000
40912  17.321  -20.911  39.827 0.0000000000
39783  17.352  -21.468  37.765 0.0000000000
39762  16.859  -21.293  38.415 0.0000000000
40931  15.696  -21.082  38.970 0.0000000000
40932  14.825  -20.933  38.843 0.0000000000
104602  13.799  -21.223  37.945 0.0000000000
39788  12.802  -21.713  37.186 0.0000000000
38713  12.155  -22.437  37.292 0.0000000000
37682  11.555  -23.515  37.063 0.0000000000
111026  29.625  -17.923  26.968 0.0000000000
120176  29.915  -18.144  28.401 0.0000000000
43396  30.097  -18.238  30.292 0.0000000000
43410  28.064  -18.058  29.200 0.0000000000
112288  29.250  -18.036  30.093 0.0000000000
122798  30.019  -18.393  31.189 0.0000000000
42291  29.834  -18.613  32.719 0.0000000000
42276  29.775  -18.736  33.688 0.0000000000
43317  29.274  -18.624  35.156 0.0000000000
43330  27.746  -18.209  34.740 0.0000000000
43318  28.450  -18.367  35.383 0.0000000000
113348  29.219  -18.450  36.523 0.0000000000
43284  29.571  -18.263  38.367 0.0000000000
43273  29.340  -17.981  39.197 0.0000000000
40883  11.807  -20.650  41.413 0.0000000000
40866  11.543  -19.802  42.931 0.0000000000
69548  61.123  8.052  1.211 0.0000000000
123130  55.015  5.412  3.590 0.0000000000
68732  57.002  5.820  4.088 0.0000000000
68721  58.534  6.429  5.407 0.0000000000
106200  57.211  5.624  7.193 0.0000000000
110011  58.888  6.400  7.040 0.0000000000
105569  60.217  7.332  6.524 0.0000000000
63700  46.243  1.604  5.690 0.0000000000
64694  47.945  2.198  7.638 0.0000000000
123512  46.684  1.247  8.090 0.0000000000
119262  47.932  2.025  8.223 0.0000000000
112813  49.231  2.736  8.641 0.0000000000
64671  50.075  2.926  9.748 0.0000000000
65686  51.717  3.459  10.500 0.0000000000
65671  53.029  3.406  11.965 0.0000000000
107615  46.967  -0.615  13.225 0.0000000000
62703  47.705  -0.009  13.119 0.0000000000
62702  49.281  0.934  12.966 0.0000000000
62671  49.931  0.858  16.140 0.0000000000
114985  50.385  1.356  14.836 0.0000000000
63621  50.685  1.728  13.136 0.0000000000
64620  51.826  2.315  13.510 0.0000000000
65652  53.586  3.233  13.370 0.0000000000
53799  40.346  -8.117  15.508 0.0000000000
54836  41.811  -7.972  16.678 0.0000000000
53762  40.567  -8.388  18.344 0.0000000000
54828  42.112  -8.052  17.884 0.0000000000
54827  42.788  -7.829  17.596 0.0000000000
54804  44.623  -7.370  19.322 0.0000000000
55837  45.536  -6.976  20.468 0.0000000000
55813  47.429  -6.416  21.984 0.0000000000
47438  36.201  -14.257  24.836 0.0000000000
50454  36.772  -11.650  23.080 0.0000000000
51472  37.801  -10.404  24.108 0.0000000000
51484  37.806  -9.381  23.959 0.0000000000
48249  41.298  -13.793  31.057 0.0000000000
48283  41.104  -13.109  29.765 0.0000000000
49303  40.665  -12.499  28.556 0.0000000000
50398  41.009  -10.927  28.915 0.0000000000
50409  40.301  -11.322  27.865 0.0000000000
51443  39.637  -10.321  26.611 0.0000000000
52595  39.037  -9.264  25.576 0.0000000000
53696  38.787  -8.349  24.360 0.0000000000
53694  40.246  -7.987  24.860 0.0000000000
53692  42.116  -7.937  24.546 0.0000000000
111295  43.545  -7.975  24.222 0.0000000000
53667  44.541  -8.525  26.911 0.0000000000
53677  45.330  -8.249  25.770 0.0000000000
54757  44.756  -7.816  24.184 0.0000000000
54763  46.103  -7.004  23.911 0.0000000000
69601  55.990  7.344  -5.492 0.0000000000
68819  56.491  6.239  -5.361 0.0000000000
67949  57.025  5.039  -5.047 0.0000000000
66915  57.348  4.186  -4.493 0.0000000000
65875  58.733  3.525  -3.449 0.0000000000
65850  57.068  4.026  -1.752 0.0000000000
65848  58.982  3.835  -2.065 0.0000000000
65854  60.451  3.787  -3.086 0.0000000000
117506  61.163  4.862  -2.886 0.0000000000
43260  30.318  -18.063  42.290 0.0000000000
43264  30.936  -18.356  41.587 0.0000000000
124884  12.888  -21.385  38.367 0.0000000000
106709  12.858  -21.022  39.006 0.0000000000
107316  12.137  -21.582  39.342 0.0000000000
55824  48.176  -6.636  21.180 0.0000000000
55834  48.846  -6.615  20.486 0.0000000000
43395  30.955  -18.410  30.130 0.0000000000
43376  31.422  -18.732  30.681 0.0000000000
45467  23.138  -16.286  34.444 0.0000000000
42144  21.147  -19.816  42.336 0.0000000000
108045  21.276  -19.818  43.231 0.0000000000
67889  55.503  5.564  1.949 0.0000000000
67882  54.686  5.365  2.310 0.0000000000
66734  54.609  4.370  11.001 0.0000000000
113110  55.392  4.627  10.999 0.0000000000
66733  56.107  4.691  11.724 0.0000000000
60934  45.152  -1.040  11.308 0.0000000000
60928  45.257  -1.312  11.943 0.0000000000
121108  37.525  -8.348  21.919 0.0000000000
53720  37.686  -8.313  22.467 0.0000000000
114574  38.397  -8.004  22.374 0.0000000000
53719  38.199  -8.087  23.135 0.0000000000
46493  39.419  -15.374  31.534 0.0000000000
106694  39.305  -15.109  30.841 0.0000000000
66842  53.448  4.904  1.634 0.0000000000
104671  53.321  4.782  0.864 0.0000000000
68830  57.878  6.786  -6.320 0.0000000000
68818  57.217  6.365  -5.730 0.0000000000
42234  30.388  -18.870  35.930 0.0000000000
109030  31.029  -19.083  35.911 0.0000000000
42233  30.896  -18.943  36.719 0.0000000000
40880  16.854  -20.197  41.202 0.0000000000
42162  17.155  -19.854  42.017 0.0000000000
42163  16.082  -19.624  41.733 0.0000000000
65811  49.389  3.672  2.700 0.0000000000
118286  49.736  3.745  3.395 0.0000000000
123014  49.084  3.510  3.401 0.0000000000
65737  49.348  3.092  7.146 0.0000000000
122330  50.272  3.448  7.882 0.0000000000
64684  49.213  2.906  7.838 0.0000000000
57939  46.184  -4.385  15.465 0.0000000000
57938  46.764  -4.112  15.858 0.0000000000
36712  10.055  -25.014  38.763 0.0000000000
57998  41.914  -4.575  10.528 0.0000000000
56926  41.961  -5.111  11.047 0.0000000000
57975  42.808  -4.896  12.134 0.0000000000
56912  42.223  -5.251  11.752 0.0000000000
125058  43.266  -7.009  15.864 0.0000000000
115526  43.345  -7.315  16.471 0.0000000000
54835  44.057  -7.138  16.832 0.0000000000
54826  43.448  -7.547  17.231 0.0000000000
44447  34.917  -17.766  30.163 0.0000000000
44446  35.599  -17.311  30.431 0.0000000000
119008  34.373  -20.573  34.399 0.0000000000
40995  34.746  -20.866  34.945 0.0000000000
44339  26.630  -16.994  38.535 0.0000000000
45417  25.674  -16.778  38.203 0.0000000000
43294  22.779  -17.859  37.793 0.0000000000
43286  22.542  -18.230  38.594 0.0000000000
39808  19.039  -21.611  36.039 0.0000000000
39781  19.585  -21.132  37.604 0.0000000000
106902  18.977  -21.350  37.856 0.0000000000
121773  18.544  -21.533  37.167 0.0000000000
44448  26.516  -17.658  31.380 0.0000000000
109025  26.631  -17.698  30.462 0.0000000000
43360  27.653  -18.012  32.387 0.0000000000
114779  26.277  -17.109  36.889 0.0000000000
115169  26.928  -17.367  36.961 0.0000000000
119386  27.291  -17.280  38.143 0.0000000000
45374  25.567  -17.133  42.728 0.0000000000
38666  9.236  -22.206  42.720 0.0000000000
39721  9.860  -21.502  42.925 0.0000000000
68772  60.242  7.186  -0.338 0.0000000000
69558  60.876  7.797  -0.197 0.0000000000
68761  60.106  7.373  0.334 0.0000000000
68729  59.733  7.569  4.570 0.0000000000
69527  60.613  7.456  4.220 0.0000000000
69526  60.658  7.322  4.568 0.0000000000
69514  60.867  6.994  5.013 0.0000000000
69515  60.579  7.201  5.227 0.0000000000
66794  54.265  4.801  6.004 0.0000000000
104710  54.974  5.111  5.858 0.0000000000
67838  54.697  4.846  6.594 0.0000000000
63631  48.593  1.238  11.671 0.0000000000
63642  48.466  1.559  10.868 0.0000000000
63641  49.145  1.699  11.346 0.0000000000
64647  49.692  2.235  11.032 0.0000000000
63629  49.857  1.814  11.850 0.0000000000
61803  48.532  -0.832  15.982 0.0000000000
61810  48.370  -0.472  15.337 0.0000000000
106241  38.572  -8.720  17.177 0.0000000000
54776  42.517  -7.585  22.300 0.0000000000
54786  42.334  -7.574  21.473 0.0000000000
107772  43.002  -7.506  21.849 0.0000000000
54785  43.720  -7.354  21.764 0.0000000000
46554  35.160  -15.290  25.670 0.0000000000
46565  35.023  -15.113  24.750 0.0000000000
119633  35.701  -15.057  25.995 0.0000000000
48335  39.136  -13.143  27.159 0.0000000000
49331  38.928  -12.652  26.409 0.0000000000
49349  39.236  -11.999  26.272 0.0000000000
52550  42.029  -8.763  29.010 0.0000000000
53658  41.390  -8.581  27.540 0.0000000000
53657  42.206  -8.461  27.666 0.0000000000
109042  43.074  -8.428  27.781 0.0000000000
66889  54.358  4.324  -2.550 0.0000000000
66906  53.460  4.892  -3.271 0.0000000000
66905  54.197  4.633  -3.265 0.0000000000
67938  54.910  4.810  -3.952 0.0000000000
120694  58.969  5.880  -0.802 0.0000000000
67904  59.518  6.526  -0.532 0.0000000000
68783  60.530  6.903  -0.937 0.0000000000
65945  61.318  3.874  -8.411 0.0000000000
66953  62.367  4.165  -9.155 0.0000000000
65943  62.931  3.771  -8.690 0.0000000000
65890  61.109  3.516  -4.775 0.0000000000
65872  61.990  4.593  -4.418 0.0000000000
65873  60.775  3.603  -4.010 0.0000000000
43283  31.091  -18.745  38.644 0.0000000000
40915  14.403  -20.571  39.435 0.0000000000
42180  14.588  -19.930  40.686 0.0000000000
40899  14.148  -20.253  40.073 0.0000000000
42182  13.183  -19.875  40.873 0.0000000000
42166  13.542  -19.387  41.460 0.0000000000
42150  13.105  -19.009  42.102 0.0000000000
43257  13.348  -18.632  42.781 0.0000000000
121144  12.702  -18.842  42.775 0.0000000000
121656  46.818  1.997  5.273 0.0000000000
55864  47.064  -6.454  17.921 0.0000000000
56835  47.629  -5.975  17.797 0.0000000000
35754  8.973  -25.918  38.127 0.0000000000
34796  6.926  -26.783  39.440 0.0000000000
44495  31.332  -17.553  27.170 0.0000000000
43421  31.599  -18.033  28.574 0.0000000000
43393  32.617  -18.685  29.921 0.0000000000
126276  32.755  -18.219  29.227 0.0000000000
43392  33.465  -18.856  30.222 0.0000000000
42323  33.630  -19.271  30.931 0.0000000000
45448  24.967  -16.376  35.855 0.0000000000
45430  24.986  -16.442  36.542 0.0000000000
45449  24.068  -16.201  35.564 0.0000000000
45433  23.065  -16.514  35.635 0.0000000000
45432  23.504  -16.360  36.066 0.0000000000
44421  25.543  -17.411  32.706 0.0000000000
44420  26.246  -17.702  33.107 0.0000000000
126275  25.624  -17.389  33.423 0.0000000000
44383  25.509  -17.020  34.611 0.0000000000
43251  22.972  -18.508  43.041 0.0000000000
68764  57.192  6.033  1.043 0.0000000000
68747  57.609  6.247  2.321 0.0000000000
68740  57.829  6.261  3.368 0.0000000000
66773  54.160  4.628  8.315 0.0000000000
67815  55.686  5.004  8.658 0.0000000000
67801  55.616  4.914  9.438 0.0000000000
119310  44.094  -0.644  8.706 0.0000000000
126027  45.290  -0.177  9.102 0.0000000000
61844  46.178  -0.299  11.317 0.0000000000
62719  47.241  0.568  11.142 0.0000000000
104878  47.503  0.463  11.834 0.0000000000
53765  37.509  -8.643  18.487 0.0000000000
53751  38.645  -8.323  19.672 0.0000000000
112740  39.707  -7.756  22.129 0.0000000000
53727  39.711  -7.870  21.151 0.0000000000
53717  40.312  -7.681  22.450 0.0000000000
53716  41.109  -7.663  22.394 0.0000000000
110952  36.934  -15.408  28.701 0.0000000000
46529  37.025  -14.996  27.998 0.0000000000
46519  37.844  -14.882  28.667 0.0000000000
47394  39.276  -14.505  29.596 0.0000000000
47402  38.940  -14.264  28.746 0.0000000000
48302  39.660  -13.559  28.432 0.0000000000
119883  50.862  4.488  -0.424 0.0000000000
66866  51.443  4.534  -0.858 0.0000000000
105286  53.745  4.566  -0.481 0.0000000000
105101  52.952  4.419  -0.992 0.0000000000
114049  54.275  4.533  -0.851 0.0000000000
105358  54.979  4.696  -0.707 0.0000000000
115508  55.919  5.456  0.161 0.0000000000
67896  57.328  5.928  0.411 0.0000000000
67987  58.917  5.560  -7.376 0.0000000000
66945  59.853  4.111  -7.609 0.0000000000
67959  58.088  4.981  -5.816 0.0000000000
66923  58.398  4.197  -5.467 0.0000000000
42275  30.673  -18.903  33.098 0.0000000000
106329  31.596  -19.178  32.791 0.0000000000
42261  32.138  -19.684  35.040 0.0000000000
40977  32.820  -19.973  35.452 0.0000000000
40958  33.012  -19.997  36.473 0.0000000000
40863  19.345  -20.526  42.381 0.0000000000
40849  19.277  -20.231  43.188 0.0000000000
42114  17.663  -19.040  43.920 0.0000000000
43230  17.554  -18.385  44.878 0.0000000000
43219  17.087  -17.772  45.564 0.0000000000
124349  15.166  -18.888  42.352 0.0000000000
43254  15.810  -18.619  43.122 0.0000000000
66832  51.487  4.418  2.761 0.0000000000
106955  52.264  4.632  2.788 0.0000000000
125730  51.865  4.523  3.182 0.0000000000
66818  50.869  4.131  4.218 0.0000000000
66817  51.697  4.404  4.362 0.0000000000
120803  52.628  4.548  5.322 0.0000000000
66806  51.867  4.349  5.301 0.0000000000
112497  48.908  3.366  4.172 0.0000000000
65779  49.517  3.511  4.863 0.0000000000
65749  50.868  3.748  6.660 0.0000000000
66796  51.646  4.143  6.238 0.0000000000
104624  52.177  4.248  6.783 0.0000000000
66786  52.662  4.344  7.331 0.0000000000
66787  52.001  4.073  7.549 0.0000000000
120965  51.816  3.822  9.037 0.0000000000
66761  52.531  4.136  8.948 0.0000000000
66749  52.763  4.069  9.706 0.0000000000
66748  53.308  4.114  10.305 0.0000000000
65685  52.586  3.780  10.422 0.0000000000
59918  45.893  -2.489  13.595 0.0000000000
58956  46.072  -3.065  14.216 0.0000000000
115527  47.054  -3.058  15.475 0.0000000000
59894  47.817  -2.097  15.751 0.0000000000
59882  48.291  -2.262  16.374 0.0000000000
57917  48.275  -4.465  17.363 0.0000000000
57928  47.770  -4.131  16.823 0.0000000000
124654  49.017  -3.147  17.517 0.0000000000
59872  49.371  -2.584  17.613 0.0000000000
59881  48.982  -2.023  17.000 0.0000000000
60863  49.853  -1.122  17.807 0.0000000000
51496  36.527  -10.051  22.266 0.0000000000
52647  36.645  -9.167  22.176 0.0000000000
66856  49.606  4.434  0.009 0.0000000000
66867  50.276  4.570  -0.405 0.0000000000
113524  51.230  4.319  1.966 0.0000000000
108266  51.996  4.525  1.921 0.0000000000
37664  11.347  -23.087  39.218 0.0000000000
36685  10.132  -24.211  40.021 0.0000000000
37657  10.409  -23.450  40.458 0.0000000000
37648  9.200  -23.410  41.586 0.0000000000
59949  43.247  -2.193  9.969 0.0000000000
108027  42.530  -3.819  10.544 0.0000000000
58983  43.275  -3.256  10.962 0.0000000000
58973  43.642  -3.560  11.662 0.0000000000
58972  44.387  -3.042  12.141 0.0000000000
57965  43.671  -4.740  13.047 0.0000000000
57964  44.362  -4.295  13.245 0.0000000000
125354  44.506  -4.919  14.179 0.0000000000
55922  42.277  -6.134  13.369 0.0000000000
56887  42.818  -5.611  13.250 0.0000000000
55886  44.326  -6.233  15.685 0.0000000000
56854  45.156  -5.839  15.976 0.0000000000
55875  46.036  -6.180  17.043 0.0000000000
55876  45.325  -6.397  16.737 0.0000000000
54814  45.067  -7.192  17.904 0.0000000000
55856  45.868  -6.959  18.178 0.0000000000
55848  46.101  -7.066  18.941 0.0000000000
120888  46.238  -6.976  19.830 0.0000000000
45606  32.917  -16.082  24.621 0.0000000000
46556  33.765  -15.808  25.041 0.0000000000
44494  32.595  -17.121  27.339 0.0000000000
44493  33.432  -16.809  27.617 0.0000000000
44474  34.795  -16.705  28.915 0.0000000000
44475  34.137  -16.736  28.275 0.0000000000
45540  34.728  -16.289  28.148 0.0000000000
45539  35.378  -16.096  28.468 0.0000000000
46521  35.814  -15.733  28.104 0.0000000000
45507  37.072  -16.362  30.680 0.0000000000
45506  37.490  -16.454  31.357 0.0000000000
45516  37.841  -15.979  30.915 0.0000000000
105043  32.250  -19.560  33.272 0.0000000000
121225  32.409  -19.423  32.301 0.0000000000
113680  33.054  -19.846  32.856 0.0000000000
41036  34.724  -20.238  32.818 0.0000000000
42287  33.862  -19.979  32.414 0.0000000000
42285  35.525  -19.800  32.270 0.0000000000
42260  37.672  -19.851  34.239 0.0000000000
41012  37.039  -20.059  33.683 0.0000000000
42272  36.720  -19.424  33.079 0.0000000000
42284  36.229  -19.243  32.407 0.0000000000
43357  36.731  -18.506  32.646 0.0000000000
44419  36.737  -17.757  32.218 0.0000000000
113652  37.164  -18.620  33.239 0.0000000000
44400  38.038  -17.506  33.526 0.0000000000
116775  28.537  -17.478  40.761 0.0000000000
45394  26.119  -16.830  39.813 0.0000000000
44323  26.441  -16.868  40.626 0.0000000000
45385  25.828  -16.914  41.199 0.0000000000
45409  24.210  -16.668  38.055 0.0000000000
44332  23.725  -17.280  39.029 0.0000000000
45388  24.198  -17.227  39.622 0.0000000000
45380  24.134  -17.332  40.532 0.0000000000
44316  24.051  -17.431  41.394 0.0000000000
106312  23.639  -17.578  40.862 0.0000000000
43267  22.412  -18.544  40.719 0.0000000000
43262  21.887  -19.010  41.010 0.0000000000
42177  21.375  -19.415  40.445 0.0000000000
43332  22.393  -18.015  34.603 0.0000000000
43333  22.138  -18.965  35.009 0.0000000000
41003  21.315  -20.473  33.845 0.0000000000
41004  20.709  -21.115  34.175 0.0000000000
40965  20.983  -20.269  36.539 0.0000000000
121809  21.144  -20.374  35.701 0.0000000000
126252  21.336  -19.698  36.962 0.0000000000
42221  21.393  -19.479  37.648 0.0000000000
42222  20.813  -19.969  38.184 0.0000000000
40909  20.294  -20.338  39.598 0.0000000000
42209  20.814  -19.828  39.064 0.0000000000
113643  20.352  -20.293  40.333 0.0000000000
42178  20.760  -19.965  40.795 0.0000000000
40892  20.041  -20.506  41.081 0.0000000000
40911  18.241  -20.977  39.965 0.0000000000
40895  17.688  -20.685  40.685 0.0000000000
39810  17.598  -21.631  36.334 0.0000000000
112007  17.881  -21.583  37.054 0.0000000000
39784  16.395  -21.397  37.740 0.0000000000
121918  16.178  -21.272  38.468 0.0000000000
111547  16.420  -21.170  38.917 0.0000000000
39763  15.513  -21.243  38.244 0.0000000000
39764  14.591  -21.214  37.956 0.0000000000
114935  13.157  -21.416  37.848 0.0000000000
39815  13.116  -21.616  36.603 0.0000000000
38729  12.583  -22.119  36.427 0.0000000000
38730  11.995  -22.934  36.287 0.0000000000
43440  28.752  -18.154  27.735 0.0000000000
118563  29.616  -18.107  27.682 0.0000000000
43408  29.779  -18.139  29.244 0.0000000000
43426  26.732  -17.974  28.818 0.0000000000
43425  27.582  -18.122  28.549 0.0000000000
114655  27.433  -18.007  29.186 0.0000000000
43397  28.355  -17.905  30.080 0.0000000000
116521  28.889  -17.995  30.846 0.0000000000
123507  29.523  -18.166  30.785 0.0000000000
43378  29.369  -18.233  31.443 0.0000000000
42314  29.894  -18.482  31.941 0.0000000000
43358  29.209  -18.353  32.203 0.0000000000
43328  28.900  -18.518  33.816 0.0000000000
121374  29.298  -18.638  34.386 0.0000000000
43331  26.887  -17.917  34.411 0.0000000000
112710  27.469  -18.170  33.966 0.0000000000
43306  28.388  -18.218  36.292 0.0000000000
43293  28.795  -18.198  37.105 0.0000000000
43292  29.603  -18.441  37.415 0.0000000000
118853  29.050  -18.154  37.801 0.0000000000
43274  28.412  -17.568  39.217 0.0000000000
43266  29.077  -17.745  40.161 0.0000000000
42112  20.179  -19.651  44.878 0.0000000000
42111  21.065  -19.546  45.205 0.0000000000
42092  20.472  -19.363  45.827 0.0000000000
38683  11.263  -22.144  40.537 0.0000000000
122140  11.837  -21.494  40.162 0.0000000000
107108  11.538  -21.380  40.973 0.0000000000
40867  10.935  -20.406  43.002 0.0000000000
107137  11.416  -20.534  42.238 0.0000000000
42134  11.956  -18.969  43.284 0.0000000000
42135  11.022  -19.138  44.025 0.0000000000
117718  60.533  7.780  0.874 0.0000000000
69549  60.434  7.686  1.564 0.0000000000
69540  61.037  7.531  3.334 0.0000000000
67874  53.742  5.044  3.486 0.0000000000
67873  54.493  5.306  3.175 0.0000000000
122221  56.037  5.508  5.232 0.0000000000
67862  55.990  5.542  4.531 0.0000000000
67861  56.751  5.668  4.990 0.0000000000
67860  57.574  5.972  4.855 0.0000000000
117846  56.532  5.264  8.466 0.0000000000
67826  56.500  5.384  7.582 0.0000000000
108116  57.406  5.571  8.100 0.0000000000
109340  59.978  7.201  7.325 0.0000000000
117318  60.257  7.150  7.396 0.0000000000
68711  60.429  7.054  6.875 0.0000000000
63680  46.135  1.178  6.942 0.0000000000
63691  45.737  1.240  6.203 0.0000000000
63690  46.673  1.593  6.580 0.0000000000
120119  47.326  2.006  6.498 0.0000000000
63689  47.364  1.861  7.182 0.0000000000
62744  46.180  0.705  8.469 0.0000000000
63667  47.005  1.239  8.740 0.0000000000
119011  48.335  1.920  9.542 0.0000000000
63666  47.850  1.815  8.916 0.0000000000
64673  48.655  2.326  9.109 0.0000000000
120905  48.470  2.419  8.243 0.0000000000
65703  49.916  3.046  8.978 0.0000000000
64672  49.364  2.626  9.413 0.0000000000
65674  51.076  2.967  11.026 0.0000000000
65673  51.777  3.108  11.383 0.0000000000
65672  52.423  3.419  11.267 0.0000000000
125218  46.655  -1.217  13.620 0.0000000000
60920  46.264  -1.154  13.035 0.0000000000
120864  48.288  0.117  13.707 0.0000000000
120471  48.865  0.524  13.523 0.0000000000
112746  48.446  0.476  12.870 0.0000000000
62694  49.399  0.777  13.878 0.0000000000
64596  51.614  2.124  15.449 0.0000000000
63599  51.018  1.785  14.889 0.0000000000
63612  50.575  1.488  14.061 0.0000000000
63611  51.225  1.955  13.860 0.0000000000
64621  51.306  2.134  13.147 0.0000000000
64619  52.381  2.509  13.815 0.0000000000
53800  39.707  -8.474  16.034 0.0000000000
121553  40.535  -8.268  16.182 0.0000000000
54837  41.273  -7.870  15.866 0.0000000000
53784  41.060  -8.251  16.702 0.0000000000
53749  40.316  -8.252  19.257 0.0000000000
54806  42.573  -7.771  19.326 0.0000000000
54818  41.955  -8.003  18.730 0.0000000000
54817  42.711  -7.857  18.422 0.0000000000
119707  43.196  -7.699  18.933 0.0000000000
54805  43.847  -7.550  19.078 0.0000000000
111014  43.973  -7.362  19.978 0.0000000000
54783  45.307  -6.892  21.776 0.0000000000
54793  44.950  -6.994  21.080 0.0000000000
55826  46.014  -6.679  21.687 0.0000000000
120459  46.717  -6.590  21.577 0.0000000000
55814  46.487  -6.541  22.417 0.0000000000
47431  36.341  -14.557  25.815 0.0000000000
47430  37.144  -14.133  26.104 0.0000000000
48361  37.282  -13.198  24.836 0.0000000000
48362  36.648  -13.625  24.438 0.0000000000
49366  36.969  -12.896  24.069 0.0000000000
49379  36.614  -12.582  23.334 0.0000000000
49378  37.191  -12.042  23.777 0.0000000000
50441  38.239  -10.782  24.745 0.0000000000
50442  37.720  -11.402  24.299 0.0000000000
51471  38.254  -9.801  24.539 0.0000000000
47355  41.615  -14.228  32.554 0.0000000000
47369  41.286  -14.190  31.781 0.0000000000
49270  42.207  -12.455  30.851 0.0000000000
48266  41.616  -13.024  30.360 0.0000000000
49287  41.432  -12.519  29.673 0.0000000000
49288  40.927  -12.839  29.206 0.0000000000
49302  41.239  -11.984  29.061 0.0000000000
123424  41.412  -9.410  28.979 0.0000000000
51402  41.505  -10.085  29.304 0.0000000000
51414  40.630  -10.840  28.350 0.0000000000
51426  40.455  -10.392  27.829 0.0000000000
50416  39.942  -10.860  27.288 0.0000000000
51442  40.200  -9.914  27.239 0.0000000000
53671  40.358  -8.625  26.615 0.0000000000
52594  39.664  -8.827  26.092 0.0000000000
52612  38.876  -8.691  24.903 0.0000000000
53683  39.527  -8.483  25.328 0.0000000000
53695  39.420  -8.126  24.573 0.0000000000
53680  42.206  -8.061  25.427 0.0000000000
53691  43.116  -8.117  24.884 0.0000000000
53703  42.847  -7.907  23.958 0.0000000000
122319  45.324  -8.371  27.621 0.0000000000
53689  45.083  -8.093  24.993 0.0000000000
54756  45.600  -7.582  24.453 0.0000000000
54764  45.303  -7.326  23.566 0.0000000000
54755  46.394  -7.234  24.763 0.0000000000
114142  56.030  8.110  -5.649 0.0000000000
66892  51.623  5.103  -2.309 0.0000000000
68810  55.167  6.128  -4.834 0.0000000000
68820  55.805  6.137  -5.085 0.0000000000
122968  56.899  5.751  -5.335 0.0000000000
67961  56.298  5.439  -4.931 0.0000000000
65876  57.360  3.731  -3.626 0.0000000000
65893  58.063  3.686  -3.973 0.0000000000
66875  56.342  4.461  -1.244 0.0000000000
124975  56.440  3.992  -1.837 0.0000000000
123048  59.388  4.424  -1.654 0.0000000000
65855  59.435  3.588  -2.816 0.0000000000
66887  60.112  4.193  -2.187 0.0000000000
66886  60.944  5.442  -2.239 0.0000000000
126410  61.573  6.191  -2.280 0.0000000000
68859  59.285  6.400  -8.737 0.0000000000
68871  59.426  6.555  -9.726 0.0000000000
65923  60.939  3.475  -6.944 0.0000000000
123785  30.511  -18.306  40.493 0.0000000000
39750  13.494  -20.726  39.060 0.0000000000
40916  13.189  -20.543  39.571 0.0000000000
40900  12.828  -20.350  40.323 0.0000000000
107464  12.474  -20.144  41.096 0.0000000000
55846  47.832  -6.762  19.373 0.0000000000
55853  48.468  -6.402  18.888 0.0000000000
43422  30.626  -18.138  28.695 0.0000000000
43406  31.246  -18.263  29.353 0.0000000000
43394  31.728  -18.588  29.978 0.0000000000
45466  23.878  -16.244  34.778 0.0000000000
45451  22.966  -16.446  34.806 0.0000000000
123422  22.757  -16.707  34.525 0.0000000000
45497  23.775  -16.848  32.142 0.0000000000
44403  24.796  -16.997  33.389 0.0000000000
43252  22.432  -18.804  42.452 0.0000000000
43240  22.440  -18.921  43.405 0.0000000000
42110  21.736  -19.316  44.870 0.0000000000
126104  55.721  5.616  1.206 0.0000000000
67888  56.404  5.777  1.585 0.0000000000
67880  56.112  5.680  2.517 0.0000000000
105582  54.859  4.703  9.716 0.0000000000
66746  55.563  4.815  10.220 0.0000000000
66745  56.274  4.900  10.867 0.0000000000
60943  44.332  -1.188  9.982 0.0000000000
104788  45.113  -0.729  10.437 0.0000000000
113130  45.592  -0.600  11.067 0.0000000000
61839  46.395  -0.558  12.261 0.0000000000
115799  37.407  -8.426  21.298 0.0000000000
112206  38.866  -7.988  21.111 0.0000000000
53718  38.985  -7.870  22.633 0.0000000000
109526  39.692  -7.775  23.029 0.0000000000
116699  38.078  -15.346  29.830 0.0000000000
124544  37.955  -15.157  29.326 0.0000000000
46500  38.813  -15.099  30.211 0.0000000000
47384  39.700  -14.583  30.282 0.0000000000
66853  52.499  4.552  0.502 0.0000000000
119639  52.241  4.471  -0.478 0.0000000000
113679  53.963  4.827  0.372 0.0000000000
67898  54.737  5.175  0.567 0.0000000000
67988  58.380  6.129  -6.679 0.0000000000
67974  58.532  5.245  -6.509 0.0000000000
42262  31.431  -19.313  34.609 0.0000000000
42231  32.271  -19.612  36.672 0.0000000000
40865  18.086  -20.309  42.017 0.0000000000
42146  17.818  -19.844  42.672 0.0000000000
109850  17.083  -19.385  42.760 0.0000000000
42132  17.021  -18.964  43.422 0.0000000000
43245  14.541  -17.979  43.697 0.0000000000
66826  50.837  4.198  3.305 0.0000000000
65765  48.997  3.148  5.597 0.0000000000
65764  49.722  3.478  5.795 0.0000000000
65750  49.928  3.443  6.705 0.0000000000
65734  51.073  3.717  7.744 0.0000000000
65719  51.187  3.642  8.744 0.0000000000
58942  45.652  -3.721  14.195 0.0000000000
58941  46.153  -3.677  14.813 0.0000000000
58930  46.649  -3.616  15.400 0.0000000000
66834  49.888  3.853  2.038 0.0000000000
36710  10.914  -24.301  38.029 0.0000000000
37671  11.025  -23.918  38.675 0.0000000000
36697  10.421  -24.440  39.202 0.0000000000
36686  9.399  -24.585  40.336 0.0000000000
57986  43.223  -4.266  11.860 0.0000000000
45588  32.392  -16.476  25.361 0.0000000000
44460  33.826  -17.734  29.217 0.0000000000
44476  33.590  -17.290  28.516 0.0000000000
44459  34.506  -17.461  29.477 0.0000000000
44457  35.922  -16.682  29.978 0.0000000000
44445  36.296  -16.866  30.677 0.0000000000
44433  36.797  -17.051  31.545 0.0000000000
40996  33.648  -20.232  34.262 0.0000000000
41015  34.464  -20.434  33.715 0.0000000000
115897  35.150  -20.486  33.455 0.0000000000
119479  37.704  -18.310  33.740 0.0000000000
44330  27.624  -17.176  39.697 0.0000000000
44331  26.794  -16.951  39.334 0.0000000000
44349  23.830  -16.676  37.475 0.0000000000
44340  23.844  -16.947  38.173 0.0000000000
44333  22.952  -17.820  39.279 0.0000000000
43276  22.252  -18.560  39.390 0.0000000000
39829  19.972  -21.426  35.264 0.0000000000
40985  20.672  -21.027  35.082 0.0000000000
106577  20.367  -20.798  36.829 0.0000000000
40946  20.204  -20.661  37.750 0.0000000000
106995  19.577  -20.777  39.292 0.0000000000
120771  19.112  -21.109  38.701 0.0000000000
39760  18.467  -21.293  38.586 0.0000000000
39812  15.400  -21.395  36.595 0.0000000000
113490  14.785  -21.329  37.090 0.0000000000
43424  28.408  -18.160  28.491 0.0000000000
122928  27.693  -17.893  29.732 0.0000000000
113942  27.538  -17.796  30.369 0.0000000000
43359  28.397  -18.208  32.470 0.0000000000
43344  28.468  -18.364  33.247 0.0000000000
109215  28.152  -18.346  33.923 0.0000000000
44370  26.406  -17.336  35.674 0.0000000000
44381  26.989  -17.801  35.216 0.0000000000
44369  27.053  -17.654  35.890 0.0000000000
125380  27.490  -17.763  36.517 0.0000000000
44346  28.405  -17.904  37.662 0.0000000000
39730  11.202  -21.217  41.753 0.0000000000
113129  10.603  -21.621  42.057 0.0000000000
69542  60.465  7.581  2.607 0.0000000000
121960  60.790  7.585  3.493 0.0000000000
69534  60.790  7.506  3.812 0.0000000000
68737  61.237  7.063  3.800 0.0000000000
67858  61.140  6.471  4.270 0.0000000000
67844  60.924  6.639  5.056 0.0000000000
67850  54.035  4.968  4.780 0.0000000000
124352  54.653  5.217  4.685 0.0000000000
67847  56.564  5.577  5.759 0.0000000000
67812  59.232  6.042  9.264 0.0000000000
67824  58.705  5.963  8.424 0.0000000000
62725  47.365  0.977  10.381 0.0000000000
62732  47.249  1.177  9.519 0.0000000000
63648  48.414  1.768  10.143 0.0000000000
64660  49.514  2.502  10.182 0.0000000000
64646  50.535  2.374  11.615 0.0000000000
64645  51.415  2.656  11.901 0.0000000000
61811  47.753  -0.864  14.792 0.0000000000
62685  48.788  0.134  15.138 0.0000000000
64608  52.750  2.684  14.488 0.0000000000
54797  41.516  -7.779  20.571 0.0000000000
54796  42.500  -7.615  20.436 0.0000000000
54795  43.397  -7.441  20.466 0.0000000000
54784  44.546  -7.151  21.759 0.0000000000
54773  45.050  -7.107  22.583 0.0000000000
48337  37.848  -13.705  26.400 0.0000000000
48350  38.256  -13.022  25.970 0.0000000000
49351  37.953  -12.697  25.238 0.0000000000
50430  38.679  -11.091  25.425 0.0000000000
48233  42.398  -13.176  32.145 0.0000000000
49256  42.551  -12.525  31.731 0.0000000000
105240  42.600  -11.927  31.305 0.0000000000
52551  41.444  -9.059  28.710 0.0000000000
113003  40.637  -9.604  27.761 0.0000000000
52562  40.953  -8.956  28.004 0.0000000000
53659  40.814  -8.718  27.281 0.0000000000
53670  41.199  -8.316  26.723 0.0000000000
53681  40.833  -8.177  26.073 0.0000000000
53669  42.117  -8.168  26.269 0.0000000000
53679  43.020  -8.240  25.837 0.0000000000
66879  52.937  4.488  -2.036 0.0000000000
66891  52.421  4.861  -2.567 0.0000000000
111718  53.022  4.728  -2.777 0.0000000000
66917  55.804  4.767  -4.284 0.0000000000
108648  56.183  4.180  -3.806 0.0000000000
65877  56.657  3.758  -3.265 0.0000000000
67906  57.482  5.715  -0.259 0.0000000000
67916  58.176  5.284  -0.893 0.0000000000
118676  59.174  5.115  -1.206 0.0000000000
66966  59.822  4.811  -8.947 0.0000000000
68003  60.379  5.041  -10.001 0.0000000000
66965  61.785  4.646  -10.001 0.0000000000
65905  61.851  3.599  -5.926 0.0000000000
65888  62.621  3.846  -4.962 0.0000000000
43291  30.344  -18.699  37.315 0.0000000000
40897  15.652  -20.424  40.177 0.0000000000
42164  15.227  -19.701  41.225 0.0000000000
120403  14.646  -18.883  42.237 0.0000000000
42181  13.888  -19.801  40.739 0.0000000000
43256  14.181  -18.495  42.827 0.0000000000
43246  13.558  -18.111  43.511 0.0000000000
43234  12.888  -17.794  44.142 0.0000000000
65781  48.068  2.894  4.268 0.0000000000
64711  48.248  2.763  5.295 0.0000000000
64701  48.439  2.720  6.215 0.0000000000
104781  47.877  2.344  6.795 0.0000000000
56853  46.348  -5.477  16.627 0.0000000000
56852  46.990  -5.077  16.796 0.0000000000
124587  47.398  -5.410  17.288 0.0000000000
56842  47.943  -5.281  17.553 0.0000000000
57906  48.631  -5.288  17.973 0.0000000000
106731  49.002  -5.784  18.596 0.0000000000
57905  49.530  -5.060  18.355 0.0000000000
35740  9.392  -25.471  38.958 0.0000000000
34795  7.698  -26.581  38.882 0.0000000000
35742  7.560  -26.226  39.774 0.0000000000
35731  7.128  -25.752  40.669 0.0000000000
54863  41.985  -7.019  14.751 0.0000000000
54849  42.068  -7.418  15.522 0.0000000000
43420  32.432  -17.898  28.634 0.0000000000
43419  33.168  -17.822  28.877 0.0000000000
43375  35.178  -18.885  31.006 0.0000000000
44348  25.461  -16.743  37.237 0.0000000000
45418  24.460  -16.452  37.123 0.0000000000
45419  23.840  -16.430  36.906 0.0000000000
43308  22.880  -17.505  36.975 0.0000000000
109261  19.514  -21.590  34.546 0.0000000000
39830  19.258  -21.617  35.342 0.0000000000
39809  18.409  -21.616  36.363 0.0000000000
39831  18.572  -21.670  35.479 0.0000000000
43361  26.991  -17.935  32.734 0.0000000000
44402  25.370  -17.151  33.948 0.0000000000
68774  58.205  6.329  0.204 0.0000000000
68762  58.938  6.814  0.591 0.0000000000
68754  58.714  6.834  1.176 0.0000000000
68746  58.549  6.691  1.963 0.0000000000
68756  57.182  6.035  1.682 0.0000000000
69535  59.381  7.048  2.714 0.0000000000
67828  55.176  4.958  7.272 0.0000000000
66772  54.996  4.828  8.066 0.0000000000
123608  57.179  5.420  8.666 0.0000000000
67814  57.131  5.337  9.281 0.0000000000
67800  58.408  5.658  9.805 0.0000000000
62746  44.759  0.007  7.988 0.0000000000
106192  45.896  0.261  9.211 0.0000000000
62734  46.235  0.280  9.924 0.0000000000
114106  46.828  0.690  9.952 0.0000000000
62718  47.875  1.015  11.210 0.0000000000
61791  49.671  -0.473  17.338 0.0000000000
62656  49.566  0.162  16.642 0.0000000000
53764  38.367  -8.622  18.135 0.0000000000
105325  39.198  -8.598  17.872 0.0000000000
105129  38.944  -8.467  18.789 0.0000000000
53750  39.493  -8.272  19.473 0.0000000000
108186  40.040  -8.024  20.164 0.0000000000
53726  40.672  -7.843  20.838 0.0000000000
54787  41.418  -7.682  21.440 0.0000000000
54777  41.864  -7.608  22.073 0.0000000000
104598  35.772  -15.377  27.157 0.0000000000
46539  36.038  -15.038  26.617 0.0000000000
46530  36.412  -15.106  27.374 0.0000000000
47411  37.051  -14.733  27.353 0.0000000000
47409  38.349  -14.280  28.053 0.0000000000
47419  38.274  -13.879  27.258 0.0000000000
48322  39.577  -13.222  27.811 0.0000000000
49319  39.802  -12.631  27.507 0.0000000000
104967  51.476  4.760  -1.600 0.0000000000
125497  53.776  4.363  -2.119 0.0000000000
66888  55.138  4.107  -2.304 0.0000000000
66876  55.438  4.372  -1.369 0.0000000000
66862  56.675  5.204  -0.515 0.0000000000
67908  55.262  5.214  0.010 0.0000000000
69618  59.244  7.273  -8.180 0.0000000000
67997  59.303  5.513  -8.419 0.0000000000
68844  58.659  6.586  -7.156 0.0000000000
65933  60.663  3.708  -7.669 0.0000000000
65924  59.460  3.834  -6.299 0.0000000000
120005  60.315  3.513  -6.264 0.0000000000
65907  59.742  3.555  -5.595 0.0000000000
42313  30.557  -18.647  31.688 0.0000000000
42312  31.336  -18.879  31.429 0.0000000000
42290  31.026  -18.904  32.244 0.0000000000
104632  32.152  -19.638  34.173 0.0000000000
125432  33.327  -20.188  35.009 0.0000000000
42215  31.872  -19.240  37.321 0.0000000000
42214  32.768  -19.731  37.431 0.0000000000
44422  22.593  -16.632  32.964 0.0000000000
118562  20.488  -20.270  42.394 0.0000000000
107943  19.304  -19.182  45.031 0.0000000000
42131  18.377  -19.711  43.466 0.0000000000
42113  18.461  -19.027  44.622 0.0000000000
42094  18.867  -18.649  45.728 0.0000000000
42147  15.746  -19.014  42.463 0.0000000000
42133  16.420  -18.943  42.957 0.0000000000
43243  16.342  -18.440  43.745 0.0000000000
43233  15.180  -17.723  44.321 0.0000000000
43232  15.909  -17.822  44.520 0.0000000000
43231  16.707  -18.052  44.703 0.0000000000
122899  53.490  4.969  2.279 0.0000000000
67875  53.089  4.848  2.974 0.0000000000
117396  53.048  4.803  3.764 0.0000000000
67864  53.522  4.885  4.259 0.0000000000
66815  53.281  4.718  5.012 0.0000000000
66804  53.798  4.757  5.501 0.0000000000
66795  53.560  4.612  6.270 0.0000000000
65794  49.626  3.659  4.018 0.0000000000
118014  50.169  3.818  4.406 0.0000000000
66805  52.358  4.417  6.003 0.0000000000
66785  53.408  4.517  7.135 0.0000000000
107499  53.601  4.533  7.845 0.0000000000
66774  53.289  4.445  8.510 0.0000000000
66747  54.120  4.469  10.152 0.0000000000
118736  54.321  4.063  11.601 0.0000000000
59926  44.844  -2.185  12.146 0.0000000000
59919  45.309  -1.797  12.409 0.0000000000
60914  46.286  -1.769  13.587 0.0000000000
60902  46.753  -1.664  14.131 0.0000000000
59905  46.859  -2.161  14.620 0.0000000000
60901  47.239  -1.572  14.697 0.0000000000
60889  47.719  -1.539  15.314 0.0000000000
60875  48.707  -1.388  16.501 0.0000000000
57929  47.212  -4.269  16.414 0.0000000000
58920  47.652  -3.580  16.425 0.0000000000
116073  48.061  -3.046  16.551 0.0000000000
58909  48.759  -3.685  17.451 0.0000000000
60874  49.268  -1.208  17.136 0.0000000000
52646  37.172  -8.814  22.696 0.0000000000
52630  37.445  -9.066  23.326 0.0000000000
46477  39.750  -15.762  33.078 0.0000000000
46492  40.115  -15.039  31.886 0.0000000000
120172  41.041  -14.804  32.900 0.0000000000
111040  49.895  4.785  -0.663 0.0000000000
124551  50.034  4.164  0.635 0.0000000000
105513  52.029  4.499  1.029 0.0000000000
70398  57.266  8.189  -6.131 0.0000000000
113153  56.651  7.691  -5.778 0.0000000000
38700  12.112  -22.237  38.146 0.0000000000
38701  11.857  -22.322  38.861 0.0000000000
38684  10.638  -22.668  40.908 0.0000000000
37659  8.942  -24.177  41.155 0.0000000000
38676  8.548  -22.847  42.516 0.0000000000
61852  43.869  -1.031  9.207 0.0000000000
59940  44.223  -2.061  11.097 0.0000000000
59941  43.599  -2.505  10.673 0.0000000000
59933  44.432  -2.334  11.682 0.0000000000
57963  45.094  -3.777  13.544 0.0000000000
57973  43.930  -4.049  12.431 0.0000000000
57950  45.243  -4.256  14.178 0.0000000000
56863  45.459  -5.031  15.315 0.0000000000
56899  42.432  -5.547  12.588 0.0000000000
56886  43.365  -5.346  13.504 0.0000000000
55901  43.256  -6.239  14.679 0.0000000000
56872  43.642  -5.616  14.226 0.0000000000
110294  44.321  -5.311  14.478 0.0000000000
56864  44.710  -5.530  15.179 0.0000000000
106054  45.923  -5.208  15.998 0.0000000000
55866  45.586  -6.741  17.452 0.0000000000
55855  46.691  -6.794  18.385 0.0000000000
106288  47.305  -6.711  20.983 0.0000000000
46555  34.509  -15.527  25.333 0.0000000000
46541  34.721  -15.605  26.073 0.0000000000
44516  32.278  -16.938  26.621 0.0000000000
45567  32.557  -16.622  26.091 0.0000000000
113948  33.726  -16.264  26.748 0.0000000000
45566  34.545  -15.858  26.749 0.0000000000
46531  35.921  -15.496  27.651 0.0000000000
46511  36.755  -15.771  29.271 0.0000000000
45527  36.324  -16.177  29.554 0.0000000000
45526  36.938  -15.975  29.893 0.0000000000
46501  38.191  -15.573  30.453 0.0000000000
45494  38.843  -15.876  31.995 0.0000000000
105788  32.144  -19.138  31.392 0.0000000000
42311  32.989  -19.388  31.533 0.0000000000
42310  33.808  -19.645  31.640 0.0000000000
42309  34.521  -19.315  31.093 0.0000000000
122463  35.856  -20.942  34.280 0.0000000000
41014  35.772  -20.630  33.669 0.0000000000
41035  36.116  -19.893  32.748 0.0000000000
42307  35.827  -19.108  31.913 0.0000000000
43374  35.753  -18.479  31.424 0.0000000000
109310  36.278  -17.813  31.701 0.0000000000
44418  37.226  -17.241  32.303 0.0000000000
44417  37.808  -17.057  32.732 0.0000000000
45495  38.318  -16.454  32.404 0.0000000000
45480  39.062  -16.150  32.914 0.0000000000
44313  28.502  -17.455  41.727 0.0000000000
45378  25.292  -17.137  41.753 0.0000000000
45407  25.166  -16.782  38.637 0.0000000000
45395  25.242  -16.885  39.414 0.0000000000
45396  24.670  -17.027  39.407 0.0000000000
114836  25.036  -17.003  39.995 0.0000000000
119875  24.620  -17.329  42.134 0.0000000000
44324  22.992  -18.009  40.808 0.0000000000
43253  21.846  -19.189  41.892 0.0000000000
118401  22.481  -18.228  36.456 0.0000000000
42253  21.666  -19.722  35.384 0.0000000000
43295  22.037  -18.731  37.922 0.0000000000
42192  21.487  -19.232  39.460 0.0000000000
40876  20.009  -20.559  42.011 0.0000000000
115893  18.780  -20.553  42.003 0.0000000000
40893  19.237  -20.771  40.832 0.0000000000
40878  18.490  -20.655  41.324 0.0000000000
40896  16.627  -20.519  40.394 0.0000000000
39761  17.663  -21.361  38.500 0.0000000000
115025  17.084  -21.582  37.001 0.0000000000
39749  17.084  -21.143  39.088 0.0000000000
40913  16.263  -20.858  39.575 0.0000000000
40914  15.229  -20.683  39.525 0.0000000000
40933  14.002  -20.801  38.752 0.0000000000
39766  12.587  -21.801  37.895 0.0000000000
36720  10.569  -24.721  37.735 0.0000000000
44496  30.394  -17.845  27.220 0.0000000000
43439  30.321  -18.072  27.962 0.0000000000
43409  28.856  -18.090  29.253 0.0000000000
42264  29.964  -18.841  34.638 0.0000000000
42249  30.009  -18.824  35.343 0.0000000000
43305  29.628  -18.657  35.901 0.0000000000
105933  28.986  -18.479  35.849 0.0000000000
43285  28.820  -17.908  38.415 0.0000000000
116337  29.820  -18.101  39.965 0.0000000000
42129  21.028  -19.993  44.129 0.0000000000
39739  12.150  -20.766  40.613 0.0000000000
40882  12.075  -19.978  41.908 0.0000000000
69553  61.400  7.967  0.550 0.0000000000
119382  55.892  5.592  3.555 0.0000000000
67872  55.169  5.400  4.255 0.0000000000
68731  58.199  6.365  4.383 0.0000000000
68730  59.350  6.958  4.899 0.0000000000
68719  60.277  7.410  5.511 0.0000000000
120981  55.857  5.249  7.197 0.0000000000
67836  56.342  5.451  6.647 0.0000000000
67835  57.243  5.697  6.376 0.0000000000
67825  58.259  5.902  7.583 0.0000000000
68705  57.910  5.866  6.866 0.0000000000
68713  58.221  6.099  6.226 0.0000000000
68712  59.305  6.835  6.371 0.0000000000
68720  59.620  7.132  5.764 0.0000000000
69506  60.354  7.259  5.827 0.0000000000
64703  46.966  1.894  5.992 0.0000000000
62756  46.098  0.941  7.593 0.0000000000
63678  47.382  1.687  8.051 0.0000000000
65721  49.794  3.177  8.242 0.0000000000
65702  50.604  3.350  9.284 0.0000000000
65701  51.351  3.584  9.554 0.0000000000
65687  50.811  3.236  10.110 0.0000000000
123605  53.735  3.742  11.769 0.0000000000
65661  54.361  3.840  12.310 0.0000000000
60921  45.756  -1.198  12.410 0.0000000000
61826  47.664  -0.427  13.922 0.0000000000
61832  47.182  -0.034  12.433 0.0000000000
62710  47.797  0.330  12.474 0.0000000000
119964  48.761  0.941  12.343 0.0000000000
62684  49.369  0.457  15.681 0.0000000000
63600  49.894  0.998  15.251 0.0000000000
63586  51.060  1.734  15.948 0.0000000000
63613  49.928  1.102  14.374 0.0000000000
63622  49.987  1.248  13.497 0.0000000000
106435  49.955  1.462  12.648 0.0000000000
123734  50.439  1.896  12.349 0.0000000000
64633  51.713  2.471  12.718 0.0000000000
64632  52.367  2.663  13.093 0.0000000000
65639  52.928  2.882  13.630 0.0000000000
104672  52.963  3.100  12.802 0.0000000000
65662  53.656  3.455  12.559 0.0000000000
105254  54.299  3.605  13.121 0.0000000000
66713  55.189  4.061  12.905 0.0000000000
104856  40.810  -7.699  14.963 0.0000000000
105042  42.105  -7.698  16.177 0.0000000000
105302  42.641  -7.714  16.768 0.0000000000
53776  40.013  -8.515  17.662 0.0000000000
53775  40.818  -8.390  17.461 0.0000000000
53748  41.140  -8.211  19.018 0.0000000000
53761  41.355  -8.274  18.130 0.0000000000
53774  41.576  -8.211  17.325 0.0000000000
105178  42.194  -7.975  17.236 0.0000000000
54816  43.545  -7.661  18.160 0.0000000000
54815  44.449  -7.435  18.429 0.0000000000
54803  45.420  -7.171  19.574 0.0000000000
106140  44.750  -7.196  20.244 0.0000000000
55825  46.348  -6.794  20.827 0.0000000000
48352  36.881  -13.907  25.261 0.0000000000
50453  37.296  -11.016  23.635 0.0000000000
51485  37.427  -10.006  23.438 0.0000000000
52629  37.925  -8.619  23.679 0.0000000000
47383  40.471  -14.237  30.635 0.0000000000
47393  40.208  -13.998  29.931 0.0000000000
48250  40.896  -13.622  30.184 0.0000000000
48284  40.581  -13.475  29.501 0.0000000000
48301  40.348  -13.235  28.813 0.0000000000
49318  40.331  -12.191  27.913 0.0000000000
50385  41.905  -11.342  30.071 0.0000000000
105525  42.094  -9.683  29.936 0.0000000000
51401  41.838  -10.552  29.886 0.0000000000
107658  41.652  -11.892  29.645 0.0000000000
50399  40.729  -11.680  28.419 0.0000000000
50410  39.943  -11.822  27.308 0.0000000000
50417  39.522  -11.372  26.662 0.0000000000
125005  39.319  -10.857  26.313 0.0000000000
51458  39.133  -10.380  25.895 0.0000000000
52579  39.881  -9.273  26.728 0.0000000000
52580  39.469  -9.582  26.179 0.0000000000
52596  38.603  -9.283  24.943 0.0000000000
52613  38.324  -8.816  24.361 0.0000000000
53708  38.457  -8.195  23.858 0.0000000000
53707  39.181  -7.946  23.883 0.0000000000
53706  40.197  -7.819  23.844 0.0000000000
106451  41.183  -7.996  25.249 0.0000000000
53693  41.169  -7.853  24.228 0.0000000000
53705  41.177  -7.725  23.302 0.0000000000
53704  42.001  -7.803  23.645 0.0000000000
54767  42.686  -7.698  23.102 0.0000000000
54766  43.541  -7.751  23.405 0.0000000000
53655  44.135  -8.464  27.904 0.0000000000
53656  43.722  -8.510  27.105 0.0000000000
109322  43.887  -8.442  26.254 0.0000000000
53666  45.400  -8.364  26.586 0.0000000000
111191  44.725  -8.448  26.199 0.0000000000
53678  44.485  -8.331  25.572 0.0000000000
53690  44.123  -8.131  24.772 0.0000000000
54758  44.071  -7.896  23.985 0.0000000000
124045  43.894  -7.553  22.870 0.0000000000
54765  44.415  -7.544  23.263 0.0000000000
55805  45.864  -6.830  23.044 0.0000000000
55795  46.886  -6.708  24.216 0.0000000000
55804  46.643  -6.597  23.362 0.0000000000
114768  56.060  6.705  -5.357 0.0000000000
66916  56.580  4.611  -4.471 0.0000000000
66914  58.196  3.890  -4.752 0.0000000000
65892  58.931  3.562  -4.246 0.0000000000
65874  59.726  3.463  -3.676 0.0000000000
65858  56.524  3.781  -2.419 0.0000000000
65857  57.410  3.635  -2.719 0.0000000000
112569  57.757  4.439  -1.376 0.0000000000
65849  58.001  3.821  -1.966 0.0000000000
65856  58.409  3.595  -2.715 0.0000000000
110206  61.852  5.970  -2.775 0.0000000000
40910  19.054  -20.889  40.053 0.0000000000
42151  12.393  -19.349  42.400 0.0000000000
42179  15.216  -20.098  40.605 0.0000000000
43391  34.738  -18.602  30.535 0.0000000000
47370  40.671  -14.491  31.408 0.0000000000
48234  41.828  -13.712  31.857 0.0000000000
50377  42.309  -11.639  30.675 0.0000000000
50386  41.504  -11.152  29.496 0.0000000000
65684  53.167  3.753  11.124 0.0000000000
65736  49.800  3.290  7.536 0.0000000000
66758  54.908  4.765  8.903 0.0000000000
67837  55.448  5.179  6.542 0.0000000000
68728  61.040  7.023  4.522 0.0000000000
68771  60.996  7.600  -0.662 0.0000000000
105374  53.063  4.435  7.796 0.0000000000
108118  49.351  0.648  14.771 0.0000000000
109655  45.614  -6.827  21.179 0.0000000000
112727  50.453  1.358  15.602 0.0000000000
120263  31.736  -18.953  31.024 0.0000000000
123676  45.030  -1.690  12.040 0.0000000000
125506  48.111  -5.671  17.915 0.0000000000
125611  39.767  -14.241  29.759 0.0000000000
